Rscript/monthly_maps/SnowDepthMapFile-mean-1990-02.asc
ncols 320 
nrows 361 
xllcorner 618410.159 
yllcorner 5088785.286 
cellsize 100 
NODATA_value -9999 
[rows 115 to 137 of 361, columns 106 to 158 of 320]
510.235816955566 503.830554417201 490.792358398438 476.041137695312 462.537983485631 449.912394932338 432.391363961356 427.359272548131 434.709293910435 455.323341369629 481.975525992257 500.527844020299 507.723152160645 511.484263828823 495.467945643834 461.599764142718 447.852902003697 440.511131286621 448.291845049177 473.442262922014 519.277510506766 548.552785600935 563.615162440709 591.689020429339 627.299632481166 654.389635358538 673.01144191197 686.961384364537 695.633429391043 711.983040945871 717.753067016602 714.244724818638 699.692589896066 675.556791033064 658.587607247489 654.899847848075 673.607134137835 695.934310913086 705.713453020368 719.620522635324 721.842623029436 727.951211111886 749.21662902832 775.802474975586 823.924150739397 849.269025530134 853.817408970424 837.243297031948 802.504224504743 764.504257202148 741.294655936105 713.339939662388 651.168683733259
574.475927080427 575.138148716518 571.483835492815 567.487488882882 556.803184509277 540.06333051409 520.261405944824 506.899956839425 510.965614318848 539.972902570452 586.894715445382 616.045648847307 621.377665928432 604.671144757952 580.327793666295 571.813338143485 558.417671203613 539.738107953753 554.649350847517 568.212223597935 579.169927324568 619.770799909319 654.839835030692 681.040669032506 695.124350411551 707.63706098284 729.277040754046 747.747041974749 764.217215401786 772.221579415458 779.536054338728 765.347917829241 753.472806658064 739.042526245117 723.793121337891 723.185217721122 744.396573747907 750.56997026716 755.650174822126 773.280077253069 791.615158081055 827.927209036691 844.227530343192 868.69151524135 892.256293160575 920.691122872489 915.440835135324 875.493953159877 821.393746512277 771.352127075195 749.673597063337 712.672823224749 644.604411533901
664.946535382952 661.327928815569 644.986319405692 637.671848842076 619.233904157366 598.641081673758 591.90705871582 595.036411830357 617.34158543178 649.485621861049 699.214037214007 719.20308140346 724.464348929269 705.534781319754 661.982060023716 618.249603271484 618.104849679129 605.687240600586 598.180139814104 607.781101771763 657.147487095424 688.325393676758 700.934354509626 719.500191824777 749.927856445312 780.564954485212 810.044610159738 841.155260358538 845.010055541992 837.035387311663 832.017896379743 811.960381644113 796.379967825753 793.520514351981 779.167979649135 777.692842755999 786.848517281668 786.35183933803 812.822232927595 842.485192435128 876.437737601144 900.38429914202 923.955043247768 942.135960170201 953.337892804827 952.783455984933 940.553806849888 906.709117344448 840.492422921317 781.41178894043 748.283216203962 713.439884730748 643.246932983398
708.313001360212 705.470487322126 702.524418422154 698.158530099051 688.656533377511 667.744877406529 662.537303379604 692.852482386998 726.206514630999 783.196136474609 819.165677751814 837.015465872628 796.179567609514 752.879725864955 713.945837838309 681.913157871791 660.518953595843 640.800403050014 646.193946838379 665.701786586216 685.73225402832 712.26683480399 770.947239467076 799.618850708008 840.849380493164 871.409591674805 903.12202671596 924.1533203125 903.720862252372 893.45601109096 870.67036655971 864.561944144113 854.032690865653 865.646026611328 862.743530273438 851.303695678711 851.604655674526 847.445576259068 871.745407104492 902.790261404855 935.257886614118 961.756336757115 985.791026524135 998.482528686523 1001.39768110003 990.61264692034 965.624570574079 922.372903006417 872.278919764927 812.0211050851 754.148345947266 716.561440604074 655.081330435617
786.404979160854 778.41111101423 769.839787074498 765.305215018136 760.141871861049 763.086323329381 788.211153302874 822.806115286691 872.50460597447 905.081324986049 929.860382080078 914.743486676897 854.785742623465 780.076073782785 743.34451511928 728.415211268834 712.301810128348 681.385517665318 698.063679286412 696.565979003906 708.597538539341 767.594584873744 835.950212751116 894.983204432896 944.534423828125 975.312255859375 997.619428362165 993.616636003767 969.284380231585 951.229250226702 920.223634992327 917.943976266043 920.766603742327 923.563812255859 922.977711268834 916.749991280692 920.556446620396 910.893687656948 926.543367658343 947.63096836635 984.738006591797 1007.048424857 1009.09731183733 1029.16849844796 1031.67014203753 1018.31707327706 988.672206333705 940.733657836914 887.897822788784 828.486713954381 773.183530535017 735.298335484096 680.22603062221
861.740661621094 838.693856375558 840.831303187779 840.618392944336 843.581828526088 867.579585484096 913.864294869559 953.268327985491 999.32317679269 1019.46981593541 996.788541521345 943.2897404262 873.338139125279 808.574680873326 757.995690482003 755.161891392299 739.592884608677 741.418350219727 728.067807878767 707.1715763637 749.396667480469 820.60084097726 904.208053588867 990.442478724888 1062.24898856027 1067.563936506 1064.74547685896 1053.9752633231 1025.53473554339 996.796223231724 979.602288382394 974.226143973214 974.362014770508 974.999875749861 975.583945138114 966.874651227679 965.289151872907 964.718811035156 970.41966683524 986.638597760882 1002.23501586914 1026.85998971122 1027.15115792411 1039.19017464774 1053.48318263463 1034.087487357 1016.00837489537 969.691022600446 913.400806971959 847.249221801758 783.642362322126 746.851734706334 705.690172467913
922.172452654157 907.936113630022 899.784855433873 903.223497663225 924.538646153041 975.027230398996 1024.94262695312 1067.2924848284 1083.19705854143 1054.93122209821 1010.45651027134 913.936314174107 852.314174107143 818.178336007254 764.681878226144 770.766087123326 769.112677437918 763.484298706055 732.180587768555 738.389556884766 784.736162458147 853.897944859096 951.830102103097 1045.60480608259 1121.03975568499 1135.17555236816 1123.75646972656 1112.84218052455 1094.05797685896 1085.35093035017 1085.57875714983 1082.75172642299 1056.66409083775 1024.02398463658 1015.32758658273 998.467784336635 996.966099330357 995.867919921875 1015.28042166574 1020.03644670759 1024.31583077567 1038.43903241839 1056.44027927944 1070.15565708705 1088.37352643694 1066.31360517229 1034.6321912493 990.703691755022 917.162671770368 861.206488473075 809.614166259766 766.794446672712 732.622972760882
1042.62800162179 1036.40810939244 1014.47954014369 1033.68895830427 1057.63984680176 1098.73519679478 1134.45923941476 1130.60862077985 1056.01914106097 1003.5927494594 928.806355067662 877.843726021903 822.854884556362 774.74490574428 755.979636056083 775.653381347656 770.741374424526 767.084509713309 738.162826538086 762.582092285156 825.073784964425 895.177054268973 982.966509137835 1112.44438171387 1182.08616420201 1181.47885567801 1180.88164847238 1162.37431117467 1151.3162209647 1160.31859915597 1185.46335710798 1185.45802525112 1145.79536220006 1088.16866847447 1046.34902736119 1034.96888514927 1021.28673662458 1024.46260070801 1035.20660400391 1053.05732509068 1040.23548453195 1056.03014264788 1071.77224949428 1117.9792175293 1143.18593488421 1132.49714660645 1047.60613359724 988.059975760324 938.047324044364 878.031047276088 829.082441057478 777.603539603097 748.042327880859
1150.04200526646 1145.93443516323 1158.85832868304 1172.7062159947 1193.40203421456 1199.27904401507 1179.42755562919 1083.69975280762 978.696419852121 901.840412684849 842.862734113421 802.46401323591 757.132452828543 748.861938476562 766.410866873605 788.970419747489 773.864177158901 767.869223458426 759.393072945731 798.604234967913 853.937530517578 925.82829284668 1039.95469229562 1152.09695652553 1213.03825160435 1221.68768310547 1206.07230050223 1198.14541625977 1198.36742728097 1209.77335030692 1239.3553641183 1222.18703351702 1189.7618800572 1144.22789219448 1109.51523263114 1068.37031555176 1061.86671447754 1061.64663260324 1062.7611781529 1078.07873971122 1077.21173749651 1071.30356270926 1092.04929024833 1147.44831412179 1189.0690699986 1182.05437796456 1089.1341923305 987.622680664062 942.838540213449 890.015672956194 848.371736798968 802.103123256138 761.623162405832
1266.60582188198 1262.40255737305 1249.23938860212 1217.57574026925 1206.47069440569 1101.34337724958 1054.80293055943 951.341544015067 884.298542567662 834.807438441685 779.758054460798 738.134693690709 737.083478655134 757.860525948661 777.024806431362 796.091788155692 790.855560302734 782.772009713309 799.009746006557 846.82313319615 891.000104631696 965.727872576032 1073.42157200405 1167.15290614537 1214.98379952567 1247.29908970424 1233.47754778181 1218.69656808036 1237.07142421177 1260.18051147461 1275.58196149554 1243.54857090541 1209.87059238979 1194.63120378767 1172.9654410226 1150.84940229143 1115.96173749651 1114.40053013393 1114.87389482771 1100.557043893 1097.35604422433 1113.46282087054 1109.33287484305 1152.23927089146 1189.73755754743 1198.173714774 1105.1099962507 1006.46569388253 951.130238124302 905.730808803013 860.565883091518 805.233309064593 756.875152587891
1316.88446916853 1196.62284415109 1144.06845964704 1142.50528390067 1090.96272059849 1015.44988141741 928.164225987026 859.757385253906 834.385731288365 786.022094726562 757.007145472935 747.467511858259 765.044148036412 775.345319475446 800.851431710379 801.555010114397 801.039831978934 818.982705252511 854.25327192034 903.298169817243 948.564043317522 1007.28972952706 1094.90460423061 1157.33497619629 1208.8989214216 1242.7949785505 1249.71921648298 1247.99693516323 1281.42415509905 1305.83190046038 1309.77997262137 1249.69013323103 1235.18560791016 1227.4439566476 1214.2994820731 1205.49333408901 1193.03741455078 1174.51087297712 1170.63551112584 1136.40916878836 1125.34826660156 1119.49906703404 1131.3273424421 1162.93545750209 1180.12736729213 1198.95769827706 1129.26463971819 1008.52740914481 953.517634800502 912.05426461356 868.475723266602 809.213973999023 757.029471261161
1195.7797807966 1122.74324253627 1065.42320033482 1017.35040719169 952.867403302874 899.42057800293 860.622342790876 830.100365774972 804.52627999442 780.805892944336 768.156507219587 772.197788783482 788.538663591657 800.631894792829 800.403969900949 806.976015363421 829.95284816197 862.324414934431 913.554652622768 963.513318743025 1018.33448137556 1059.42041015625 1117.84350367955 1157.92590985979 1185.20115879604 1217.37239728655 1239.6408996582 1265.25273350307 1305.50722394671 1341.38353620257 1314.39275251116 1254.60038539342 1248.89917428153 1255.17364065988 1252.56335449219 1236.63353184291 1233.18662370954 1217.43170601981 1203.63375418527 1178.6093183245 1165.50539725167 1164.1238294329 1173.8712310791 1186.74176461356 1204.90359933036 1191.98602294922 1123.81142316546 1010.4009552002 959.231608799526 915.810671125139 868.724110194615 809.699216570173 755.599400111607
1084.63249206543 1017.53226361956 977.870470319475 922.156474522182 875.925565447126 839.574672154018 830.324024745396 807.441053118025 787.033445085798 785.490138462612 791.506243024554 793.396096365792 810.072315761021 812.312447684152 813.466757638114 839.12709917341 884.106421334403 924.029368809291 985.149791172573 1031.53871590751 1073.63744899205 1113.35762023926 1156.05521719796 1177.91974312919 1181.27693830218 1197.77532305036 1200.80295671735 1257.66972133092 1320.93479265485 1352.12758091518 1333.89028494699 1283.9664742606 1267.26458740234 1262.78329467773 1265.94023786272 1264.17593819754 1271.12823486328 1250.57094464983 1224.96041870117 1209.24633353097 1182.54220145089 1199.36112758092 1203.59281267439 1220.62828717913 1224.22790091378 1187.82318333217 1122.22033255441 1030.18033926828 972.605287824358 920.695482526507 869.789991106306 806.815832955497 751.899852207729
1024.27115958078 956.724005562918 902.586456298828 869.08744594029 843.941031319754 831.688984462193 816.566316877093 802.508529663086 792.121715000698 810.458871023996 811.585656302316 830.684079851423 828.175792149135 832.054321289062 839.241790771484 874.211587088449 923.537102835519 982.500680106027 1035.40757751465 1083.53587559291 1124.19651576451 1172.40893990653 1187.85591125488 1200.9002532959 1195.22834559849 1193.62753513881 1194.13930184501 1211.22011675153 1280.67901611328 1339.73593575614 1360.92704119001 1306.95412336077 1277.77613612584 1291.08168247768 1287.91071864537 1290.67010498047 1297.50000871931 1279.6695992606 1257.98662458147 1223.26691109794 1212.82774135045 1211.80638776507 1227.10695539202 1235.22083391462 1232.79057529994 1192.3602142334 1106.69042314802 1027.57627868652 980.759878976004 930.590277535575 865.281380789621 800.483313424247 749.742451259068
985.829648699079 914.052976335798 887.369570050921 869.518685477121 854.486781529018 839.859527587891 824.939716884068 828.30177961077 834.036701747349 852.430951799665 854.595986502511 848.190388270787 852.891457693917 863.765154157366 884.281897408622 899.550626482282 929.136293683733 993.015481131417 1064.36700875419 1155.11608886719 1183.99762180873 1197.37542288644 1215.23440115792 1226.86964634487 1223.93329293387 1199.95928955078 1189.50530133929 1194.54249572754 1244.73403930664 1332.0506199428 1361.13689313616 1338.58873203823 1311.15897042411 1299.204044887 1308.54021344866 1308.58192225865 1313.41490827288 1305.6382925851 1297.86655535017 1256.44798060826 1222.02438354492 1248.1621660505 1252.05709402902 1256.20164271763 1221.61578369141 1169.62411499023 1097.31098937988 1025.87789481027 981.131648472377 928.974387032645 859.846987043108 785.929861886161 741.616282871791
937.089004516602 908.550356183733 887.353886195591 881.954709734236 872.694586617606 865.923270089286 864.483152117048 856.995705740792 875.470899309431 878.975529261998 879.177950177874 879.403161185128 889.577540806362 914.332229614258 918.409212384905 930.852066040039 919.503365652902 961.176766531808 1008.72943333217 1146.45191301618 1217.25991385324 1246.91857910156 1246.61361258371 1239.05534580776 1223.98924473354 1209.64848763602 1196.5879146031 1188.70253862653 1218.74293518066 1290.34953526088 1345.68089512416 1358.80771745954 1335.70860944475 1321.7653590611 1320.00389753069 1310.87707519531 1313.48244803292 1326.04335239955 1338.66462489537 1310.6030317034 1276.98560878209 1251.69993809291 1254.3787449428 1253.52661132812 1203.5661315918 1169.9630846296 1093.21329825265 1025.03326633998 979.124816894531 922.322777884347 853.285457066127 776.112439836775 735.139910016741
920.990792410714 919.721939086914 910.196197509766 909.801389421736 886.50153023856 913.734200613839 905.676354544503 895.71184866769 892.725941249302 879.178745814732 882.809783935547 916.604749407087 935.234686715262 962.264345441546 970.483304704939 962.10018484933 949.0673828125 942.011123657227 981.59712437221 1088.86369105748 1204.93619210379 1246.44371686663 1275.35089547294 1259.71454293387 1234.05490112305 1217.66116768973 1202.21672494071 1199.55497741699 1205.31487601144 1250.51191057478 1336.3030090332 1377.80695016044 1361.32336861747 1335.02046421596 1330.73296683175 1316.11878749302 1311.73927525112 1319.11563110352 1356.49591500419 1371.04707990374 1348.45992170061 1274.94139753069 1252.81320626395 1226.36845179967 1203.45874023438 1159.19256155831 1081.7694505964 1022.37242344448 977.399363926479 919.112147739955 847.959991455078 772.120910644531 734.86907523019
938.761173793248 937.523899623326 942.615480695452 977.367756434849 951.515753609793 950.493693760463 932.532359531948 914.651724679129 889.551435198103 879.616880144392 898.842934744699 933.538051060268 962.974160330636 993.016518729074 1006.4992653983 1006.30107116699 989.452466692243 967.239412580218 966.595940726144 1045.78483145578 1176.79998125349 1242.3520551409 1264.52413504464 1266.17453438895 1242.39976719448 1222.77926635742 1213.45768737793 1204.11129542759 1207.19334847586 1235.41658455985 1299.41845703125 1372.42510114397 1371.41663469587 1349.77222987584 1329.21445574079 1338.86082240513 1335.66345214844 1326.60203334263 1357.02837262835 1387.52052961077 1399.27088274275 1327.66821289062 1262.92587716239 1228.31532941546 1197.1993233817 1155.30802481515 1075.22602844238 1010.62275913783 973.715654645647 920.226959228516 851.39007132394 781.239824567522 745.104385375977
969.713457380022 965.729494367327 1000.89753505162 1000.75114440918 978.717631748744 947.440669468471 924.55317905971 896.630209786551 871.262638636998 873.249319893973 922.337890625 966.466105869838 1004.58278547015 1020.15486363002 1043.73776681083 1030.21949332101 1028.08424159459 1001.78347996303 967.86850629534 1035.49477059501 1156.31900678362 1260.21847098214 1272.20108904157 1274.40099661691 1259.77797154018 1223.20213099888 1219.62980433873 1210.97739737374 1210.27573285784 1235.13799176897 1269.72100394113 1343.09432547433 1391.32873099191 1358.80740792411 1331.43336704799 1328.6847882952 1342.59242902483 1357.61928013393 1379.19849504743 1390.8147277832 1383.55909946987 1311.20069667271 1244.30527605329 1212.72542898996 1184.74771554129 1137.91716003418 1071.80211530413 1007.36286490304 975.300203595843 930.435043334961 865.522127423968 797.652352469308 751.274948120117
996.467433384487 1025.32886614118 1030.42829677037 1007.91315133231 976.290982927595 949.537011282785 916.063058035714 892.632398332868 892.383250645229 937.403562273298 991.000974382673 1031.42400687081 1044.7767224993 1051.33942740304 1056.84800938198 1055.43673706055 1051.82845851353 1026.65148707799 1000.55514526367 1045.34328133719 1142.02994428362 1265.19587925502 1294.06481497628 1271.47516305106 1269.94340297154 1252.12560163225 1223.27860151018 1214.93637956892 1214.55836486816 1225.31352451869 1251.33337402344 1312.50359671456 1384.16877964565 1398.7469656808 1370.44295828683 1352.12260654994 1360.08129010882 1379.62032645089 1427.43627493722 1400.31231253488 1333.44045148577 1255.53322056362 1213.69863237653 1183.74259512765 1156.43132890974 1121.78673226493 1055.20435660226 1003.73085239955 966.516510009766 931.080263410296 865.724940708705 810.585444859096 763.942622593471
1049.63604518345 1049.6320539202 1039.29015459333 1009.83569335938 975.671077183315 949.515657697405 941.541179112026 959.888194492885 1013.3490360805 1067.83826119559 1125.69429888044 1111.86674499512 1073.92772783552 1061.96106828962 1080.49306815011 1075.02096339634 1073.44181169782 1049.40973118373 1027.01026262556 1067.89535958426 1140.40132359096 1247.76981898717 1297.640625 1278.57810756138 1275.15231323242 1247.89210292271 1228.42442103795 1216.82048252651 1208.32096208845 1215.8250340053 1232.37017822266 1272.61987740653 1357.53636823382 1437.70850481306 1425.82165091378 1396.20758928571 1393.63722446987 1424.37916346959 1431.63650512695 1344.31870378767 1230.86781529018 1164.14787728446 1133.57517351423 1109.62715148926 1086.54206848145 1054.01731654576 1004.59917122977 987.305766514369 954.755085536412 913.867895943778 851.465131487165 792.775684901646 754.6663949149
1079.44486127581 1063.8277130127 1034.621207101 1018.70270865304 1030.8826751709 1032.44800458636 1035.20739964076 1067.13548060826 1145.66241891044 1198.9434160505 1216.57056971959 1150.96907915388 1103.67352730887 1080.54818289621 1080.92618669782 1079.97343444824 1080.59162902832 1069.16199166434 1060.3574458531 1089.12554495675 1128.83679853167 1238.71282523019 1282.53400966099 1301.15442766462 1278.97000558036 1270.57421003069 1246.41120692662 1220.01702008929 1205.08050973075 1205.53266034807 1219.71751185826 1251.3853628976 1302.23620605469 1406.34811401367 1465.07993425642 1447.16136823382 1445.21559797015 1406.76228114537 1337.50686209542 1232.71979631696 1153.05263192313 1100.92207772391 1092.30657087054 1064.19867161342 1034.04978288923 990.114617483957 987.100250244141 959.230808803013 925.833857945034 880.391185215541 808.949556623186 752.895372663225 723.96023777553
1096.21490260533 1070.18683951242 1055.60183279855 1081.10197884696 1082.10795811244 1090.09240504674 1121.17089189802 1178.31069946289 1266.38008771624 1305.64137486049 1250.4225856236 1168.36140223912 1132.00353567941 1106.92375619071 1098.51908656529 1098.61317007882 1097.49600219727 1091.91884940011 1100.33549499512 1108.68396650042 1129.75880868094 1199.12879725865 1276.4886605399 1321.25065830776 1287.88391549247 1271.01713344029 1259.33117239816 1226.04142543248 1208.53734479632 1197.71349225725 1198.74894932338 1222.07321384975 1263.87746756417 1356.89759172712 1457.09683663504 1477.08090645926 1437.12163870675 1347.09404209682 1233.07064819336 1143.98738752093 1100.98800223214 1096.57118661063 1081.90397208078 1032.29264831543 986.13499886649 987.839292253767 973.029758998326 943.389282226562 911.305317470006 848.427028111049 764.951446533203 721.97479901995 693.35880279541
