Rscript/monthly_maps/SnowDepthMapFile-q25-1989-11.asc
ncols 320 
nrows 361 
xllcorner 618410.159 
yllcorner 5088785.286 
cellsize 100 
NODATA_value -9999 
[rows 125 to 149 of 361, columns 56 to 111 of 320]
778.625366210938 767.368225097656 758.411590576172 755.125823974609 754.45588684082 747.014373779297 731.670333862305 724.606170654297 714.824996948242 701.898345947266 687.793380737305 674.335815429688 665.340301513672 648.955429077148 637.915176391602 636.210540771484 633.268005371094 630.325469970703 628.782424926758 625.737670898438 616.313201904297 613.449432373047 610.178482055664 606.13200378418 596.907775878906 548.97395324707 530.296325683594 487.761329650879 476.434753417969 472.493942260742 467.004203796387 472.52693939209 443.975601196289 438.077415466309 430.969421386719 416.560127258301 434.079040527344 447.504020690918 452.515045166016 456.505302429199 462.520362854004 465.563377380371 471.175689697266 480.474655151367 505.077278137207 520.098983764648 542.403839111328 562.824096679688 586.045852661133 588.164337158203 566.664428710938 489.779563903809 479.162651062012 477.769371032715 438.04615020752 364.795860290527
778.641510009766 766.968719482422 762.414733886719 768.849517822266 773.584609985352 769.236557006836 757.747497558594 746.502563476562 732.980651855469 713.546340942383 694.417098999023 684.465286254883 676.086120605469 670.118392944336 649.536087036133 639.776351928711 639.073577880859 638.944351196289 638.889373779297 638.325485229492 635.753356933594 627.15852355957 619.913467407227 603.115478515625 587.765396118164 551.54753112793 530.363067626953 494.50129699707 496.452453613281 482.223281860352 477.661437988281 477.028770446777 464.763748168945 440.706436157227 438.165832519531 440.574523925781 448.573036193848 471.072334289551 488.764671325684 496.918792724609 498.866226196289 499.050201416016 502.394035339355 512.507064819336 530.054473876953 552.990234375 564.300811767578 589.249206542969 575.054473876953 563.549255371094 489.350700378418 477.174430847168 438.741264343262 402.975257873535 329.600997924805 290.465713500977
800.975692749023 795.043060302734 812.47526550293 835.271301269531 853.02587890625 849.838394165039 836.586868286133 812.283676147461 782.747573852539 754.296981811523 725.576416015625 706.359832763672 689.46598815918 679.005554199219 666.611114501953 646.432235717773 646.177230834961 645.300399780273 645.03564453125 643.925842285156 639.668121337891 633.108917236328 617.42529296875 601.731903076172 584.369293212891 552.608444213867 531.059692382812 500.308723449707 515.324737548828 507.623268127441 486.387519836426 481.28490447998 468.468162536621 441.535026550293 444.135368347168 446.285415649414 468.787170410156 485.004341125488 490.206321716309 510.957191467285 510.282173156738 516.147186279297 519.730651855469 531.256423950195 555.546463012695 571.451461791992 595.710540771484 582.104095458984 564.481246948242 477.343925476074 440.882614135742 397.109306335449 364.001838684082 318.309867858887 268.436347961426 242.623737335205
852.897125244141 869.949096679688 897.354995727539 914.350662231445 899.964096069336 888.333877563477 869.371597290039 852.521591186523 830.992523193359 797.05615234375 758.26318359375 733.267013549805 714.02685546875 702.35285949707 679.128433227539 660.065246582031 653.284545898438 650.116317749023 650.927169799805 644.485565185547 640.834671020508 633.077484130859 617.603454589844 601.476058959961 572.717483520508 559.396057128906 540.314804077148 528.132415771484 522.055969238281 515.114715576172 506.950813293457 486.492256164551 479.083724975586 457.325782775879 443.112808227539 458.875999450684 479.630981445312 486.07071685791 502.103996276855 519.663009643555 523.704711914062 524.756378173828 529.378433227539 550.685821533203 573.440689086914 598.002243041992 599.590438842773 572.720565795898 521.970916748047 439.565483093262 393.851669311523 354.892852783203 290.524978637695 260.972969055176 239.635856628418 228.3186378479
911.563217163086 914.08381652832 922.778137207031 869.886108398438 875.786178588867 853.000457763672 840.073486328125 816.522155761719 810.776168823242 810.178253173828 775.569198608398 749.661193847656 731.223709106445 712.003921508789 693.072402954102 670.278045654297 666.949584960938 663.702209472656 659.448745727539 649.470031738281 641.541290283203 633.564743041992 618.475036621094 603.207229614258 586.409454345703 565.564178466797 548.436279296875 535.558486938477 529.754455566406 522.086013793945 515.664886474609 496.341178894043 483.672065734863 472.677368164062 457.071784973145 468.278778076172 482.00463104248 489.489624023438 499.925270080566 517.52995300293 529.499740600586 531.383392333984 541.209381103516 573.381088256836 595.315643310547 603.391021728516 587.069091796875 537.293914794922 482.826591491699 439.940277099609 372.820274353027 301.495918273926 271.944915771484 254.818885803223 250.298755645752 254.252193450928
930.325317382812 888.764297485352 830.553482055664 827.099060058594 797.241394042969 794.866149902344 791.603820800781 780.119995117188 785.960403442383 765.36833190918 743.639617919922 764.83283996582 742.267517089844 723.642944335938 708.322402954102 688.725769042969 678.719085693359 672.655120849609 663.840835571289 653.830093383789 642.624755859375 635.139282226562 622.682357788086 607.065826416016 591.994247436523 572.043975830078 559.997207641602 545.718338012695 535.967239379883 528.771179199219 522.291320800781 511.351257324219 486.608093261719 481.13697052002 472.373664855957 479.762016296387 485.82884979248 492.180534362793 504.011596679688 522.697570800781 534.604293823242 543.775344848633 571.77375793457 600.264587402344 611.086135864258 591.29948425293 554.751708984375 503.79719543457 448.929229736328 411.939682006836 327.502449035645 302.726364135742 271.013076782227 267.290824890137 268.681449890137 276.504402160645
861.340225219727 798.988174438477 780.190383911133 788.10481262207 757.218399047852 785.429824829102 768.5458984375 759.520965576172 759.766250610352 755.499542236328 756.915008544922 742.34553527832 732.580444335938 723.804061889648 713.887557983398 699.839111328125 685.433578491211 677.712646484375 668.754699707031 658.07942199707 645.01936340332 638.459365844727 627.287292480469 610.904190063477 599.355606079102 573.98274230957 564.437530517578 550.920150756836 540.442474365234 531.993194580078 527.036529541016 518.064270019531 499.437812805176 482.988410949707 481.637001037598 483.96199798584 486.702781677246 494.743911743164 506.529800415039 523.934585571289 538.900451660156 574.271041870117 614.655822753906 617.558944702148 607.217590332031 559.833740234375 520.105682373047 459.710189819336 421.724578857422 373.803604125977 296.984771728516 292.75366973877 281.143402099609 289.828559875488 282.338493347168 287.146240234375
797.869079589844 790.839828491211 755.118728637695 728.752502441406 722.971466064453 724.19010925293 756.779815673828 749.580627441406 745.547958374023 748.037094116211 751.957015991211 755.632034301758 739.526596069336 735.757293701172 722.818588256836 711.048538208008 695.695541381836 680.326766967773 671.715805053711 662.157485961914 651.224395751953 641.855453491211 634.647033691406 611.938934326172 604.083892822266 576.318420410156 566.414413452148 552.641616821289 542.575149536133 536.302764892578 530.40510559082 524.456848144531 512.932266235352 500.545692443848 490.221626281738 491.756156921387 491.490440368652 499.078758239746 510.086181640625 526.210113525391 545.219009399414 601.193054199219 635.976272583008 639.105575561523 567.930694580078 526.627334594727 482.243591308594 460.153251647949 418.727966308594 344.53311920166 310.745063781738 303.996025085449 297.949813842773 298.864700317383 295.564147949219 294.933265686035
789.278045654297 759.672210693359 728.034683227539 722.121490478516 716.697570800781 719.846084594727 721.177108764648 750.137237548828 743.764999389648 752.538681030273 756.729049682617 752.377258300781 747.589920043945 741.610046386719 738.721710205078 720.313568115234 705.440628051758 683.724685668945 674.142959594727 662.171829223633 658.529769897461 639.932815551758 637.946441650391 624.187469482422 605.104049682617 561.955718994141 556.72444152832 554.818710327148 543.969299316406 536.779113769531 533.815521240234 523.957885742188 521.9677734375 515.975936889648 506.889129638672 506.637748718262 505.633773803711 509.14330291748 517.721405029297 533.53108215332 568.479797363281 625.904342651367 652.153701782227 599.674133300781 559.078216552734 517.252090454102 468.350997924805 442.94841003418 410.040908813477 340.074104309082 311.790512084961 302.779647827148 309.317451477051 307.24382019043 306.644432067871 300.659088134766
767.024047851562 761.524108886719 729.254867553711 722.116088867188 717.762542724609 743.687362670898 742.399978637695 743.634674072266 750.27555847168 754.541046142578 759.859085083008 756.307647705078 753.352935791016 744.796600341797 738.666366577148 722.270111083984 706.209930419922 688.175964355469 675.692276000977 666.096527099609 653.232727050781 631.407989501953 625.886184692383 597.656478881836 588.885375976562 551.517517089844 545.143661499023 537.349273681641 531.332763671875 536.67204284668 534.432235717773 535.214172363281 525.7431640625 526.754257202148 523.484771728516 519.206268310547 514.021728515625 521.9443359375 531.402648925781 542.508285522461 586.302825927734 645.892852783203 623.142715454102 586.682403564453 522.816970825195 472.585243225098 461.201858520508 416.682312011719 381.994407653809 339.751388549805 327.14778137207 331.829490661621 332.687438964844 318.508110046387 316.256217956543 308.949188232422
763.855026245117 737.472442626953 729.24267578125 750.29264831543 742.200393676758 746.545913696289 751.285659790039 754.485046386719 754.119094848633 760.404327392578 764.952423095703 762.908645629883 755.75666809082 753.023300170898 739.622055053711 716.32405090332 697.642959594727 674.471160888672 665.331695556641 657.425003051758 630.102966308594 625.054580688477 592.327560424805 549.069702148438 538.184799194336 529.093063354492 519.760559082031 526.142852783203 529.528106689453 547.487884521484 547.232437133789 543.486175537109 538.750091552734 537.082656860352 532.154159545898 526.256195068359 528.299346923828 535.200561523438 539.886367797852 571.354415893555 620.992416381836 648.253173828125 622.911682128906 552.977020263672 506.159118652344 456.130386352539 453.770790100098 414.495399475098 380.46509552002 343.940460205078 349.682708740234 345.795890808105 341.840713500977 337.574180603027 326.729209899902 327.14811706543
762.582565307617 734.910690307617 734.574890136719 747.783889770508 755.311019897461 753.221740722656 755.233520507812 765.589996337891 776.004821777344 776.564025878906 766.243057250977 759.260208129883 750.270538330078 734.281631469727 727.569686889648 701.204986572266 688.687286376953 664.133834838867 655.218902587891 627.8671875 591.905075073242 585.710357666016 553.952087402344 508.395111083984 486.842071533203 479.773948669434 513.006210327148 525.065490722656 549.458953857422 556.132888793945 554.657318115234 545.071395874023 545.776931762695 540.9189453125 539.990753173828 541.344604492188 545.426956176758 547.058242797852 561.900970458984 598.548477172852 637.600402832031 649.482543945312 590.830276489258 514.960372924805 504.028472900391 454.857849121094 447.392097473145 440.590538024902 401.880409240723 370.006294250488 362.138961791992 354.983757019043 350.494972229004 361.489738464355 390.790107727051 417.855186462402
741.931991577148 738.448394775391 749.943267822266 755.77978515625 765.537292480469 764.4833984375 765.883453369141 777.105606079102 777.409851074219 775.677474975586 760.306915283203 752.13020324707 751.639694213867 730.156295776367 715.85856628418 692.685394287109 665.977523803711 659.335037231445 630.858123779297 618.611190795898 587.011276245117 554.163925170898 542.762283325195 491.928123474121 493.078903198242 515.699127197266 529.259216308594 542.193237304688 557.262054443359 559.456039428711 553.089248657227 554.933395385742 552.769546508789 549.441070556641 551.731948852539 556.703277587891 559.354721069336 562.506439208984 579.77033996582 627.800109863281 648.34423828125 627.49104309082 565.424453735352 520.532684326172 506.513633728027 491.749069213867 449.092239379883 444.219024658203 406.501319885254 375.051231384277 381.609069824219 379.89119720459 394.264556884766 432.2021484375 452.670318603516 459.832191467285
756.813903808594 754.30924987793 766.857833862305 767.054397583008 771.25407409668 786.712371826172 787.195892333984 778.007766723633 779.052520751953 763.260513305664 760.089202880859 749.46696472168 733.636642456055 725.364059448242 699.870010375977 687.661270141602 667.99397277832 658.812637329102 631.653198242188 601.024642944336 585.728408813477 554.137924194336 537.890151977539 525.094909667969 532.519348144531 541.992492675781 548.119705200195 555.863998413086 556.260391235352 557.87516784668 561.034332275391 556.718673706055 557.798980712891 560.652282714844 566.062835693359 565.220306396484 563.35563659668 568.199127197266 591.668533325195 633.641830444336 647.875671386719 603.154846191406 570.306427001953 544.241226196289 528.958618164062 507.074317932129 455.783226013184 444.084342956543 406.739250183105 382.852676391602 392.039505004883 414.529243469238 446.484184265137 466.733917236328 486.282928466797 498.259262084961
761.504745483398 766.395156860352 798.036071777344 803.543334960938 803.282821655273 802.940933227539 810.71501159668 796.181060791016 777.973937988281 785.608642578125 774.142211914062 750.539398193359 734.238784790039 726.072296142578 702.850997924805 694.050109863281 672.514419555664 659.120193481445 634.157333374023 604.612350463867 568.412094116211 562.277114868164 550.772247314453 544.448135375977 543.10124206543 561.749572753906 558.800323486328 552.661193847656 557.448547363281 557.953216552734 561.620056152344 566.701599121094 570.864456176758 574.529281616211 573.854904174805 565.994110107422 556.688354492188 586.997146606445 631.438842773438 655.319259643555 628.79328918457 588.138122558594 566.590667724609 543.382995605469 528.990280151367 496.705368041992 465.006652832031 448.83415222168 408.535224914551 400.321922302246 412.494987487793 446.285949707031 468.44263458252 489.32054901123 515.076416015625 545.351211547852
778.294128417969 783.344421386719 813.021759033203 808.73486328125 809.190872192383 805.450897216797 804.130172729492 809.928268432617 802.906890869141 795.090148925781 791.266494750977 784.645034790039 741.989486694336 722.589248657227 702.935577392578 693.948364257812 683.378677368164 664.297729492188 641.905883789062 613.326904296875 579.685028076172 568.4326171875 564.727676391602 563.671356201172 569.51220703125 569.65185546875 557.622329711914 557.909698486328 552.550262451172 559.236053466797 569.365005493164 576.279434204102 579.626724243164 578.618927001953 570.177459716797 557.758148193359 580.052169799805 615.68391418457 651.232055664062 679.162307739258 649.154479980469 588.272537231445 567.438568115234 545.103775024414 523.955322265625 494.074432373047 472.534568786621 454.535140991211 430.231567382812 409.178153991699 438.241035461426 455.41877746582 468.533645629883 510.100250244141 545.110946655273 595.026184082031
790.546401977539 807.360244750977 819.799835205078 813.831832885742 811.204940795898 810.046844482422 807.185211181641 809.60595703125 808.420822143555 807.056228637695 802.267120361328 778.128387451172 757.077362060547 720.74089050293 700.473129272461 688.575042724609 681.967971801758 664.630645751953 631.960952758789 624.063568115234 595.08935546875 574.228210449219 570.161041259766 577.523254394531 582.131301879883 566.312393188477 563.089324951172 553.182998657227 553.80241394043 566.369247436523 578.369323730469 582.612411499023 581.36572265625 580.251342773438 584.257736206055 591.373031616211 622.42155456543 671.54524230957 712.826080322266 708.301910400391 657.353805541992 609.236389160156 583.996826171875 551.43522644043 526.579605102539 494.530654907227 480.009750366211 462.287872314453 450.513725280762 439.687088012695 441.368026733398 448.966583251953 467.566665649414 514.692398071289 563.195266723633 605.870040893555
816.130081176758 816.585693359375 820.329895019531 822.45866394043 818.09587097168 813.451705932617 815.883804321289 812.586837768555 820.561447143555 821.072265625 812.352340698242 784.432830810547 749.586730957031 708.943298339844 692.384414672852 684.004409790039 666.382934570312 657.084671020508 645.969650268555 624.123916625977 599.259689331055 587.08415222168 587.79475402832 595.86572265625 588.617477416992 574.634506225586 564.500640869141 556.54963684082 566.880523681641 579.196853637695 585.425170898438 603.262985229492 602.406188964844 606.614288330078 621.41291809082 643.45036315918 688.380737304688 734.177459716797 751.464599609375 715.797424316406 606.084060668945 597.08464050293 568.713043212891 536.747085571289 527.418991088867 501.824264526367 489.51008605957 479.04460144043 480.630073547363 466.50040435791 467.223114013672 453.772499084473 456.590408325195 502.443962097168 552.253921508789 602.373168945312
827.978515625 828.278778076172 828.204605102539 822.432083129883 820.844314575195 822.101715087891 826.086410522461 826.691741943359 838.352081298828 835.800933837891 821.0439453125 777.701095581055 751.496429443359 702.446044921875 684.621292114258 671.095352172852 659.177368164062 650.225830078125 628.52717590332 620.883743286133 611.832321166992 609.783081054688 608.118835449219 607.090744018555 596.227432250977 578.970123291016 571.916580200195 571.16975402832 580.812911987305 589.615325927734 619.376556396484 635.105194091797 643.170333862305 656.339599609375 682.739929199219 716.131866455078 769.989624023438 716.874877929688 690.209609985352 626.887451171875 603.155136108398 568.639617919922 564.346450805664 554.098999023438 526.261322021484 520.798797607422 509.36759185791 494.911796569824 485.685417175293 476.293991088867 470.247108459473 471.539489746094 480.361633300781 495.96842956543 544.065185546875 598.608596801758
838.280090332031 830.737976074219 829.855316162109 830.272491455078 830.862915039062 830.127166748047 830.911071777344 839.162673950195 848.324203491211 847.608032226562 822.628433227539 782.410766601562 755.245315551758 725.471481323242 685.808670043945 666.36946105957 648.888763427734 636.331741333008 633.99543762207 637.244705200195 629.331771850586 625.863494873047 624.997253417969 609.591110229492 601.585678100586 583.256591796875 580.245391845703 583.149017333984 592.381011962891 624.859298706055 661.671401977539 685.856918334961 697.235946655273 715.319229125977 739.308898925781 760.252960205078 721.360198974609 690.134292602539 633.273193359375 600.817138671875 596.016006469727 588.621154785156 560.607528686523 561.250640869141 555.701171875 521.927154541016 508.573455810547 495.418006896973 484.274200439453 476.980247497559 472.714378356934 474.783676147461 480.852928161621 497.698226928711 542.077407836914 597.447860717773
841.825698852539 841.289855957031 833.651977539062 834.134872436523 837.233383178711 837.152008056641 841.196670532227 848.858535766602 861.38688659668 848.717224121094 817.884918212891 801.613006591797 775.695877075195 741.793853759766 714.429077148438 656.552825927734 638.717254638672 633.358306884766 639.908294677734 639.819290161133 640.133102416992 635.399551391602 624.556396484375 609.789962768555 599.607971191406 588.241928100586 587.203491210938 593.051147460938 615.958038330078 674.643035888672 710.629669189453 718.562683105469 719.972503662109 690.071762084961 722.797653198242 713.104904174805 695.377365112305 663.390960693359 633.180267333984 630.56364440918 601.65559387207 596.446624755859 593.391967773438 573.616897583008 565.388427734375 544.718780517578 505.09009552002 493.04647064209 478.421508789062 481.703544616699 472.737213134766 477.11368560791 483.343383789062 497.559364318848 523.133285522461 594.589904785156
853.747451782227 856.302749633789 849.564910888672 850.102996826172 848.115600585938 849.069671630859 851.336639404297 860.609527587891 864.167907714844 840.047973632812 833.847808837891 828.898239135742 803.391647338867 770.413208007812 715.803802490234 674.032455444336 628.113479614258 629.834579467773 642.287185668945 643.799240112305 640.103057861328 634.044677734375 620.549758911133 613.517028808594 603.621002197266 592.829650878906 592.373260498047 617.392807006836 672.530349731445 719.085647583008 727.332702636719 715.599884033203 691.219879150391 676.154083251953 678.727630615234 687.558898925781 690.130752563477 669.727416992188 659.200241088867 638.399780273438 641.064407348633 626.930160522461 607.682739257812 591.391418457031 567.541625976562 545.785827636719 513.373489379883 498.450500488281 491.819267272949 483.765029907227 485.826622009277 478.005081176758 484.39820098877 498.417068481445 519.556518554688 589.6279296875
871.440078735352 870.078399658203 860.077743530273 863.547546386719 862.710403442383 861.292282104492 863.862777709961 865.593688964844 867.287582397461 851.069137573242 851.340942382812 846.56266784668 832.880599975586 793.487731933594 726.8779296875 684.958343505859 629.260284423828 637.378173828125 646.659652709961 646.149810791016 641.794723510742 635.561645507812 637.766952514648 636.545867919922 620.193222045898 618.554351806641 626.988861083984 659.934204101562 715.791351318359 757.224731445312 725.717086791992 697.600662231445 681.522613525391 653.728118896484 654.763870239258 676.684921264648 689.225936889648 693.071334838867 675.546478271484 664.42333984375 646.321960449219 628.762512207031 608.788726806641 591.594299316406 568.498458862305 542.609527587891 515.475769042969 511.541442871094 505.992202758789 500.584106445312 500.350563049316 487.878997802734 487.0947265625 501.042205810547 520.32502746582 568.206604003906
887.030075073242 885.978485107422 870.263916015625 867.579559326172 874.633697509766 865.179656982422 871.14990234375 873.563446044922 865.959457397461 863.753662109375 864.361892700195 857.917633056641 843.066436767578 803.444839477539 733.180908203125 664.596115112305 654.295379638672 655.550552368164 657.958251953125 668.181488037109 671.444549560547 661.322006225586 654.593032836914 646.214324951172 637.807312011719 633.46565246582 660.152069091797 712.720779418945 751.493179321289 768.990509033203 708.03352355957 673.586120605469 683.325073242188 676.706497192383 658.893173217773 677.589950561523 681.160949707031 687.211090087891 678.340881347656 661.950210571289 636.005813598633 622.880889892578 598.997192382812 562.412933349609 555.310455322266 533.931564331055 502.795372009277 514.802505493164 515.231201171875 512.65478515625 509.348541259766 503.925086975098 497.438186645508 509.438423156738 531.113525390625 573.789794921875
900.153106689453 897.289016723633 884.814468383789 876.563217163086 878.045028686523 875.249938964844 876.429046630859 877.086837768555 871.551742553711 866.053268432617 865.427551269531 862.189895629883 839.094787597656 765.391159057617 706.252593994141 685.602020263672 683.878005981445 692.855926513672 699.008941650391 687.797119140625 676.962860107422 665.53059387207 650.76725769043 649.125137329102 645.493423461914 664.958267211914 717.167953491211 765.314056396484 780.821151733398 757.385025024414 700.787002563477 680.433868408203 679.732559204102 680.120071411133 679.009246826172 654.428344726562 654.948837280273 650.211196899414 648.797332763672 624.812255859375 596.782302856445 592.249435424805 557.063003540039 544.239227294922 501.899314880371 492.244194030762 518.121887207031 522.99040222168 523.633590698242 518.977584838867 516.336624145508 515.488616943359 515.838851928711 530.281829833984 559.469314575195 579.814483642578
