Rscript/monthly_maps/SnowDepthMapFile-q75-1990-01.asc
ncols 320 
nrows 361 
xllcorner 618410.159 
yllcorner 5088785.286 
cellsize 100 
NODATA_value -9999 
[rows 200 to 224 of 361, columns 168 to 223 of 320]
406.885223388672 461.911056518555 494.41471862793 533.732574462891 583.230346679688 656.275451660156 739.917114257812 805.205718994141 878.461791992188 902.942993164062 828.536010742188 771.606475830078 732.533172607422 663.303466796875 596.208648681641 545.129302978516 521.589508056641 489.39323425293 461.955551147461 457.230972290039 468.528137207031 481.275909423828 507.216949462891 541.373931884766 579.711364746094 665.270935058594 730.460235595703 789.727355957031 843.589447021484 846.336547851562 734.085754394531 645.170166015625 528.538970947266 476.800216674805 433.06201171875 421.972900390625 405.518997192383 384.488891601562 335.787353515625 227.880218505859 149.222206115723 104.96187210083 67.9020957946777 32.3575534820557 0 0 0 0 0 0 0 0 15.8980669975281 41.168737411499 97.977970123291 231.498222351074
422.253845214844 468.653915405273 503.112976074219 538.847229003906 588.674011230469 664.321746826172 749.371795654297 828.183319091797 886.966247558594 875.541351318359 787.891143798828 740.967803955078 665.604309082031 590.744598388672 546.552215576172 519.559753417969 483.14372253418 459.65592956543 444.525650024414 445.0751953125 468.886123657227 480.984222412109 515.118316650391 550.368804931641 611.385986328125 701.304565429688 746.264739990234 798.344970703125 878.432525634766 853.408355712891 778.331573486328 686.561126708984 589.753143310547 508.307144165039 481.903411865234 457.260833740234 449.706619262695 445.103881835938 421.800994873047 360.08024597168 218.517433166504 130.527305603027 83.6070365905762 23.1191844940186 0 0 0 0 0 0 0 0 0 17.4788780212402 38.9763488769531 76.0336112976074
443.949905395508 478.367919921875 513.790405273438 553.8349609375 599.404907226562 675.335998535156 756.884216308594 833.665893554688 887.581329345703 850.072448730469 768.158508300781 698.734741210938 617.7998046875 556.733459472656 518.735229492188 469.405059814453 437.680068969727 440.911407470703 433.619964599609 443.093566894531 464.18098449707 491.166702270508 527.675079345703 570.700988769531 665.116302490234 742.051574707031 769.224060058594 829.068054199219 883.953155517578 886.937438964844 837.152069091797 724.474334716797 659.486724853516 563.970336914062 522.435119628906 504.57780456543 498.888092041016 493.24494934082 462.389266967773 415.488265991211 325.745590209961 168.56079864502 91.0788536071777 29.9636507034302 0 0 0 0 0 0 0 0 0 0 17.5704021453857 32.5196094512939
453.016815185547 488.158264160156 520.652069091797 564.655700683594 610.662780761719 689.839538574219 769.924468994141 837.145263671875 866.349700927734 807.462799072266 747.321014404297 667.75341796875 582.197692871094 530.226135253906 490.122634887695 436.869888305664 418.758712768555 409.895553588867 411.543685913086 438.729965209961 468.656158447266 508.706115722656 543.115325927734 592.0625 688.450714111328 744.081451416016 782.043243408203 806.094512939453 861.707946777344 894.596405029297 882.011016845703 797.194702148438 705.168792724609 652.507446289062 583.071380615234 563.925018310547 561.244049072266 553.804504394531 501.123977661133 436.14762878418 375.92919921875 203.812789916992 96.1935577392578 38.097993850708 0 0 0 0 0 0 0 0 0 0 0 0
462.937606811523 494.310516357422 534.408721923828 576.739807128906 617.195281982422 695.831207275391 773.550140380859 824.407318115234 811.371612548828 778.941833496094 714.36865234375 628.523590087891 563.419738769531 513.815399169922 459.191818237305 425.413619995117 385.90266418457 383.836730957031 393.724334716797 426.213150024414 471.022369384766 518.497314453125 539.263732910156 587.580749511719 663.415405273438 722.874084472656 742.666046142578 762.724822998047 798.997222900391 864.49365234375 896.8701171875 860.981750488281 778.873107910156 712.951293945312 686.089599609375 655.406097412109 620.533843994141 572.653839111328 512.867065429688 438.736938476562 382.525390625 227.303756713867 100.529418945312 52.7319946289062 0 0 0 0 0 0 0 0 0 0 0 0
461.75651550293 497.710586547852 534.081207275391 579.477203369141 621.807800292969 682.481781005859 751.763885498047 788.262390136719 767.884674072266 735.191955566406 652.291168212891 587.969268798828 532.0546875 483.437454223633 436.636489868164 390.477783203125 343.304473876953 329.616577148438 372.604278564453 415.456832885742 456.531524658203 495.599273681641 532.413360595703 542.405944824219 583.798095703125 637.320404052734 692.220703125 733.867797851562 768.945068359375 824.061065673828 886.534698486328 894.685760498047 856.122344970703 793.368957519531 741.693389892578 723.726470947266 666.290344238281 577.743072509766 515.514587402344 438.784866333008 382.657501220703 251.333457946777 111.280025482178 64.8610725402832 30.6515398025513 0 0 0 0 0 0 0 0 0 0 0
453.119155883789 498.54443359375 538.486267089844 576.014617919922 615.973083496094 656.857421875 702.219909667969 722.707489013672 697.136505126953 641.078308105469 589.728729248047 550.5283203125 490.464233398438 441.576889038086 402.814849853516 344.523422241211 274.839752197266 254.739669799805 305.118713378906 383.497116088867 428.517517089844 459.968643188477 495.710784912109 523.550964355469 544.877532958984 592.644256591797 666.150390625 712.505279541016 750.979309082031 801.900085449219 880.305358886719 908.923828125 893.892791748047 840.993103027344 778.607635498047 735.814300537109 672.737518310547 570.490386962891 506.737945556641 439.202728271484 385.863922119141 264.871444702148 131.998291015625 95.2359161376953 30.254189491272 0 0 0 0 0 0 0 0 0 0 0
447.762222290039 496.699371337891 533.856781005859 567.449737548828 605.784759521484 630.631072998047 638.420745849609 626.114471435547 597.352020263672 562.04345703125 522.768676757812 490.805801391602 454.806777954102 418.470199584961 363.156860351562 268.349243164062 204.498649597168 194.302871704102 242.618476867676 333.506546020508 403.196029663086 439.98811340332 481.093719482422 500.477325439453 542.209045410156 588.959838867188 659.808441162109 735.364562988281 769.691619873047 824.374725341797 875.645629882812 884.879699707031 869.872375488281 831.7001953125 780.933441162109 737.92529296875 671.012786865234 569.400512695312 508.211685180664 438.276245117188 396.619552612305 295.716415405273 158.762016296387 100.853118896484 56.2831153869629 0 0 0 0 0 0 0 0 0 0 0
442.12646484375 496.345474243164 531.962280273438 558.933868408203 582.100433349609 587.515655517578 580.739685058594 565.897399902344 518.522125244141 486.024520874023 461.72087097168 444.907318115234 424.559204101562 376.41081237793 282.028045654297 194.234550476074 149.481811523438 146.645637512207 197.351333618164 289.383819580078 379.635635375977 430.740646362305 492.371978759766 530.586822509766 556.985626220703 604.634765625 693.800842285156 759.759796142578 799.455352783203 828.448120117188 828.79052734375 803.109497070312 779.094757080078 756.621063232422 740.479034423828 730.142395019531 673.956726074219 580.283721923828 518.867065429688 459.696563720703 414.101135253906 330.948043823242 181.977844238281 111.85375213623 66.9563484191895 31.1079263687134 0 0 0 0 0 0 0 0 0 0
436.689025878906 488.281753540039 526.596435546875 545.026214599609 547.492645263672 526.080383300781 510.493194580078 481.969741821289 451.129745483398 436.493118286133 416.108657836914 403.214874267578 367.857513427734 296.608749389648 203.59593963623 141.81615447998 133.413940429688 138.348426818848 174.330177307129 292.414947509766 400.26676940918 459.467315673828 500.4990234375 539.395355224609 579.429260253906 661.620330810547 750.428131103516 791.730255126953 813.978759765625 785.661315917969 746.460754394531 704.0830078125 693.647064208984 682.927337646484 676.595062255859 680.401550292969 665.916259765625 599.882690429688 532.595947265625 477.742492675781 432.184768676758 370.93293762207 223.316390991211 122.661945343018 76.5198173522949 21.9287662506104 0 0 0 0 0 0 0 0 0 0
430.191146850586 473.857223510742 506.506088256836 520.827789306641 501.55827331543 476.930953979492 436.784255981445 426.378021240234 406.604431152344 378.584716796875 349.330017089844 316.538131713867 274.769287109375 214.658271789551 157.507026672363 124.225872039795 122.072597503662 131.35115814209 162.393890380859 297.298919677734 414.084228515625 467.728927612305 515.458374023438 563.40966796875 627.107238769531 725.101501464844 789.597259521484 791.405914306641 762.136627197266 701.206604003906 658.751495361328 615.479553222656 588.273101806641 567.524291992188 571.72802734375 596.024841308594 637.746185302734 618.263488769531 556.145874023438 494.608489990234 441.029968261719 401.940795898438 270.150955200195 136.452796936035 91.0734748840332 35.7531909942627 0 0 0 0 0 0 0 0 0 0
405.436752319336 446.186614990234 478.348846435547 491.191650390625 470.140487670898 426.742141723633 379.154159545898 351.859405517578 322.594757080078 279.133026123047 234.83422088623 189.054916381836 164.531455993652 140.708099365234 131.743186950684 128.126808166504 128.739486694336 126.542324066162 164.024185180664 315.602722167969 424.455368041992 482.617111206055 544.073486328125 602.578735351562 688.515167236328 752.154083251953 772.862091064453 740.490264892578 666.009002685547 582.906036376953 514.730102539062 481.709732055664 471.859359741211 482.438934326172 492.237945556641 534.970092773438 596.806488037109 614.507629394531 578.38037109375 515.715026855469 458.754440307617 414.786056518555 305.958389282227 158.637702941895 97.2184295654297 49.9005393981934 0 0 0 0 0 0 0 0 0 0
335.738784790039 405.961517333984 435.338928222656 450.934432983398 438.682388305664 384.628692626953 296.366973876953 239.45923614502 176.564361572266 139.372489929199 128.849433898926 123.184181213379 117.211750030518 114.832099914551 115.7356300354 114.760234832764 115.159744262695 131.340156555176 174.473602294922 331.741348266602 433.850891113281 498.367614746094 563.844757080078 640.341522216797 702.706298828125 726.777801513672 701.702026367188 629.53369140625 557.512847900391 485.104202270508 457.936264038086 427.513336181641 420.211334228516 433.364669799805 456.999359130859 513.41423034668 550.582977294922 595.335113525391 579.859222412109 522.357940673828 467.597198486328 425.499130249023 323.748657226562 162.858406066895 103.477867126465 62.7363014221191 7.46709632873535 0 0 0 0 0 0 0 0 0
239.827507019043 309.501678466797 380.607284545898 406.301422119141 398.009506225586 322.302383422852 201.069488525391 133.768394470215 111.585674285889 111.377510070801 106.723655700684 108.144504547119 109.897659301758 110.117366790771 114.340991973877 110.246658325195 124.576145172119 137.712852478027 201.267852783203 357.982711791992 436.800170898438 511.242568969727 582.721984863281 655.775146484375 681.165740966797 636.903228759766 576.6025390625 516.947814941406 480.056091308594 440.737411499023 394.593551635742 376.227554321289 367.259262084961 388.723602294922 419.518920898438 453.007690429688 521.186309814453 533.257659912109 544.070648193359 517.892333984375 456.863586425781 415.288986206055 315.283447265625 158.918632507324 110.880970001221 72.506721496582 23.4828901290894 0 0 0 0 0 0 0 0 0
151.128837585449 210.84814453125 284.311325073242 340.524261474609 320.878707885742 219.763832092285 139.869148254395 115.197353363037 95.7259941101074 77.3434982299805 96.8102836608887 101.863014221191 108.062320709229 108.805088043213 131.18285369873 130.803787231445 142.005851745605 164.13737487793 266.217803955078 390.140533447266 461.893280029297 531.411529541016 609.452575683594 643.686370849609 623.205688476562 544.830291748047 471.519027709961 433.738372802734 409.456787109375 380.719802856445 345.876022338867 308.097900390625 296.452011108398 341.220092773438 384.346572875977 413.519027709961 443.526229858398 466.730560302734 472.485504150391 450.711929321289 420.81916809082 387.725738525391 279.430938720703 144.702140808105 102.289688110352 77.6965026855469 28.6914710998535 0 0 0 0 0 0 0 0 0
139.946578979492 141.454208374023 192.340858459473 230.365264892578 207.288948059082 145.079460144043 108.952354431152 80.8453102111816 72.0207290649414 72.6086502075195 80.7780265808105 93.8091468811035 106.452930450439 126.105358123779 136.272178649902 149.019622802734 173.901481628418 235.566390991211 351.508285522461 433.261627197266 490.273468017578 558.105651855469 618.728240966797 617.416595458984 548.704711914062 452.566345214844 380.240447998047 333.566421508789 297.898147583008 254.987922668457 183.04564666748 135.699234008789 159.040832519531 225.899353027344 330.5283203125 368.66716003418 385.656997680664 384.246688842773 382.472030639648 371.60270690918 358.457778930664 298.328491210938 192.240432739258 129.7255859375 88.4187469482422 62.8126773834229 26.2397336959839 0 0 0 0 0 0 0 0 0
115.864562988281 126.455669403076 135.123115539551 144.953117370605 150.765243530273 116.937698364258 78.092716217041 64.7435417175293 58.4723567962646 62.1739120483398 77.253532409668 98.1716156005859 124.560775756836 138.630859375 155.568832397461 193.392509460449 260.20703125 347.601943969727 428.860244750977 475.859222412109 529.122741699219 578.040802001953 599.195648193359 548.124420166016 459.741744995117 373.253768920898 284.158538818359 170.91862487793 79.5217056274414 64.6248931884766 59.3795280456543 68.4934692382812 99.6737022399902 125.523693084717 205.991073608398 263.043869018555 298.892227172852 287.000671386719 270.75537109375 218.7724609375 172.375770568848 127.532619476318 98.9418449401855 88.0705795288086 77.0643501281738 45.9197959899902 16.9712696075439 0 0 0 0 0 0 0 0 0
105.71683883667 113.414009094238 112.310817718506 122.53715133667 112.994289398193 81.7238731384277 61.6391544342041 50.3829555511475 42.5415573120117 58.664680480957 75.0545043945312 98.5644989013672 127.313789367676 150.016792297363 201.776290893555 286.517059326172 372.391082763672 443.266204833984 484.916259765625 516.688659667969 546.744812011719 577.208038330078 533.710540771484 460.357299804688 372.77799987793 282.731658935547 118.758937835693 52.495885848999 29.1545839309692 20.8735942840576 26.9306421279907 44.635913848877 66.5410308837891 96.9468116760254 123.161445617676 118.518180847168 105.314804077148 88.8500099182129 73.3275871276855 60.0145816802979 62.0106906890869 64.1345291137695 67.2675628662109 64.7577629089355 44.620080947876 20.7486667633057 0 0 0 0 0 0 0 0 0 0
80.2393684387207 80.3453521728516 82.3033676147461 90.4164047241211 79.6951370239258 62.5155715942383 38.2282619476318 31.7740859985352 31.2165517807007 49.9943046569824 76.784496307373 104.622367858887 140.820724487305 186.187919616699 278.597457885742 383.362899780273 447.548553466797 491.32878112793 513.942718505859 527.656677246094 546.251892089844 507.64582824707 451.639556884766 389.283920288086 283.895324707031 116.73295211792 62.4189796447754 28.1671590805054 0 0 0 11.4319272041321 36.8411808013916 59.4852027893066 66.4557456970215 61.2766036987305 59.8081645965576 42.8473567962646 27.4081115722656 17.8454580307007 19.813889503479 30.5012865066528 36.5497436523438 31.6866016387939 22.1208953857422 0 0 0 0 0 0 0 0 0 0 0
78.2486877441406 66.9081726074219 61.9952239990234 61.6190967559814 58.9416484832764 39.547908782959 22.9503011703491 17.1891183853149 19.3392572402954 46.0935554504395 78.4833030700684 111.28470993042 149.107460021973 229.760864257812 341.339614868164 427.677429199219 478.793380737305 499.293975830078 509.29833984375 507.400283813477 473.913070678711 431.840972900391 370.8681640625 266.519256591797 103.777431488037 67.3615570068359 38.8578548431396 16.754433631897 0 0 0 0 0 20.4289417266846 27.4502086639404 20.1757431030273 11.8272438049316 0 0 0 0 0 0 0 0 0 0 0 0 0 0 0 0 0 0 0
77.477653503418 63.5216484069824 44.0807056427002 38.8638648986816 30.5174789428711 16.4575519561768 0 0 19.8994674682617 46.5022106170654 81.2759170532227 135.238159179688 165.725944519043 270.986434936523 378.63346862793 433.136505126953 463.75178527832 476.203247070312 458.328094482422 432.531204223633 387.089477539062 335.478607177734 228.814170837402 101.049884796143 68.164379119873 40.2263355255127 19.3924016952515 0 0 0 0 0 0 0 0 0 0 0 0 0 0 0 0 0 0 0 0 0 0 0 0 0 0 0 0 0
83.4895095825195 55.2736988067627 34.3650989532471 17.5193843841553 10.7323708534241 0 0 0 21.6182098388672 47.1708793640137 85.9458847045898 126.272792816162 180.496231079102 287.461898803711 374.61735534668 424.317733764648 433.278289794922 416.856781005859 376.466171264648 324.127532958984 245.706718444824 155.510841369629 87.5662460327148 65.7945137023926 36.0069961547852 17.1319761276245 0 0 0 0 0 0 0 0 0 0 0 0 0 0 0 0 0 0 0 0 0 0 0 0 0 0 0 0 0 0
85.8108253479004 54.6898326873779 21.6850109100342 0 0 0 0 0 13.566801071167 48.160774230957 88.4661445617676 132.443412780762 195.956871032715 297.029220581055 360.46159362793 382.601745605469 366.086242675781 304.063186645508 235.479614257812 123.050205230713 87.0346183776855 68.9467544555664 54.8987007141113 28.258318901062 9.25180149078369 0 0 0 0 0 0 0 0 0 0 0 0 0 0 0 0 0 0 0 0 0 0 0 0 0 0 0 0 0 0 0
88.021484375 49.8022270202637 17.1342372894287 0 0 0 0 0 4.24206304550171 44.7090950012207 82.8266983032227 127.416961669922 176.937866210938 271.858139038086 316.666244506836 316.970886230469 261.527297973633 181.347564697266 102.421516418457 71.7045631408691 40.0177268981934 27.4505167007446 14.194760799408 0 0 0 0 0 0 0 0 0 0 0 0 0 0 0 0 0 0 0 0 0 0 0 0 0 0 0 0 0 0 0 0 0
79.942008972168 34.754280090332 2.16969454288483 0 0 0 0 0 0 39.0217342376709 83.7680397033691 121.495693206787 149.829475402832 197.709976196289 223.49195098877 210.932540893555 145.317848205566 95.5461959838867 67.8358192443848 30.2265768051147 11.4177761077881 0 0 0 0 0 0 0 0 0 0 0 0 0 0 0 0 0 0 0 0 0 0 0 0 0 0 0 0 0 0 0 0 0 0 0
