Rscript/monthly_maps/SnowDepthMapFile-ndays-1989-09.asc
ncols 320 
nrows 361 
xllcorner 618410.159 
yllcorner 5088785.286 
cellsize 100 
NODATA_value -9999 
[rows 46 to 91 of 361, columns 0 to 95 of 320]
-9999 -9999 -9999 -9999 -9999 -9999 -9999 -9999 -9999 -9999 -9999 -9999 -9999 -9999 -9999 -9999 -9999 -9999 -9999 -9999 -9999 -9999 -9999 -9999 -9999 -9999 -9999 -9999 -9999 -9999 -9999 -9999 -9999 -9999 -9999 -9999 -9999 -9999 -9999 -9999 -9999 -9999 -9999 -9999 -9999 -9999 -9999 -9999 -9999 -9999 -9999 -9999 -9999 -9999 -9999 -9999 -9999 -9999 -9999 -9999 -9999 -9999 -9999 -9999 -9999 -9999 -9999 -9999 -9999 -9999 -9999 -9999 -9999 -9999 -9999 -9999 -9999 -9999 -9999 -9999 -9999 -9999 -9999 -9999 -9999 -9999 -9999 -9999 -9999 -9999 -9999 -9999 -9999 -9999 -9999 -9999
-9999 -9999 -9999 -9999 -9999 -9999 -9999 -9999 -9999 -9999 -9999 -9999 -9999 -9999 -9999 -9999 -9999 -9999 -9999 -9999 -9999 -9999 -9999 -9999 -9999 -9999 -9999 -9999 -9999 -9999 -9999 -9999 -9999 -9999 -9999 -9999 -9999 -9999 -9999 -9999 -9999 -9999 -9999 -9999 -9999 -9999 -9999 -9999 -9999 -9999 -9999 -9999 -9999 -9999 -9999 -9999 21 21 21 21 22 22 22 22 22 21 19 18 18 18 18 -9999 -9999 -9999 -9999 -9999 -9999 -9999 -9999 -9999 -9999 -9999 -9999 -9999 -9999 -9999 -9999 -9999 -9999 -9999 -9999 -9999 -9999 -9999 -9999 -9999
-9999 -9999 -9999 -9999 -9999 -9999 -9999 -9999 -9999 -9999 -9999 -9999 -9999 -9999 -9999 -9999 -9999 -9999 -9999 -9999 -9999 -9999 -9999 -9999 -9999 -9999 -9999 -9999 -9999 -9999 -9999 -9999 -9999 -9999 -9999 -9999 -9999 -9999 -9999 -9999 -9999 -9999 -9999 -9999 -9999 -9999 -9999 -9999 -9999 -9999 -9999 -9999 -9999 -9999 19 18 18 18 18 18 18 19 21 21 20 19 18 14 13 12 14 14 18 19 21 22 20 -9999 -9999 -9999 -9999 -9999 -9999 -9999 -9999 -9999 -9999 -9999 -9999 -9999 -9999 -9999 -9999 -9999 -9999 -9999
-9999 -9999 -9999 -9999 -9999 -9999 -9999 -9999 -9999 -9999 -9999 -9999 -9999 -9999 -9999 -9999 -9999 -9999 -9999 -9999 -9999 -9999 -9999 -9999 -9999 -9999 -9999 -9999 -9999 -9999 -9999 -9999 -9999 -9999 -9999 -9999 -9999 -9999 -9999 -9999 -9999 -9999 -9999 -9999 -9999 -9999 -9999 -9999 -9999 -9999 -9999 -9999 17 16 18 15 14 13 13 10 9 13 17 18 18 17 13 9 6 6 7 8 14 18 19 19 20 18 19 19 19 20 -9999 -9999 -9999 -9999 -9999 -9999 -9999 -9999 30 30 30 30 -9999 -9999
-9999 -9999 -9999 -9999 -9999 -9999 -9999 -9999 -9999 -9999 -9999 -9999 -9999 -9999 -9999 -9999 -9999 -9999 -9999 -9999 -9999 -9999 -9999 -9999 -9999 -9999 -9999 19 19 19 19 -9999 -9999 -9999 -9999 -9999 -9999 -9999 -9999 -9999 -9999 -9999 -9999 -9999 -9999 -9999 -9999 -9999 -9999 -9999 -9999 14 13 13 11 9 8 7 7 7 6 7 9 14 15 13 9 6 6 5 5 5 6 9 13 16 15 17 18 18 19 19 20 -9999 -9999 -9999 -9999 -9999 -9999 -9999 30 30 30 30 30 29
-9999 -9999 -9999 -9999 -9999 -9999 -9999 -9999 -9999 -9999 -9999 -9999 -9999 -9999 -9999 -9999 -9999 -9999 -9999 -9999 -9999 -9999 -9999 -9999 -9999 17 17 17 17 16 16 17 -9999 -9999 -9999 -9999 -9999 -9999 -9999 -9999 -9999 -9999 -9999 -9999 -9999 -9999 7 -9999 9 13 13 10 7 6 6 6 6 6 5 5 5 5 7 8 13 7 6 6 5 5 5 5 5 6 7 8 11 13 12 13 15 18 19 21 -9999 -9999 -9999 -9999 -9999 -9999 30 30 30 28 26 26
-9999 -9999 -9999 -9999 -9999 -9999 -9999 -9999 -9999 -9999 -9999 -9999 -9999 -9999 -9999 -9999 -9999 -9999 -9999 -9999 -9999 -9999 -9999 -9999 15 14 13 12 8 8 10 13 17 17 -9999 18 17 17 17 17 16 -9999 8 8 7 6 6 6 6 6 7 6 6 5 5 5 5 5 5 5 5 5 6 6 6 6 5 5 5 5 5 4 4 5 5 5 6 6 6 9 11 16 19 21 22 -9999 -9999 -9999 -9999 -9999 30 30 28 27 25 25
-9999 -9999 -9999 -9999 -9999 -9999 -9999 -9999 -9999 -9999 -9999 -9999 -9999 -9999 -9999 -9999 -9999 -9999 -9999 -9999 -9999 -9999 -9999 15 11 8 6 6 6 6 7 7 13 16 17 16 16 16 16 16 15 11 8 7 6 6 6 5 5 5 5 5 5 5 5 5 5 5 5 5 5 5 5 6 6 5 5 4 4 5 4 4 4 4 5 5 5 5 6 6 8 13 18 21 23 25 -9999 -9999 -9999 -9999 30 30 28 26 25 24
-9999 -9999 -9999 -9999 -9999 -9999 -9999 -9999 -9999 -9999 -9999 -9999 -9999 -9999 -9999 -9999 -9999 -9999 -9999 -9999 -9999 -9999 16 14 8 6 6 6 6 6 6 7 7 11 13 15 12 14 15 16 14 11 8 7 6 6 5 5 5 5 5 5 5 5 5 5 5 5 5 5 5 5 5 5 5 5 4 4 4 4 4 4 4 4 4 4 5 5 5 6 7 13 16 21 22 26 26 -9999 -9999 30 30 29 27 25 24 24
-9999 -9999 -9999 -9999 -9999 -9999 -9999 -9999 -9999 -9999 -9999 -9999 -9999 -9999 -9999 -9999 -9999 -9999 -9999 -9999 -9999 -9999 15 10 7 6 6 6 6 6 6 6 7 7 10 10 9 9 14 16 15 13 8 6 6 6 5 5 5 5 5 5 5 5 5 5 5 5 5 5 4 5 5 5 5 4 3 3 3 3 4 4 4 4 4 4 5 5 5 6 7 13 16 18 20 23 25 24 25 29 29 28 26 24 24 22
-9999 -9999 -9999 -9999 -9999 -9999 -9999 -9999 -9999 -9999 -9999 -9999 -9999 -9999 -9999 -9999 -9999 -9999 -9999 -9999 -9999 16 14 8 6 6 6 6 6 6 6 6 6 7 7 8 8 8 9 14 15 15 8 6 6 5 5 5 5 5 5 5 5 5 5 5 4 4 4 4 4 4 5 5 5 3 3 3 3 3 3 3 3 3 4 4 4 5 5 5 6 10 13 17 18 18 18 20 21 23 26 27 24 24 23 22
-9999 -9999 -9999 -9999 -9999 -9999 -9999 -9999 -9999 -9999 -9999 -9999 -9999 -9999 -9999 -9999 -9999 -9999 -9999 -9999 -9999 16 12 7 6 6 6 6 6 6 6 6 6 6 8 7 7 7 6 8 10 9 8 6 5 5 5 5 5 5 4 4 4 5 5 4 4 3 4 4 4 4 5 5 4 3 3 3 3 3 3 3 3 3 4 4 4 4 5 5 6 12 12 13 9 11 13 13 17 20 22 24 24 24 22 23
-9999 -9999 -9999 -9999 -9999 -9999 -9999 -9999 -9999 -9999 -9999 -9999 -9999 -9999 -9999 -9999 -9999 -9999 -9999 -9999 17 16 11 7 6 6 6 6 6 6 6 6 6 6 6 7 6 6 6 5 6 6 6 5 5 5 5 5 4 4 3 3 3 3 3 3 3 3 3 3 3 4 5 5 3 3 3 2 1 1 2 3 3 3 3 4 4 4 5 5 6 11 12 7 6 6 6 7 9 15 20 22 24 24 22 22
-9999 -9999 -9999 -9999 -9999 -9999 -9999 -9999 -9999 -9999 -9999 -9999 -9999 -9999 -9999 -9999 -9999 -9999 -9999 -9999 16 16 11 8 6 6 6 6 6 6 6 6 6 6 6 6 6 6 5 5 5 5 5 5 5 5 5 5 3 3 3 3 3 3 3 3 3 3 3 3 3 3 5 5 3 3 1 1 1 1 1 1 2 3 3 3 3 3 3 5 6 9 6 5 5 5 6 6 6 9 17 22 24 24 23 23
-9999 -9999 -9999 -9999 -9999 -9999 -9999 -9999 -9999 -9999 -9999 -9999 -9999 -9999 -9999 -9999 -9999 -9999 -9999 16 15 14 8 7 7 6 6 6 6 6 6 6 6 6 6 6 6 5 5 5 5 5 5 5 5 5 4 3 3 3 3 2 2 3 3 2 2 1 1 2 3 3 4 3 3 2 1 1 1 1 1 1 1 2 3 3 3 3 4 5 6 6 6 5 5 5 5 5 6 6 13 19 22 24 22 23
-9999 -9999 -9999 -9999 -9999 -9999 -9999 -9999 -9999 -9999 -9999 -9999 -9999 -9999 -9999 -9999 -9999 17 16 14 9 8 7 7 6 6 6 6 6 6 6 6 6 6 6 5 5 5 5 5 5 4 4 4 5 4 3 3 3 2 1 1 1 1 1 1 1 1 1 1 1 3 3 3 3 1 1 1 1 1 1 1 1 1 2 3 3 3 4 5 6 6 5 5 5 5 5 5 5 6 7 15 21 24 23 23
-9999 -9999 -9999 -9999 -9999 -9999 -9999 -9999 -9999 -9999 -9999 -9999 -9999 -9999 -9999 -9999 16 16 14 8 7 7 6 6 6 6 6 6 6 6 6 6 6 5 5 5 5 5 5 5 5 3 3 3 3 3 3 3 2 1 1 1 1 1 1 1 1 1 1 1 1 1 3 3 1 1 1 1 1 1 1 1 1 1 1 3 3 3 4 5 5 5 5 5 5 5 5 5 5 5 6 9 19 22 23 23
-9999 -9999 -9999 -9999 -9999 -9999 -9999 -9999 -9999 -9999 -9999 -9999 -9999 -9999 19 16 16 11 7 7 6 6 6 6 6 6 6 6 6 6 6 6 5 5 5 5 5 5 5 5 4 3 3 3 3 3 3 3 1 1 1 1 1 1 1 1 1 1 1 1 1 1 1 1 1 0 0 0 0 0 0 1 1 1 1 2 3 3 5 5 5 5 4 4 4 5 5 5 5 5 6 7 18 22 23 22
-9999 -9999 -9999 -9999 -9999 -9999 -9999 -9999 -9999 -9999 -9999 -9999 -9999 19 18 15 8 7 6 6 6 6 6 6 5 5 5 6 6 6 5 5 5 5 5 5 4 4 4 3 3 3 3 3 2 2 2 1 1 1 1 1 1 1 1 1 1 1 1 1 1 1 1 1 1 0 0 0 0 0 0 0 1 1 1 2 3 3 5 5 4 3 4 4 4 4 4 4 4 5 5 7 16 23 25 23
-9999 -9999 -9999 -9999 -9999 -9999 -9999 -9999 -9999 -9999 -9999 -9999 19 19 14 9 6 6 6 6 6 6 5 5 5 5 5 5 5 5 5 5 5 5 5 3 3 3 3 3 3 3 2 1 1 1 1 1 1 1 1 1 0 0 0 0 1 0 0 0 0 1 1 1 0 0 0 0 0 0 0 0 1 1 1 3 3 5 5 4 3 3 3 4 4 4 4 4 4 4 5 7 12 21 26 25
-9999 -9999 -9999 -9999 -9999 -9999 -9999 -9999 -9999 -9999 -9999 -9999 18 15 9 6 6 6 6 6 5 5 5 5 5 5 5 5 5 5 5 5 5 5 3 3 3 3 3 3 3 1 1 1 1 1 1 1 1 1 1 0 0 0 0 0 0 0 0 0 0 0 0 0 0 0 0 0 0 0 0 0 0 1 1 3 3 5 5 3 3 3 3 3 3 4 4 4 4 4 5 6 13 21 25 25
-9999 -9999 -9999 -9999 -9999 -9999 -9999 -9999 -9999 -9999 -9999 18 16 12 6 6 6 6 5 5 5 5 5 5 5 5 5 5 5 5 5 5 4 3 3 3 3 3 2 1 1 1 1 1 1 1 1 1 1 1 0 0 0 0 0 0 0 0 0 0 0 0 0 0 0 0 0 0 0 0 0 0 0 1 1 3 3 4 3 3 3 3 3 3 3 3 3 4 4 4 5 6 13 21 22 23
-9999 -9999 -9999 -9999 -9999 -9999 -9999 -9999 -9999 -9999 -9999 16 12 6 6 6 5 5 5 5 5 5 5 5 5 5 5 5 5 5 5 4 3 3 3 3 1 1 1 1 1 1 1 1 1 1 1 0 0 0 0 0 0 0 0 0 0 0 0 0 0 0 0 0 0 0 0 0 0 0 0 0 0 1 1 2 3 3 3 3 1 1 1 2 3 3 3 3 3 4 5 6 13 19 23 21
-9999 -9999 -9999 -9999 -9999 -9999 -9999 -9999 -9999 -9999 -9999 14 9 6 6 5 5 5 5 5 5 5 5 4 3 3 4 4 4 4 3 3 3 3 2 1 1 1 1 1 1 1 1 1 0 0 0 0 0 0 0 0 0 0 0 0 0 0 0 0 0 0 0 0 0 0 0 0 0 0 0 0 0 1 1 1 3 3 2 1 1 1 1 1 2 3 3 3 3 4 5 6 13 21 22 20
-9999 -9999 -9999 -9999 -9999 -9999 -9999 -9999 -9999 -9999 -9999 12 8 6 6 5 5 5 5 5 5 5 4 3 3 3 3 3 3 3 3 3 3 2 1 1 1 1 1 1 0 0 0 0 0 0 0 0 0 0 0 0 0 0 0 0 0 0 0 0 0 0 0 0 0 0 0 0 0 0 0 0 0 0 1 1 1 1 1 1 1 1 1 1 1 2 3 3 3 4 5 6 13 21 22 20
-9999 -9999 -9999 -9999 -9999 -9999 -9999 -9999 -9999 -9999 -9999 13 8 6 6 5 5 5 5 5 5 4 3 3 3 3 3 3 3 3 3 3 2 1 1 1 1 0 0 0 0 0 0 0 0 0 0 0 0 0 0 0 0 0 0 0 0 0 0 0 0 0 0 0 0 0 0 0 0 0 0 0 0 0 0 1 1 1 1 1 1 1 1 1 1 1 3 3 3 5 5 7 13 19 22 20
-9999 -9999 -9999 -9999 -9999 -9999 -9999 -9999 -9999 -9999 -9999 14 8 6 6 6 5 5 5 5 5 4 3 3 3 3 3 3 3 3 3 2 1 1 1 1 0 0 0 0 0 0 0 0 0 0 0 0 0 0 0 0 0 0 0 0 0 0 0 0 0 0 0 0 0 0 0 0 0 0 0 0 0 0 0 1 1 1 1 1 1 1 1 1 1 1 3 3 3 4 5 7 13 16 18 19
-9999 -9999 -9999 -9999 -9999 -9999 -9999 -9999 -9999 -9999 -9999 14 9 6 6 6 6 5 5 5 4 4 3 3 3 3 3 3 3 3 2 1 1 1 1 0 0 0 0 0 0 0 0 0 0 0 0 0 0 0 0 0 0 0 0 0 0 0 0 0 0 0 0 0 0 0 0 0 0 0 0 0 0 0 0 0 0 0 0 0 1 1 1 1 1 1 3 3 3 5 6 7 7 12 13 17
-9999 -9999 -9999 -9999 -9999 -9999 -9999 -9999 -9999 -9999 16 14 8 6 6 6 6 5 5 4 4 3 3 3 3 3 3 3 3 3 1 1 1 1 0 0 0 0 0 0 0 0 0 0 0 0 0 0 0 0 0 0 0 0 0 0 0 0 0 0 0 0 0 0 0 0 0 0 0 0 0 0 0 0 0 0 0 0 0 0 0 1 1 1 1 1 3 3 3 5 6 6 7 7 7 13
-9999 -9999 -9999 -9999 -9999 -9999 -9999 -9999 -9999 -9999 17 15 7 6 6 6 5 5 5 4 4 3 3 3 3 2 2 3 1 1 1 1 1 0 0 0 0 0 0 0 0 0 0 0 0 0 0 0 0 0 0 0 0 0 0 0 0 0 0 0 0 0 0 0 0 0 0 0 0 0 0 0 0 0 0 0 0 0 0 0 0 1 1 1 1 2 3 3 5 5 6 6 6 6 6 9
-9999 -9999 -9999 -9999 -9999 -9999 -9999 -9999 -9999 -9999 16 14 7 6 6 6 5 5 4 4 4 3 3 3 1 1 1 1 1 1 1 1 0 0 0 0 0 0 0 0 0 0 0 0 0 0 0 0 0 0 0 0 0 0 0 0 0 0 0 0 0 0 0 0 0 0 0 0 0 0 0 0 0 0 0 0 0 0 0 0 0 0 1 1 1 3 3 4 5 6 6 6 6 5 6 6
-9999 -9999 -9999 -9999 -9999 -9999 -9999 -9999 -9999 -9999 16 10 7 6 6 6 5 5 4 4 3 3 3 1 1 1 1 1 1 1 1 1 0 0 0 0 0 0 0 0 0 0 0 0 0 0 0 0 0 0 0 0 0 0 0 0 0 0 0 0 0 0 0 0 0 0 0 0 0 0 0 0 0 0 0 0 0 0 0 0 0 0 1 1 3 3 3 5 5 6 6 6 5 5 5 6
-9999 -9999 -9999 -9999 -9999 -9999 -9999 -9999 -9999 -9999 15 9 6 6 6 5 5 5 4 4 3 3 1 1 1 1 1 1 1 1 1 0 0 0 0 0 0 0 0 0 0 0 0 0 0 0 0 0 0 0 0 0 0 0 0 0 0 0 0 0 0 0 0 0 0 0 0 0 0 0 0 0 0 0 0 0 0 0 0 0 0 1 1 1 3 3 5 5 6 5 5 5 5 5 5 5
-9999 -9999 -9999 -9999 -9999 -9999 -9999 -9999 -9999 16 14 8 6 6 6 5 5 5 4 4 3 2 1 1 1 1 1 1 1 1 1 0 0 0 0 0 0 0 0 0 0 0 0 0 0 0 0 0 0 0 0 0 0 0 0 0 0 0 0 0 0 0 0 0 0 0 0 0 0 0 0 0 0 0 0 0 0 0 0 0 0 1 1 2 3 3 5 5 5 5 5 5 5 5 5 5
-9999 -9999 -9999 -9999 -9999 -9999 -9999 -9999 17 16 12 7 6 6 6 5 5 5 4 4 3 1 1 1 1 1 1 1 1 1 1 0 0 0 0 0 0 0 0 0 0 0 0 0 0 0 0 0 0 0 0 0 0 0 0 0 0 0 0 0 0 0 0 0 0 0 0 0 0 0 0 0 0 0 0 0 0 0 0 0 0 1 1 1 3 3 5 5 5 5 5 5 5 5 5 5
-9999 -9999 -9999 -9999 -9999 -9999 -9999 21 18 15 10 7 6 6 6 5 5 5 4 3 3 1 1 1 1 1 1 1 1 1 1 0 0 0 0 0 0 0 0 0 0 0 0 0 0 0 0 0 0 0 0 0 0 0 0 0 0 0 0 0 0 0 0 0 0 0 0 0 0 0 0 0 0 0 0 0 0 0 0 0 0 0 1 1 3 3 5 5 5 5 5 5 5 5 5 5
-9999 -9999 -9999 -9999 -9999 -9999 -9999 21 18 15 10 7 6 6 6 5 5 4 4 3 3 1 1 1 1 1 1 1 1 1 1 0 0 0 0 0 0 0 0 0 0 0 0 0 0 0 0 0 0 0 0 0 0 0 0 0 0 0 0 0 0 0 0 0 0 0 0 0 0 0 0 0 0 0 0 0 0 0 0 0 0 0 1 1 1 3 4 5 5 5 5 5 5 5 5 5
-9999 -9999 -9999 -9999 -9999 -9999 24 21 17 15 12 7 6 6 6 5 5 4 4 3 3 1 1 1 1 1 1 1 1 1 1 0 0 0 0 0 0 0 0 0 0 0 0 0 0 0 0 0 0 0 0 0 0 0 0 1 1 1 1 1 0 0 0 0 0 0 0 0 0 0 0 0 0 0 0 0 0 0 0 0 0 0 0 1 1 3 3 5 5 4 4 4 4 5 5 5
-9999 -9999 -9999 -9999 -9999 -9999 25 22 17 15 12 7 7 6 6 5 5 4 4 4 3 3 1 1 1 1 1 1 1 1 1 0 0 0 0 0 0 0 0 0 0 0 0 0 0 0 0 0 0 0 0 1 1 1 1 1 1 1 1 1 0 0 0 0 0 0 0 0 0 0 0 0 0 0 0 0 0 0 0 0 0 0 0 0 1 2 3 4 4 4 3 4 4 4 4 4
-9999 -9999 -9999 -9999 -9999 24 24 21 17 16 15 10 7 6 6 6 5 4 4 4 4 4 3 3 3 3 3 1 1 1 1 1 0 0 0 0 0 0 0 0 0 0 0 0 0 0 0 0 0 1 1 1 1 1 1 1 3 1 1 1 1 0 0 0 0 0 0 0 0 0 0 0 0 0 0 0 0 0 0 0 0 0 0 0 1 1 3 3 3 3 3 3 3 3 3 3
-9999 -9999 -9999 -9999 -9999 24 23 21 18 17 15 13 7 6 6 6 6 5 4 4 4 4 4 4 4 4 3 3 3 1 1 1 0 0 0 0 0 0 0 0 0 0 0 0 0 0 0 0 1 1 1 1 1 3 3 4 4 3 1 1 1 1 0 0 0 0 0 0 0 0 0 0 0 0 0 0 0 0 0 0 0 0 0 0 1 1 2 3 3 3 3 3 3 3 3 3
-9999 -9999 -9999 -9999 -9999 24 23 20 18 17 15 14 9 7 6 6 6 6 6 5 4 4 4 4 4 4 4 4 4 4 3 1 1 0 0 0 0 0 0 0 0 0 0 0 0 0 0 1 1 1 1 1 3 3 4 4 4 4 3 1 1 1 1 0 0 0 0 0 0 0 0 0 0 0 0 0 0 0 0 0 0 0 0 0 1 1 1 1 1 1 1 1 3 3 3 3
-9999 -9999 -9999 -9999 -9999 -9999 21 20 18 17 16 15 10 7 6 6 6 6 6 6 6 6 6 6 4 4 4 4 4 4 4 4 3 1 0 0 0 0 0 0 0 0 0 0 0 0 0 1 1 1 1 1 3 3 4 4 5 4 4 3 1 1 1 1 0 0 0 0 0 0 0 0 0 0 0 0 0 0 0 0 0 0 0 0 0 1 1 1 1 1 1 1 1 2 3 3
-9999 -9999 -9999 -9999 -9999 -9999 -9999 -9999 18 17 16 15 10 8 7 6 6 6 6 6 6 6 6 6 6 6 4 4 5 5 5 4 4 1 0 0 0 0 0 0 0 0 0 0 0 0 1 1 1 1 1 3 3 4 4 4 6 4 4 4 3 1 1 1 0 0 0 0 0 0 0 0 0 0 0 0 0 0 0 0 0 0 0 0 0 0 1 1 1 1 1 1 1 1 3 3
-9999 -9999 -9999 -9999 -9999 -9999 -9999 -9999 -9999 17 16 15 13 8 7 6 6 6 6 6 6 6 6 6 6 6 5 6 6 6 5 4 4 3 1 0 0 0 0 0 0 0 0 0 0 1 1 1 1 1 1 3 3 4 4 5 5 4 4 3 3 1 1 1 1 0 0 0 0 0 0 0 0 0 0 0 0 0 0 0 0 0 0 0 0 0 1 1 1 1 1 1 1 1 1 3
-9999 -9999 -9999 -9999 -9999 -9999 -9999 -9999 -9999 -9999 16 15 13 8 7 7 6 6 6 6 6 6 6 6 6 6 6 6 6 7 6 5 4 3 1 1 0 0 0 0 0 0 0 0 0 1 1 1 1 1 3 3 4 4 4 5 4 4 3 3 3 1 1 1 1 0 0 0 0 0 0 0 0 0 0 0 0 0 0 0 0 0 0 0 0 0 0 1 1 1 1 1 1 1 1 2
