Rscript/monthly_maps/SnowDepthMapFile-max-1989-06.asc
ncols 320 
nrows 361 
xllcorner 618410.159 
yllcorner 5088785.286 
cellsize 100 
NODATA_value -9999 
[rows 58 to 86 of 361, columns 132 to 197 of 320]
811.572998046875 807.037780761719 797.923034667969 789.180236816406 765.632995605469 732.589294433594 711.870178222656 674.17236328125 641.250061035156 613.611145019531 593.217895507812 568.356323242188 559.139038085938 554.288757324219 555.893310546875 567.100891113281 582.103210449219 584.776977539062 563.825012207031 533.964599609375 512.474792480469 483.229187011719 449.396453857422 417.574645996094 373.379089355469 323.175811767578 296.052154541016 264.549835205078 235.612991333008 198.324035644531 165.007766723633 105.656539916992 42.4733009338379 3.79522204399109 0.0651659965515137 0 0 0 0 0.0876649990677834 6.47247695922852 76.8008575439453 115.673583984375 167.590362548828 210.626434326172 261.179473876953 297.057159423828 323.854431152344 341.464111328125 365.750640869141 403.240112304688 446.978088378906 451.317749023438 382.26416015625 304.779571533203 280.913757324219 274.721038818359 268.861663818359 262.3134765625 251.403198242188 239.311614990234 236.81462097168 256.093170166016 276.772125244141 259.492401123047 215.141876220703
812.641906738281 803.313598632812 793.091125488281 772.46826171875 737.973876953125 719.488342285156 704.066284179688 670.785888671875 638.513488769531 607.376892089844 582.603576660156 572.1416015625 568.054626464844 560.705627441406 557.132202148438 559.643249511719 565.249450683594 564.823120117188 555.497497558594 520.381286621094 482.343475341797 442.012298583984 391.924865722656 332.314758300781 303.233612060547 275.078125 242.980361938477 217.542861938477 195.13688659668 180.197769165039 147.796600341797 105.396141052246 30.4607200622559 3.73284888267517 0.0779279991984367 0 0 0 0 0.0622089989483356 4.68537998199463 59.4669609069824 105.178085327148 168.54963684082 207.364639282227 244.51545715332 255.477493286133 261.469451904297 261.950317382812 274.731964111328 301.790313720703 341.969879150391 398.117736816406 398.559020996094 333.803466796875 296.935119628906 276.920166015625 262.516357421875 252.306884765625 245.241455078125 233.216247558594 222.643478393555 228.995697021484 241.139846801758 232.131439208984 198.390838623047
806.8876953125 795.845886230469 782.656311035156 753.252868652344 727.763793945312 714.389343261719 702.634826660156 684.291381835938 648.227905273438 621.169738769531 604.245788574219 580.585693359375 560.346496582031 557.376220703125 551.385131835938 555.232849121094 564.640563964844 562.181335449219 544.997619628906 504.517608642578 449.320220947266 398.386993408203 337.9345703125 298.452301025391 270.096466064453 234.396575927734 208.612457275391 186.361419677734 171.541152954102 144.119415283203 118.878211975098 98.1751098632812 18.0259666442871 2.70680093765259 0.079195998609066 0 0 0 0 0.0436899997293949 3.1837260723114 38.5047340393066 103.45246887207 159.523239135742 202.017150878906 227.484741210938 228.625564575195 219.273880004883 217.369674682617 229.32177734375 245.498397827148 270.099334716797 320.173370361328 349.300415039062 337.783050537109 295.104827880859 281.757110595703 263.296539306641 244.591567993164 236.728439331055 228.768508911133 222.367965698242 212.322723388672 213.626831054688 209.20703125 184.795639038086
797.244262695312 784.335876464844 763.978393554688 735.100341796875 720.400695800781 710.316223144531 696.822326660156 687.807556152344 659.146728515625 634.629333496094 610.723815917969 579.711303710938 557.573303222656 548.483337402344 539.886779785156 546.485717773438 555.81298828125 553.974365234375 526.217590332031 482.770385742188 425.65869140625 355.856536865234 309.378265380859 275.210693359375 239.291198730469 212.286666870117 188.680633544922 166.983581542969 131.166839599609 113.824180603027 97.6221923828125 30.5027103424072 8.64644813537598 0.53973001241684 0.0554919987916946 0 0 0 0 0.0216760002076626 1.3566620349884 19.4574527740479 103.614166259766 143.134872436523 198.54426574707 213.33854675293 199.967712402344 189.659759521484 185.599899291992 191.889755249023 204.522109985352 232.079742431641 265.33935546875 296.068481445312 295.063781738281 281.602783203125 267.410980224609 258.8212890625 239.662414550781 225.295806884766 212.200286865234 197.330017089844 192.237976074219 190.026626586914 185.076690673828 158.242050170898
767.390014648438 744.497863769531 729.796813964844 715.291015625 703.878295898438 689.18408203125 686.073913574219 663.501770019531 642.424438476562 616.701904296875 579.50390625 546.081726074219 521.209716796875 510.529418945312 511.469909667969 517.010498046875 524.409851074219 522.221130371094 497.578704833984 446.225677490234 389.784515380859 328.017852783203 288.058837890625 246.923309326172 223.06037902832 201.005477905273 173.404113769531 134.582473754883 117.393562316895 81.1656188964844 20.8905258178711 8.65656661987305 2.5435049533844 0 0.00333300000056624 0 0 0 0 0 0 8.77021503448486 86.8981246948242 124.959533691406 169.903411865234 185.603912353516 174.950302124023 162.533569335938 158.964370727539 169.596176147461 179.770294189453 195.18034362793 227.053115844727 244.453628540039 245.706634521484 237.83757019043 236.224884033203 240.697814941406 234.090454101562 218.314483642578 190.103256225586 172.123443603516 158.279220581055 157.551574707031 151.754592895508 137.950714111328
734.290832519531 717.092407226562 699.224792480469 665.064575195312 648.000244140625 639.404846191406 624.673461914062 609.46826171875 562.603576660156 527.260925292969 489.291839599609 467.527801513672 454.524505615234 450.286834716797 453.746765136719 454.018096923828 469.983062744141 467.036407470703 452.116424560547 409.645538330078 345.176635742188 308.370391845703 271.343566894531 235.080368041992 214.179916381836 193.409729003906 153.571502685547 126.23649597168 81.9730606079102 16.0142478942871 6.16255712509155 1.64962005615234 0 0.0410690009593964 0 0 0 0 0 0 0.0890090018510818 3.94307589530945 26.4953651428223 106.297576904297 132.613952636719 142.280838012695 134.837509155273 128.921951293945 127.949813842773 130.621688842773 151.937683105469 178.666610717773 193.373901367188 202.630432128906 199.098114013672 194.684707641602 204.796966552734 218.53239440918 226.684860229492 201.714981079102 163.591049194336 152.953659057617 142.282852172852 132.746139526367 132.41325378418 121.036193847656
716.790832519531 694.41015625 662.723510742188 640.344360351562 620.498474121094 600.056640625 568.739562988281 536.322448730469 506.950225830078 478.510375976562 453.746032714844 437.553405761719 412.773071289062 400.132537841797 397.176635742188 397.130859375 407.584350585938 409.582427978516 403.267761230469 375.398620605469 342.911041259766 301.875335693359 262.844940185547 232.053482055664 210.575088500977 182.45344543457 143.295471191406 111.096420288086 27.3171138763428 6.98115921020508 1.13298201560974 0 0.0453630015254021 0 0 0 0 0 0 0 0 0.335045993328094 6.5952091217041 35.7842559814453 94.3239593505859 106.001953125 106.258651733398 96.8806457519531 100.629951477051 111.999305725098 122.794464111328 144.930694580078 171.830429077148 179.514877319336 171.548217773438 164.822387695312 168.099105834961 183.158126831055 194.137191772461 181.365386962891 147.604904174805 134.561447143555 114.849807739258 102.253677368164 93.0705413818359 54.4160041809082
710.949829101562 668.153686523438 648 630.566223144531 610.011657714844 581.042114257812 544.173522949219 527.273559570312 507.892639160156 455.154754638672 438.397308349609 409.001770019531 386.531341552734 377.656951904297 376.458465576172 369.246643066406 373.307159423828 370.433929443359 377.266693115234 369.971740722656 339.117340087891 300.142211914062 255.238906860352 228.096115112305 210.759338378906 176.40625 140.142684936523 100.880256652832 17.5814819335938 4.2844181060791 0.340348988771439 0.063790000975132 0 0 0 0 0 0 0 0 0 0.0293349996209145 0.32523700594902 3.87143111228943 9.40708065032959 13.7540702819824 14.2264986038208 10.3938884735107 14.3680410385132 38.7067489624023 100.533302307129 121.714172363281 135.920135498047 136.056991577148 127.963470458984 128.5478515625 135.529724121094 145.107055664062 156.066268920898 155.839050292969 134.265777587891 107.409736633301 38.2391395568848 17.1441402435303 9.72579669952393 8.8350658416748
690.662475585938 678.586608886719 658.645812988281 639.226440429688 615.317749023438 586.90283203125 551.055541992188 510.817535400391 487.534240722656 487.299468994141 463.372619628906 432.162231445312 401.574035644531 381.489013671875 375.878662109375 374.224517822266 368.721649169922 376.335968017578 382.281066894531 375.657287597656 346.522430419922 301.890380859375 257.951629638672 229.761245727539 211.604797363281 172.949234008789 134.853408813477 93.8146820068359 13.5757570266724 2.80084300041199 0 0.0135460002347827 0 0 0 0 0 0 0 0 0 0 0 0.056453999131918 0 0.401021003723145 0.507004022598267 0 2.39757990837097 6.68048620223999 20.8285846710205 92.2000427246094 115.124504089355 114.187599182129 107.813522338867 100.461181640625 109.131057739258 123.375274658203 133.206161499023 136.192077636719 118.527557373047 55.6342239379883 9.62922191619873 5.72283411026001 2.86532211303711 1.07270002365112
697.056335449219 662.818542480469 646.512451171875 637.924255371094 622.3916015625 592.926696777344 549.111999511719 520.216735839844 504.186828613281 482.654693603516 465.362762451172 442.557525634766 421.706939697266 393.737030029297 381.362182617188 371.203735351562 374.782196044922 382.081268310547 391.366516113281 378.020782470703 345.455657958984 303.986114501953 264.554626464844 234.385940551758 209.850891113281 173.19677734375 130.792251586914 88.5825347900391 10.8688077926636 1.79108798503876 0.099531002342701 0 0 0 0 0 0 0 0 0 0 0 0 0 0 0 0.000945999985560775 0.0353819988667965 0.0931610018014908 0.442853003740311 5.11203289031982 13.8323583602905 28.5057239532471 27.1349773406982 17.9891262054443 15.6828517913818 22.0706882476807 55.8529510498047 87.8010787963867 88.0822296142578 56.585132598877 16.7782745361328 6.54048013687134 0.932965993881226 0 0.122215002775192
684.517028808594 657.474853515625 649.577026367188 648.992736816406 644.235168457031 622.439208984375 588.669494628906 548.039245605469 520.040222167969 497.787292480469 483.55908203125 459.263763427734 441.450744628906 422.915588378906 403.138427734375 394.194732666016 393.485504150391 399.6962890625 401.017028808594 385.937866210938 345.235168457031 310.363830566406 272.594909667969 239.763809204102 211.20947265625 173.244934082031 126.451728820801 82.6697387695312 9.29866027832031 1.38721096515656 0.0932929962873459 0 0 0 0 0 0 0 0 0 0 0 0 0 0 0 0 0 0 0.044574998319149 0 2.47360610961914 5.17179107666016 4.90701293945312 3.43009090423584 3.48014998435974 5.71399211883545 8.24914073944092 8.09811401367188 9.27827167510986 8.85829639434814 7.89978313446045 3.48806595802307 0 0.0878330022096634 0.00525599997490644
723.556457519531 693.772888183594 697.308776855469 703.704040527344 694.476989746094 657.017822265625 627.060729980469 582.822875976562 555.177917480469 544.085754394531 535.513427734375 512.861511230469 475.921539306641 452.502044677734 445.525177001953 440.660705566406 443.280639648438 449.978576660156 441.94189453125 402.919677734375 343.465759277344 312.204193115234 275.549407958984 242.990509033203 210.46907043457 175.100921630859 124.869018554688 87.6449127197266 12.4724922180176 2.47590398788452 0 0.0182390008121729 0 0 0 0 0 0 0 0 0 0 0 0 0 0 0 0 0 0 0.00561500014737248 0.0888929963111877 0 0 0.120287999510765 0 0 0.583761990070343 1.36416602134705 2.36504507064819 3.49141001701355 3.25631809234619 0.663396000862122 0 0.0255950000137091 0
783.3125 766.183532714844 749.744262695312 742.906005859375 734.278564453125 713.257385253906 653.551513671875 616.182678222656 592.933410644531 593.2060546875 596.795288085938 574.539306640625 541.195007324219 510.680480957031 498.936065673828 490.159515380859 486.956909179688 484.344512939453 472.373260498047 440.261657714844 387.373107910156 319.748077392578 291.379669189453 248.321914672852 211.726867675781 182.214019775391 130.846618652344 100.181793212891 23.1025619506836 5.96444416046143 0.500889003276825 0.102332003414631 0.0172080006450415 0 0 0 0 0 0 0 0 0 0 0 0 0 0 0 0 0 0 0 0 0 0 0 0.0305230002850294 0.0738649964332581 0.113156996667385 0 0 0 0.319503009319305 0.0796289965510368 0 0
859.544921875 834.848999023438 809.347229003906 794.231872558594 767.818237304688 733.675842285156 692.924621582031 669.256103515625 666.028442382812 664.983276367188 648.604919433594 629.973571777344 604.509887695312 570.310546875 547.129089355469 542.884460449219 530.729614257812 528.85205078125 520.751098632812 490.927520751953 437.008453369141 370.135986328125 309.018676757812 263.733154296875 221.946701049805 187.034088134766 150.924530029297 111.373611450195 76.5730285644531 18.7293682098389 6.83842611312866 2.73680090904236 0.342786997556686 0.0622560009360313 0 0 0 0 0 0 0 0 0 0 0 0 0 0 0 0 0 0 0 0 0 0 0 0 0.0015999999595806 0.0720809996128082 0.134191006422043 0 0.0832839980721474 0 0 0
928.161437988281 878.931518554688 844.047668457031 834.148803710938 802.765869140625 782.128234863281 783.0087890625 798.42041015625 797.117919921875 749.757080078125 698.065063476562 654.072814941406 627.683410644531 608.372985839844 588.719909667969 565.0869140625 560.623168945312 580.672790527344 587.818542480469 550.974243164062 479.494476318359 419.840759277344 337.200775146484 288.234619140625 242.745559692383 206.546722412109 181.352752685547 139.222793579102 107.445960998535 87.2539138793945 42.3169784545898 19.1530570983887 8.54565525054932 1.41680002212524 0.0864790007472038 0 0 0 0 0 0 0 0 0 0 0 0 0 0 0 0 0 0 0 0 0 0 0 0 0.00882699992507696 0.0579250007867813 0.0482299998402596 0 0 0 0
979.384399414062 939.940856933594 910.158325195312 875.572143554688 860.623046875 887.849487304688 920.3837890625 876.298156738281 860.189514160156 837.688171386719 753.976745605469 695.140808105469 643.231018066406 622.171997070312 606.738586425781 595.345458984375 603.298461914062 624.14404296875 632.635681152344 590.262817382812 514.043823242188 448.022827148438 378.358276367188 307.968292236328 261.583465576172 232.109069824219 205.053283691406 182.338607788086 147.608795166016 120.008842468262 108.04549407959 100.068572998047 41.8645629882812 9.30524921417236 0.186302006244659 0.0693700015544891 0 0 0 0 0 0 0 0 0 0 0 0 0 0 0 0 0 0 0 0 0 0 0 0 0 0 0 0 0 0
1002.93920898438 994.949462890625 954.513427734375 958.421813964844 957.722045898438 936.736389160156 926.163269042969 916.59521484375 892.959350585938 860.417419433594 832.653747558594 777.186218261719 709.832275390625 651.717529296875 636.480590820312 634.804443359375 650.171142578125 665.869384765625 651.626953125 607.886840820312 533.21923828125 472.422119140625 417.134826660156 328.329772949219 290.752075195312 253.166946411133 232.97265625 210.587188720703 188.167816162109 173.603866577148 151.138870239258 126.596099853516 99.8771896362305 22.2197856903076 5.19243812561035 0 0.0389759987592697 0 0 0 0 0 0 0 0 0 0 0 0 0 0 0 0 0 0 0 0 0 0 0 0 0 0 0 0 0
898.736999511719 942.350708007812 984.00439453125 956.849426269531 950.579040527344 925.408630371094 868.412170410156 839.73486328125 833.462951660156 843.057434082031 859.238891601562 838.476989746094 777.515258789062 771.012634277344 738.023742675781 734.771179199219 731.7197265625 690.328735351562 672.487731933594 630.862182617188 576.890930175781 504.564422607422 443.140319824219 378.328491210938 309.110260009766 281.789215087891 253.272506713867 237.235702514648 215.654708862305 195.706283569336 179.608520507812 143.93815612793 114.193237304688 66.1592712402344 12.5773725509644 3.56344699859619 0 0 0 0 0 0 0 0 0 0 0 0 0 0 0 0 0 0 0 0 0 0 0 0 0 0 0 0 0 0
771.099243164062 803.568420410156 864.628967285156 899.964782714844 910.605285644531 861.247314453125 833.598693847656 802.942687988281 787.108337402344 782.997436523438 800.350402832031 816.136047363281 826.552001953125 785.340515136719 764.600891113281 733.22802734375 708.054504394531 714.807067871094 667.669494628906 660.8134765625 621.294067382812 562.545227050781 487.758544921875 423.686340332031 354.753082275391 308.975677490234 290.719818115234 264.251953125 242.205474853516 211.90168762207 181.566986083984 160.163269042969 121.787895202637 105.30403137207 52.6612014770508 12.4115037918091 2.84433102607727 0.0909100025892258 0 0 0 0 0 0 0 0 0 0 0 0 0 0 0 0 0 0 0 0 0 0 0 0 0 0 0 0
680.402282714844 701.859741210938 747.339660644531 788.657287597656 839.025207519531 849.367492675781 817.344360351562 789.818725585938 781.875244140625 759.792602539062 742.781799316406 739.615478515625 738.461669921875 731.408508300781 708.990234375 673.780639648438 649.427795410156 643.627258300781 639.258483886719 641.189208984375 638.571411132812 598.7001953125 541.355773925781 477.818206787109 424.305084228516 365.480499267578 320.689025878906 300.611968994141 281.498443603516 244.878265380859 195.528350830078 166.784423828125 153.414459228516 122.287475585938 100.483901977539 61.1404113769531 10.9303922653198 1.40423095226288 0.0540239997208118 0 0 0 0 0 0 0 0 0 0 0 0 0 0 0 0 0 0 0 0 0 0 0 0 0 0 0
627.405090332031 648.265563964844 668.850708007812 709.00341796875 772.27099609375 817.237670898438 819.343322753906 794.095397949219 776.471740722656 770.034729003906 741.698181152344 722.707824707031 685.407470703125 653.265625 627.893981933594 610.986511230469 581.054931640625 569.593200683594 562.78125 561.923278808594 568.45361328125 588.131958007812 574.406555175781 545.157287597656 487.306335449219 440.422149658203 410.188629150391 394.649841308594 371.678863525391 312.131103515625 256.05810546875 202.864669799805 177.042770385742 164.235336303711 131.642425537109 103.767135620117 45.1489753723145 10.1799945831299 0 0.0137280002236366 0 0 0 0 0 0 0 0 0 0 0 0 0 0 0 0 0 0 0 0 0 0 0 0 0 0
565.556091308594 588.536743164062 609.473449707031 645.290405273438 691.02685546875 752.922119140625 798.267211914062 800.229919433594 781.690307617188 763.094909667969 743.373596191406 724.15966796875 675.874938964844 642.868408203125 601.324584960938 569.176391601562 552.927917480469 536.088195800781 521.563537597656 510.147674560547 505.291717529297 522.353332519531 554.892639160156 575.183959960938 561.1728515625 520.64892578125 499.898071289062 486.212005615234 465.470245361328 418.811767578125 325.199676513672 267.686340332031 222.967697143555 193.608642578125 172.49104309082 127.195907592773 102.415336608887 27.2975406646729 5.23045587539673 0.174284994602203 0 0 0 0 0 0 0 0 0 0 0 0 0 0 0 0 0 0 0 0 0 0 0 0 0 0
480.291015625 501.017486572266 537.421813964844 557.96826171875 592.720886230469 649.3857421875 722.696166992188 773.387451171875 792.006713867188 770.24560546875 734.984313964844 712.948425292969 678.040100097656 630.772155761719 598.223693847656 566.548583984375 553.251831054688 527.171325683594 509.987823486328 489.500366210938 471.07373046875 470.155792236328 486.478454589844 528.218994140625 555.385620117188 584.108520507812 561.38720703125 546.40478515625 499.493225097656 442.446044921875 363.470703125 299.766845703125 253.644241333008 221.255676269531 204.686782836914 170.212463378906 124.366683959961 90.0445327758789 17.8004035949707 2.53971004486084 0.053141999989748 0 0 0 0 0 0 0 0 0 0 0 0 0 0 0 0 0 0 0 0 0 0 0 0 0
404.650268554688 414.136901855469 437.449951171875 455.448455810547 482.5859375 533.965270996094 592.050964355469 665.252746582031 735.046203613281 771.00048828125 734.903015136719 703.932983398438 655.712890625 620.531799316406 590.714111328125 573.463562011719 545.737243652344 522.355407714844 502.815185546875 465.732177734375 443.103759765625 412.547485351562 424.999084472656 442.572052001953 488.731872558594 556.65771484375 606.152404785156 586.526184082031 502.162506103516 420.698425292969 331.774078369141 294.040863037109 262.524963378906 242.885314941406 227.7607421875 206.939331054688 167.702163696289 122.708404541016 70.913459777832 8.64806461334229 0 0 0 0 0 0 0 0 0 0 0 0 0 0 0 0 0 0 0 0 0 0 0 0 0 0
325.627349853516 327.487396240234 351.374755859375 369.360931396484 382.749237060547 419.578125 469.193420410156 551.189453125 633.842529296875 693.824340820312 733.194641113281 723.054565429688 689.598205566406 633.042663574219 598.738708496094 565.364990234375 544.682312011719 515.147216796875 485.365417480469 445.592864990234 401.448211669922 368.889984130859 356.814239501953 365.425628662109 402.818298339844 449.534118652344 493.374481201172 509.555145263672 448.605865478516 373.319152832031 297.34326171875 262.792510986328 239.674438476562 228.677841186523 228.005340576172 224.465209960938 200.163909912109 152.268707275391 118.029602050781 30.8612728118896 4.18367481231689 0.0758100003004074 0 0 0 0 0 0 0 0 0 0 0 0 0 0 0 0 0 0 0 0 0 0 0 0
281.068328857422 263.201232910156 253.940612792969 263.02001953125 303.251647949219 349.359741210938 385.709350585938 445.164093017578 513.333923339844 589.012329101562 667.342041015625 724.294006347656 723.765075683594 679.512634277344 625.150756835938 588.984497070312 542.143249511719 508.69921875 467.610656738281 417.847442626953 369.055328369141 354.415893554688 333.630249023438 313.591217041016 310.287872314453 371.982879638672 422.0419921875 421.98583984375 391.485504150391 308.794494628906 265.602691650391 232.338027954102 214.248291015625 207.310119628906 195.026519775391 186.667892456055 186.8388671875 176.561935424805 142.915328979492 86.8824081420898 9.57758140563965 0 0.00322999991476536 0 0 0 0 0 0 0 0 0 0 0 0 0 0 0 0 0 0 0 0 0 0 0
247.705429077148 233.147415161133 227.210647583008 226.753219604492 239.555770874023 252.475921630859 315.552947998047 385.857482910156 432.676147460938 481.665893554688 565.09228515625 658.525573730469 716.0078125 708.933227539062 689.3310546875 618.014587402344 536.087707519531 487.528289794922 443.210205078125 381.465881347656 341.417083740234 320.805419921875 302.042205810547 290.980102539062 285.858123779297 297.098602294922 328.335784912109 328.337646484375 309.898468017578 274.700256347656 237.455627441406 212.272689819336 197.612823486328 174.119262695312 148.464813232422 142.150115966797 139.414520263672 145.215438842773 143.441040039062 100.454475402832 18.1333484649658 2.57448291778564 0.0623599998652935 0 0 0 0 0 0 0 0 0 0 0 0 0 0 0 0 0 0 0 0 0 0 0
238.45524597168 225.368560791016 212.209777832031 202.037063598633 201.493270874023 218.692520141602 252.19709777832 302.719268798828 373.668426513672 422.050689697266 478.679840087891 559.591613769531 662.328674316406 714.07763671875 689.905639648438 612.2509765625 533.71875 468.629486083984 420.279846191406 327.058807373047 309.138854980469 283.121856689453 265.931488037109 253.576065063477 246.697357177734 256.554382324219 281.000915527344 278.538513183594 260.335662841797 232.760162353516 216.447265625 198.664398193359 175.290786743164 141.005554199219 123.571685791016 98.9073944091797 83.121955871582 87.8867874145508 89.7168884277344 61.6616630554199 16.5115356445312 3.68731689453125 0.0964329987764359 0 0 0 0 0 0 0 0 0 0 0 0 0 0 0 0 0 0 0 0 0 0 0
231.422180175781 219.82341003418 205.736892700195 193.590377807617 183.701599121094 185.355621337891 208.948104858398 254.338882446289 295.709289550781 375.227905273438 424.778167724609 486.503356933594 586.491394042969 642.817260742188 646.562561035156 571.753173828125 501.229095458984 443.660949707031 375.132171630859 301.788848876953 264.499542236328 242.895812988281 233.651992797852 226.089614868164 217.748077392578 219.070129394531 226.604995727539 223.500015258789 215.598526000977 205.300003051758 199.206024169922 185.260696411133 147.661117553711 119.973625183105 69.6197967529297 18.7520618438721 9.01223468780518 8.71931743621826 10.6723756790161 11.2344074249268 7.47415494918823 2.07974791526794 0.0932219997048378 0 0 0 0 0 0 0 0 0 0 0 0 0 0 0 0 0 0 0 0 0 0 0
