Rscript/monthly_maps/SnowDepthMapFile-median-1989-12.asc
ncols 320 
nrows 361 
xllcorner 618410.159 
yllcorner 5088785.286 
cellsize 100 
NODATA_value -9999 
[rows 75 to 99 of 361, columns 168 to 223 of 320]
214.511764526367 196.960372924805 189.24870300293 174.209976196289 157.124908447266 135.025115966797 111.193870544434 100.236549377441 63.3754043579102 31.7022857666016 0 0 0 0 0 18.3286533355713 29.1105155944824 49.2286071777344 62.5581359863281 85.8131332397461 110.545768737793 151.940795898438 158.104705810547 158.060363769531 146.679412841797 115.043388366699 107.019157409668 96.7623062133789 82.3172073364258 75.6257019042969 74.6595764160156 79.6675643920898 87.4210968017578 89.8270034790039 78.0277404785156 70.8095550537109 62.9482231140137 62.7798728942871 41.5166015625 35.867057800293 25.9168834686279 27.4897975921631 28.801326751709 54.542179107666 61.7139892578125 67.1603469848633 82.6205368041992 110.636070251465 116.793838500977 129.307357788086 124.134124755859 132.756469726562 139.91276550293 145.323272705078 154.200897216797 149.31462097168
223.937225341797 199.900238037109 194.041351318359 178.784729003906 160.407333374023 141.58576965332 115.668922424316 99.4283752441406 49.6440086364746 30.5570850372314 0 0 0 0 0 0 6.2549991607666 34.5215187072754 57.5154075622559 69.7173690795898 107.776336669922 132.19856262207 137.162567138672 137.428741455078 118.124603271484 100.609298706055 83.4660415649414 66.5470504760742 65.1160736083984 67.0938034057617 66.0936126708984 66.9327697753906 70.3507919311523 72.4585723876953 71.1263656616211 64.5252151489258 58.352710723877 40.3346138000488 28.6941547393799 32.7233047485352 30.2473182678223 33.3836250305176 47.2919158935547 56.3249092102051 75.7539978027344 108.236656188965 114.159934997559 128.931030273438 128.055450439453 134.793212890625 142.162216186523 149.391220092773 155.445663452148 159.117080688477 154.236663818359 155.457580566406
236.801879882812 213.615676879883 195.447952270508 187.030014038086 165.260391235352 144.179122924805 122.671852111816 107.934631347656 59.4049835205078 33.8312873840332 0 0 0 0 0 0 0 25.5061454772949 46.2408561706543 66.3240509033203 80.738395690918 109.528343200684 109.486770629883 106.551956176758 93.9436645507812 64.3828735351562 61.3335990905762 62.1443710327148 62.7529487609863 62.0684661865234 61.0791854858398 66.2778244018555 60.9431495666504 60.4220352172852 59.8327674865723 63.9344291687012 50.8354835510254 31.6294746398926 33.2327690124512 37.968391418457 37.1845588684082 50.8029747009277 65.700325012207 94.6992568969727 111.225379943848 128.736434936523 122.594848632812 132.155242919922 144.400894165039 155.350204467773 162.947631835938 168.046783447266 171.060455322266 170.813674926758 162.305694580078 157.500717163086
255.243759155273 231.82893371582 210.692947387695 198.937225341797 176.170028686523 151.404434204102 130.048126220703 111.607536315918 82.4716491699219 29.9877166748047 0 0 0 0 0 0 0 0 38.8453788757324 41.6045112609863 61.0797653198242 72.7627029418945 81.405143737793 75.0666275024414 68.3597717285156 63.5519332885742 59.8174629211426 60.5550880432129 59.9875717163086 57.3071708679199 49.1594429016113 45.8027000427246 42.3064994812012 40.6868095397949 48.9200744628906 35.1061668395996 32.5420799255371 28.4075241088867 35.2732429504395 36.5406112670898 60.5088729858398 80.0068740844727 109.013114929199 125.021667480469 118.653823852539 132.111053466797 137.611175537109 147.444595336914 164.133499145508 180.316680908203 189.070877075195 189.509704589844 179.254425048828 175.480377197266 170.565643310547 163.524658203125
271.226776123047 249.872970581055 224.790328979492 201.863571166992 187.567443847656 164.063385009766 138.883926391602 121.946357727051 108.606925964355 49.6662712097168 3.58109498023987 0 0 0 0 0 0 0 0 47.4253273010254 59.9082069396973 54.1831321716309 65.6010894775391 54.3192367553711 47.8039321899414 52.1610946655273 49.1325378417969 41.7464904785156 47.5392723083496 34.0735855102539 25.7794589996338 34.4051856994629 37.0462913513184 37.6985168457031 32.4601593017578 30.595552444458 39.2430763244629 30.4358654022217 40.5776138305664 63.1065826416016 79.6786804199219 103.94881439209 129.671569824219 126.021087646484 138.091156005859 146.322616577148 153.37370300293 165.068893432617 185.672760009766 193.937149047852 201.570037841797 202.603805541992 199.120834350586 190.919723510742 178.615737915039 167.436950683594
280.710754394531 271.154876708984 241.273025512695 215.637145996094 201.750289916992 179.314666748047 154.929260253906 132.415130615234 125.162887573242 78.9575805664062 37.7002792358398 0 0 0 0 0 0 0 0 8.89685726165771 35.2233810424805 39.6392021179199 38.1703872680664 35.4428977966309 43.4193840026855 48.8752822875977 29.4990749359131 27.0809059143066 33.7250328063965 26.9749298095703 0 0 0 0 0 0 40.1200256347656 41.272518157959 63.6352157592773 100.080154418945 116.912940979004 120.256744384766 133.144897460938 142.181655883789 153.436737060547 164.349884033203 173.623077392578 186.131698608398 196.078582763672 216.71369934082 226.994552612305 227.429168701172 216.632583618164 205.007797241211 186.997299194336 171.936141967773
318.643493652344 281.445617675781 262.490844726562 229.431350708008 204.851821899414 191.046936035156 172.931579589844 150.300674438477 135.265319824219 101.111541748047 45.076057434082 0 0 0 0 0 0 0 0 0 18.5596790313721 32.4365043640137 31.2568321228027 28.2934074401855 30.0187835693359 35.3711853027344 31.5675945281982 17.7280464172363 0 0 0 0 0 0 0 35.6603622436523 32.5593872070312 67.2912826538086 113.041015625 128.150192260742 127.397384643555 138.501617431641 147.991287231445 160.120910644531 173.733505249023 191.049377441406 188.015991210938 197.399795532227 215.018157958984 242.448684692383 241.112350463867 240.353134155273 237.756881713867 214.446960449219 193.34977722168 174.507171630859
307.935668945312 314.14111328125 280.105773925781 252.366119384766 217.066909790039 199.874038696289 189.624893188477 168.177536010742 140.744079589844 125.293846130371 63.7665824890137 10.3965768814087 0 0 0 0 0 0 0 0 0 0 0 0 0 0 0 0 0 0 0 0 0 0 0 40.7404861450195 63.4524383544922 114.579513549805 132.022003173828 135.055282592773 145.50341796875 155.652587890625 167.816741943359 184.035247802734 192.498565673828 202.274139404297 210.833282470703 218.200653076172 234.861236572266 250.070449829102 255.904327392578 250.626007080078 235.300628662109 217.964645385742 197.250686645508 177.677673339844
285.71533203125 301.893707275391 283.678436279297 268.760040283203 240.954360961914 214.117828369141 196.463729858398 182.319198608398 152.151473999023 126.819175720215 88.653205871582 35.5409317016602 0 0 0 0 0 0 0 0 0 0 0 0 0 0 0 0 0 0 0 0 0 0 36.861629486084 64.5906600952148 119.377250671387 120.942329406738 140.196487426758 153.120971679688 162.410858154297 173.614791870117 189.023483276367 195.335571289062 213.836364746094 227.453018188477 236.891586303711 241.455078125 244.703552246094 265.555236816406 269.215118408203 254.293273925781 236.293884277344 220.845886230469 202.960525512695 183.807968139648
255.187210083008 252.721176147461 267.647125244141 260.301086425781 254.776565551758 230.635925292969 205.438858032227 192.995590209961 159.424896240234 134.475463867188 82.1632690429688 30.560037612915 0 0 0 0 0 0 0 0 0 0 0 0 0 0 0 0 0 0 0 0 41.5320358276367 48.4560394287109 93.3042373657227 122.131477355957 122.834617614746 143.681640625 159.919143676758 170.259140014648 178.708786010742 193.442840576172 192.576812744141 218.8408203125 243.212966918945 241.339447021484 245.610870361328 247.731216430664 255.289749145508 279.067962646484 276.257781982422 259.635467529297 240.717056274414 227.94482421875 210.012664794922 190.955230712891
206.952056884766 215.041687011719 218.131423950195 242.058822631836 247.782272338867 227.258407592773 213.539321899414 192.185317993164 162.678680419922 128.768661499023 91.1323623657227 40.7404594421387 0 0 0 0 0 0 0 0 0 0 0 0 0 0 0 0 0 0 0 38.6252822875977 66.8943786621094 122.278648376465 120.297378540039 131.362380981445 148.019958496094 165.669738769531 177.917861938477 180.231964111328 187.226898193359 193.625213623047 211.947311401367 237.40852355957 251.641250610352 256.623657226562 259.447601318359 254.642456054688 268.912902832031 287.563537597656 282.110504150391 264.666778564453 245.473709106445 233.297836303711 214.938110351562 196.664321899414
185.766693115234 192.529968261719 190.571136474609 212.129943847656 213.744140625 220.02522277832 207.920547485352 181.761291503906 155.808532714844 132.222274780273 91.0636444091797 47.3560676574707 0 0 0 0 0 0 0 0 0 0 0 0 0 0 0 0 0 0 39.3800086975098 73.7709808349609 114.604194641113 126.651023864746 142.520385742188 155.501647949219 170.599502563477 178.221206665039 188.796524047852 195.791229248047 199.924530029297 208.047546386719 228.821212768555 249.696899414062 262.451293945312 271.995849609375 269.192718505859 272.111572265625 277.35205078125 300.358764648438 292.491149902344 274.817565917969 251.83332824707 239.318374633789 220.969985961914 201.44970703125
172.294326782227 162.380096435547 173.826675415039 183.037231445312 200.569549560547 195.497406005859 192.473876953125 177.564193725586 151.806259155273 129.266937255859 96.062873840332 43.4604988098145 0 0 0 0 0 0 0 0 0 0 0 0 0 0 0 0 0 14.5745506286621 61.4277877807617 102.694557189941 121.175903320312 143.911422729492 159.707077026367 173.761260986328 181.544250488281 195.455947875977 205.189514160156 210.158203125 213.353439331055 224.354339599609 245.493103027344 270.06591796875 281.61962890625 284.756866455078 284.487579345703 283.244781494141 284.299224853516 302.959106445312 303.265319824219 286.748657226562 263.309692382812 248.529312133789 226.366973876953 205.647384643555
165.276718139648 146.105316162109 145.430160522461 171.164154052734 176.148574829102 185.477966308594 185.8955078125 172.806762695312 151.326309204102 132.083526611328 107.369087219238 42.5394744873047 0 0 0 0 0 0 0 0 0 0 0 0 0 0 0 0 0 39.8248519897461 76.7966995239258 111.934349060059 128.26643371582 151.027633666992 169.742538452148 181.597076416016 196.953643798828 209.811126708984 217.576431274414 223.284820556641 229.859924316406 240.807220458984 259.697601318359 286.872741699219 301.593719482422 300.183959960938 289.691711425781 294.379821777344 293.140716552734 301.035675048828 313.877319335938 293.547485351562 270.282348632812 253.913482666016 230.998397827148 207.170227050781
156.318008422852 138.169631958008 133.218215942383 137.588973999023 162.172317504883 164.749008178711 166.877548217773 164.476501464844 138.817947387695 109.612045288086 84.6298599243164 34.2490234375 0 0 0 0 0 0 0 0 0 0 0 0 0 0 0 0 0 47.7514572143555 108.093658447266 128.422760009766 133.66357421875 155.290557861328 176.67985534668 193.653945922852 209.127899169922 220.84326171875 230.676177978516 238.135116577148 250.056610107422 257.314178466797 273.322357177734 297.653259277344 313.741821289062 305.437774658203 302.130798339844 294.877319335938 302.094879150391 314.997711181641 327.541320800781 313.119842529297 278.093414306641 260.254791259766 234.791351318359 208.019897460938
144.645172119141 120.198745727539 113.380340576172 117.438751220703 129.897338867188 155.193939208984 163.874084472656 135.237319946289 131.586853027344 108.973823547363 68.2227554321289 32.6711883544922 0 0 0 0 0 0 0 0 0 0 0 0 0 0 0 0 39.6417388916016 83.9506454467773 121.290626525879 128.022048950195 144.055862426758 163.179626464844 183.251678466797 202.294387817383 218.865768432617 233.354843139648 245.169326782227 247.813781738281 257.791351318359 270.699523925781 284.887847900391 317.786804199219 326.539581298828 315.846618652344 301.988067626953 305.008972167969 303.89599609375 319.568634033203 339.545440673828 326.575347900391 283.216613769531 263.71923828125 236.908050537109 209.238082885742
126.936668395996 107.41805267334 92.8380966186523 91.4189910888672 102.800102233887 129.025360107422 152.921142578125 150.388122558594 129.683288574219 106.53490447998 50.8966178894043 25.6905975341797 0 0 0 0 0 0 0 0 0 0 0 0 0 0 0 41.0729675292969 62.5981483459473 108.681221008301 128.322387695312 146.88720703125 161.238632202148 179.931243896484 192.447494506836 212.109481811523 231.038101196289 242.542236328125 250.821365356445 263.271057128906 272.346252441406 280.181243896484 307.294097900391 341.573272705078 342.403961181641 328.386291503906 314.346160888672 310.474548339844 313.594116210938 330.155792236328 340.422271728516 340.215148925781 304.720031738281 265.996124267578 240.709671020508 212.007659912109
115.64380645752 95.0344161987305 67.3847885131836 76.701530456543 84.4188995361328 114.100677490234 148.139465332031 151.817153930664 132.476837158203 98.3151931762695 53.0144386291504 12.0145416259766 0 0 0 0 0 0 0 0 0 0 0 0 0 0 37.759162902832 58.2936515808105 113.349433898926 120.206130981445 144.924118041992 163.676956176758 182.638778686523 190.84162902832 206.486297607422 223.361267089844 241.655715942383 251.18408203125 260.458984375 270.267181396484 286.424652099609 307.69482421875 325.65380859375 347.142333984375 351.539764404297 341.2880859375 329.748626708984 324.306365966797 324.797515869141 340.431213378906 343.906951904297 347.933074951172 316.008728027344 268.392059326172 246.438171386719 218.096862792969
73.3352203369141 66.5153045654297 55.3441314697266 45.4797134399414 64.7838973999023 102.013252258301 134.803802490234 151.925079345703 132.587127685547 95.0102081298828 44.0523376464844 0 0 0 0 0 0 0 0 0 0 0 0 0 0 40.2615051269531 47.001895904541 86.5060806274414 119.567993164062 132.403106689453 153.902069091797 182.335723876953 192.598556518555 209.60107421875 223.751663208008 240.071472167969 243.547546386719 257.593872070312 264.619079589844 280.460327148438 293.064331054688 315.398773193359 339.478790283203 369.881195068359 371.298919677734 349.202941894531 339.445281982422 339.981048583984 339.223663330078 340.479614257812 354.418670654297 362.900085449219 323.744415283203 268.099548339844 247.542617797852 225.042602539062
41.4778099060059 38.0496864318848 20.8250827789307 30.7976417541504 39.4536743164062 70.2777709960938 120.720283508301 146.998687744141 118.559417724609 95.5632934570312 40.381031036377 0 0 0 0 0 0 0 0 0 0 0 0 0 39.3337364196777 47.0558204650879 80.4351119995117 120.492385864258 121.623504638672 140.318313598633 161.710418701172 184.887969970703 206.339828491211 223.751861572266 239.167556762695 239.436462402344 252.809463500977 261.290771484375 271.915557861328 286.038177490234 306.122467041016 318.614593505859 348.541442871094 379.812866210938 377.084625244141 361.178649902344 345.694488525391 340.860595703125 339.931518554688 349.393737792969 373.753662109375 377.438812255859 331.623016357422 268.869049072266 251.591949462891 229.172012329102
0 0 0 0 9.0185432434082 55.9802894592285 89.1782455444336 128.596817016602 111.788284301758 98.8627090454102 27.6880016326904 0 0 0 0 0 0 0 0 0 0 0 0 36.5919761657715 50.9538612365723 86.4958572387695 128.58056640625 126.60285949707 138.029602050781 151.68586730957 173.099487304688 192.508804321289 213.170455932617 229.374145507812 238.522033691406 252.167373657227 258.804229736328 269.459930419922 275.438201904297 288.222717285156 306.101623535156 333.352752685547 370.395385742188 400.146514892578 399.991058349609 369.175384521484 352.980743408203 348.57861328125 349.360565185547 369.447021484375 401.240692138672 392.394989013672 331.48974609375 269.389373779297 253.138854980469 230.244506835938
0 0 0 0 0 29.7101974487305 62.9469223022461 92.0566558837891 91.4179382324219 62.5089149475098 17.2334442138672 0 0 0 0 0 0 0 0 0 0 0 37.3232002258301 50.3389625549316 80.0532150268555 128.696075439453 128.415512084961 141.98698425293 153.028717041016 167.727828979492 181.870376586914 201.341934204102 218.745803833008 237.532669067383 246.71711730957 257.666351318359 267.682647705078 276.462921142578 280.946411132812 289.755523681641 315.048583984375 341.604919433594 397.985656738281 427.254547119141 418.881805419922 377.374145507812 368.524139404297 357.820129394531 367.116607666016 401.132202148438 427.315765380859 394.135162353516 311.068481445312 262.289947509766 244.815963745117 221.97932434082
0 0 0 0 0 0 28.2336082458496 42.7211456298828 48.505443572998 26.6249771118164 0 0 0 0 0 0 0 0 0 0 0 0 28.6270561218262 65.2275314331055 105.810897827148 121.86190032959 139.084747314453 156.846405029297 165.924255371094 176.287994384766 191.779373168945 208.697631835938 224.468292236328 239.986846923828 253.095581054688 267.291168212891 278.113983154297 283.256439208984 289.766418457031 306.917541503906 322.808715820312 368.990936279297 427.263061523438 454.914916992188 433.612091064453 397.858459472656 373.523742675781 368.743713378906 394.423522949219 427.463134765625 419.381896972656 367.816528320312 292.995971679688 252.603225708008 233.287368774414 212.079833984375
0 0 0 0 0 0 0 0 0 0 0 0 0 0 0 0 0 0 0 0 0 38.5998306274414 46.4050598144531 91.7966232299805 111.856903076172 131.175277709961 148.351013183594 163.641983032227 173.606994628906 186.224533081055 200.273422241211 213.15754699707 227.012161254883 240.130889892578 257.670715332031 274.620971679688 285.185211181641 292.385040283203 294.565124511719 313.494476318359 339.842346191406 400.782073974609 456.877044677734 467.503173828125 444.942993164062 405.826354980469 387.437347412109 393.9306640625 403.029083251953 429.772796630859 406.195831298828 323.465362548828 256.822113037109 237.457809448242 218.621246337891 201.951126098633
0 0 0 0 0 0 0 0 0 0 0 0 0 0 0 0 0 0 0 0 0 33.5302429199219 58.7820930480957 104.436073303223 123.059440612793 142.781631469727 167.486892700195 171.790420532227 184.941543579102 200.357803344727 209.988235473633 218.303695678711 229.771301269531 243.444320678711 258.791625976562 278.220520019531 290.490600585938 297.870544433594 306.611450195312 319.579833984375 346.728393554688 419.319183349609 464.414123535156 474.019287109375 456.825073242188 431.522247314453 404.790740966797 405.524932861328 423.835510253906 424.791870117188 368.778533935547 310.969177246094 245.282440185547 225.574935913086 210.621459960938 199.422729492188
