Rscript/monthly_maps/SnowDepthMapFile-min-1989-12.asc
ncols 320 
nrows 361 
xllcorner 618410.159 
yllcorner 5088785.286 
cellsize 100 
NODATA_value -9999 
[rows 125 to 149 of 361, columns 112 to 167 of 320]
275.701354980469 246.942291259766 235.453018188477 208.598968505859 201.678146362305 205.967529296875 215.1943359375 221.601989746094 235.92350769043 233.109100341797 237.950790405273 239.208343505859 253.055618286133 264.209869384766 299.083221435547 322.962432861328 385.291229248047 437.794860839844 463.276184082031 476.393280029297 484.134368896484 487.239624023438 503.616271972656 514.034423828125 510.2451171875 492.079528808594 476.906188964844 463.337982177734 457.205505371094 456.292510986328 449.071990966797 439.70458984375 425.669769287109 404.713806152344 387.452178955078 385.15771484375 400.140441894531 429.073181152344 443.0107421875 442.695037841797 407.309234619141 329.799468994141 296.958557128906 266.297637939453 250.911834716797 244.115463256836 226.255615234375 205.027236938477 192.452407836914 178.694000244141 160.82568359375 144.289916992188 124.121757507324 98.3925094604492 40.379825592041 0
234.076171875 229.711715698242 220.801834106445 211.793380737305 210.440887451172 222.695709228516 228.322189331055 237.149551391602 237.324020385742 240.954803466797 244.833862304688 254.317108154297 264.613891601562 299.2451171875 325.037658691406 352.685089111328 402.462127685547 436.968719482422 443.386871337891 471.962982177734 480.553497314453 493.931610107422 517.439453125 530.348266601562 513.872497558594 495.014526367188 485.69921875 480.941192626953 478.121704101562 475.039031982422 469.499481201172 465.104553222656 455.853820800781 439.196594238281 422.613433837891 417.913116455078 418.271881103516 443.162719726562 446.251434326172 440.769439697266 403.909088134766 329.278259277344 297.369171142578 267.092987060547 251.570556640625 243.764129638672 226.231704711914 205.226837158203 193.731338500977 180.049087524414 160.602584838867 143.697204589844 120.821250915527 94.4660568237305 35.4175567626953 0
219.519348144531 211.583297729492 211.867248535156 222.522674560547 233.451202392578 242.572357177734 245.79866027832 241.740966796875 238.610870361328 250.335113525391 260.996551513672 275.599487304688 304.946380615234 327.242279052734 351.245483398438 383.375915527344 412.812103271484 440.457153320312 441.278198242188 463.277465820312 466.957641601562 490.814727783203 522.467712402344 536.078247070312 526.898315429688 503.906616210938 492.977661132812 490.815704345703 489.823089599609 490.454010009766 492.660034179688 486.373321533203 471.671417236328 461.350372314453 452.9345703125 451.649963378906 452.639678955078 454.785400390625 461.271453857422 444.022613525391 390.263946533203 322.3173828125 299.720550537109 267.477722167969 249.565338134766 242.855056762695 226.079940795898 213.964660644531 194.771102905273 181.068496704102 160.445999145508 153.151840209961 120.252998352051 96.609016418457 39.3477783203125 0
226.414978027344 235.539840698242 241.435150146484 247.370712280273 246.802947998047 248.722732543945 249.442657470703 246.67756652832 249.377243041992 253.750595092773 269.531280517578 302.914855957031 332.376892089844 360.901611328125 386.627838134766 417.763732910156 440.650177001953 441.387542724609 455.338592529297 460.422424316406 464.598297119141 476.217254638672 495.770324707031 531.860717773438 539.140869140625 513.436584472656 502.44384765625 497.946899414062 497.861755371094 498.610931396484 502.439025878906 503.051208496094 492.867431640625 477.319152832031 471.503143310547 469.467529296875 468.296447753906 472.689025878906 466.837524414062 444.760925292969 386.618621826172 326.044555664062 295.944915771484 267.762878417969 254.269332885742 240.75244140625 224.236633300781 210.030899047852 191.207794189453 177.46240234375 156.679061889648 151.938507080078 117.365440368652 97.760124206543 50.2577056884766 0
244.372802734375 250.854690551758 253.934097290039 258.323211669922 257.922821044922 253.242065429688 254.775802612305 255.075698852539 262.699920654297 264.670562744141 279.39111328125 312.648864746094 354.000213623047 412.588134765625 440.985382080078 451.944213867188 452.838195800781 460.198608398438 463.467712402344 462.113189697266 459.943664550781 467.651184082031 485.375823974609 526.708801269531 540.1337890625 528.740905761719 512.617370605469 506.241027832031 510.372894287109 510.420043945312 514.006286621094 513.391052246094 509.325592041016 490.348663330078 482.473175048828 480.315612792969 486.839202880859 483.204467773438 465.781616210938 440.470275878906 381.303161621094 326.608795166016 297.190795898438 267.039489746094 252.712753295898 237.961700439453 218.052108764648 199.443130493164 188.384719848633 174.505844116211 153.426864624023 132.489059448242 112.725227355957 93.9448394775391 47.7798500061035 32.6276626586914
258.699981689453 259.747924804688 261.954986572266 261.77783203125 257.934753417969 259.577697753906 263.163024902344 270.479797363281 273.192443847656 277.330352783203 272.373107910156 290.062866210938 341.187316894531 408.579467773438 452.729827880859 470.114990234375 473.657043457031 471.48876953125 467.312164306641 462.208862304688 462.554321289062 464.020599365234 476.702484130859 511.648712158203 531.972106933594 540.360168457031 525.686279296875 518.660217285156 516.007202148438 514.735168457031 515.143310546875 522.215209960938 528.43408203125 518.759033203125 505.935119628906 490.369598388672 491.316528320312 482.59130859375 454.65576171875 433.852630615234 378.966217041016 325.901336669922 295.057708740234 265.99755859375 253.958145141602 232.603378295898 212.328948974609 195.527816772461 182.866607666016 167.701095581055 146.76155090332 122.755653381348 105.781326293945 85.5170059204102 39.1246719360352 17.0067462921143
269.251861572266 268.126770019531 262.059906005859 257.407867431641 260.097076416016 264.696807861328 274.284149169922 283.969146728516 287.997222900391 286.899505615234 284.697723388672 290.892791748047 319.000061035156 402.929870605469 449.070098876953 478.074737548828 479.654663085938 475.515930175781 468.684661865234 464.986328125 461.904022216797 462.9677734375 470.298004150391 486.602478027344 526.66357421875 541.911437988281 537.389343261719 525.213317871094 522.448913574219 517.900390625 516.494384765625 520.003234863281 537.97900390625 542.54296875 531.450378417969 506.113800048828 489.802612304688 477.806671142578 459.720489501953 425.250366210938 376.540710449219 322.732818603516 292.681854248047 265.283416748047 253.222061157227 230.315307617188 212.252670288086 195.598754882812 180.80827331543 163.718643188477 143.352172851562 118.63264465332 102.571792602539 61.3204116821289 25.5992679595947 0
270.829071044922 263.610168457031 257.309692382812 257.835296630859 261.295166015625 265.252838134766 277.38525390625 289.4267578125 296.82275390625 296.581024169922 291.630157470703 291.922973632812 295.773315429688 381.91552734375 443.567932128906 476.207153320312 482.054290771484 476.861083984375 471.119476318359 466.633605957031 464.955139160156 464.561889648438 468.224853515625 478.475891113281 513.988220214844 539.918395996094 544.816223144531 531.338073730469 521.020324707031 526.48193359375 525.523071289062 524.344055175781 538.887084960938 549.170532226562 551.880981445312 519.91748046875 500.270355224609 480.459838867188 463.354461669922 427.57275390625 379.038909912109 324.367614746094 296.782928466797 265.619720458984 250.123779296875 236.519226074219 215.980392456055 200.86100769043 179.649780273438 164.315231323242 143.546371459961 120.064384460449 102.266868591309 57.9108543395996 21.5793972015381 0
263.342620849609 255.830352783203 245.215850830078 262.571441650391 278.921569824219 298.505615234375 302.966552734375 310.395111083984 314.942413330078 312.322357177734 311.499664306641 305.011138916016 297.783935546875 373.676300048828 439.743865966797 476.564147949219 486.123565673828 476.608673095703 474.370513916016 467.025299072266 465.074890136719 464.514892578125 468.337097167969 476.858673095703 490.53271484375 532.265197753906 549.921142578125 538.558837890625 524.108215332031 522.558288574219 528.898193359375 537.741760253906 546.7333984375 550.227844238281 543.749145507812 505.506530761719 492.977966308594 465.328063964844 452.985778808594 418.399169921875 377.126342773438 322.4755859375 296.567657470703 267.2919921875 253.725570678711 241.459487915039 221.787139892578 201.359100341797 185.868957519531 168.864547729492 144.224548339844 129.481597900391 108.834884643555 70.5737228393555 26.1544322967529 0
272.191741943359 269.693664550781 278.823638916016 312.457305908203 342.032623291016 341.160247802734 333.734313964844 329.198455810547 327.275604248047 324.835754394531 322.731140136719 319.404205322266 318.549224853516 373.796325683594 435.552032470703 479.824523925781 498.986511230469 483.564056396484 477.251495361328 469.940185546875 465.547241210938 465.847900390625 468.321807861328 476.170257568359 490.200622558594 519.968688964844 547.916564941406 551.017517089844 540.6416015625 528.68505859375 534.429443359375 548.246643066406 560.866577148438 555.568969726562 529.075439453125 495.26806640625 461.738128662109 446.348876953125 442.984466552734 412.061065673828 359.046966552734 319.894805908203 296.058624267578 267.706207275391 249.450881958008 244.351699829102 224.45231628418 203.202270507812 188.771484375 170.953735351562 150.691665649414 135.493835449219 117.808143615723 91.1356887817383 36.5350761413574 0
312.453796386719 349.427062988281 382.380737304688 410.880554199219 429.694091796875 413.845428466797 362.765350341797 336.804595947266 328.445098876953 328.691497802734 327.441955566406 326.459625244141 323.214996337891 381.316802978516 433.799987792969 479.475616455078 501.705749511719 492.950714111328 482.085357666016 471.914001464844 466.418823242188 465.162445068359 467.255645751953 474.103942871094 485.715545654297 503.628051757812 540.723693847656 564.383666992188 558.672546386719 550.150695800781 549.330017089844 560.2158203125 562.786254882812 531.567687988281 482.694946289062 449.617431640625 436.356323242188 410.823455810547 403.946197509766 375.778228759766 319.557006835938 298.204315185547 288.370269775391 262.359283447266 244.856018066406 237.862915039062 220.666625976562 196.147705078125 185.126190185547 174.040649414062 155.152542114258 152.612045288086 118.867088317871 91.3599014282227 33.6863021850586 0
389.262664794922 412.441040039062 445.592956542969 467.475433349609 471.202972412109 438.330902099609 398.275024414062 351.248565673828 333.890380859375 331.689575195312 331.283630371094 330.069793701172 347.81396484375 378.484069824219 421.271820068359 476.748565673828 495.421112060547 501.725646972656 489.642730712891 476.875091552734 468.809478759766 465.314636230469 464.46728515625 468.143707275391 478.846252441406 496.089721679688 517.977111816406 554.735595703125 578.75732421875 570.928527832031 566.380554199219 555.641479492188 534.831237792969 487.68896484375 444.638214111328 410.409881591797 403.284118652344 395.951538085938 365.278594970703 313.397399902344 306.900451660156 288.448883056641 264.080780029297 245.435333251953 238.323944091797 221.208694458008 197.043655395508 188.740646362305 180.124588012695 163.243118286133 150.097152709961 151.588531494141 120.455017089844 88.0134048461914 30.8219223022461 0
434.590942382812 461.599182128906 494.244323730469 513.047912597656 483.229217529297 446.861602783203 420.390594482422 375.731750488281 352.017852783203 349.457214355469 350.610076904297 352.084533691406 364.369262695312 396.819000244141 415.766418457031 465.883392333984 490.042419433594 515.977111816406 497.905303955078 482.446746826172 472.8388671875 465.808044433594 462.656066894531 460.711242675781 467.699096679688 479.503143310547 502.915679931641 542.427673339844 577.611267089844 580.54443359375 567.534545898438 532.759338378906 474.583282470703 446.991088867188 410.324005126953 403.176788330078 393.691986083984 364.385589599609 306.43310546875 297.758209228516 281.848510742188 281.201171875 257.582763671875 241.692733764648 223.588562011719 195.465576171875 181.444686889648 170.361953735352 160.856506347656 152.874038696289 142.562713623047 133.479156494141 113.106292724609 83.7740173339844 31.8385372161865 0
482.434448242188 519.495422363281 534.334289550781 519.51171875 486.324279785156 462.887817382812 431.782531738281 408.525512695312 379.179412841797 357.695617675781 354.608489990234 365.851318359375 378.832061767578 404.236602783203 411.268035888672 443.3896484375 501.899536132812 519.580749511719 504.551483154297 490.191375732422 476.977661132812 469.663543701172 464.209075927734 463.913604736328 463.709899902344 472.385650634766 487.961212158203 512.281494140625 564.136840820312 575.169311523438 548.873962402344 485.518585205078 439.837738037109 413.119140625 405.510650634766 393.120086669922 375.445343017578 338.084716796875 309.754333496094 289.660217285156 287.665893554688 281.872589111328 258.245666503906 242.01448059082 223.332794189453 194.173965454102 176.215469360352 159.43049621582 143.180770874023 130.723739624023 123.799751281738 104.365524291992 96.6688766479492 62.4576301574707 26.6937618255615 0
533.034423828125 553.757263183594 551.46435546875 519.814147949219 497.017578125 472.432464599609 455.151214599609 438.602416992188 415.646026611328 387.524841308594 383.471435546875 381.229431152344 379.972717285156 406.288055419922 411.907348632812 444.807098388672 487.421966552734 517.920776367188 517.984558105469 495.986907958984 481.646759033203 473.694152832031 466.753997802734 467.039794921875 469.902526855469 475.128112792969 487.093444824219 508.891845703125 546.362915039062 548.794616699219 513.145202636719 469.630615234375 422.929626464844 415.676025390625 426.194885253906 401.742553710938 372.739624023438 337.034820556641 319.228363037109 312.484436035156 292.258117675781 285.055908203125 266.958099365234 240.387313842773 222.120254516602 193.529861450195 181.146484375 158.822647094727 135.494033813477 121.726844787598 97.4069442749023 86.0484771728516 64.5058288574219 32.2639656066895 20.5320453643799 0
560.642944335938 567.927062988281 549.735534667969 528.380615234375 507.869873046875 482.232727050781 466.229614257812 456.4150390625 445.194519042969 414.793731689453 404.791046142578 393.648742675781 393.624572753906 406.803863525391 412.130889892578 442.312561035156 482.312744140625 505.526794433594 528.87255859375 504.904418945312 491.229187011719 481.288635253906 481.969909667969 475.402069091797 480.248718261719 480.951965332031 491.894165039062 524.714233398438 537.934143066406 535.002807617188 503.067108154297 461.344055175781 427.306060791016 434.659942626953 433.168914794922 407.981842041016 375.086334228516 347.548919677734 328.243377685547 324.052062988281 315.059997558594 294.826629638672 281.541534423828 251.523742675781 235.926315307617 207.673690795898 191.982421875 157.467269897461 133.786712646484 132.977905273438 97.7194976806641 74.8970947265625 37.6394805908203 9.73330211639404 0 0
575.794616699219 571.998657226562 551.950866699219 533.987426757812 514.893371582031 497.577362060547 483.689758300781 464.933563232422 454.303894042969 443.2333984375 413.337158203125 401.412567138672 399.46484375 407.367492675781 424.982269287109 439.297332763672 475.447326660156 527.915222167969 531.530883789062 512.408935546875 499.809844970703 494.276763916016 487.192565917969 491.244354248047 484.354278564453 494.897521972656 505.953643798828 537.435607910156 539.656494140625 535.3994140625 499.530090332031 463.401672363281 452.818481445312 439.813629150391 437.280975341797 427.126586914062 384.733489990234 353.810638427734 331.792144775391 330.806030273438 321.230255126953 304.482971191406 284.185394287109 257.253814697266 241.341094970703 212.775543212891 194.030807495117 170.651138305664 163.447860717773 141.756607055664 124.454391479492 74.6606826782227 24.8861751556396 0 0 0
574.96142578125 577.55517578125 556.081787109375 541.976318359375 521.5615234375 507.36376953125 492.772674560547 479.377197265625 456.040710449219 445.905151367188 424.117980957031 408.376586914062 405.258972167969 410.175537109375 430.447082519531 439.298461914062 464.69091796875 524.276611328125 542.585144042969 528.137023925781 511.6826171875 502.716949462891 499.174743652344 500.861846923828 499.035797119141 504.558166503906 528.0673828125 553.176635742188 559.858825683594 540.369506835938 507.649841308594 483.459350585938 470.522888183594 451.213989257812 443.5673828125 440.398864746094 413.871643066406 381.181274414062 353.77734375 336.321441650391 331.782897949219 311.185638427734 283.91162109375 259.832641601562 243.355834960938 222.761215209961 200.83039855957 185.243789672852 164.813110351562 150.206649780273 131.111862182617 95.6205749511719 52.9328536987305 14.3081827163696 0 0
570.330078125 582.4306640625 567.744140625 549.513000488281 530.783935546875 514.1318359375 498.834136962891 485.439544677734 458.730773925781 447.037719726562 436.067443847656 414.818389892578 417.093109130859 435.722961425781 441.097839355469 448.598693847656 460.693084716797 518.98291015625 541.425903320312 541.521362304688 518.33251953125 509.710052490234 509.200988769531 512.962524414062 515.00439453125 525.578796386719 541.219543457031 561.009033203125 562.022521972656 551.398803710938 531.212951660156 509.993286132812 487.563934326172 465.073059082031 455.314178466797 451.120269775391 439.112731933594 413.282867431641 380.841857910156 356.418975830078 330.064453125 309.288848876953 269.472595214844 253.738906860352 237.859725952148 218.719009399414 198.11750793457 196.574279785156 179.562850952148 158.44270324707 142.048034667969 113.486976623535 65.6430358886719 32.1303787231445 0 0
579.137573242188 581.147399902344 572.627136230469 552.393798828125 537.552673339844 516.4189453125 502.491668701172 486.967529296875 466.779205322266 445.787200927734 443.730438232422 442.430511474609 444.09619140625 447.868804931641 446.306518554688 458.333953857422 471.7958984375 498.504821777344 543.103515625 551.314270019531 536.523620605469 519.692504882812 515.1318359375 519.202575683594 529.237548828125 539.750061035156 549.505493164062 563.199829101562 564.411254882812 555.427551269531 538.90576171875 519.227600097656 502.991271972656 484.977935791016 471.311676025391 461.74658203125 456.018768310547 448.191009521484 417.339111328125 372.527770996094 334.111175537109 295.056060791016 261.027954101562 248.779083251953 226.76628112793 212.885543823242 195.715621948242 187.834060668945 169.766815185547 165.813491821289 157.536849975586 129.394271850586 90.0311279296875 38.9354438781738 0 0
580.021850585938 582.702819824219 573.405944824219 552.312622070312 539.21484375 518.015563964844 503.53271484375 489.508636474609 476.054565429688 464.485870361328 456.379302978516 452.724334716797 455.109191894531 464.830688476562 470.712951660156 469.842559814453 471.149139404297 484.442474365234 524.029846191406 552.613098144531 558.483764648438 548.112243652344 536.723876953125 534.734680175781 539.70654296875 549.458984375 555.334106445312 566.000244140625 567.731323242188 560.0478515625 546.09765625 522.534057617188 513.552734375 502.557373046875 493.432556152344 483.33203125 470.266448974609 458.698760986328 425.215972900391 352.604583740234 325.301849365234 284.844879150391 257.863250732422 239.092269897461 217.611740112305 196.213302612305 186.330841064453 175.98876953125 162.956100463867 146.425567626953 134.150985717773 111.476570129395 86.3870849609375 36.2630310058594 0 0
579.674011230469 585.256713867188 573.345336914062 551.019470214844 536.9755859375 520.435302734375 508.924346923828 497.585754394531 490.141845703125 483.092529296875 478.037872314453 474.106567382812 479.099304199219 479.531616210938 473.773773193359 468.507446289062 471.420166015625 474.84814453125 492.104064941406 533.466125488281 562.053283691406 573.747680664062 567.031494140625 558.375610351562 555.701904296875 558.667907714844 565.224975585938 575.750427246094 574.649658203125 563.501220703125 535.021423339844 512.191772460938 497.543731689453 473.940399169922 467.421234130859 442.069976806641 438.272155761719 437.628021240234 399.904449462891 330.152465820312 292.386077880859 258.492340087891 251.288101196289 230.167922973633 201.977401733398 189.497619628906 176.455810546875 162.739227294922 150.089416503906 135.688598632812 116.44367980957 102.960052490234 73.7670822143555 29.2683429718018 0 0
575.142272949219 590.694458007812 579.639465332031 551.89306640625 535.347595214844 522.536743164062 515.979675292969 505.98583984375 502.626922607422 500.542327880859 496.770568847656 494.196594238281 492.739288330078 493.632995605469 489.442993164062 488.996337890625 467.965209960938 474.991485595703 483.054656982422 490.333892822266 533.012939453125 557.302551269531 578.556884765625 579.677856445312 573.516235351562 571.063354492188 577.5146484375 585.106079101562 583.27978515625 546.016906738281 510.653961181641 468.396575927734 443.742553710938 438.006469726562 434.434539794922 415.992065429688 404.73583984375 369.553588867188 338.326934814453 296.578247070312 284.769592285156 256.354095458984 246.396759033203 222.568984985352 198.657836914062 181.619216918945 166.937301635742 152.289260864258 138.143173217773 127.771644592285 106.797554016113 89.0996704101562 46.2292938232422 25.1075115203857 0 0
571.289672851562 594.342651367188 592.004028320312 560.630126953125 543.183410644531 532.011962890625 521.616760253906 519.290588378906 516.661254882812 512.104064941406 515.545104980469 513.588256835938 510.416564941406 506.496246337891 501.7939453125 499.005004882812 497.551971435547 491.340393066406 493.498077392578 480.613586425781 509.2265625 534.014282226562 563.451416015625 582.204040527344 586.445373535156 585.113525390625 590.920776367188 595.562683105469 570.941650390625 520.6259765625 477.503295898438 452.236145019531 412.655975341797 388.155364990234 369.582092285156 336.649963378906 302.128479003906 278.4892578125 283.290710449219 274.490478515625 255.681381225586 246.120803833008 236.183364868164 203.638031005859 187.090179443359 171.896438598633 156.410995483398 142.240371704102 130.596496582031 121.07984161377 99.6064834594727 76.961784362793 32.9571571350098 0 0 0
577.392211914062 597.944763183594 593.352355957031 569.753845214844 556.289245605469 549.955444335938 541.730590820312 534.765319824219 532.311401367188 528.724670410156 524.610778808594 521.92626953125 520.270263671875 515.931945800781 513.393676757812 511.492523193359 511.615875244141 513.435119628906 506.260437011719 506.236968994141 508.272766113281 521.520690917969 545.368408203125 574.147338867188 595.794311523438 602.746276855469 605.3369140625 590.695617675781 551.380310058594 496.249328613281 465.989807128906 425.73583984375 403.955352783203 366.209777832031 300.816986083984 258.309967041016 230.753356933594 236.202926635742 233.974533081055 236.180328369141 232.372909545898 240.075973510742 224.258636474609 196.39094543457 179.090850830078 162.744293212891 146.694702148438 134.151290893555 122.983741760254 99.454704284668 83.5555267333984 49.5575294494629 18.3941326141357 0 0 0
