Rscript/monthly_maps/SnowDepthMapFile-q90-1989-06.asc
ncols 320 
nrows 361 
xllcorner 618410.159 
yllcorner 5088785.286 
cellsize 100 
NODATA_value -9999 
[rows 217 to 247 of 361, columns 70 to 139 of 320]
515.767700195312 498.507727050781 455.926947021484 418.215814208984 390.163531494141 360.379425048828 334.780474853516 312.300811767578 279.089929199219 253.612445068359 230.583099365234 199.447091674805 181.600830078125 169.485101318359 159.984951782227 150.193829345703 149.12067565918 155.936508178711 200.016748046875 258.504168701172 282.928747558594 277.202838134766 240.597186279297 185.875961303711 163.344515991211 140.415969848633 116.422415161133 109.179876708984 104.455810546875 72.8033828735351 37.7512649536132 22.5454063415527 10.8713959157467 6.00689910352228 3.8431489676237 3.16143808960913 2.82451806962489 2.41969887167215 0 0 0 0 0 0 0 0 0 0 0 0 0 0 0 0 0 0 0 0 0 0 0 0 0 0 0 0 0 0 0 0
529.355603027344 513.3294921875 481.02587890625 444.061810302734 401.751531982422 381.652691650391 357.137103271484 338.727984619141 322.54296875 306.600958251953 285.466467285156 269.275109863281 247.018640136719 236.689672851562 223.876983642578 210.514651489258 220.141674804687 234.758483886719 272.102374267578 308.417718505859 333.732122802734 312.470172119141 278.400439453125 237.143353271484 178.045596313477 156.782495117187 122.08401184082 108.259646606445 102.127648925781 98.2888946533203 79.2200073242187 53.0960815429687 35.7419815063476 26.9624130249023 21.5309600830078 21.3514778137207 20.3149745941162 22.7155540466308 9.24514350295063 0.00257539991289376 0 0 0 0 0 0 0 0 0 0 0 0 0 0 0 0 0 0 0 0 0 0 0 0 0 0 0 0 0 0
538.695092773437 524.474194335937 507.139465332031 467.97724609375 433.575756835937 397.971203613281 387.924432373047 371.298419189453 352.562731933594 341.236926269531 331.305603027344 319.391278076172 306.349584960937 289.504937744141 278.664837646484 269.874694824219 274.322650146484 292.772601318359 340.200103759766 386.831585693359 391.72138671875 367.086126708984 324.211254882812 279.004528808594 233.597399902344 188.579327392578 157.278982543945 121.625439453125 105.07844543457 98.2473999023437 91.781607055664 90.3370117187499 88.4352661132812 87.4717163085937 85.6240509033203 85.0728118896484 78.5170288085937 53.089305114746 23.6208091735839 11.9626037120819 0.00360519997775553 0 0 0 0 0 0 0 0 0 0 0 0 0 0 0 0 0 0 0 0 0 0 0 0 0 0 0 0 0
549.11015625 537.758728027344 522.601403808594 497.54541015625 466.616369628906 435.917877197266 406.370654296875 393.282855224609 384.545202636719 375.850262451172 360.059674072266 346.566870117187 338.342620849609 326.287481689453 306.174859619141 311.65810546875 339.400921630859 383.558947753906 426.413299560547 429.648974609375 430.658453369141 424.936517333984 386.950640869141 337.919799804688 302.514935302734 270.684967041016 227.813562011719 172.831115722656 146.900134277344 129.215548706055 117.193588256836 109.488922119141 107.272686767578 107.385433959961 107.053628540039 107.139782714844 104.382769775391 99.6031707763671 75.0162017822265 32.0287063598632 20.5159461975097 4.12755049467085 0.00136420000344514 0 0 0 0 0 0 0 0 0 0 0 0 0 0 0 0 0 0 0 0 0 0 0 0 0 0 0
571.402807617187 555.888647460937 536.079138183594 519.940344238281 497.889086914062 470.198327636719 447.468859863281 427.216979980469 409.575775146484 396.225750732422 391.130261230469 380.218017578125 359.867590332031 345.202874755859 351.613659667969 386.718878173828 418.627947998047 448.6185546875 447.565191650391 446.812939453125 442.9150390625 436.565765380859 425.651483154297 410.060809326172 374.236157226562 335.428491210937 307.756848144531 270.510791015625 235.779681396484 198.206500244141 183.068380737305 172.887673950195 158.592218017578 151.776724243164 152.285556030273 147.299240112305 135.095635986328 112.678747558594 106.802984619141 84.2766540527343 46.3412902832031 21.4247901916503 18.0950744628906 1.78956608474254 0 0 0 0 0 0 0 0 0 0 0 0 0 0 0 0 0 0 0 0 0 0 0 0 0 0
588.663537597656 580.986743164062 550.627502441406 530.802209472656 518.124694824219 499.276672363281 475.003698730469 454.515991210937 441.000988769531 419.697863769531 399.957269287109 393.276239013672 387.327307128906 400.529479980469 431.677947998047 469.535028076172 487.770727539062 450.044842529297 429.434173583984 425.517077636719 424.800762939453 428.180627441406 434.246228027344 431.162689208984 416.637518310547 387.475305175781 364.702801513672 348.626049804687 319.816961669922 271.612591552734 249.069708251953 235.408032226562 222.313610839844 214.036148071289 213.224243164062 207.209603881836 168.489172363281 140.726351928711 125.431048583984 117.476272583008 104.87021484375 75.7230926513671 36.8556854248046 24.9209350585937 0.00287939999252557 0 0 0 0 0 0 0 0 0 0 0 0 0 0 0 0 0 0 0 0 0 0 0 0 0
609.176879882812 584.432946777344 563.006945800781 540.620190429687 527.925793457031 516.772595214844 498.767602539062 478.601098632812 467.424389648437 456.336859130859 442.218829345703 429.326477050781 437.538250732422 479.848327636719 527.058984375 531.609069824219 485.33505859375 435.642602539062 397.064501953125 411.718420410156 418.438488769531 414.1375 416.983654785156 423.443756103516 422.885961914062 393.876232910156 371.450866699219 350.47978515625 316.202954101562 293.229699707031 271.063098144531 228.358740234375 215.88381652832 216.601397705078 219.693228149414 210.375247192383 199.361166381836 161.035577392578 145.053857421875 137.274624633789 132.114151000977 118.295455932617 71.5505508422851 22.8679374694824 5.87645430862901 0 0 0 0 0 0 0 0 0 0 0 0 0 0 0 0 0 0 0 0 0 0 0 0 0
644.83515625 603.9869140625 575.200805664062 554.604516601562 545.982531738281 537.415368652344 528.919128417969 524.013598632812 519.029992675781 515.05283203125 504.3025390625 516.317907714844 540.128271484375 581.436755371094 590.739208984375 556.932299804687 496.791784667969 443.211706542969 398.559399414062 394.848760986328 409.275146484375 411.621618652344 410.493328857422 408.316558837891 404.715985107422 383.711633300781 357.087060546875 316.189947509766 266.035461425781 231.726751708984 202.403225708008 193.537609863281 186.376000976562 182.529348754883 182.750305175781 186.986117553711 178.24049987793 162.353042602539 140.378845214844 134.405200195312 127.04430847168 116.484301757812 73.9168762207031 25.0061859130859 8.4690091371536 0 0 0 0 0 0 0 0 0 0 0 0 0 0 0 0 0 0 0 0 0 0 0 0 0
694.912683105469 656.253552246094 630.381896972656 600.474145507812 592.994995117188 591.892749023437 591.268811035156 584.983337402344 580.523046875 578.083117675781 583.539196777344 570.043139648437 608.00546875 624.900134277344 621.538989257812 577.015173339844 526.124694824219 472.001257324219 417.650146484375 391.517681884766 390.860699462891 405.410491943359 403.336053466797 401.048114013672 383.436798095703 368.663153076172 336.993524169922 278.630895996094 229.139190673828 197.864846801758 173.029992675781 152.7529296875 138.263836669922 124.407122802734 119.019119262695 120.799304199219 124.459451293945 124.842990112305 123.66496887207 120.512414550781 117.886959838867 99.5552185058593 62.9377075195312 25.36382522583 9.08826060295102 0 0 0 0 0 0 0 0 0 0 0 0 0 0 0 0 0 0 0 0 0 0 0 0 0
735.883227539062 702.613415527344 661.032116699219 637.207360839844 617.935168457031 590.345092773438 567.7240234375 548.650146484375 560.702258300781 561.545678710937 572.694482421875 616.299475097656 625.016223144531 628.116198730469 624.208972167969 588.410766601562 556.988903808594 522.2958984375 470.962280273437 412.423004150391 389.576007080078 387.530743408203 393.294842529297 389.557098388672 376.434869384766 368.07373046875 324.199633789062 273.346380615234 215.209002685547 191.003631591797 161.055056762695 140.899212646484 125.566687011719 110.183987426758 97.5706146240234 91.8441497802734 91.3200531005859 94.7455200195312 92.2850219726562 85.8604217529296 76.1412994384765 58.2929504394531 34.4428527832031 25.003783416748 8.65433244258162 0.000556800002232192 0 0 0 0 0 0 0 0 0 0 0 0 0 0 0 0 0 0 0 0 0 0 0 0
692.216577148437 688.533618164062 649.075744628906 604.140979003906 554.29228515625 530.725451660156 510.461376953125 503.248583984375 507.969299316406 519.892639160156 528.553942871094 553.1466796875 580.056701660156 598.316455078125 615.146179199219 584.124890136719 563.939453125 526.961779785156 510.226477050781 463.387481689453 418.268914794922 391.844287109375 388.078985595703 385.655242919922 378.128240966797 361.247674560547 319.498315429687 271.434729003906 216.66015625 181.524700927734 158.047766113281 130.700442504883 122.793499755859 117.891299438476 106.013552856445 89.6826995849609 76.5882110595703 61.9111694335937 49.4414337158203 29.6128639221191 26.4922554016113 24.625910949707 27.5830039978027 12.6542725205421 4.47114178687332 0 0 0 0 0 0 0 0 0 0 0 0 0 0 0 0 0 0 0 0 0 0 0 0 0
591.368566894531 569.837475585937 545.252197265625 500.285998535156 460.507873535156 424.330993652344 413.051312255859 420.001507568359 446.274053955078 466.404187011719 481.876184082031 517.099743652344 559.6845703125 582.869189453125 582.347827148437 567.012182617187 532.364392089844 516.148315429687 505.680712890625 481.0869140625 450.630493164062 424.126550292969 403.017572021484 389.01572265625 379.178863525391 357.622113037109 325.316284179688 276.423406982422 232.010028076172 190.756408691406 154.713330078125 126.628790283203 115.067272949219 109.809820556641 87.3637817382812 63.9226196289062 46.3761489868163 25.1176788330078 22.9810302734374 24.411277770996 12.8337855219841 10.6767204374075 6.88004883825777 2.04824840724467 0.000863199960440394 0 0 0 0 0 0 0 0 0 0 0 0 0 0 0 0 0 0 0 0 0 0 0 0 0
504.467663574219 492.11318359375 456.43359375 425.500433349609 381.945501708984 371.990246582031 379.535559082031 393.059381103516 409.077770996094 434.379742431641 455.181530761719 499.259313964844 541.328149414062 570.965466308594 577.134289550781 546.282482910156 510.684631347656 493.712414550781 475.829760742187 477.237915039062 467.494409179687 449.585375976562 429.011181640625 422.125695800781 407.913470458984 378.614813232422 345.284259033203 315.390655517578 271.201867675781 209.66813659668 166.319146728516 129.654339599609 108.464791870117 107.714859008789 80.1728118896484 51.4511932373046 29.9421066284179 25.2020133972167 11.1223045021295 5.35973172038792 3.04244723320006 0.00155300004407763 0 0 0 0 0 0 0 0 0 0 0 0 0 0 0 0 0 0 0 0 0 0 0 0 0 0 0 0
463.007482910156 440.004534912109 403.906939697266 371.739221191406 351.214074707031 350.150970458984 379.287225341797 391.193029785156 404.371990966797 415.046685791016 433.008142089844 468.282604980469 521.801477050781 564.896142578125 567.275268554688 520.635119628906 489.5255859375 464.402014160156 458.759106445312 453.135302734375 450.112109375 444.602001953125 442.614605712891 424.037371826172 421.879919433594 395.969812011719 376.719665527344 353.693182373047 316.999774169922 258.699005126953 187.688427734375 145.336181640625 108.36462097168 108.180096435547 82.1962707519531 46.5982391357421 31.2989425659179 11.4363361626863 2.63104311227798 0.000738599989563224 0 0 0 0 0 0 0 0 0 0 0 0 0 0 0 0 0 0 0 0 0 0 0 0 0 0 0 0 0 0
420.562213134766 405.704016113281 375.410876464844 347.072015380859 342.142535400391 355.843615722656 379.783563232422 387.696441650391 395.139337158203 397.990155029297 397.877508544922 444.303979492187 514.069470214844 547.425109863281 552.459545898437 508.462866210937 468.677514648437 456.62548828125 450.443939208984 445.290197753906 437.384436035156 421.150732421875 415.327062988281 414.924383544922 413.686169433594 408.675256347656 374.926977539062 356.370404052734 318.654699707031 272.615472412109 209.199069213867 163.969415283203 126.328326416016 106.880953979492 95.9483215332031 51.0402694702148 30.6948684692382 10.7006882190704 0.00300840009003877 0 0 0 0 0 0 0 0 0 0 0 0 0 0 0 0 0 0 0 0 0 0 0 0 0 0 0 0 0 0 0
385.098065185547 377.447979736328 351.485125732422 343.995092773437 341.474279785156 350.673199462891 365.083465576172 370.355914306641 381.114385986328 384.113134765625 388.62724609375 419.179333496094 488.894396972656 520.767712402344 519.16220703125 495.870446777344 465.559765625 454.168884277344 448.477655029297 442.005126953125 424.497631835937 409.006549072266 387.374139404297 379.988348388672 378.449487304687 371.144067382812 360.315795898438 335.415478515625 298.277618408203 245.799829101562 203.565576171875 166.332162475586 134.033200073242 121.027017211914 111.037548828125 75.2502212524414 35.0084411621093 20.5217494964599 3.60234404355286 0 0 0 0 0 0 0 0 0 0 0 0 0 0 0 0 0 0 0 0 0 0 0 0 0 0 0 0 0 0 0
346.553295898437 347.879809570312 342.239514160156 331.827972412109 329.831085205078 332.052752685547 331.189141845703 336.862658691406 355.317687988281 362.796533203125 374.498443603516 395.816882324219 454.443566894531 471.419702148437 470.343713378906 463.928918457031 461.488928222656 459.631091308594 448.835040283203 431.766174316406 416.721643066406 386.704150390625 376.490655517578 369.250103759766 366.775646972656 361.225506591797 331.415747070312 301.054187011719 261.637329101562 212.603234863281 179.464068603516 152.76623840332 136.384359741211 127.270846557617 125.687777709961 92.5653656005859 52.2671234130859 33.3232467651367 11.4082279801368 2.32015281468629 0 0 0 0 0 0 0 0 0 0 0 0 0 0 0 0 0 0 0 0 0 0 0 0 0 0 0 0 0 0
295.699407958984 309.706829833984 307.789501953125 307.072351074219 299.822778320312 293.163848876953 287.255078125 296.943884277344 310.75712890625 330.198425292969 343.835601806641 382.879052734375 404.943469238281 427.151885986328 415.373510742187 425.158947753906 441.539807128906 454.398327636719 452.105157470703 429.8712890625 401.429547119141 383.678118896484 373.964672851562 367.94853515625 359.704962158203 336.380358886719 314.463598632812 281.080773925781 234.857733154297 201.941088867187 167.222583007812 144.245175170898 135.252774047852 131.30647277832 128.550210571289 107.223837280273 78.4278182983398 48.7820083618164 29.7909759521484 11.823861348629 0.00342059992253779 0 0 0 0 0 0 0 0 0 0 0 0 0 0 0 0 0 0 0 0 0 0 0 0 0 0 0 0 0
243.629119873047 250.864117431641 252.214849853516 247.790087890625 237.874621582031 230.640301513672 226.079095458984 236.613549804687 258.746258544922 285.638226318359 318.471496582031 348.824456787109 381.415032958984 381.711267089844 381.369012451172 388.229217529297 411.995819091797 437.005895996094 447.640704345703 434.719873046875 396.453619384766 378.762951660156 369.723364257812 361.391223144531 344.524743652344 319.091046142578 292.604766845703 267.34580078125 228.070657348633 197.511560058594 163.369186401367 144.20998840332 134.718713378906 132.861993408203 133.346813964844 116.088278198242 94.543505859375 78.6886459350586 54.2961914062499 33.6333084106445 19.7493217468261 0.00247699990868568 0 0 0 0 0 0 0 0 0 0 0 0 0 0 0 0 0 0 0 0 0 0 0 0 0 0 0 0
132.958123779297 139.714456176758 145.989447021484 152.540713500977 160.443035888672 168.174429321289 170.391006469727 174.716564941406 198.495068359375 241.305505371094 285.153491210937 321.812347412109 342.369012451172 344.062451171875 344.788061523437 353.60791015625 372.458093261719 394.070257568359 429.920654296875 442.223748779297 415.665954589844 380.236669921875 363.502850341797 355.750561523437 326.113732910156 303.125561523437 284.512347412109 251.449517822266 223.645993041992 199.074981689453 164.244619750977 143.824029541016 136.859176635742 137.445291137695 133.599642944336 126.546401977539 116.963919067383 104.80266418457 89.0579467773437 54.160317993164 30.2467559814453 6.23659705072639 0 0 0 0 0 0 0 0 0 0 0 0 0 0 0 0 0 0 0 0 0 0 0 0 0 0 0 0
61.0381378173828 67.7384582519531 77.854751586914 95.4423767089843 114.363223266601 127.528475952148 133.924478149414 139.700537109375 153.52658996582 183.388110351562 242.525848388672 284.941632080078 305.053082275391 307.975646972656 312.177874755859 321.688012695312 329.546014404297 350.396295166016 392.650573730469 432.089312744141 428.352972412109 388.188562011719 368.373382568359 352.129125976562 321.567102050781 287.027026367187 271.088146972656 241.682098388672 221.172076416016 199.775637817383 167.942330932617 150.477700805664 142.428759765625 136.5255859375 137.274011230469 136.102688598633 135.262142944336 133.713763427734 114.258325195312 73.1612350463867 31.1540336608886 9.15042579770085 0.000503600016236303 0 0 0 0 0 0 0 0 0 0 0 0 0 0 0 0 0 0 0 0 0 0 0 0 0 0 0
27.7744400024413 30.3787620544433 49.3125701904296 62.8213714599609 82.6955566406249 95.3997161865234 107.98818359375 109.701974487305 113.954760742187 144.134399414062 182.598941040039 235.711163330078 245.034753417969 247.869476318359 252.23408203125 264.976519775391 282.993585205078 313.445709228516 346.630224609375 406.425476074219 430.743676757812 422.831201171875 383.548596191406 347.765057373047 325.845922851562 298.470013427734 276.724621582031 244.860308837891 224.060629272461 210.577487182617 182.253744506836 162.88381652832 149.539974975586 143.545025634766 141.231103515625 141.443572998047 142.437335205078 141.482757568359 120.98987121582 77.9377120971679 31.4114143371581 10.3975434303283 0.00136620001867413 0 0 0 0 0 0 0 0 0 0 0 0 0 0 0 0 0 0 0 0 0 0 0 0 0 0 0
16.1787937164306 17.5136337280273 21.2636589050293 28.4396705627441 54.8266555786132 65.8357696533203 77.8569671630859 84.3027526855468 90.8118591308593 102.236276245117 143.039266967773 165.537728881836 169.582046508789 167.038885498047 172.987692260742 192.212719726562 227.451354980469 264.529077148437 305.420080566406 355.957678222656 412.48359375 430.160021972656 420.321765136719 376.628051757812 336.037426757812 316.805950927734 288.973168945312 270.242950439453 237.416790771484 216.287094116211 202.608981323242 178.29404296875 164.189041137695 152.218539428711 145.998034667969 144.151055908203 141.097802734375 138.580319213867 119.520690917969 80.8867248535156 35.8464370727539 19.2636669158935 1.39653718918561 0 0 0 0 0 0 0 0 0 0 0 0 0 0 0 0 0 0 0 0 0 0 0 0 0 0 0
0.0151393994688987 0.0179453998804092 3.5497593641281 8.74094467163084 15.2160789489746 23.0491775512695 38.1198944091796 57.7524322509765 70.0060119628906 84.1550262451171 105.752874755859 126.491372680664 124.140594482422 120.915484619141 126.700659179687 145.348358154297 163.265103149414 205.074432373047 261.685919189453 315.728961181641 368.169854736328 417.861065673828 430.486724853516 417.532550048828 376.804150390625 344.004595947266 322.083337402344 296.864306640625 273.740393066406 238.201800537109 215.210348510742 200.85185546875 186.839413452148 165.43030090332 152.792077636719 145.358547973633 142.558148193359 137.233071899414 125.028106689453 89.0476959228515 50.0090606689453 32.8061721801757 9.45429285168644 0.00232400000095367 0 0 0 0 0 0 0 0 0 0 0 0 0 0 0 0 0 0 0 0 0 0 0 0 0 0
0 0 0 0.00563419982790945 0.0138528004288673 4.37875912785529 9.30092706680295 16.0726902008056 32.3189697265624 65.0005187988281 85.4405181884765 94.7982055664062 98.9603912353515 96.2777465820312 99.5705108642577 109.356997680664 126.728701782227 157.24987487793 216.138793945312 275.485308837891 321.804302978516 375.960662841797 417.918621826172 426.927606201172 417.989642333984 383.074920654297 352.446215820312 328.614025878906 293.510040283203 264.785894775391 226.232443237305 212.135186767578 199.392999267578 183.746908569336 163.479187011719 149.407135009766 143.036947631836 136.604800415039 130.17458190918 105.186364746094 74.5580276489257 42.6469650268554 31.0482063293456 9.45439665317532 0.00244059991091489 0 0 0 0 0 0 0 0 0 0 0 0 0 0 0 0 0 0 0 0 0 0 0 0 0
0 0 0 0 0 0 0.00599020011723039 3.94807427525519 10.534956741333 27.1177780151367 67.3307952880859 77.9176330566406 85.3585998535156 87.248745727539 90.3150451660156 94.4931396484374 102.463269042969 131.339627075195 172.257278442383 238.038745117187 283.800421142578 320.601165771484 371.261712646484 414.927978515625 418.084442138672 411.407824707031 384.479187011719 355.408190917969 319.825604248047 277.886151123047 249.814764404297 226.48092956543 211.841488647461 198.67546081543 175.898526000977 160.993255615234 150.308416748047 137.152297973633 130.582110595703 127.411923217773 103.25380859375 75.3571685791015 45.0938522338867 34.7006195068359 11.7379168927669 3.19975223541259 0.000826600007712838 0 0 0 0 0 0 0 0 0 0 0 0 0 0 0 0 0 0 0 0 0 0 0
0 0 0 0 0 0 0 0 0.0113554000854492 8.24019355773923 23.8730583190918 42.5349349975585 53.287498474121 55.5835998535156 71.4886108398437 86.2683959960937 93.5333770751953 113.349142456055 150.387692260742 183.87678527832 232.730328369141 274.726965332031 317.973248291016 366.852075195312 392.090863037109 414.120666503906 406.518786621094 380.417645263672 357.814874267578 319.123394775391 277.339172363281 247.110290527344 221.977899169922 210.656423950195 198.537850952148 177.032192993164 163.93161315918 150.524505615234 138.656591796875 130.596618652344 127.969573974609 103.841650390625 78.1951446533203 50.2636123657226 40.8584609985351 21.0225326538085 5.9298203602433 0.000631200009956954 0 0 0 0 0 0 0 0 0 0 0 0 0 0 0 0 0 0 0 0 0 0
0 0 0 0 0 0 0 0 0 0.0074780002236366 5.02012826800345 10.2282552719116 13.0237464904785 14.9882041931152 27.3272048950195 62.3137725830077 85.4833068847656 102.744229125977 124.55625 147.403826904297 168.290142822266 223.575067138672 270.884265136719 316.558685302734 330.622991943359 367.025677490234 381.875402832031 381.861596679687 379.173059082031 365.26943359375 329.904913330078 289.059753417969 254.518200683594 224.245761108398 213.295007324219 200.801608276367 189.58796081543 168.42936706543 153.642413330078 138.694149780273 133.866635131836 120.325973510742 95.1774353027343 72.8414443969726 48.596321105957 38.5797363281249 11.4260702133178 0.00168839991092681 0 0 0 0 0 0 0 0 0 0 0 0 0 0 0 0 0 0 0 0 0 0
0 0 0 0 0 0 0 0 0 0 0 0.00616619996726511 0.009417799860239 1.42469398379325 11.4619834661483 23.8328483581542 75.5785461425781 90.2606719970702 96.6131439208984 110.392343139648 133.336178588867 162.566720581055 212.678063964844 246.484710693359 269.985766601562 297.684350585937 327.116284179687 354.059442138672 375.947247314453 376.757733154297 373.593212890625 339.107922363281 294.70634765625 260.795373535156 236.767443847656 218.424154663086 206.313641357422 192.945492553711 164.316052246094 142.586538696289 129.501318359375 125.442254638672 99.9114776611328 76.5368957519531 50.174851989746 35.6415527343749 9.63521021604535 0.00133959995582699 0 0 0 0 0 0 0 0 0 0 0 0 0 0 0 0 0 0 0 0 0 0
0 0 0 0 0 0 0 0 0 0 0 0 0 0 0.0119525998830795 13.4684963226318 35.2540893554687 70.7554687499999 79.2973022460937 88.4661132812499 98.3798400878906 131.372644042969 156.49475402832 176.28349609375 190.761474609375 214.87431640625 240.070080566406 271.232281494141 315.897912597656 362.557177734375 379.838159179687 375.259094238281 344.510601806641 305.724133300781 272.063836669922 253.091027832031 227.528713989258 204.018524169922 169.382458496094 149.367221069336 131.229702758789 128.471365356445 103.703823852539 71.2303283691406 40.7420974731445 25.4241035461425 5.21606681644915 0.000300000002607702 0 0 0 0 0 0 0 0 0 0 0 0 0 0 0 0 0 0 0 0 0 0
0 0 0 0 0 0 0 0 0 0 0 0 0 0 0.00135439997538924 1.92092731595039 13.1211847305297 25.9746269226074 45.6359893798827 72.5212860107421 85.4088745117187 95.6896453857421 122.800314331055 138.178088378906 142.883578491211 155.034747314453 167.330575561523 192.515655517578 246.979626464844 311.068872070312 366.301165771484 385.620104980469 377.763543701172 354.708197021484 323.672131347656 291.759698486328 252.656042480469 213.515390014648 183.988922119141 154.856588745117 136.690441894531 128.241525268555 105.929110717773 71.1043548583984 35.3022171020507 22.1015274047851 1.59469316750764 0 0 0 0 0 0 0 0 0 0 0 0 0 0 0 0 0 0 0 0 0 0 0
