Rscript/monthly_maps/SnowDepthMapFile-q90-1989-11.asc
ncols 320 
nrows 361 
xllcorner 618410.159 
yllcorner 5088785.286 
cellsize 100 
NODATA_value -9999 
[rows 264 to 287 of 361, columns 108 to 161 of 320]
372.152395629883 378.508172607422 381.456488037109 382.466802978516 380.304690551758 375.039065551758 369.940362548828 365.049404907227 360.868606567383 356.714801025391 351.491662597656 345.61025390625 339.050064086914 331.377923583984 325.15149230957 319.97541809082 316.499359130859 313.547857666016 314.09140625 316.879193115234 324.897067260742 329.043817138672 328.678500366211 319.877432250977 283.243832397461 271.131091308594 249.348159790039 224.609527587891 194.931941223145 167.360673522949 82.7072792053223 38.9424152374268 34.7190238952637 19.704133605957 10.8623071670532 8.12850666046143 0.877824401855481 0 0 0 0 0 0 0 0 0 0 0 0 0.834667491912854 0.759747886657726 8.95340166091919 7.48694977760316 6.85105094909669
359.944226074219 368.446328735352 372.991366577148 374.117437744141 371.057040405273 366.530459594727 362.813427734375 359.517248535156 356.362020874024 353.202410888672 348.927255249023 343.682424926758 337.867123413086 331.477169799805 326.881256103516 323.207647705078 320.717269897461 319.003073120117 319.881185913086 323.722872924805 328.885140991211 330.611483764648 328.56767578125 319.108401489258 282.257055664063 269.782434082031 246.538973999023 205.189945983887 185.307681274414 131.369903564453 64.847868347168 35.8080497741699 28.4153871536255 10.0401385307312 7.12724094390871 0.945937633514418 0 0 0 0 0 0 0 0 0 0 0 0.847248554229748 0.795213699340832 6.72464036941529 7.26890029907227 9.69227666854859 11.711326789856 13.0582756042481
350.195721435547 357.628259277344 362.376184082031 363.75686340332 361.525521850586 358.230953979492 355.631460571289 354.178436279297 352.093048095703 349.614340209961 345.647817993164 341.249703979492 335.835507202148 330.780334472656 327.667837524414 325.136614990234 323.828634643555 322.919689941406 324.872186279297 328.041598510742 330.501654052734 330.452105712891 327.474935913086 316.163229370117 281.047372436524 264.523358154297 237.408131408691 191.986479187012 144.544418334961 80.4415237426758 37.3390838623047 32.7907062530518 18.3081953048706 9.26041870117189 7.94025344848634 0.870143032073987 0 0 0 0 0 0 0 0 0 0 0.857177639007581 0.8992401123047 7.8158872127533 9.84460859298707 12.9316198348999 14.2187358856201 13.7516942024231 14.289165019989
328.370965576172 346.749331665039 352.660879516602 354.303848266602 352.982540893555 351.299081420898 349.925595092774 349.254418945313 347.681948852539 345.854165649414 342.575625610352 338.427551269531 333.541268920898 329.887567138672 327.689651489258 326.35657043457 326.103381347656 326.468130493164 328.218453979492 330.18176574707 330.4201171875 329.419494628906 324.854528808594 306.577532958984 276.41201171875 253.74942779541 204.509020996094 180.848840332031 120.648883056641 38.1714973449707 32.879524230957 24.4116329193115 9.59567985534669 7.48589634895326 1.0608744621277 0.873558139801038 0 0 0 0 0 0 0 0 0.942145156860365 0.747701978683482 1.10500907897951 7.27550139427186 11.2828704833984 13.5754459381104 13.5386744499207 14.8259865760803 15.3138287544251 15.5101890563965
296.946853637695 325.733712768555 341.5234375 345.841537475586 346.270223999023 345.562628173828 345.047775268555 344.592807006836 343.606097412109 342.046313476563 339.434942626953 335.902145385742 331.858929443359 329.143637084961 327.955151367188 327.482458496094 328.166134643555 329.293579101563 330.411038208008 330.025030517578 329.042962646484 326.529611206055 319.429504394531 282.627645874023 268.779763793945 240.059484863281 190.752372741699 141.875144958496 71.7057830810547 35.6475234985352 29.2847219467163 17.0721632003784 9.50797605514528 8.41073274612427 0.750409078598033 0 0 0 0 0 0 0 0.87599620819093 0.771916103363048 0.885520458221448 8.62052345275879 7.30016169548036 11.5078333854675 12.0604005813599 13.661469745636 24.0572216033936 33.1434852600098 33.0242084503174 29.825136756897
285.555908203125 294.142776489258 322.556118774414 335.312393188477 339.122909545898 339.80569152832 340.120135498047 339.782476806641 339.304830932617 338.492065429688 336.503469848633 333.61100769043 330.633071899414 328.58212890625 327.990661621094 328.364361572266 329.813177490234 330.827346801758 330.221896362305 328.711141967773 325.822412109375 320.946664428711 303.470303344727 274.638842773438 252.049249267578 202.651968383789 180.787864685059 122.420385742188 37.5356731414795 34.2287364959717 20.1996110916138 12.1110955238342 7.09384527206422 1.0752844810486 0.896360492706312 0 0 0 0 0 0.667504119873056 0.778997278213512 0.758170223236095 9.53706502914429 8.03828110694886 8.98258075714112 12.2878707885742 12.1212067604065 13.1831953048706 24.5357860565186 35.1995944976807 36.8108661651612 36.3962390899658 35.0503170013428
274.416036987305 283.046337890625 291.318688964844 321.031259155274 329.348107910156 332.738577270508 334.02360534668 334.55813293457 334.773077392578 334.078112792969 333.053955078125 331.158828735352 328.536242675781 327.1775390625 327.377890014648 328.876699829102 330.662396240234 330.08076171875 328.832824707031 325.374331665039 320.221643066406 309.994454956055 277.600689697266 260.285473632813 215.080575561523 187.24108581543 141.558010864258 74.1861434936524 35.3941635131836 30.0984016418457 15.4164754867554 10.051983833313 7.23158411979677 0.731243085861216 0 0 0 0 0.903613185882581 0.774002790451061 9.38754224777222 8.25296015739442 7.31152729988099 6.89359145164491 10.5961946487427 13.0818517684937 12.3369570732117 12.3397275924683 24.7298606872559 34.0531032562256 37.5896064758301 72.7668212890625 86.7457389831543 78.1206184387207
261.788214111328 272.762509155274 280.722882080078 287.858322143555 312.668646240234 320.293395996094 324.170681762695 326.391659545898 327.916235351563 328.750271606445 328.519677734375 327.023477172852 325.263531494141 324.508224487305 325.456280517578 327.506799316406 328.749856567383 328.077560424805 325.191403198242 319.449130249023 310.67077331543 278.995300292969 265.272711181641 233.620678710938 190.854376220703 174.41884765625 112.267766571045 37.4899547576905 33.521549987793 20.3800518035889 12.2528418540955 8.13241758346559 1.22194662094118 0.708400297164927 0 0 0 0.673575401306162 1.097642326355 6.64966950416566 8.47374949455262 8.85131950378419 9.44906444549562 11.5297795295715 13.5981207847595 12.828417301178 17.5574468612671 31.6095502853394 34.44469871521 37.1611553192139 79.5348663330079 143.768832397461 183.044192504883 169.006846618652
249.915718078613 260.769723510742 271.44997253418 279.308770751953 283.37600402832 305.090826416016 312.353707885742 315.952075195313 319.352841186524 321.331314086914 322.069403076172 321.496658325195 320.652639770508 320.687908935547 322.033798217773 324.366015625 325.059942626953 323.17912902832 318.462942504883 309.360147094727 279.194161987305 267.643313598633 242.461695861816 193.594030761719 176.925508117676 124.683667755127 63.0488437652588 35.1870109558106 29.4798940658569 14.7609343528748 10.0348691940308 7.58905563354493 0.891570377349866 0.791629505157482 0 0 0.738192319870006 8.38187537193299 9.23062534332277 12.1935947418213 12.6614507675171 12.2867628097534 12.6408723831177 12.4530950546265 13.3245841026306 21.1452520370483 33.6325355529785 35.2398422241211 37.9657199859619 87.329948425293 145.192059326172 190.06570892334 208.160359191895 208.895248413086
210.177127075195 248.119444274902 261.256759643555 270.010040283203 275.191937255859 278.795440673828 299.992425537109 307.670642089844 311.506872558594 313.110110473633 315.072842407227 315.216046142578 315.006707763672 314.989270019531 316.673394775391 318.662594604492 318.536734008789 315.70641784668 308.125482177734 279.586642456055 269.483551025391 246.826086425781 199.806364440918 180.910868835449 134.281077575684 72.0750785827637 36.3317253112793 32.6616157531738 19.2356201171875 11.6086262702942 7.52829360961915 1.12842569351198 0.767906999588024 0 0 0.715666198730479 7.8518970489502 9.44104366302491 13.6564700126648 13.4890006065369 13.5051208496094 14.5568737030029 12.852586555481 13.4066108703613 13.6682438850403 30.3958526611328 36.2554752349854 39.0232009887696 97.7681327819825 153.309718322754 191.846830749512 211.560774230957 252.926756286621 260.545397949219
187.626522827148 209.472280883789 247.449644470215 261.035363769531 267.583856201172 271.70380859375 276.423239135742 297.072924804688 302.041528320313 306.037145996094 308.19670715332 308.368453979492 308.80422668457 309.212545776367 311.425952148438 312.210952758789 310.494979858398 306.024496459961 294.810119628906 271.073538208008 250.487339782715 203.238157653809 184.971603393555 142.778784179688 86.8877273559571 37.9848545074463 33.8344467163086 24.8823358535767 10.1034924507141 8.47816348075868 8.13838744163514 0.712224197387705 0.762433576583873 0 0.840138530731213 1.06442518234254 7.54543290138246 13.1243991851807 13.9575764656067 15.1157127380371 15.2927591323853 14.6437978744507 14.6734066963196 14.3570462226868 21.5457334518433 32.1479104995728 37.4022518157959 76.8984901428223 147.580310058594 194.138188171387 215.108546447754 257.308039855957 275.564288330078 280.156149291992
173.127314758301 188.091296386719 209.591888427734 244.647489929199 256.392797851563 264.459664916992 269.523675537109 273.536022949219 293.446771240234 295.995452880859 298.094250488281 298.401315307617 302.301736450195 304.341757202149 305.375933837891 304.145843505859 299.5947265625 295.147793579102 272.222705078125 254.595181274414 208.074667358398 186.789707946777 164.356176757813 120.672998809814 56.0933330535889 35.7285575866699 30.308501625061 17.7571752548218 11.4043591499329 7.20011038780214 1.06993083953859 0.793517684936535 0 0.873677825927747 0.732134485244761 9.35923938751221 11.2238690376282 13.1177499771118 14.9509527206421 16.1760850906372 16.284237575531 16.2806476593018 16.4245658874512 16.3843263626099 23.4493364334107 31.8261245727539 36.2763362884522 74.7299751281739 146.221307373047 198.336164855957 249.092053222656 274.227056884766 286.51064453125 308.568444824219
128.39388961792 173.946940612793 189.803514099121 218.730694580078 242.446907043457 252.392320251465 260.261273193359 265.628833007813 270.358474731445 272.249743652344 287.571517944336 290.289047241211 290.1435546875 292.859954833984 294.655667114258 293.398202514649 292.63466796875 272.102230834961 260.180136108398 238.507063293457 190.237083435059 167.092620849609 122.122064971924 68.4774833679199 37.217261505127 33.2662265777588 19.9547872543335 10.359072303772 8.79111270904543 8.74848861694337 0.843054866790783 0.777101182937633 0.795007085800182 0.768205118179332 1.23643817901613 8.15464601516725 13.072343826294 13.7934998512268 14.5784969329834 21.5507062911987 25.534236907959 25.6112077713013 25.4534357070923 25.7942405700684 25.8266599655152 31.9357917785645 35.0985366821289 56.1089893341065 135.27744140625 188.466067504883 235.683782958984 267.811328125 287.195703125 315.747457885742
83.4261940002442 130.626408386231 175.73000793457 193.139761352539 223.413793945313 241.089479064941 249.609080505371 255.811909484863 259.392956542969 261.795123291016 262.384036254883 263.312609863281 264.990106201172 266.614978027344 268.086981201172 283.495404052734 274.108676147461 262.77568359375 247.678341674805 199.931622314453 176.70341796875 122.795040893555 66.9739692687989 37.2418216705322 33.6253890991211 26.9340061187744 11.7226135253906 10.4421231269837 8.35964345932008 1.14842767715456 0.692596912384043 0.771551609039318 0.706895017623911 1.16539268493654 7.55132846832277 11.451896572113 12.2378512382507 14.2056001663208 24.6543117523193 32.7070289611816 36.4655136108398 36.1567756652832 36.3362575531006 34.9424362182617 33.4022861480713 35.8598140716553 36.4459384918213 37.7209758758545 115.868821716309 175.661096191406 202.154479980469 254.882865905762 272.496221923828 288.184384155274
63.4326583862305 87.6597000122071 135.729159545898 179.419612121582 194.814320373535 229.757650756836 239.853428649902 245.961959838867 249.847729492188 252.103239440918 253.112881469727 254.051153564453 255.336585998535 256.678332519531 258.700143432617 260.287619018555 260.874536132813 254.464476013184 225.102873229981 183.915411376953 132.126635742188 69.3426933288575 37.3970157623291 34.0087116241455 26.8662183761597 17.0914644241333 11.5715444564819 6.91482658386232 9.56632871627808 0.895612335205091 0.707101202011118 0.829509830474865 8.19326896667481 7.30598011016847 11.5118705749512 12.0864666938782 13.1742990493775 22.6589429855347 35.40166015625 37.8410766601563 39.2555046081543 39.344624710083 38.678014755249 38.1287002563477 38.8252151489258 39.5472175598145 40.1497398376465 39.1281295776367 76.6948356628418 140.072381591797 184.05322265625 206.865559387207 252.082681274414 269.9830078125
40.9180473327637 69.2323959350586 98.9411773681641 145.587034606934 183.212770080566 197.837023925781 229.747978210449 236.180772399902 239.56696472168 240.870648193359 241.315077209473 242.088558959961 243.270420837402 245.782554626465 250.245645141602 255.514656066895 254.901968383789 243.641339111328 194.797123718262 142.760330200195 79.3847267150879 37.1778465270996 34.4250999450684 27.7279689788818 18.7744390487671 12.43574924469 7.19039144515993 7.20266551971436 0.946512413024916 0.660629987716684 0.842581939697278 8.19185824394227 8.07013249397279 12.3693389892578 12.3900334358215 13.5038453102112 21.3086748123169 34.1679008483887 37.2190284729004 40.1605224609375 73.0193344116211 77.7217864990235 73.9781723022461 40.4777057647705 40.129610824585 41.0725841522217 40.3312641143799 41.2992340087891 67.7901725769043 130.706368255615 180.131488037109 197.194599914551 231.997746276856 256.356123352051
40.8188491821289 40.9862819671631 74.1207618713379 121.957955169678 169.63775177002 187.126174926758 199.431243896484 225.676400756836 230.077462768555 230.360702514648 230.452848815918 230.685244750977 232.941156005859 235.995887756348 241.684490966797 246.673783874512 246.12589263916 220.776789855957 180.94701385498 117.600073242188 37.1739894866944 34.3685455322266 29.1559970855713 19.3579990386963 10.1544541358948 8.76013154983522 7.54706206321717 1.10600452423097 0.765746593475353 0.804609870910656 7.84350223541261 7.77955613136293 12.3680242538452 12.6985728263855 14.4400367736817 21.7275339126587 29.837682723999 36.0020851135254 39.6704219818116 90.9821449279786 138.549523925781 147.177777099609 140.254461669922 97.9001258850098 71.3670417785645 41.8956020355225 42.2900413513184 42.8947246551514 72.6144851684571 132.540733337402 183.335794067383 200.800079345703 235.753465270996 253.619862365723
40.5706073760986 40.5698162078858 43.1637447357178 81.603638458252 129.638236236572 176.466688537598 188.446922302246 194.275564575195 195.870004272461 195.810847473145 195.371049499512 196.008999633789 199.912754821777 221.843788146973 233.954205322266 238.392718505859 234.792704772949 191.901214599609 137.462484741211 68.1254219055176 35.3610511779785 32.7609825134277 20.2741067886353 10.7770595550537 11.1467477798462 7.37193026542665 8.76220417022706 1.08827047348024 1.00465888977052 8.01062602996827 7.31167454719545 11.9635352134705 12.4372580528259 14.0217018127442 24.3257572174072 30.3937379837036 36.4669033050537 38.4075157165528 80.3815536499024 142.035539245606 186.995552062988 194.166506958008 192.065927124023 169.632456970215 109.952145385742 72.0229179382324 43.4284267425537 44.339637374878 84.2414581298828 144.371629333496 189.479084777832 208.677195739746 247.698091125488 264.944848632813
40.3648494720459 40.3992870330811 40.8567008972168 69.1545463562012 97.8255973815918 138.48888092041 177.617849731445 182.48620300293 182.804975891113 181.79280090332 180.461041259766 182.110597229004 186.280255126953 194.063566589356 207.170979309082 222.88044128418 197.237451171875 174.830386352539 85.6534690856934 36.2137828826904 34.3277633666992 27.1732572555542 13.7197492599487 12.2045879364014 9.39960346221925 7.52393398284913 8.7488923072815 7.878151512146 8.88599653244019 7.48306422233583 11.5984996795654 12.446701335907 18.2138488769531 30.9399202346802 36.3305191040039 37.7025127410889 39.0785423278809 46.5064109802246 125.478705596924 181.692556762695 201.286578369141 210.572430419922 210.660292053223 192.339501953125 146.946633911133 89.7539344787598 73.5757736206055 79.0061851501465 113.164765930176 173.284014892578 194.819038391113 238.599060058594 259.901574707031 271.973889160156
40.3474517822266 39.7375663757324 40.1025234222412 41.0697242736817 79.7068473815918 124.719808959961 138.264633178711 157.670074462891 145.265887451172 136.541638183594 134.822467041016 138.902169799805 171.062345886231 179.015412902832 188.376245117188 189.885238647461 178.897727966309 124.19649887085 39.6102649688721 34.8528644561768 30.240620803833 20.0615640640259 11.3742741584778 10.407001209259 9.22325487136842 7.09785737991334 7.02219371795655 9.21619081497193 7.57312383651735 11.5824027061463 12.0937848091126 16.5492523193359 31.8426321029663 36.7743133544922 38.5738586425781 40.1420318603516 41.4817119598389 85.1145454406739 144.07088470459 190.995132446289 222.646963500977 245.46671295166 241.835990905762 206.663612365723 184.181860351563 139.288252258301 94.3613075256348 90.9629302978516 130.218465423584 176.224505615234 192.194718933105 238.221858215332 264.139749145508 277.416247558594
39.9900531768799 39.7747135162354 39.753519821167 40.4508178710938 65.6801544189453 86.7667678833008 121.194486999512 121.595826721191 98.054248046875 86.1832870483399 84.3689414978028 89.9584884643555 121.680562591553 133.508192443848 168.276904296875 162.104302978516 127.117861175537 69.7793350219727 35.8143039703369 33.869828414917 24.5934734344483 13.3401731491089 12.538352394104 10.8128672599793 9.22026290893556 7.18712239265443 7.62358188629152 7.47571959495546 10.7719573020935 11.3865770339966 13.0659623146057 26.2121639251709 35.7947040557861 38.5833896636963 40.9073722839356 74.9917671203614 87.6757751464844 132.33310546875 180.385375976563 199.095918273926 240.154164123535 259.199150085449 257.76981048584 241.848809814453 197.472442626953 181.899363708496 143.593107604981 130.676622772217 140.066954040527 180.060569763184 191.802851867676 210.190846252441 255.217993164063 274.665179443359
39.6673816680908 39.3467903137207 39.2489994049072 39.6136806488037 41.0420520782471 71.9641342163086 79.3041564941406 74.728125 61.5158443450928 40.4638454437256 40.2359115600586 45.0447845458985 71.284644317627 82.8630554199219 97.3837577819825 92.5783294677735 72.3202957153321 37.3136241912842 34.3445987701416 27.5970361709595 20.345013999939 11.7800449371338 11.4286266326904 10.2955233573914 8.77590217590333 7.22457480430605 7.63986859321596 10.0294392585755 12.2913414955139 12.5119466781616 21.6980422973633 34.1504272460937 36.8278091430664 44.3578598022461 92.6353637695313 132.450888061523 144.589698791504 179.374992370606 191.779650878906 207.294085693359 249.741111755371 272.423175048828 277.054180908203 261.78190612793 216.278622436524 195.127780151367 182.871380615234 174.844393920898 166.679446411133 184.571185302734 195.310931396484 210.309515380859 228.971792602539 264.530792236328
39.0583286285401 39.4603172302246 38.8193996429443 38.807816696167 39.6532096862793 41.0400512695313 41.0490600585938 39.7847263336182 38.2572269439697 36.8185127258301 36.3265182495117 37.3469886779785 38.4893260955811 39.9214122772217 48.0253017425537 40.7411647796631 37.8184719085694 35.5494903564453 30.2369947433472 21.2972352981568 12.1811288833618 11.1480783462525 10.8648024559021 9.38990030288698 8.40281987190248 7.79977874755861 9.96012716293336 12.0779392242432 12.5365998268128 16.415637588501 30.7959230422974 35.439453125 37.5548583984375 92.7225166320801 151.233093261719 187.186943054199 191.52733001709 197.190191650391 205.230244445801 237.79917755127 260.648135375977 279.883807373047 284.722045898438 277.221856689453 255.314085388184 212.146086120606 197.300946044922 189.569729614258 186.704228210449 194.675727844238 202.16142578125 210.16905670166 224.31710357666 232.301336669922
39.0983997344971 38.983512878418 38.2859512329102 37.7724025726318 37.8568923950195 38.5233814239502 38.2101753234863 36.8930946350098 34.7763969421387 33.7180812835693 33.5875881195068 33.6259998321533 34.7720882415772 36.2289127349854 38.0538516998291 37.6085704803467 35.3254985809326 31.5099906921387 21.1776155471802 15.8774602890015 11.3683638572693 11.0793164253235 9.6408024787903 8.29997167587282 7.96671714782716 9.60699024200441 11.4252587318421 11.5256458282471 12.7956349372864 24.1201389312744 34.5220397949219 36.8199455261231 77.3123672485352 146.140086364746 194.206187438965 207.970190429688 211.216720581055 213.310340881348 238.53062286377 254.049691772461 270.770404052734 284.567108154297 290.925564575195 286.033993530274 270.294604492188 250.909059143066 214.516134643555 203.567700195313 200.482095336914 203.198536682129 221.272515869141 226.828903198242 241.876396179199 233.709939575195
