Rscript/monthly_maps/SnowDepthMapFile-median-1989-11.asc
ncols 320 
nrows 361 
xllcorner 618410.159 
yllcorner 5088785.286 
cellsize 100 
NODATA_value -9999 
[rows 225 to 249 of 361, columns 56 to 111 of 320]
746.058013916016 756.260986328125 779.490997314453 810.694580078125 813.209625244141 804.013580322266 808.990844726562 812.123870849609 813.778472900391 813.257995605469 809.295288085938 826.867340087891 840.332397460938 857.570953369141 864.565338134766 841.015075683594 811.661926269531 787.134399414062 767.662078857422 773.010559082031 779.289764404297 748.786407470703 749.782196044922 747.779571533203 748.597808837891 764.664947509766 781.169982910156 789.938385009766 773.040435791016 723.9931640625 701.573516845703 679.773773193359 652.681243896484 642.801574707031 646.583068847656 662.383239746094 645.500732421875 642.1259765625 635.233154296875 613.661682128906 600.593780517578 562.763671875 540.939666748047 514.963806152344 506.175109863281 485.444198608398 456.420532226562 430.119750976562 427.039901733398 427.603271484375 427.632141113281 399.80061340332 394.604766845703 386.165496826172 371.611709594727 367.29328918457
711.673278808594 714.706817626953 755.327209472656 773.449066162109 772.539611816406 778.621795654297 817.1337890625 823.185607910156 833.468597412109 840.230285644531 843.148834228516 838.299621582031 810.164794921875 824.499908447266 883.966583251953 872.077728271484 844.643920898438 806.286346435547 787.845886230469 725.816589355469 710.708526611328 707.427520751953 706.390045166016 712.767272949219 716.920501708984 756.295959472656 752.006317138672 759.178985595703 752.420562744141 742.716796875 724.817657470703 709.367004394531 683.382171630859 653.324737548828 642.934112548828 644.737121582031 658.999938964844 659.849639892578 631.523834228516 622.557464599609 601.912414550781 561.687347412109 548.144592285156 530.805999755859 502.099487304688 434.134231567383 393.925643920898 361.375 358.977523803711 359.817092895508 359.880615234375 355.296325683594 337.464782714844 322.514404296875 318.853866577148 317.532073974609
674.538024902344 683.137847900391 705.516296386719 728.148162841797 737.272064208984 741.127197265625 754.638122558594 777.766876220703 791.332855224609 781.065856933594 791.838012695312 802.141998291016 790.046234130859 796.512725830078 797.179595947266 800.613616943359 768.676300048828 731.858306884766 702.200775146484 679.546081542969 672.714508056641 670.376068115234 670.122283935547 689.886657714844 698.960144042969 706.212371826172 729.623077392578 739.615295410156 755.623291015625 741.084808349609 720.310974121094 708.031097412109 700.330261230469 682.258117675781 654.942352294922 647.509521484375 645.649871826172 643.363616943359 644.963745117188 633.646301269531 613.616577148438 575.634613037109 562.874969482422 537.299041748047 496.778564453125 423.704162597656 392.599822998047 365.790405273438 355.375030517578 312.594955444336 309.006851196289 303.951354980469 315.320053100586 315.541870117188 314.395919799805 314.834030151367
640.413452148438 664.522705078125 670.103942871094 671.943603515625 673.674285888672 674.881530761719 678.310089111328 711.415710449219 738.252868652344 742.666137695312 757.501495361328 742.91552734375 740.155914306641 715.914184570312 716.655242919922 713.952972412109 684.465057373047 652.958068847656 618.976318359375 607.511413574219 604.239410400391 624.086059570312 633.013580322266 658.066345214844 664.753234863281 688.846649169922 720.154663085938 738.337219238281 739.278869628906 726.052429199219 708.320831298828 701.039184570312 700.403930664062 691.794342041016 688.029968261719 675.425750732422 648.546020507812 648.972106933594 643.732635498047 634.27001953125 615.890411376953 584.910186767578 571.882354736328 539.593994140625 508.110778808594 433.212326049805 388.790832519531 366.857131958008 352.984451293945 344.126205444336 314.152603149414 312.814758300781 310.004943847656 308.761199951172 306.995956420898 307.228393554688
629.454071044922 633.240692138672 635.1240234375 635.597595214844 625.945098876953 627.509704589844 639.365936279297 663.505340576172 676.208404541016 677.581085205078 677.585144042969 677.575500488281 676.971099853516 669.184448242188 649.523559570312 647.788482666016 617.405303955078 603.088226318359 572.339111328125 580.916168212891 590.127990722656 614.595306396484 617.788116455078 642.577453613281 658.93701171875 683.903900146484 709.042572021484 735.967346191406 738.814849853516 710.752716064453 692.046020507812 681.115783691406 685.792846679688 694.512512207031 699.997589111328 691.059936523438 680.101745605469 675.845733642578 655.675903320312 641.640289306641 622.260375976562 609.056701660156 590.117034912109 549.225280761719 534.956787109375 456.867126464844 381.317977905273 378.421524047852 368.742034912109 343.888320922852 336.91633605957 309.638977050781 305.1904296875 303.763671875 297.653198242188 296.224578857422
585.864379882812 588.807708740234 591.214019775391 589.324890136719 587.257263183594 591.402130126953 600.395446777344 632.475616455078 639.811248779297 639.665924072266 637.302703857422 636.572540283203 637.321441650391 636.882965087891 631.089569091797 609.155395507812 599.942138671875 565.638458251953 561.283782958984 579.98974609375 600.324279785156 607.730346679688 620.833343505859 635.705902099609 649.553192138672 666.742462158203 706.273742675781 731.306335449219 735.862854003906 705.258911132812 686.979034423828 683.521179199219 683.437713623047 685.911163330078 684.696105957031 684.15185546875 683.704559326172 662.354095458984 663.372253417969 653.582366943359 640.198883056641 632.208251953125 616.368591308594 579.746948242188 542.184387207031 497.706802368164 416.910293579102 382.448120117188 366.347640991211 343.413726806641 331.092498779297 313.770523071289 307.889923095703 298.469085693359 292.8876953125 285.958435058594
559.665100097656 562.409484863281 557.664489746094 536.818542480469 534.892608642578 539.260681152344 575.242279052734 596.108428955078 602.657989501953 601.59521484375 600.031982421875 600.215209960938 601.978576660156 603.844451904297 603.975677490234 600.861053466797 591.537017822266 572.574737548828 572.592803955078 574.677215576172 599.406585693359 601.66015625 619.285919189453 623.379119873047 628.261016845703 648.200408935547 693.453491210938 722.920013427734 713.553192138672 693.336730957031 673.943267822266 681.521606445312 689.232177734375 684.184967041016 671.784912109375 659.301696777344 652.944183349609 651.360443115234 653.491119384766 653.232269287109 620.766296386719 608.906097412109 601.46142578125 563.764312744141 550.521789550781 530.401916503906 449.141494750977 380.833923339844 376.933853149414 342.431762695312 336.329864501953 328.599609375 319.947143554688 302.814163208008 298.179489135742 288.130554199219
512.909469604492 514.114898681641 516.392471313477 516.174270629883 515.564880371094 521.002410888672 531.997100830078 544.156494140625 578.272552490234 581.871032714844 577.475250244141 578.675567626953 584.172546386719 589.541931152344 591.667877197266 590.312652587891 582.8408203125 572.907043457031 567.130035400391 584.128356933594 591.617736816406 595.459075927734 600.534484863281 610.106750488281 621.948577880859 636.709594726562 671.702178955078 699.133636474609 701.37548828125 682.919708251953 681.69287109375 689.351409912109 693.224548339844 683.465850830078 662.978424072266 647.739807128906 618.002471923828 612.176635742188 612.143585205078 612.749725341797 609.783386230469 599.488098144531 581.76416015625 554.656219482422 535.46826171875 516.007705688477 440.891418457031 406.33366394043 381.119033813477 365.948654174805 341.472839355469 333.713027954102 327.513702392578 315.721206665039 308.751388549805 299.388427734375
470.909362792969 472.784912109375 474.115341186523 472.294509887695 471.995574951172 475.251037597656 482.00244140625 522.979400634766 530.593688964844 548.491485595703 531.522796630859 548.045166015625 558.531097412109 566.419555664062 572.060516357422 574.149383544922 570.720581054688 565.160339355469 557.933746337891 577.073822021484 575.975463867188 577.850250244141 584.210998535156 595.946166992188 608.937225341797 629.854614257812 661.622253417969 665.780914306641 666.259735107422 666.387115478516 686.377349853516 697.739715576172 695.172821044922 676.256591796875 660.20068359375 634.834289550781 614.639404296875 607.265258789062 604.494781494141 603.797973632812 595.969635009766 581.484832763672 553.179351806641 539.30322265625 514.404876708984 475.800689697266 432.058746337891 398.993789672852 387.258605957031 377.245895385742 352.080047607422 342.317932128906 336.817169189453 327.395767211914 309.151611328125 293.71826171875
448.378814697266 428.597717285156 430.250946044922 429.932540893555 430.30615234375 432.726196289062 454.99446105957 476.836517333984 510.88703918457 513.563446044922 513.662445068359 513.535568237305 515.549758911133 518.878204345703 537.7041015625 550.488891601562 551.174621582031 547.992401123047 545.243713378906 543.143737792969 539.839691162109 541.379760742188 547.772766113281 559.251800537109 576.027099609375 616.061309814453 628.388244628906 631.718170166016 631.678741455078 652.814544677734 676.048675537109 694.712280273438 696.934234619141 674.211181640625 649.923889160156 629.565124511719 624.564758300781 618.485382080078 611.310485839844 600.057220458984 591.736602783203 575.608184814453 551.739562988281 538.678131103516 511.936553955078 458.632888793945 402.786361694336 402.684478759766 392.867446899414 377.168167114258 374.724517822266 357.316497802734 344.3916015625 338.737976074219 318.955749511719 300.95556640625
420.232116699219 410.07421875 382.521896362305 394.495819091797 410.819412231445 415.645156860352 417.582855224609 436.097808837891 472.851577758789 493.799652099609 501.840270996094 491.933929443359 489.798294067383 495.750564575195 508.001571655273 510.120147705078 508.588973999023 507.363952636719 522.824768066406 528.341796875 527.268218994141 529.360900878906 533.455139160156 542.981170654297 559.405151367188 574.722717285156 610.707885742188 614.219085693359 615.275115966797 617.208221435547 641.501037597656 676.247772216797 693.015716552734 678.50537109375 647.887603759766 637.343170166016 620.801849365234 614.887237548828 613.676727294922 593.144317626953 588.561096191406 575.544830322266 554.050170898438 544.0849609375 507.151702880859 439.59846496582 404.367462158203 398.967926025391 399.338836669922 381.048004150391 380.617492675781 378.596496582031 365.590072631836 344.972457885742 337.677886962891 313.799133300781
397.582290649414 342.153106689453 334.12760925293 321.592987060547 325.93733215332 336.099792480469 360.855926513672 387.528274536133 430.684448242188 433.23225402832 454.140319824219 432.559036254883 432.951385498047 435.835784912109 452.768371582031 464.336486816406 468.364318847656 464.787902832031 493.83203125 497.308090209961 497.987731933594 499.958786010742 504.076538085938 509.704086303711 543.322082519531 558.256713867188 567.092315673828 571.443786621094 569.164672851562 586.869476318359 603.85546875 624.774688720703 664.3955078125 684.905029296875 659.3046875 639.290496826172 634.041259765625 624.225311279297 602.615417480469 592.230926513672 585.132934570312 567.761871337891 552.154571533203 546.047607421875 508.013549804688 445.925888061523 411.979766845703 407.086608886719 405.624710083008 399.696182250977 395.529113769531 383.294998168945 382.046203613281 363.102569580078 339.647567749023 328.828277587891
383.990432739258 354.658599853516 337.123992919922 305.01741027832 292.690689086914 286.346328735352 279.927673339844 303.410110473633 342.545623779297 385.069564819336 385.265701293945 383.595031738281 378.105194091797 385.907135009766 388.043533325195 388.801345825195 421.799819946289 425.898254394531 458.213409423828 457.183959960938 477.723968505859 487.640014648438 489.094757080078 501.932815551758 509.622131347656 543.426849365234 547.371459960938 548.459716796875 549.527893066406 552.457122802734 559.820495605469 594.196411132812 638.101196289062 672.684356689453 680.323364257812 647.481170654297 636.335235595703 629.648284912109 614.553253173828 601.995239257812 581.205261230469 554.705902099609 551.565673828125 551.467529296875 513.105087280273 468.315780639648 427.150375366211 413.15625 412.261535644531 410.910720825195 410.325424194336 406.963775634766 385.958099365234 372.141494750977 338.868270874023 327.372146606445
397.503646850586 358.327651977539 349.37043762207 311.003280639648 310.137405395508 304.338256835938 292.460830688477 264.940872192383 254.745399475098 264.126449584961 266.25341796875 260.156448364258 255.902275085449 257.247207641602 261.148483276367 267.509307861328 305.889678955078 331.094635009766 351.677047729492 383.400299072266 402.5400390625 421.550384521484 458.464126586914 468.880599975586 502.133041381836 506.869110107422 508.869934082031 509.075241088867 523.753234863281 535.514709472656 542.408020019531 554.565856933594 585.502685546875 644.526702880859 671.239685058594 673.34033203125 644.252807617188 621.699645996094 614.474670410156 607.52197265625 596.385070800781 571.686401367188 562.369079589844 557.761505126953 535.95751953125 494.967956542969 455.115707397461 430.717132568359 420.12158203125 413.922119140625 414.379577636719 409.686676025391 393.837524414062 366.964584350586 338.199234008789 329.315139770508
404.709320068359 367.753753662109 345.567291259766 318.384567260742 317.402816772461 315.80842590332 313.067138671875 287.876998901367 278.438247680664 268.199264526367 264.804168701172 261.852951049805 254.648231506348 253.551132202148 252.916542053223 256.422607421875 263.751373291016 257.659706115723 290.492294311523 314.938720703125 334.493347167969 349.191345214844 384.144241333008 429.39794921875 467.178527832031 496.932708740234 495.374481201172 485.81623840332 496.536209106445 501.953247070312 506.975280761719 512.120254516602 553.019287109375 598.925140380859 655.176849365234 671.598480224609 672.599426269531 641.011016845703 613.551086425781 618.558044433594 599.693756103516 585.845825195312 572.379760742188 566.814208984375 560.136016845703 527.782043457031 500.754913330078 466.243026733398 445.146057128906 426.349594116211 410.972732543945 406.787536621094 378.889373779297 372.343154907227 336.361892700195 333.662414550781
443.865753173828 371.561187744141 348.149215698242 340.261093139648 330.287063598633 322.575469970703 318.39826965332 318.420104980469 311.817535400391 297.834899902344 279.786819458008 263.051040649414 250.60897064209 235.042930603027 233.650924682617 234.489959716797 240.080863952637 248.439811706543 258.348175048828 278.375930786133 277.723052978516 290.221130371094 323.765930175781 355.641616821289 425.510482788086 462.714447021484 463.094497680664 460.489334106445 462.026443481445 463.298599243164 482.036865234375 505.756439208984 522.196197509766 562.057525634766 614.464904785156 660.608917236328 677.124267578125 671.235473632812 641.574676513672 619.701843261719 621.794891357422 613.989562988281 587.418548583984 572.825469970703 566.528747558594 559.775451660156 532.490386962891 505.402542114258 465.130889892578 435.526565551758 415.380020141602 407.849609375 394.445175170898 378.441390991211 354.523620605469 342.12158203125
485.730224609375 397.781600952148 362.442947387695 342.292633056641 340.069625854492 331.170867919922 328.881927490234 327.348709106445 315.901580810547 301.172576904297 299.399856567383 278.192855834961 260.952514648438 237.678520202637 218.607643127441 217.695678710938 217.860740661621 224.144859313965 230.601661682129 239.993751525879 251.761405944824 270.902389526367 273.777801513672 318.364608764648 353.153244018555 384.304092407227 385.240936279297 383.834182739258 386.069351196289 421.739517211914 464.075469970703 466.623596191406 511.818740844727 545.855438232422 569.44970703125 616.156799316406 658.843353271484 674.491271972656 671.101226806641 644.463928222656 633.921691894531 625.151702880859 607.757110595703 583.393096923828 569.921844482422 564.387329101562 557.085327148438 527.482360839844 487.564895629883 452.82829284668 418.191635131836 411.839050292969 401.458847045898 385.722381591797 377.281661987305 340.795013427734
501.293350219727 453.747985839844 377.447677612305 362.612213134766 353.305114746094 342.928024291992 338.340454101562 334.552993774414 328.070205688477 319.415634155273 299.078079223633 281.702331542969 271.634582519531 253.550689697266 232.260650634766 205.052795410156 201.27645111084 201.137725830078 206.719741821289 213.998168945312 227.642601013184 239.435440063477 258.894180297852 283.854248046875 310.511306762695 324.938079833984 343.269775390625 336.327117919922 351.776748657227 355.57112121582 406.561431884766 470.181991577148 500.241806030273 514.411376953125 549.361694335938 566.804595947266 613.785003662109 655.657623291016 660.241882324219 669.049957275391 644.244384765625 634.028045654297 620.179260253906 595.619659423828 578.131469726562 569.929870605469 564.807037353516 556.812774658203 523.716033935547 489.874664306641 452.584396362305 420.710876464844 413.591857910156 401.126113891602 386.32829284668 377.923721313477
527.368804931641 493.530181884766 423.532028198242 373.734466552734 376.636932373047 365.667587280273 357.292144775391 344.249740600586 319.946426391602 301.809188842773 293.119720458984 282.529190063477 270.389144897461 250.537231445312 244.841979980469 219.423789978027 194.753814697266 188.950370788574 187.73900604248 191.698829650879 201.663116455078 216.833045959473 235.062408447266 257.480941772461 283.820068359375 287.782028198242 295.592330932617 296.715423583984 301.820693969727 333.460113525391 356.581649780273 427.364440917969 493.335983276367 503.863357543945 512.907669067383 544.426208496094 565.001678466797 607.045623779297 632.908508300781 657.359497070312 656.612976074219 650.579864501953 635.750122070312 624.043640136719 596.494445800781 582.916412353516 572.565643310547 565.810211181641 558.958251953125 529.820129394531 497.004440307617 460.008056640625 427.289566040039 415.661254882812 400.528472900391 385.426620483398
543.511474609375 496.077667236328 466.341827392578 411.048156738281 397.894256591797 385.282531738281 380.273971557617 367.440567016602 344.581436157227 305.778305053711 295.659637451172 283.137908935547 269.614547729492 253.549011230469 244.146308898926 232.178871154785 217.706352233887 195.843086242676 183.592010498047 178.904907226562 185.420021057129 193.775970458984 209.98201751709 232.656867980957 250.512687683105 270.590347290039 283.62873840332 290.399139404297 303.704544067383 304.508163452148 355.229064941406 395.093627929688 462.093185424805 466.675323486328 496.579086303711 511.641143798828 543.779846191406 561.321716308594 588.222045898438 603.909698486328 638.387145996094 639.780090332031 659.575439453125 640.207550048828 626.620483398438 595.472045898438 583.152984619141 573.626251220703 568.425964355469 564.107086181641 542.906463623047 522.840148925781 473.515426635742 420.302810668945 410.383499145508 396.514663696289
543.729400634766 516.329864501953 496.40869140625 461.945785522461 442.762634277344 447.118515014648 462.540924072266 454.664794921875 397.835739135742 336.707992553711 303.184417724609 286.440307617188 268.979904174805 251.703994750977 245.094123840332 237.757362365723 211.038948059082 210.046401977539 190.628425598145 172.581199645996 173.363388061523 178.369499206543 188.050315856934 205.823013305664 226.182205200195 234.534049987793 244.772369384766 269.282257080078 285.465057373047 302.546813964844 318.322769165039 358.178527832031 387.97038269043 429.20556640625 468.790664672852 496.359924316406 511.348739624023 511.779418945312 542.859069824219 553.694946289062 582.429351806641 603.261047363281 635.170593261719 646.714691162109 656.361663818359 632.645141601562 600.302185058594 586.146606445312 579.453674316406 573.710998535156 567.816192626953 545.869415283203 502.903106689453 446.018249511719 408.035263061523 397.212448120117
561.635772705078 540.731719970703 527.951538085938 512.208282470703 496.199157714844 502.539031982422 517.255981445312 513.800384521484 492.606491088867 425.206024169922 335.791961669922 297.371002197266 280.56005859375 255.845138549805 238.498779296875 231.167182922363 227.341934204102 210.035018920898 195.688087463379 185.315200805664 167.097045898438 167.827224731445 172.165618896484 181.240104675293 197.224250793457 212.945953369141 222.087554931641 245.519630432129 263.061370849609 284.483184814453 294.200836181641 307.110656738281 328.381713867188 354.230316162109 396.878601074219 467.817138671875 493.144073486328 500.159271240234 503.005264282227 509.122802734375 512.47004699707 546.839019775391 585.128875732422 619.929046630859 648.258758544922 657.526672363281 633.40771484375 604.630798339844 591.252716064453 584.566650390625 574.896667480469 563.341339111328 525.466217041016 454.695739746094 414.670364379883 396.845596313477
590.645629882812 571.49169921875 555.4619140625 534.41943359375 530.010772705078 537.697479248047 559.772430419922 560.009643554688 529.76904296875 475.169906616211 391.379760742188 325.092315673828 287.668395996094 264.196029663086 244.775772094727 231.076667785645 220.355400085449 212.708763122559 211.63370513916 187.336761474609 180.231086730957 162.791328430176 161.20581817627 167.606163024902 176.021179199219 190.589859008789 207.231658935547 221.577751159668 243.399459838867 263.083755493164 283.481414794922 293.608367919922 290.048965454102 310.887435913086 358.047561645508 393.900268554688 456.253158569336 467.354309082031 467.031387329102 468.990692138672 492.062911987305 507.523056030273 537.973846435547 584.134338378906 627.622375488281 658.521362304688 656.406768798828 637.233917236328 625.554595947266 599.206207275391 580.923034667969 565.868286132812 528.35498046875 483.731887817383 419.321411132812 403.577590942383
602.907257080078 592.148651123047 571.834991455078 561.929870605469 560.627166748047 562.307281494141 592.531585693359 583.409240722656 565.970672607422 514.338256835938 455.908721923828 346.352325439453 290.767837524414 279.640365600586 258.150329589844 240.474739074707 226.897232055664 211.295616149902 203.602684020996 196.651840209961 184.058891296387 175.124298095703 158.512084960938 158.271667480469 166.270492553711 175.759979248047 192.299346923828 209.788475036621 223.558364868164 239.540306091309 253.698585510254 271.330123901367 286.770782470703 300.10009765625 309.921722412109 356.551696777344 370.661758422852 390.172348022461 406.594528198242 427.546905517578 464.955078125 494.796463012695 514.088836669922 552.820526123047 604.295959472656 638.029418945312 664.304931640625 664.629852294922 640.189819335938 624.45556640625 584.272399902344 566.430847167969 539.236663818359 489.207015991211 444.629440307617 405.39421081543
609.026550292969 607.944396972656 596.469055175781 579.987548828125 576.305084228516 595.181427001953 612.979736328125 617.382781982422 578.82861328125 520.401153564453 470.735137939453 354.400268554688 302.803527832031 293.387634277344 278.23583984375 255.853355407715 237.364402770996 217.911842346191 202.037353515625 194.506782531738 189.893684387207 180.576446533203 166.815414428711 157.211143493652 158.789085388184 165.850807189941 178.998435974121 195.913162231445 211.918762207031 221.83625793457 233.494323730469 252.648300170898 268.016174316406 284.69416809082 300.079406738281 307.301132202148 328.365341186523 355.814895629883 357.775817871094 360.028381347656 393.371002197266 470.927520751953 512.05078125 539.392517089844 576.777191162109 607.994018554688 647.033935546875 649.319610595703 661.053192138672 631.787261962891 586.303070068359 555.268646240234 529.540924072266 481.604400634766 424.477386474609 398.512176513672
