Rscript/monthly_maps/SnowDepthMapFile-median-1990-02.asc
ncols 320 
nrows 361 
xllcorner 618410.159 
yllcorner 5088785.286 
cellsize 100 
NODATA_value -9999 
[rows 216 to 239 of 361, columns 159 to 211 of 320]
524.704650878906 593.710998535156 597.767364501953 566.622619628906 519.782623291016 487.087677001953 465.208557128906 420.116760253906 408.519714355469 407.497833251953 406.110778808594 420.75764465332 430.0166015625 440.451202392578 391.251251220703 339.401138305664 348.804183959961 335.069961547852 341.685256958008 359.117904663086 391.717620849609 419.782318115234 437.481674194336 459.314147949219 495.312652587891 548.410064697266 612.005889892578 668.995056152344 713.991973876953 763.181854248047 812.797912597656 819.039215087891 763.234161376953 656.359802246094 565.38330078125 484.650512695312 371.01513671875 290.933532714844 283.879608154297 304.908248901367 326.459350585938 355.952407836914 397.886001586914 456.717590332031 490.194107055664 503.340179443359 481.665176391602 480.569885253906 439.170272827148 397.042694091797 374.303970336914 369.956878662109 349.872009277344
554.916961669922 628.388702392578 642.791900634766 620.811340332031 557.369384765625 500.282669067383 450.201858520508 421.558776855469 406.354537963867 385.11653137207 386.450988769531 399.859802246094 403.69010925293 385.961547851562 342.631927490234 319.926071166992 315.010437011719 324.835784912109 347.761459350586 357.214569091797 395.021072387695 423.618835449219 451.667877197266 500.139007568359 569.816131591797 634.064117431641 695.360565185547 730.787567138672 755.187683105469 784.036468505859 813.426879882812 754.490844726562 675.103607177734 566.348724365234 492.663848876953 330.8125 293.542373657227 251.853813171387 234.558113098145 261.107650756836 296.462677001953 332.252532958984 351.904586791992 384.278579711914 367.397369384766 345.606109619141 331.317764282227 314.695556640625 295.840194702148 292.203369140625 313.204208374023 320.694961547852 347.700546264648
531.698577880859 649.462310791016 677.601104736328 669.978820800781 603.020904541016 505.07731628418 446.01432800293 416.983352661133 406.073013305664 367.503234863281 367.052703857422 364.9462890625 363.172439575195 342.030166625977 320.848159790039 321.145065307617 291.925811767578 287.977569580078 329.68669128418 368.984512329102 397.410217285156 436.736633300781 480.915130615234 563.995330810547 643.410858154297 698.246978759766 738.141845703125 761.244384765625 757.984100341797 787.948364257812 728.740631103516 656.718444824219 580.406372070312 483.278564453125 341.042816162109 289.66813659668 274.405303955078 210.012222290039 210.601829528809 210.808639526367 255.925193786621 283.168807983398 320.884750366211 322.771026611328 314.358245849609 306.436294555664 272.298065185547 242.894477844238 255.497901916504 246.294929504395 273.621490478516 299.518646240234 284.854064941406
492.723510742188 621.685333251953 682.10693359375 688.264434814453 619.491760253906 511.515090942383 444.22624206543 421.630767822266 390.936233520508 368.183700561523 347.288513183594 345.663284301758 322.974319458008 341.588943481445 301.23176574707 279.696014404297 294.467681884766 290.150161743164 321.443664550781 347.489349365234 404.623672485352 444.657669067383 514.92643737793 610.051483154297 680.351226806641 732.252990722656 731.225830078125 752.792449951172 750.70068359375 706.968475341797 643.333831787109 570.136962890625 485.750717163086 349.484069824219 295.471832275391 274.314407348633 256.167182922363 209.215744018555 206.999504089355 200.23949432373 209.200538635254 213.150840759277 254.021995544434 271.880493164062 248.882095336914 250.301170349121 217.854270935059 211.517364501953 212.254440307617 207.526969909668 216.493835449219 232.807891845703 233.974052429199
443.523788452148 596.422973632812 681.486358642578 684.847076416016 628.671722412109 511.947570800781 445.016952514648 421.66162109375 392.433990478516 369.164794921875 352.094360351562 328.520736694336 304.089370727539 293.550476074219 276.456985473633 255.033180236816 249.91438293457 299.983444213867 319.053375244141 349.104507446289 405.808959960938 455.584609985352 554.763366699219 638.720062255859 679.743438720703 711.479736328125 715.294250488281 686.112091064453 668.452423095703 604.372009277344 553.658782958984 448.422424316406 346.992874145508 298.846801757812 277.843994140625 251.971122741699 218.420120239258 212.311889648438 208.980247497559 184.981048583984 188.823341369629 194.942909240723 212.410247802734 212.195640563965 204.165985107422 193.162742614746 189.317054748535 188.320152282715 193.092124938965 201.495132446289 212.877716064453 207.633567810059 207.905578613281
430.719100952148 570.809906005859 684.400756835938 682.850555419922 636.076751708984 520.043701171875 454.522979736328 429.437622070312 397.953765869141 383.848236083984 347.023193359375 298.86735534668 282.150588989258 255.117080688477 252.389945983887 252.239654541016 249.543952941895 270.799179077148 304.224853515625 353.580261230469 402.051803588867 468.530792236328 567.035369873047 638.339080810547 678.643707275391 687.368408203125 650.281860351562 603.652435302734 550.653961181641 489.992065429688 392.974670410156 345.670013427734 316.855102539062 264.173614501953 252.369583129883 217.337394714355 217.484107971191 211.485717773438 204.985900878906 181.559158325195 177.89867401123 183.440643310547 191.648010253906 192.168762207031 182.286697387695 168.086921691895 164.762809753418 169.730590820312 176.882164001465 181.027626037598 186.378952026367 188.71858215332 187.732391357422
469.122406005859 595.666534423828 684.401214599609 686.686706542969 637.382690429688 549.594665527344 485.830078125 444.646530151367 409.846496582031 385.954116821289 340.411514282227 286.509918212891 251.282066345215 251.768798828125 242.022537231445 243.919075012207 252.056602478027 259.655738830566 303.647903442383 356.683624267578 417.888931274414 487.586578369141 577.479827880859 620.073059082031 643.786041259766 611.583953857422 560.846160888672 474.031204223633 372.949310302734 343.810089111328 312.170974731445 296.695236206055 251.695678710938 214.945648193359 215.402603149414 206.840812683105 209.028511047363 214.478202819824 194.948257446289 184.837089538574 176.972465515137 175.724021911621 177.085571289062 175.94408416748 157.030242919922 143.820747375488 142.379280090332 143.459121704102 147.354820251465 150.804702758789 153.779937744141 156.894393920898 167.543640136719
494.285568237305 600.130035400391 683.999633789062 691.709869384766 664.869354248047 589.839050292969 510.533660888672 459.314544677734 422.392761230469 379.868118286133 318.644241333008 272.694244384766 253.926460266113 232.390426635742 227.6826171875 224.541664123535 232.754440307617 237.896469116211 303.979339599609 346.927658081055 411.270812988281 471.401763916016 551.253814697266 602.729553222656 599.142913818359 529.321044921875 459.756423950195 376.17610168457 315.093063354492 288.97282409668 252.567588806152 251.946113586426 216.405937194824 199.978607177734 193.376907348633 190.070838928223 190.287139892578 188.968307495117 186.386154174805 179.001541137695 164.848129272461 165.193046569824 157.709884643555 146.583389282227 137.309288024902 125.761161804199 121.692207336426 124.155513763428 123.981777191162 123.838424682617 120.37813949585 124.438835144043 128.312110900879
524.140350341797 608.514434814453 665.080993652344 688.824066162109 678.581512451172 627.3408203125 539.253326416016 467.758377075195 410.966156005859 360.891891479492 291.503768920898 257.870101928711 234.767372131348 225.267539978027 230.028175354004 223.619956970215 226.904098510742 230.950462341309 294.628540039062 345.241134643555 409.773559570312 438.579940795898 484.161758422852 511.852615356445 488.746154785156 428.337371826172 368.346069335938 315.667877197266 277.017074584961 237.119819641113 208.176864624023 193.558776855469 189.11083984375 181.520683288574 174.039031982422 167.603668212891 164.170677185059 164.631202697754 165.94571685791 166.429077148438 153.257553100586 133.795841217041 126.514209747314 124.145027160645 110.966636657715 92.310977935791 73.7328586578369 70.4455947875977 64.6372528076172 63.0501918792725 63.8882484436035 68.5199432373047 73.0204658508301
508.936004638672 579.767333984375 646.002624511719 665.509857177734 666.477203369141 639.346405029297 549.985107421875 438.620391845703 388.535385131836 318.772750854492 268.728225708008 235.129165649414 224.124839782715 224.333213806152 217.681365966797 216.355972290039 215.643325805664 225.023704528809 284.947402954102 353.891586303711 396.247406005859 420.720779418945 425.762680053711 425.671844482422 417.836151123047 370.953018188477 322.001129150391 274.442108154297 212.760292053223 196.349075317383 186.482276916504 168.688301086426 157.499992370605 150.898712158203 145.207176208496 140.944000244141 132.430152893066 130.646800994873 131.98331451416 124.25382232666 112.671131134033 94.0961265563965 73.8618774414062 67.6013603210449 50.6267261505127 27.3189840316772 21.0201568603516 10.0337100028992 0 0 0 0 1.76085352897644
485.784637451172 565.419311523438 621.075836181641 642.057281494141 644.208892822266 608.439605712891 501.851379394531 405.8125 348.771469116211 305.450958251953 229.422027587891 230.749633789062 216.260292053223 214.618980407715 213.215950012207 213.71053314209 215.241233825684 225.188270568848 285.256790161133 347.645034790039 373.675674438477 391.986068725586 409.330947875977 389.441818237305 358.019027709961 318.0634765625 280.970596313477 215.170532226562 199.880439758301 180.174942016602 156.958969116211 142.834373474121 136.554000854492 128.344993591309 123.591197967529 117.245643615723 97.6419677734375 86.2093849182129 80.4330825805664 71.5000190734863 56.1260833740234 28.4410552978516 17.0500860214233 0 0 0 0 0 0 0 0 0 0
483.518844604492 542.922393798828 606.558319091797 610.899841308594 598.50732421875 554.833984375 447.284439086914 375.156143188477 319.780517578125 262.810195922852 232.653266906738 215.843551635742 212.425628662109 209.25545501709 204.416328430176 207.531768798828 211.647560119629 229.103523254395 273.442794799805 334.506729125977 342.466918945312 364.029571533203 360.297882080078 347.131439208984 314.721862792969 277.947875976562 217.712844848633 209.796798706055 185.796028137207 157.623306274414 141.079513549805 125.715538024902 115.430751800537 95.0671081542969 75.0741920471191 60.8299694061279 45.2670497894287 24.6454257965088 19.3894481658936 0 0 0 0 0 0 0 0 0 0 0 0 0 0
493.862319946289 545.061492919922 581.956726074219 574.524261474609 538.441375732422 466.729965209961 416.021591186523 348.077438354492 304.2783203125 246.959121704102 221.856025695801 213.038421630859 213.704734802246 208.335182189941 194.621803283691 209.723403930664 209.52042388916 221.477432250977 259.241348266602 282.617126464844 318.323791503906 341.491012573242 320.216293334961 290.83757019043 273.883422851562 216.44603729248 214.430946350098 187.381004333496 160.467582702637 143.396217346191 125.049205780029 79.9441146850586 64.4223079681396 33.0119123458862 12.3853344917297 0 0 0 0 0 0 0 0 0 0 0 0 0 0 0 0 0 0
508.395660400391 576.611785888672 583.133544921875 540.350402832031 503.670471191406 434.392486572266 368.579635620117 326.118988037109 283.971069335938 232.283248901367 217.61255645752 215.0810546875 205.678298950195 194.603401184082 187.696075439453 196.930046081543 212.306953430176 216.712776184082 233.216697692871 235.56999206543 259.802825927734 266.499160766602 266.157028198242 236.320899963379 217.787208557129 212.917755126953 190.583465576172 166.618431091309 145.732055664062 126.777294158936 79.7499885559082 38.4201316833496 0 0 0 0 0 0 0 0 0 0 0 0 0 0 0 0 0 0 0 0 0
517.877990722656 588.308868408203 592.777587890625 535.206237792969 488.294677734375 429.080947875977 382.955459594727 312.719909667969 270.141998291016 231.312545776367 215.793769836426 214.114440917969 197.788589477539 190.942054748535 187.771110534668 187.813865661621 196.967514038086 205.556274414062 209.979614257812 213.74698638916 214.642486572266 214.920013427734 217.726448059082 214.837371826172 212.65062713623 192.186752319336 166.500099182129 148.163749694824 130.355407714844 81.4426803588867 32.6877498626709 0 0 0 0 0 0 0 0 0 0 0 0 0 0 0 0 0 0 0 0 0 0
542.627380371094 591.353607177734 602.1884765625 556.792388916016 506.419860839844 446.737899780273 387.796478271484 328.154556274414 265.849578857422 236.267967224121 216.412185668945 215.092216491699 195.266090393066 189.316635131836 179.661422729492 180.714042663574 182.343780517578 189.46711730957 195.153648376465 202.294738769531 209.373588562012 210.578147888184 209.92854309082 206.331504821777 189.295883178711 172.550254821777 150.427474975586 134.670825958252 84.7268943786621 34.7922506332397 0 0 0 0 0 0 0 0 0 0 0 0 0 0 0 0 0 0 0 0 0 0 0
547.890380859375 613.901458740234 606.744415283203 575.829742431641 518.8603515625 453.908050537109 389.67219543457 346.230926513672 271.88508605957 232.58129119873 216.653076171875 214.729034423828 195.790435791016 188.673332214355 176.641014099121 169.125663757324 163.925239562988 170.703392028809 180.212028503418 184.766372680664 190.130676269531 192.084136962891 190.846199035645 184.593643188477 169.854904174805 147.616958618164 133.696376800537 85.123233795166 38.2679538726807 0 0 0 0 0 0 0 0 0 0 0 0 0 0 0 0 0 0 0 0 0 0 0 0
537.164215087891 580.624481201172 578.793853759766 539.501617431641 481.010650634766 438.991516113281 410.522933959961 364.37370300293 290.918090820312 234.177070617676 219.454460144043 210.910682678223 200.593482971191 188.20206451416 178.029052734375 163.396690368652 148.670379638672 143.289451599121 159.236450195312 169.768913269043 177.835929870605 179.216506958008 175.597106933594 162.536415100098 141.871559143066 126.464977264404 80.9105453491211 34.3658046722412 0 0 0 0 0 0 0 0 0 0 0 0 0 0 0 0 0 0 0 0 0 0 0 0 0
526.458160400391 522.29150390625 496.861190795898 476.233993530273 437.721374511719 421.202941894531 387.863311767578 361.391738891602 300.603118896484 236.931777954102 221.304862976074 212.240699768066 201.135025024414 191.580986022949 172.025276184082 137.173805236816 120.914558410645 118.729637145996 124.785930633545 140.787567138672 151.676193237305 147.80101776123 137.485496520996 128.599384307861 112.297397613525 77.9727439880371 26.8387699127197 0 0 0 0 0 0 0 0 0 0 0 0 0 0 0 0 0 0 0 0 0 0 0 0 0 0
462.137069702148 440.062942504883 419.331817626953 399.292266845703 371.383102416992 343.561645507812 350.736267089844 324.023696899414 290.204696655273 229.722900390625 217.214149475098 215.113655090332 195.213874816895 185.703186035156 154.72989654541 130.116031646729 102.026817321777 76.0020980834961 94.8506622314453 94.0551986694336 96.9047164916992 92.1167297363281 78.0584678649902 69.8287143707275 47.5531482696533 3.4859619140625 0 0 0 0 0 0 0 0 0 0 0 0 0 0 0 0 0 0 0 0 0 0 0 0 0 0 0
416.311233520508 407.391525268555 362.805023193359 342.876983642578 316.423355102539 287.829956054688 277.95036315918 265.74235534668 239.528831481934 234.655426025391 213.242408752441 199.32691192627 188.042594909668 174.917503356934 141.38444519043 94.2802619934082 59.1393184661865 29.5632705688477 25.5025215148926 26.8259477615356 26.5804691314697 21.1656293869019 2.64987707138062 0 0 0 0 0 0 0 0 0 0 0 0 0 0 0 0 0 0 0 0 0 0 0 0 0 14.4125189781189 30.5377531051636 31.5201768875122 32.3211441040039 31.9436140060425
365.46223449707 368.73193359375 347.558990478516 308.813232421875 277.703506469727 218.493515014648 212.342468261719 209.113075256348 211.245445251465 212.822334289551 199.898727416992 182.750366210938 158.393905639648 133.09300994873 91.061092376709 43.5018157958984 3.33487510681152 0 0 0 0 0 0 0 0 0 0 0 0 0 0 0 0 0 0 0 0 0 0 0 0 0 0 0 23.8003664016724 52.7305164337158 75.3907623291016 101.29222869873 120.910488128662 131.421775817871 133.676010131836 134.151412963867 130.81404876709
310.842483520508 339.643264770508 294.374221801758 273.409545898438 217.685485839844 209.083442687988 202.73900604248 189.608528137207 190.111923217773 191.127029418945 181.253860473633 152.235427856445 125.206424713135 75.8063354492188 25.7477159500122 0 0 0 0 0 0 0 0 0 0 0 0 0 0 0 0 0 0 0 0 0 0 0 0 0 0 0 31.0779609680176 83.4764747619629 125.691993713379 139.326934814453 154.707366943359 164.152458190918 178.880882263184 181.712821960449 183.153800964355 180.440040588379 179.492286682129
240.500312805176 251.883888244629 219.086059570312 215.354507446289 213.969123840332 194.638969421387 182.633003234863 174.875015258789 164.092208862305 162.994117736816 144.858459472656 124.59411239624 69.5069885253906 0 0 0 0 0 0 0 0 0 0 0 0 0 0 0 0 0 0 0 0 0 0 0 0 0 0 0 30.4136447906494 78.5632057189941 127.970691680908 161.607528686523 178.420402526855 183.583679199219 185.905944824219 186.556488037109 194.317695617676 200.809455871582 197.937896728516 198.145980834961 198.736473083496
