Rscript/monthly_maps/SnowDepthMapFile-mean-1990-01.asc
ncols 320 
nrows 361 
xllcorner 618410.159 
yllcorner 5088785.286 
cellsize 100 
NODATA_value -9999 
[rows 253 to 275 of 361, columns 212 to 264 of 320]
126.371574155746 134.634608853248 149.505669870684 147.548562818958 142.362495176254 139.040263514365 140.448714225523 135.631984833748 125.546705430554 94.5885291561004 65.0129024751725 44.9417575713127 44.1502947653494 43.7073498387491 43.1522453061996 42.3902362700432 41.6482412276729 40.8791339012884 40.015064239502 38.783914073821 36.3723374643633 31.0359200200727 26.558479309082 22.0754243020088 13.4782897618509 7.76562846187622 5.58677636423419 3.63337024565666 2.51027820956322 2.10223807058027 1.65539913792764 1.21523509487029 0.927433982972176 0.593286160499819 0.396921680819604 0.874517533086961 0.828118201225035 0.604971378080307 0.529714153658959 0.453079346687563 0.384490636087233 0.341053062869656 0.327549011476578 0.322798352087698 0.302417024489372 0.257886102122645 0.212415587517523 0.168715446226058 0.104418962232528 0 0 0 0
90.1687527318155 109.091538336969 114.868484866235 113.113930609918 110.036672038417 107.569356241534 109.614970914779 107.673847198486 91.3658048568233 66.8438181108044 44.7757885840631 43.4670658726846 42.6764516522807 42.2193055921985 41.90319701164 41.3971456712292 40.7135225111438 39.8447399139404 39.0554187528549 37.2346415365896 33.0960175914149 29.1078481674194 26.7443240688693 20.389675909473 13.3868319603705 8.13358054334117 5.9255500301238 3.99203146657636 2.59023943255025 2.15429933609501 1.70524997095908 1.23564863204956 0.937735142246369 0.603730309394098 0.41506128926431 0.67939567565918 0.853695930973176 0.6227965201101 0.549868722115794 0.491573302976547 0.450318274959441 0.433040603514641 0.432366463445848 0.431138623145319 0.413726714349562 0.374591612046765 0.322487815733879 0.256269001191662 0.152563552702627 0 0 0 0
57.9526691282949 67.5474722462316 73.0295208346459 71.2430971207157 63.529530186807 62.2065092825121 58.9022979736328 55.9287798020148 45.4950368327479 44.5597558790638 43.3207664489746 42.1983861615581 41.44781063449 41.0298570202243 40.7471527591828 40.3674780937933 39.7731984046198 39.3031351643224 37.8189238271406 35.3164359677222 31.7921775079543 28.5673460345114 26.994730241837 21.9050801646325 15.3597977392135 9.41571739796669 6.55245491766161 4.32731800694619 2.63288165676978 2.1400571638538 1.64011795290055 1.19399721391739 0.907424665266468 0.589810202198644 0.443206602527249 0.733722117639357 0.792272629276399 0.689342021942139 0.582465464068997 0.531263397585961 0.496073507493542 0.477246176811957 0.466711336566556 0.453280172040386 0.428642011457874 0.384600877761841 0.318120279619771 0.220866864727389 0 0 0 0 0
45.1686526883033 45.2368752264207 45.290770007718 45.1641027389034 44.7216216056578 44.2525697523548 43.6556918236517 43.2977911426175 42.8788363549017 42.6626503236832 41.9380137535834 41.2036953587686 40.6129502327211 40.0694892021918 39.6491072254796 39.2573802701889 38.8662825553648 37.8883236300561 36.6762150179955 34.7477339467695 32.1188565838722 29.8671807319887 27.8102322547666 24.8426132355967 18.0754412835644 11.0808395378051 7.05680527225617 4.55978615053238 2.651762993105 2.10889277919646 1.55871311310799 1.15332083548269 0.8581772927315 0.563065398123957 0.477883538892192 0.593455622273107 0.890535108504757 0.768741592284172 0.613395383281092 0.558762488826629 0.510932922363281 0.469620489305066 0.431594633286999 0.393373443234351 0.348357969714749 0.287073196903352 0.201519681561378 0 0 0 0 0 0
45.6399402003134 44.2300287062122 43.5702043348743 43.3705173615486 43.1678093940981 42.7795762092836 42.1585514929987 41.7835758578393 41.3743101550687 41.1963819688366 40.859376968876 40.478282805412 39.717811153781 39.0151517929569 37.9309830204133 36.794803988549 36.138520702239 35.6859652611517 35.3979230696155 34.4675055473081 32.9053025707122 30.9673208728913 28.8535306069159 26.8434686814585 19.9518273338195 11.8896981439283 7.2716559133222 4.64297300769437 2.65746559635285 2.09479052020657 1.53813811271421 1.13977273817985 0.841193476030903 0.585841309639715 0.455914574284707 0.601188875013782 0.907561609821935 0.78847171414283 0.616594929848948 0.552107703301214 0.487741562627977 0.424173693503103 0.358513170673001 0.292616798031715 0.22129964059399 0 0 0 0 0 0 0 0
46.5208970346758 44.7444589676396 43.2975119313886 42.726261631135 42.5231691175891 42.2910301454606 41.8868368825605 41.4289277599704 41.0148053323069 40.6322850873393 40.1976546625937 39.6877038401942 38.7563808810326 36.8732773565477 34.840821789157 33.2193080532935 32.6683880590623 32.5265606295678 32.8937012764715 32.8798434965072 32.4286677145189 30.4827978072628 28.7316333401588 26.6465697134695 19.2467905475247 11.4329850385266 7.04507200179561 4.50784941642515 2.62893904409101 2.09618753002536 1.55675211260396 1.1648655245381 0.861202532245267 0.590865704321092 0.417135084829023 0.785936940100885 0.852678422004946 0.749556587588402 0.601851755572903 0.530184699643043 0.454282083818989 0.375349552400651 0.288382830158357 0.191393125441767 0 0 0 0 0 0 0 0 0
45.5589328888924 44.9224833826865 43.9640772419591 43.1216548796623 42.7665669841151 42.5370965773059 42.1648099345546 41.7054738690776 41.0547885894775 40.2209230238391 39.5176173794654 38.3190085503363 36.2045853522516 33.6236826988959 31.7599555907711 30.3390669515056 30.2440641464726 30.1521577835083 30.3223213380383 30.2391726893763 30.2673113730646 28.9920726283904 27.7229775767173 24.6132815884006 17.2334325005931 10.1839082125695 6.58692181494928 4.27669439008159 2.58440712959536 2.10124378819619 1.59110663014074 1.19660406727945 0.931084148345455 0.591679757641208 0.409040943268807 0.739552651682208 0.777408230689264 0.69319305112285 0.578584348001788 0.499986094813193 0.419135616671654 0.339776908197711 0.248675523265716 0 0 0 0 0 0 0 0 0 0
44.954039419851 44.3199909579369 43.9012110310216 43.3774994880922 42.9319875163417 42.4781012996551 42.0660265030399 41.4911721137262 40.5803426927136 39.4479920171922 37.8772359048167 35.7278787551388 33.3140014525383 31.260441318635 29.4674303608556 29.1430304434992 28.7411542707874 28.5390952171818 28.5138583337107 28.3315148815032 27.9451353934503 27.1395849873943 25.4089362544398 21.0467995982016 14.5840874718082 8.61993140559043 6.05276575396138 4.03510358256678 2.56252577997023 2.1037025759297 1.62447074151808 1.23237316070064 0.942317270463513 0.674463641258978 0.438156712439752 0.712179860761089 0.866296245205787 0.659851243419032 0.568686408381308 0.489021270505844 0.406987251773957 0.325995683670044 0.225498491717923 0 0 0 0 0 0.136311488766824 0.162606389291825 0 0 0
44.7523798788747 43.7954966637396 43.4398585904029 43.0727957448652 42.7096353346302 42.2298657817225 41.6178542721656 40.854923248291 39.7409819326093 38.1559394713371 35.9676114974483 33.3695240636026 31.4034813604047 29.599778667573 28.9540261914653 28.6253075445852 27.3113253193517 26.5047384692777 26.1466623275511 25.5369441739974 24.4753074030722 22.7335195849019 20.1287117004395 16.298114415138 11.4730462931818 7.70716379150268 5.70591551257718 3.84638669413905 2.55544084118259 2.11647716645272 1.65866531864289 1.27641237935712 0.938576290684362 0.651240071942729 0.462277227832425 0.702320314222767 0.850178072529454 0.654632599123063 0.56847833818005 0.489084074574132 0.403398698376071 0.311454580676171 0.198295447134203 0 0 0 0 0.190201543992566 0.255138874053955 0.268448998851161 0.220027639019874 0 0
44.9625363503733 43.7747791659447 43.1832738076487 42.8803384842411 42.4033904537078 41.6950460249378 40.9764276319934 39.977720568257 38.6521212670111 36.7979034916047 34.2894287724649 32.0078408948837 30.54207727986 29.2747035488006 28.2438543996503 26.1391269776129 24.113784897712 22.638679458249 21.4891265284631 19.9110090117301 18.0055508536677 16.1462971395062 14.2823258715291 11.6021919212034 8.61350441555823 7.01416729342553 5.23329433318107 3.68896865844727 2.55854969639932 2.13586665738013 1.70225097287086 1.3064406148849 0.970527918108048 0.658841140808598 0.447260133681759 0.625409926137617 0.833622255632954 0.64484808521886 0.569056172524729 0.496652403185445 0.406204069814374 0.291126874185378 0.158274189118416 0 0 0 0.217318642523981 0.303936089238813 0.343964038356658 0.342702188799458 0.301998784465175 0.206278924019106 0
45.3056966720089 44.0009023604854 43.2097265182003 42.656503492786 42.0050571810815 41.2596087301931 40.1001829947195 38.952522277832 37.66077767649 35.8453896430231 33.4748008481918 31.2366403456657 29.6532646609891 28.8719900808027 27.5098544243843 24.1747325466525 21.0848521494096 18.2032570377473 16.3066931001602 14.51653503218 12.2825557224212 10.6167562007904 9.00850703254823 7.9321394735767 7.18227878693611 5.90959721226846 4.66839882635301 3.4554617481847 2.55031868719286 2.16237508097003 1.76244803397886 1.33759429377894 0.984488887171591 0.644296284644834 0.385943843472388 0.823784212912283 0.80507690675797 0.628988604391775 0.563324436064689 0.494258511450983 0.394477936529344 0.261000671694356 0 0 0 0.200909314617034 0.320296456736903 0.38740211917508 0.403068665535219 0.389325880235241 0.347745480075959 0.256971589980587 0.148921355124443
45.6493804685531 44.3771082970404 43.3260502969065 42.5415810615786 41.6937254628827 40.6895280653431 39.148988416118 37.9027805943643 36.4561100621377 34.728373312181 32.6786257220853 30.6843930213682 29.581698079263 28.6458588569395 26.5009142814144 22.6071725660755 18.1038474498257 14.8797607191147 12.1518138031806 10.2513557153363 8.49259278178215 7.50584803858111 6.8855107215143 6.19829239383821 5.55635156939107 4.73749025406376 3.9199818026635 3.07185056132655 2.52216775955692 2.18371886591757 1.81075816000662 1.35637180266842 0.979928055117207 0.694239539484824 0.476857723728303 0.760055434319281 0.78872856017082 0.617000825943485 0.54301034250567 0.457125294593073 0.339958260136266 0.205898615621751 0 0 0.158610970743241 0.287107944488525 0.38877010345459 0.429923426720404 0.427359211829401 0.403015736610659 0.346846357468636 0.2489211328568 0
45.814889107981 44.5101002108666 43.3201669262302 42.3534595120338 41.326900359123 39.8931022151824 38.1927117993755 36.4570172217584 34.8423516058153 33.3029122506419 31.7957448344077 30.783147781126 29.4736451795024 28.4169553326022 25.7936039586221 21.4505772821365 16.2680267057111 12.1472482796638 9.39641554317167 7.89251990952799 7.12562044205204 6.05288302513861 5.23477443572014 4.59308107437626 4.06019592285156 3.52826026178175 3.01928120274698 2.6772289276123 2.45751645488124 2.19050795032132 1.83099934362596 1.35437653141637 0.939672339347101 0.640845729458717 0.556737176833614 0.911675668531849 0.716714120680286 0.570285304900139 0.470114523364652 0.358814524066064 0.240821507669264 0 0 0 0.246873009589411 0.362586575169717 0.43115823499618 0.443904784417921 0.429903676432948 0.393685663900068 0.317074068130985 0.206252621066186 0
45.7199903918851 44.3358737576392 43.1344764463363 42.0088608034195 40.8391678102555 38.9858155404368 36.829500321419 34.7398827460504 32.8746595075054 31.5461348256757 30.9272811643539 29.7445640871602 29.2531529088174 28.5679654921255 24.9536188033319 20.3624309801286 15.0143475993987 10.6499533057213 7.9950184283718 7.00489696379631 5.84160823206748 4.82646117671843 3.96133189047537 3.33334221378449 2.83512730752268 2.59060305933798 2.49634096699376 2.44356832196636 2.35279698525706 2.16137092344223 1.80773393569454 1.30880912657707 0.94497291503414 0.493745173177411 0.629176647432389 0.825533866882324 0.573049652960993 0.451039529615833 0.337408165777883 0.233493297330795 0 0 0 0.210262736966533 0.33319713223365 0.42534920477098 0.454877407320084 0.448091245466663 0.426321306536275 0.377778099429223 0.285423194208453 0.167005062103271 0
45.3269842824628 43.8316320603894 42.7169753043882 41.6404711815619 40.3026988121771 38.3242669259348 35.6098924452259 33.1350359762869 31.2838514081893 29.9676988047938 29.6707788590462 29.3927076093612 28.63210656566 27.2813623951327 23.6683417443306 18.7356208447487 14.0527257688584 9.54451231225844 7.37689274357211 6.02422788066249 4.78393013246598 3.68807460415748 2.7842480444139 2.46284847874795 2.28757796748992 2.18065821739935 2.12477274863951 2.1456293905935 2.15105007540795 2.02926417320005 1.64565652416598 1.14847687752016 0.800535263553742 0.499031759077503 0.749486215652958 0.556407313193044 0.416999401584748 0.305272832993538 0.220299574636644 0 0 0 0.168327293088359 0.292412719418926 0.402504859432097 0.467480536430113 0.468927752587103 0.451333753524288 0.424296579053325 0.370795057665917 0.274400411113616 0.157908578072825 0
44.7824331714261 43.3410621150847 42.2267542193013 41.1880135074739 39.7426429256316 37.2052282517956 34.2376774203393 31.847171814211 30.627605776633 29.6092159824987 29.1572653247464 28.5463492793422 27.7742228815632 25.2800270665076 21.8183715420385 17.1261145837845 12.7186829736156 8.78942993956228 7.09855208858367 5.43369773126418 3.9530275406376 2.74487077036212 2.25958559590001 1.95887990151682 1.67529450693438 1.50093312417307 1.43938073804302 1.52975740740376 1.64434959042457 1.52496817804152 1.17757297331287 0.810863994782971 0.464343963130828 0.794756458651635 0.548129635472452 0.402523363790204 0.300696880586686 0.236101835004745 0.201438673080937 0.184662488199049 0.173722259459957 0.196153163909912 0.257298784871255 0.365568384047477 0.450553432587654 0.488901476706228 0.474627094884073 0.452803165681901 0.425104725745416 0.375346737523233 0.286328131152738 0.176736289455045 0
44.3783203863329 42.8883156314973 41.8581380536479 40.7457980494345 38.7925661763837 36.2315993770476 33.4605239745109 31.2579749630344 29.769844332049 29.3087411080637 28.5236988990538 27.5204133987427 25.4329819063986 22.7422135876071 18.759633456507 14.9322623706633 11.1425166860703 8.25802451756693 6.76235752720987 5.05355662684287 3.32149382560484 2.33132153172647 1.73195675880678 1.14640606603315 0.908686953206216 0.759872997960737 0.763102116123323 0.764684192595943 0.835980992163381 0.838216796998055 0.604789041703747 0.747911499392602 0.837590679045646 0.535511601355768 0.409910017444241 0.331450454650387 0.298554966526647 0.299317452215379 0.313808718035298 0.31764599584764 0.303621676660353 0.30359080529982 0.340342444758261 0.418990442829747 0.476920850815312 0.493158955727854 0.472798439764207 0.450854901344545 0.425647535631734 0.384045285563315 0.305621024101011 0.205230866709063 0
44.1532597695628 42.6633669945502 41.584647270941 40.2878486264137 38.2097366702172 35.2702028828283 32.6706319932015 30.649086213881 29.7046873954035 29.0275599264329 28.0219598585559 25.8108150113013 23.2344395729803 20.0123001529324 16.0026220198601 12.2240269837841 9.38048674021998 7.76012242321045 6.50812173658802 4.79962588894752 2.87401316242833 2.03258419036865 1.1429135107225 0.736356096882974 0.505719538657896 0.778615397791709 0.825618866951235 0.821420915665165 0.677771306806995 0.596375019319596 0.899372162357453 0.674582789021154 0.508554950837166 0.430998110002087 0.389853600532778 0.396398144383584 0.425001775064776 0.462645684519122 0.483837973686957 0.467170438458843 0.421166435364754 0.388353963052073 0.405968912186161 0.45767322663338 0.492267101041732 0.490557778266168 0.467688006739463 0.446092174899194 0.422459710028864 0.385238908952282 0.312008419344502 0.220767582616498 0.170799389962227
43.9616638921922 42.5265255589639 41.3627005546324 39.8194473635766 37.2555327876922 34.1995952360092 31.9406706902289 30.8081888383435 29.5843595689343 28.7071346775178 27.312799392208 24.369250435983 21.3948761340111 17.3857160998929 13.6636181608323 10.1023462895424 8.12923406593261 7.34715510171748 6.16130668886246 4.43858891148721 2.48971606839088 1.64425003913141 0.846940440516318 0.578363080178538 0.852350788731729 0.8121551698254 0.823739636328913 0.841144623294953 0.771371010811098 0.704632436075518 0.632303514788228 0.547822859979445 0.511532306671143 0.499755874756844 0.526763423796623 0.576709639641546 0.626328960541756 0.647442386996361 0.618097843662385 0.560607664046749 0.48964741922194 0.443530359575825 0.452407560040874 0.481886986763247 0.497275921606248 0.484148994568856 0.460917857385451 0.438771094045331 0.413403880211615 0.374883390242054 0.30189105772203 0.22265641150936 0.197181586296328
43.7419010285408 42.3650539767358 41.1272292598601 39.4153569744479 36.4197352009435 33.4109575825353 31.3319150247881 29.8808495921473 29.4086378774335 28.7344994391164 25.9223419158689 22.8750274412094 19.3726770570201 15.7126219195704 11.7493792503111 8.65425808006717 7.42616364311787 6.73479646252048 5.60351402528824 3.78511791844522 2.2074195800289 1.226623658211 0.794559647960048 0.545186242749614 0.448665095913795 0.397511651439051 0.617037004040134 0.79825871990573 0.782683772425498 0.831644088991227 0.819658617819509 0.829573723577684 0.847730144377678 0.777398632418725 0.729151448895854 0.700953945036857 0.666664538844939 0.800048612779187 0.719298685750654 0.59697320384364 0.523681363751811 0.484909934382285 0.485671658669749 0.495454742062476 0.493525535829606 0.475032483377764 0.452419142569265 0.428958985113329 0.401026264313729 0.357828970878355 0.284674159942135 0.219168201569588 0.225081866787326
43.4770021746235 42.2215763215096 40.8703732644358 38.997274767968 35.5613758948541 32.4199542383994 30.6378769413117 29.5513666829755 28.7715319356611 27.3294146906945 24.234306458504 21.2003305035253 17.654982220742 14.340186222907 10.5403077025567 7.87445046055702 6.85530164164882 5.81904528217931 4.53681367443454 2.73524591999669 1.87808609008789 1.06864261627197 0.848282444861627 0.825372419049663 0.888750483912806 0.91896338616648 0.862887490180231 0.703405610976681 0.550968654694096 0.544978741676577 0.495924557408979 0.566751218611194 0.593769873342206 0.635498439112017 0.654490201703964 0.54657002418272 0.557851360690209 0.539659161721506 0.835113217753749 0.636013246351673 0.566254954184255 0.527018977749732 0.51091266447498 0.499038311742967 0.4824768189461 0.461888620930333 0.439917948938185 0.415918627092915 0.387469630087576 0.34183818294156 0.273205172631048 0.225221526238226 0.261139638962284
43.0823729730421 41.9992816063666 40.5499068229429 38.2358488882742 34.3288085076117 31.3958378453409 29.628784918016 29.0885660109981 28.4518745945346 25.3178637258468 22.2739999525009 18.9502406504846 16.0204061231306 12.7505882440075 9.3652501663854 7.44500003899297 6.14955348353232 4.85314239994172 3.35653341970136 2.25594176015546 1.62560945941556 1.20241352819627 1.19774935322423 1.38086079012963 1.58485234168268 1.69299310253512 1.62695481700282 1.4571279710339 1.32063996407293 1.21876670468238 1.16829316846786 1.14807299644716 1.14754987532093 1.12220267326601 1.02355493268659 0.859675507391653 0.589087417048793 0.3820327174279 0.545929047369188 0.745577504557948 0.62754734100834 0.572588705247448 0.531254999099239 0.49643547304215 0.467415102066532 0.444128128790086 0.422431930418937 0.401321134259624 0.373367994062362 0.32881268378227 0.267863042892948 0.236916488216769 0.297765577993085
42.5569652434318 41.597042206795 39.9313473240022 37.0572780486076 33.1006891189083 30.5231186343778 29.2406226281197 28.8317444862858 26.3032558502689 23.2021187043959 20.1909971083364 17.0686655121465 14.4452156712932 11.2467378608642 8.47699933667337 7.15514004615045 5.59154978106099 3.94504208718577 2.49402243091214 1.96100921015586 1.58611752909999 1.59159568048293 1.85824548044512 2.15156589015838 2.29909632282872 2.38425827026367 2.3850711699455 2.32387173560358 2.19405383448447 2.02413051359115 1.85589458096412 1.69938862708307 1.61847834433279 1.52745053075975 1.38798487570978 1.09994768327282 0.812310941757694 0.522569225680444 0.70303713890814 0.701388589797481 0.746988957928073 0.629983455904068 0.557939206400225 0.496952210703204 0.453504854632962 0.425167160649453 0.404944066078432 0.385353188360891 0.359490186937394 0.318410996467836 0.267675392089352 0.252589264223653 0.334381734171221
