Rscript/monthly_maps/SnowDepthMapFile-q75-1990-02.asc
ncols 320 
nrows 361 
xllcorner 618410.159 
yllcorner 5088785.286 
cellsize 100 
NODATA_value -9999 
[rows 69 to 91 of 361, columns 159 to 211 of 320]
814.263092041016 782.584823608398 753.46662902832 750.965560913086 714.887588500977 687.441284179688 667.571701049805 655.441802978516 637.746597290039 616.524322509766 597.059173583984 587.497589111328 575.585403442383 546.100524902344 492.271110534668 421.720001220703 357.356346130371 334.018173217773 365.57829284668 383.102607727051 445.132751464844 457.386665344238 481.734771728516 501.192642211914 551.838027954102 589.617446899414 607.443145751953 602.47688293457 616.629989624023 635.120590209961 642.207153320312 655.143569946289 689.249252319336 721.350570678711 736.194381713867 736.262512207031 721.564605712891 681.437438964844 635.139785766602 595.343887329102 574.38298034668 567.251937866211 564.908721923828 547.2412109375 539.410018920898 517.345840454102 510.011558532715 505.985122680664 506.302680969238 497.726142883301 466.251121520996 428.370208740234 395.301635742188
829.553451538086 799.859283447266 765.960327148438 755.186920166016 730.183013916016 700.399948120117 674.949661254883 664.818695068359 655.952926635742 640.200485229492 621.659439086914 597.481872558594 575.142913818359 546.411102294922 477.021659851074 395.966499328613 350.784301757812 316.635040283203 320.604164123535 333.858703613281 371.413398742676 415.787384033203 431.544136047363 453.974395751953 457.181884765625 492.52710723877 522.017486572266 535.145248413086 551.68684387207 576.759140014648 606.396591186523 649.289642333984 676.363906860352 713.526794433594 729.241455078125 721.357131958008 690.040145874023 643.988174438477 604.200988769531 594.578033447266 562.146560668945 553.02734375 540.167755126953 518.366592407227 500.953468322754 497.546722412109 477.805770874023 466.804847717285 455.816368103027 421.47526550293 381.422920227051 358.325607299805 326.732788085938
834.287033081055 827.862457275391 797.168685913086 766.353179931641 734.130187988281 719.660888671875 690.275482177734 675.090240478516 667.654312133789 663.05094909668 642.464218139648 623.810958862305 571.649932861328 509.93293762207 454.715492248535 414.409027099609 365.482772827148 317.456825256348 320.732734680176 322.789154052734 324.997680664062 337.997055053711 355.410797119141 377.359313964844 401.611000061035 424.666244506836 432.309791564941 459.893867492676 492.856750488281 536.456085205078 592.054733276367 640.922454833984 683.000503540039 721.394683837891 711.896865844727 682.925659179688 641.842956542969 605.298934936523 570.173751831055 563.305755615234 534.610198974609 508.324142456055 499.974822998047 470.798667907715 459.966064453125 433.267707824707 421.237480163574 420.640327453613 383.593399047852 366.571243286133 333.651763916016 315.287132263184 308.403823852539
882.625411987305 841.311904907227 823.315979003906 805.286529541016 785.767486572266 758.401306152344 722.555755615234 704.891311645508 680.841644287109 670.709716796875 654.213684082031 622.045455932617 563.363265991211 501.401901245117 419.827690124512 401.877197265625 377.859092712402 347.945190429688 327.899894714355 316.43440246582 297.590103149414 288.907775878906 284.487419128418 299.513298034668 303.444297790527 332.952491760254 380.471710205078 407.684226989746 449.76342010498 504.898506164551 567.701812744141 622.571380615234 677.391311645508 690.673324584961 675.733093261719 635.478958129883 573.222152709961 534.66877746582 519.011734008789 496.37525177002 486.224662780762 454.583786010742 432.717422485352 416.505645751953 401.982353210449 389.406051635742 379.611015319824 355.647819519043 335.869873046875 315.554679870605 308.576683044434 306.535568237305 306.352714538574
948.486862182617 896.436172485352 864.067886352539 845.426345825195 841.947509765625 825.500213623047 766.009689331055 732.051528930664 713.975067138672 676.41911315918 660.768402099609 624.854843139648 560.68733215332 486.103164672852 425.802947998047 419.630661010742 389.751289367676 355.630332946777 324.353004455566 306.229164123535 276.198226928711 285.507743835449 263.124404907227 268.913795471191 271.69075012207 274.172233581543 282.434448242188 324.286865234375 398.351203918457 498.49373626709 573.211074829102 622.072708129883 664.917556762695 661.25276184082 624.092071533203 558.934204101562 517.403030395508 471.683891296387 446.677116394043 430.353942871094 421.50252532959 392.726516723633 375.552124023438 367.375305175781 352.951843261719 352.897529602051 339.782981872559 314.616195678711 311.223457336426 306.343048095703 306.764457702637 292.75186920166 307.215232849121
1001.80679321289 955.053497314453 930.063339233398 913.235229492188 879.494186401367 841.051574707031 805.752151489258 759.604675292969 741.860534667969 709.846710205078 670.903869628906 625.767150878906 580.562042236328 495.106803894043 441.129318237305 420.763328552246 390.418586730957 357.264602661133 325.160682678223 287.171005249023 269.011978149414 238.241256713867 236.314403533936 259.058048248291 258.481464385986 283.259246826172 277.21053314209 321.060096740723 359.832244873047 472.248046875 562.835250854492 613.460815429688 620.939529418945 590.996353149414 556.530288696289 489.447441101074 469.394729614258 412.910140991211 377.640823364258 362.815719604492 356.454299926758 351.907806396484 358.65446472168 353.501708984375 355.100456237793 323.78246307373 320.819465637207 312.776268005371 287.179847717285 298.06867980957 293.437408447266 279.429275512695 289.085090637207
1079.28125 1032.9508972168 987.491653442383 945.520904541016 898.329055786133 849.554290771484 828.456085205078 791.712997436523 759.804992675781 719.782608032227 677.425659179688 637.360290527344 605.876220703125 522.310043334961 445.14624786377 407.88533782959 391.574798583984 336.725051879883 314.85684967041 259.590484619141 240.185127258301 237.706985473633 237.681484222412 238.939140319824 239.101245880127 268.164978027344 279.177742004395 306.60905456543 346.23511505127 435.122100830078 553.787063598633 583.79768371582 586.523193359375 556.911071777344 484.574005126953 439.165397644043 370.691917419434 341.439254760742 338.290466308594 337.00138092041 342.146194458008 358.357086181641 347.273727416992 343.026237487793 328.212432861328 314.085983276367 311.791206359863 312.661071777344 286.569297790527 295.71125793457 303.29035949707 300.176246643066 334.256057739258
1112.51281738281 1083.5869140625 1032.54055786133 949.376281738281 893.936798095703 866.903961181641 836.199905395508 816.240142822266 779.427139282227 731.885299682617 694.502044677734 646.586456298828 615.302307128906 559.620254516602 459.558204650879 415.189453125 383.547302246094 334.853889465332 305.028396606445 262.210540771484 256.730171203613 240.314571380615 239.728958129883 240.310817718506 241.406150817871 240.626403808594 294.177169799805 302.618141174316 321.349815368652 401.823677062988 516.206069946289 535.30712890625 533.709396362305 482.325736999512 404.627738952637 329.608901977539 322.873603820801 317.308456420898 319.243995666504 319.278137207031 322.407012939453 331.09154510498 330.241226196289 330.674674987793 333.711380004883 326.33309173584 311.748847961426 311.136878967285 293.445350646973 317.45442199707 314.188850402832 327.730812072754 338.07689666748
1122.50512695312 1101.94561767578 1061.7063293457 1012.50573730469 924.24870300293 885.533889770508 864.599975585938 835.02880859375 814.290756225586 765.103927612305 721.906936645508 677.839965820312 626.705520629883 587.080429077148 494.174987792969 426.003044128418 388.771347045898 329.219696044922 302.562911987305 264.068862915039 256.296104431152 243.181282043457 241.503833770752 241.298316955566 241.701080322266 237.457481384277 241.018074035645 278.295738220215 311.236015319824 337.899887084961 415.274894714355 442.915634155273 418.237449645996 356.233139038086 318.819847106934 316.342155456543 320.639533996582 311.991638183594 312.78443145752 330.127014160156 321.779350280762 334.788887023926 331.949188232422 325.914360046387 323.422584533691 318.790267944336 305.420837402344 316.998550415039 301.991485595703 315.253479003906 334.013557434082 350.538612365723 378.674522399902
1157.64804077148 1155.40927124023 1117.4645690918 1063.60015869141 1025.25660705566 954.802429199219 909.428527832031 878.988861083984 837.408737182617 811.284698486328 742.075225830078 708.419189453125 655.180023193359 612.829071044922 545.108917236328 438.658134460449 397.869430541992 351.004531860352 318.517906188965 274.25609588623 257.835998535156 253.15306854248 239.026226043701 236.642436981201 237.106842041016 233.633178710938 233.296230316162 268.286888122559 290.096801757812 316.944923400879 327.079612731934 338.693054199219 319.731895446777 316.345794677734 315.489608764648 315.503608703613 309.438003540039 317.109924316406 325.04167175293 312.72403717041 310.975486755371 302.734970092773 323.411781311035 303.684898376465 299.786483764648 293.65998840332 312.767486572266 298.11742401123 312.912048339844 339.213081359863 354.719360351562 387.974105834961 410.831214904785
1248.89248657227 1244.92495727539 1193.57412719727 1144.81195068359 1098.38159179688 1058.28341674805 975.801788330078 930.56787109375 879.047332763672 836.657852172852 803.295852661133 730.314270019531 685.46647644043 629.030731201172 585.848052978516 495.764122009277 411.985046386719 373.375122070312 310.61083984375 262.362449645996 265.155693054199 250.45569229126 234.529850006104 231.718173980713 231.737922668457 229.699195861816 230.041530609131 231.99303817749 277.703430175781 300.147254943848 311.023490905762 309.81356048584 293.910926818848 292.155731201172 296.911041259766 306.827407836914 325.035720825195 309.727523803711 292.917015075684 297.684143066406 285.86743927002 288.452262878418 286.383476257324 280.444023132324 284.985984802246 290.783065795898 318.036811828613 313.072776794434 337.506401062012 369.638694763184 389.128578186035 423.855987548828 432.217903137207
1299.28005981445 1276.18231201172 1206.04858398438 1147.68179321289 1133.03894042969 1105.19915771484 1041.7253112793 989.687210083008 948.942764282227 876.76171875 837.863922119141 768.125 713.451766967773 659.505126953125 615.934936523438 562.375640869141 452.101066589355 410.063171386719 345.328712463379 297.684051513672 258.927230834961 250.436981201172 238.26880645752 228.362533569336 228.868732452393 226.974967956543 226.550971984863 229.939922332764 236.736103057861 279.380493164062 280.488929748535 301.464324951172 284.811721801758 294.42227935791 306.425148010254 311.128883361816 305.75269317627 298.242454528809 283.825843811035 251.731376647949 242.654319763184 239.977870941162 241.338443756104 249.219039916992 250.945861816406 319.915649414062 327.354507446289 345.110633850098 380.41951751709 406.966575622559 422.966873168945 447.89688873291 490.92211151123
1318.05236816406 1240.07431030273 1168.79028320312 1126.58950805664 1098.67431640625 1085.89041137695 1061.58221435547 1006.87980651855 1002.85691833496 942.768997192383 879.042877197266 822.27571105957 740.480880737305 695.150787353516 641.224258422852 606.684982299805 537.865783691406 442.304946899414 374.42244720459 302.039840698242 252.654552459717 248.203243255615 242.341106414795 229.390727996826 232.81649017334 223.690631866455 222.656665802002 227.569637298584 234.228618621826 245.017955780029 266.400283813477 274.055763244629 274.721977233887 280.804260253906 295.284698486328 297.139129638672 278.269943237305 255.249179840088 245.519786834717 238.120811462402 235.709053039551 238.351268768311 246.888729095459 243.233623504639 305.324935913086 321.262344360352 345.528358459473 391.618003845215 415.193199157715 431.25171661377 477.314666748047 525.51237487793 569.367828369141
1223.36047363281 1186.48083496094 1125.8659362793 1086.64282226562 1064.48519897461 1042.43957519531 1006.22074890137 988.017837524414 993.227676391602 969.392227172852 952.647003173828 873.432693481445 810.657577514648 722.017227172852 680.983505249023 634.458740234375 593.857452392578 485.95824432373 406.008544921875 315.87141418457 248.506191253662 246.087768554688 242.475364685059 231.013835906982 229.950046539307 222.347087860107 218.987739562988 225.42357635498 234.247379302979 240.952621459961 242.308319091797 246.920711517334 253.601650238037 248.820518493652 252.158409118652 249.090225219727 250.407180786133 239.082511901855 234.504215240479 237.69055557251 248.485458374023 236.776229858398 262.104614257812 266.703453063965 306.404624938965 333.221382141113 393.456108093262 430.352020263672 448.445747375488 498.253486633301 555.085510253906 587.087738037109 616.228622436523
1131.66589355469 1122.42694091797 1088.32913208008 1060.44586181641 1028.70040893555 979.980178833008 938.96728515625 917.282379150391 910.0869140625 940.872528076172 952.396453857422 907.046112060547 857.363510131836 767.300521850586 720.858322143555 664.507034301758 616.388122558594 544.406173706055 415.882537841797 341.380310058594 283.329193115234 234.381858825684 242.857032775879 233.70991897583 223.295459747314 221.150505065918 218.844379425049 225.865180969238 233.38196182251 241.536502838135 246.680065155029 251.95719909668 256.292652130127 248.31761932373 247.963562011719 248.319213867188 234.884761810303 231.476306915283 237.585651397705 234.080123901367 266.01180267334 261.573257446289 263.947822570801 307.464149475098 332.742225646973 391.969230651855 420.647560119629 460.869277954102 526.956771850586 576.142974853516 605.107223510742 626.477783203125 677.268646240234
1089.91390991211 1069.39019775391 1064.84060668945 1039.5625 980.394134521484 934.308090209961 888.515975952148 860.754653930664 824.644607543945 841.04899597168 859.760925292969 893.131851196289 861.553894042969 813.609558105469 752.529220581055 698.65153503418 639.127792358398 571.980880737305 437.929481506348 343.288429260254 286.58927154541 233.809455871582 241.244472503662 234.341705322266 224.135116577148 221.295433044434 219.977130889893 227.954109191895 233.762382507324 244.426193237305 251.205791473389 254.096057891846 254.825942993164 255.054527282715 246.926315307617 233.750076293945 229.823425292969 238.103000640869 237.906982421875 255.619750976562 259.12532043457 307.157203674316 315.071838378906 358.25870513916 399.999183654785 421.800758361816 485.643745422363 557.783096313477 600.280059814453 612.592666625977 634.890548706055 676.483413696289 719.719421386719
1042.50372314453 1027.74674987793 1015.77363586426 983.425964355469 937.741348266602 884.087295532227 855.069351196289 821.222549438477 783.778381347656 757.195053100586 765.851364135742 811.570236206055 833.896926879883 806.407028198242 760.695907592773 719.312683105469 648.480545043945 588.113739013672 439.253486633301 357.924339294434 282.749404907227 233.398818969727 224.732376098633 231.045749664307 224.555606842041 222.531517028809 220.094829559326 226.139263153076 234.972141265869 247.547554016113 253.16849899292 254.236801147461 250.390247344971 241.439281463623 231.283592224121 228.012100219727 236.199279785156 248.953590393066 249.742519378662 256.859794616699 308.822479248047 339.032661437988 395.914947509766 412.190528869629 436.795188903809 500.385009765625 574.285339355469 618.894470214844 629.103256225586 644.56071472168 675.89826965332 716.202972412109 754.659317016602
973.371994018555 957.519622802734 928.550674438477 920.892364501953 907.516235351562 857.249328613281 825.075073242188 779.460754394531 730.417114257812 689.247116088867 691.19563293457 694.190200805664 766.296173095703 770.901504516602 761.483688354492 723.184341430664 652.660308837891 591.890579223633 456.258575439453 358.898231506348 292.084403991699 232.744132995605 223.317394256592 229.268165588379 225.325134277344 217.448558807373 223.60262298584 225.544960021973 235.110767364502 244.341716766357 250.032413482666 249.374156951904 239.995140075684 229.057151794434 229.775825500488 228.815269470215 232.800720214844 252.335922241211 250.759899139404 300.359596252441 343.23868560791 397.445533752441 430.940773010254 467.821960449219 532.981338500977 600.811370849609 626.991821289062 656.948318481445 672.249130249023 681.699508666992 706.803985595703 735.603973388672 801.255584716797
889.758499145508 884.873001098633 863.387619018555 867.012771606445 861.357009887695 829.440277099609 808.727157592773 739.932769775391 688.803939819336 662.877578735352 642.926208496094 660.330520629883 692.29997253418 731.162399291992 730.994064331055 697.478576660156 649.311874389648 592.693572998047 442.304458618164 359.048675537109 291.367347717285 230.384262084961 230.548336029053 224.248863220215 223.916702270508 217.417900085449 221.751472473145 229.583812713623 229.795780181885 235.649513244629 238.018455505371 237.84602355957 229.223812103271 227.924560546875 223.549598693848 228.831352233887 239.146293640137 245.969303131104 272.317810058594 333.712448120117 377.334823608398 422.561019897461 474.164649963379 554.042129516602 612.564666748047 633.376831054688 672.166915893555 683.872085571289 709.539794921875 715.235321044922 723.922027587891 783.520324707031 854.55078125
830.676422119141 825.814926147461 800.911254882812 808.46240234375 808.526458740234 806.472808837891 763.548034667969 711.490356445312 675.658065795898 623.185760498047 601.203201293945 602.942733764648 641.311157226562 670.979049682617 681.662078857422 669.092437744141 623.294906616211 554.58430480957 432.273765563965 366.47306060791 290.242713928223 229.468963623047 223.284297943115 229.422752380371 221.489891052246 216.508014678955 219.060012817383 223.642219543457 228.027027130127 229.521823883057 226.541244506836 226.702869415283 228.790088653564 227.823318481445 229.035255432129 238.584922790527 236.751693725586 246.810710906982 295.920509338379 339.703872680664 399.878036499023 426.913673400879 525.430465698242 604.341644287109 640.196319580078 674.284530639648 698.451965332031 719.50505065918 735.216293334961 740.02995300293 770.905044555664 825.884735107422 885.434936523438
764.391296386719 772.369186401367 768.287216186523 759.51579284668 746.341537475586 745.902389526367 713.005310058594 695.059097290039 648.599243164062 606.122604370117 556.295166015625 546.285095214844 560.620010375977 611.725708007812 628.92951965332 621.312835693359 587.225769042969 503.172821044922 403.116165161133 348.397331237793 294.026695251465 227.025684356689 219.717792510986 222.269565582275 227.014865875244 213.690048217773 213.821754455566 213.730739593506 212.056781768799 212.720115661621 216.052242279053 222.900993347168 228.282245635986 223.495906829834 239.809665679932 235.593761444092 226.594692230225 259.50708770752 308.569610595703 374.49568939209 426.726615905762 461.614402770996 563.480590820312 625.632659912109 661.515090942383 698.332931518555 726.317733764648 741.84504699707 754.966491699219 782.83219909668 814.532897949219 855.234786987305 915.013610839844
707.790252685547 701.998657226562 697.861404418945 691.534378051758 685.807327270508 688.884094238281 688.696487426758 659.532699584961 617.743301391602 568.395736694336 515.174255371094 498.247673034668 507.224655151367 536.84309387207 579.456497192383 599.656860351562 539.199020385742 439.250267028809 381.965278625488 332.938636779785 285.612022399902 234.807060241699 217.684589385986 215.44945526123 222.927333831787 211.48526763916 208.793304443359 213.432464599609 214.078277587891 212.531513214111 217.824142456055 227.207752227783 226.892543792725 239.255863189697 241.756122589111 226.659675598145 236.645130157471 299.700317382812 350.922485351562 401.556777954102 428.821800231934 513.655029296875 594.059066772461 645.192810058594 686.906524658203 723.749435424805 756.650985717773 772.716049194336 797.299346923828 829.098937988281 844.192459106445 888.919464111328 943.016906738281
609.736694335938 610.600021362305 634.511291503906 628.532516479492 607.881149291992 603.933731079102 616.660827636719 609.06103515625 569.913452148438 509.960250854492 438.527633666992 395.86402130127 403.324317932129 447.736907958984 515.608459472656 561.171463012695 505.151168823242 425.345947265625 375.689208984375 316.649871826172 274.98023223877 233.816921234131 214.621181488037 208.573657989502 210.667709350586 210.262802124023 208.485008239746 209.838241577148 213.161861419678 213.858562469482 239.120059967041 243.081199645996 247.848747253418 249.547771453857 232.355995178223 239.233600616455 297.011451721191 328.776443481445 391.341445922852 429.70352935791 497.638694763184 583.6630859375 616.971389770508 657.818542480469 712.070922851562 750.661712646484 783.39469909668 805.529403686523 841.595245361328 854.583465576172 875.863098144531 914.193786621094 981.19921875
