Rscript/monthly_maps/SnowDepthMapFile-q75-1989-12.asc
ncols 320 
nrows 361 
xllcorner 618410.159 
yllcorner 5088785.286 
cellsize 100 
NODATA_value -9999 
[rows 125 to 149 of 361, columns 56 to 111 of 320]
1644.32897949219 1619.33709716797 1615.22100830078 1610.49011230469 1588.20538330078 1573.6533203125 1544.06658935547 1529.23284912109 1511.45068359375 1501.14282226562 1473.56921386719 1443.30389404297 1414.48455810547 1378.99591064453 1363.99359130859 1353.35052490234 1351.50250244141 1334.86590576172 1329.12048339844 1316.98846435547 1312.67987060547 1307.24468994141 1299.43975830078 1296.32556152344 1260.16387939453 1212.76043701172 1148.43133544922 1109.20867919922 1094.22222900391 1096.77197265625 1092.13079833984 1076.30328369141 1061.63879394531 1038.34259033203 1031.78192138672 1025.34683227539 1031.97692871094 1034.30328369141 1044.51959228516 1044.38983154297 1037.97088623047 1029.08551025391 1026.26684570312 1040.63171386719 1074.72021484375 1110.60266113281 1146.51287841797 1204.88665771484 1242.49194335938 1241.28479003906 1211.03802490234 1133.00201416016 1091.85668945312 1080.45532226562 1018.14727783203 939.347290039062
1654.14868164062 1613.94110107422 1606.45928955078 1629.20574951172 1630.99554443359 1626.80255126953 1598.75848388672 1567.85308837891 1550.64501953125 1507.85223388672 1483.44287109375 1458.98358154297 1437.99475097656 1421.14721679688 1387.99969482422 1369.71246337891 1369.38269042969 1363.78198242188 1359.14361572266 1355.12078857422 1348.56616210938 1322.18157958984 1310.65118408203 1286.23468017578 1252.51263427734 1196.53887939453 1144.83087158203 1121.24664306641 1110.56970214844 1106.59790039062 1098.18218994141 1084.28198242188 1061.53039550781 1049.11456298828 1038.07299804688 1039.49041748047 1050.67199707031 1065.41876220703 1082.17175292969 1088.697265625 1083.42718505859 1080.35833740234 1071.89050292969 1090.81506347656 1123.43157958984 1168.14379882812 1211.85382080078 1246.13928222656 1250.81726074219 1215.56237792969 1136.94671630859 1069.84307861328 1021.97659301758 969.469848632812 886.447570800781 831.313262939453
1677.93194580078 1674.36260986328 1726.48040771484 1777.17755126953 1798.32373046875 1792.38757324219 1769.52862548828 1704.22729492188 1646.23486328125 1585.10906982422 1546.55328369141 1514.39758300781 1489.12872314453 1457.43872070312 1429.23675537109 1396.41516113281 1390.46710205078 1385.58135986328 1380.49340820312 1374.23022460938 1366.31518554688 1345.9794921875 1310.95733642578 1269.99798583984 1232.80212402344 1182.23828125 1138.22772216797 1123.21044921875 1118.95855712891 1119.86804199219 1100.98559570312 1091.27221679688 1071.00378417969 1061.13757324219 1053.8642578125 1056.04449462891 1063.05914306641 1085.97094726562 1102.73181152344 1113.98095703125 1109.71160888672 1102.43341064453 1103.19915771484 1125.49725341797 1171.73480224609 1219.27673339844 1256.53228759766 1264.20355224609 1226.36334228516 1120.95318603516 1036.76196289062 980.649780273438 926.112579345703 862.920074462891 802.196258544922 767.753143310547
1802.92181396484 1840.11383056641 1896.109375 1935.90588378906 1886.28979492188 1867.67913818359 1837.90100097656 1816.35144042969 1760.97607421875 1710.76440429688 1619.09887695312 1570.15240478516 1544.69683837891 1512.43212890625 1471.046875 1434.83416748047 1421.81976318359 1411.02508544922 1406.04095458984 1384.58526611328 1371.43206787109 1340.87188720703 1313.91485595703 1272.20428466797 1233.54925537109 1187.79510498047 1149.85894775391 1132.15734863281 1136.4189453125 1131.23419189453 1118.11547851562 1097.01379394531 1084.43157958984 1065.79467773438 1060.66278076172 1065.86871337891 1078.62585449219 1093.4580078125 1108.9599609375 1123.80065917969 1117.78546142578 1111.701171875 1122.10620117188 1161.71185302734 1212.16735839844 1256.69213867188 1277.26867675781 1240.85760498047 1140.52642822266 1048.69500732422 971.742614746094 917.897399902344 835.369415283203 796.345703125 764.669921875 738.039947509766
1932.33435058594 1931.00073242188 1965.67974853516 1916.41284179688 1894.71551513672 1866.732421875 1818.3232421875 1805.25512695312 1747.71423339844 1726.61798095703 1670.72058105469 1612.92578125 1587.17956542969 1528.49938964844 1495.64288330078 1460.73901367188 1444.42132568359 1432.19390869141 1417.56762695312 1390.12768554688 1377.57824707031 1344.34075927734 1317.56134033203 1273.99102783203 1237.14184570312 1194.40185546875 1169.08709716797 1149.41680908203 1144.67138671875 1140.54364013672 1131.28186035156 1105.67913818359 1091.54156494141 1077.57531738281 1068.23358154297 1074.11596679688 1083.85455322266 1096.08972167969 1111.51916503906 1126.98577880859 1121.39056396484 1122.35687255859 1144.05767822266 1204.880859375 1261.35034179688 1274.87646484375 1246.22796630859 1168.80590820312 1086.357421875 1007.45248413086 934.352294921875 847.73486328125 809.804077148438 778.242095947266 753.091613769531 723.539459228516
1964.80621337891 1921.87292480469 1877.69329833984 1825.57696533203 1794.18548583984 1779.25463867188 1765.08331298828 1754.46215820312 1736.72796630859 1712.8037109375 1672.68859863281 1663.96600341797 1616.43603515625 1577.58081054688 1539.26214599609 1510.20294189453 1469.345703125 1449.63970947266 1445.29180908203 1417.69610595703 1383.06384277344 1348.96875 1328.91650390625 1298.34606933594 1258.20190429688 1216.83166503906 1181.84362792969 1162.74310302734 1153.57122802734 1150.74792480469 1140.03802490234 1125.439453125 1101.10827636719 1091.67504882812 1080.05767822266 1084.75036621094 1087.17718505859 1092.39556884766 1103.66387939453 1120.40936279297 1131.14361572266 1156.05560302734 1206.98254394531 1274.87896728516 1308.07397460938 1258.63220214844 1187.58813476562 1113.61334228516 1034.06625366211 965.310791015625 877.168182373047 836.443908691406 795.703582763672 777.237915039062 745.306213378906 720.708404541016
1879.43225097656 1839.10491943359 1777.55841064453 1761.55334472656 1764.52355957031 1752.06671142578 1752.07757568359 1741.84197998047 1720.99847412109 1709.03204345703 1694.73101806641 1662.40386962891 1619.07800292969 1588.54943847656 1580.98004150391 1543.12506103516 1502.69506835938 1468.85662841797 1441.34552001953 1428.02484130859 1390.02996826172 1368.18597412109 1329.31909179688 1314.70794677734 1269.25695800781 1229.82873535156 1189.27386474609 1172.54156494141 1166.61657714844 1170.24560546875 1161.9453125 1136.55584716797 1108.81036376953 1096.34558105469 1094.87103271484 1092.8837890625 1092.53491210938 1093.60113525391 1106.12475585938 1126.14282226562 1153.48791503906 1214.42596435547 1322.80914306641 1329.65435791016 1299.05633544922 1196.90979003906 1132.73352050781 1062.41149902344 1002.44757080078 927.683837890625 845.342803955078 826.986572265625 805.617340087891 781.083465576172 744.448181152344 732.48046875
1788.82232666016 1749.33001708984 1739.33483886719 1709.53485107422 1703.03192138672 1697.69036865234 1692.23541259766 1707.69470214844 1705.71990966797 1702.45483398438 1694.87487792969 1682.59442138672 1652.82897949219 1617.48291015625 1589.84692382812 1578.44659423828 1537.13824462891 1488.94976806641 1449.18304443359 1427.42266845703 1396.86077880859 1382.20391845703 1357.62829589844 1320.89624023438 1280.51538085938 1236.06652832031 1196.94592285156 1177.62097167969 1171.85552978516 1178.59027099609 1171.19732666016 1153.48907470703 1130.55194091797 1119.69415283203 1099.67303466797 1100.60833740234 1102.87750244141 1099.34356689453 1111.95593261719 1131.81921386719 1174.75231933594 1282.98522949219 1361.60229492188 1368.43078613281 1244.45233154297 1152.92639160156 1095.36401367188 1026.42587280273 973.39453125 889.946472167969 851.976593017578 833.124267578125 818.861175537109 803.801788330078 779.002777099609 756.460998535156
1753.54895019531 1735.98638916016 1699.11590576172 1672.89398193359 1654.13122558594 1662.18756103516 1664.37646484375 1675.94470214844 1696.51129150391 1699.17657470703 1696.47058105469 1686.02429199219 1672.98870849609 1646.98303222656 1631.41284179688 1580.57318115234 1555.18646240234 1496.55200195312 1460.181640625 1441.59289550781 1416.22106933594 1391.54162597656 1368.39965820312 1335.76251220703 1288.56311035156 1236.67669677734 1193.75665283203 1185.53833007812 1188.77532958984 1184.71038818359 1177.41809082031 1166.68933105469 1149.33917236328 1131.09307861328 1118.61993408203 1111.79223632812 1113.36773681641 1110.10119628906 1121.04724121094 1144.10382080078 1205.35296630859 1343.43389892578 1409.82098388672 1324.67071533203 1198.86303710938 1118.52618408203 1058.49517822266 1006.89083862305 953.018737792969 880.102355957031 864.207885742188 847.525848388672 857.241546630859 834.893280029297 803.447296142578 779.555847167969
1735.64477539062 1701.59222412109 1673.64410400391 1663.28240966797 1672.05657958984 1668.64166259766 1688.85144042969 1694.40472412109 1706.83074951172 1713.80010986328 1711.85961914062 1692.45904541016 1679.18139648438 1663.12561035156 1629.93841552734 1595.32275390625 1573.16607666016 1524.12866210938 1470.55364990234 1446.24859619141 1423.0078125 1375.47882080078 1341.44201660156 1310.7890625 1268.65509033203 1225.43017578125 1185.88360595703 1191.91845703125 1191.09143066406 1187.52014160156 1179.45959472656 1170.53912353516 1166.00567626953 1146.49633789062 1138.50115966797 1123.51568603516 1127.9091796875 1124.55267333984 1135.49035644531 1173.36505126953 1266.03778076172 1399.98901367188 1343.21160888672 1272.98931884766 1156.22076416016 1080.02075195312 1039.14910888672 995.59619140625 940.743530273438 892.124633789062 891.061553955078 891.771636962891 879.400543212891 853.432739257812 830.718383789062 802.859069824219
1733.48132324219 1688.27789306641 1665.16192626953 1673.06286621094 1690.58935546875 1691.29290771484 1709.51123046875 1713.07116699219 1713.94018554688 1715.18780517578 1713.29571533203 1708.16589355469 1685.61669921875 1675.31811523438 1645.59375 1578.01397705078 1550.98834228516 1503.23400878906 1462.59069824219 1423.96435546875 1383.86499023438 1337.78741455078 1292.20886230469 1248.67651367188 1195.59375 1170.03961181641 1163.69787597656 1183.8642578125 1191.89782714844 1198.78576660156 1192.52069091797 1182.67541503906 1175.51916503906 1153.83477783203 1136.24078369141 1138.03259277344 1145.27874755859 1148.90759277344 1161.04327392578 1210.43334960938 1341.48120117188 1406.33453369141 1339.52618408203 1206.2568359375 1123.86383056641 1060.38781738281 1031.32922363281 997.706573486328 954.20849609375 921.285797119141 931.992919921875 922.987670898438 894.873352050781 873.487640380859 855.861999511719 839.143798828125
1707.42388916016 1672.91857910156 1675.2412109375 1691.98577880859 1709.76470947266 1708.07995605469 1710.69158935547 1714.08874511719 1718.29858398438 1719.86999511719 1716.04309082031 1709.41009521484 1683.75378417969 1658.70257568359 1622.37121582031 1585.00573730469 1527.32934570312 1467.39862060547 1426.05419921875 1377.48785400391 1330.36773681641 1288.01928710938 1229.47875976562 1180.69622802734 1142.58734130859 1139.81787109375 1155.95471191406 1183.59936523438 1208.67163085938 1211.38262939453 1205.908203125 1189.23419189453 1172.63818359375 1156.6591796875 1150.82690429688 1157.11529541016 1161.50695800781 1171.34045410156 1193.72039794922 1284.59271240234 1371.38659667969 1407.76568603516 1277.78942871094 1176.61853027344 1111.17712402344 1061.49536132812 1040.37164306641 1013.96725463867 977.003967285156 960.358612060547 958.082122802734 942.581970214844 920.820526123047 905.7392578125 912.500946044922 934.462829589844
1697.75476074219 1683.02307128906 1693.88269042969 1705.70660400391 1711.79534912109 1712.71813964844 1714.67474365234 1714.10546875 1723.03717041016 1719.71472167969 1715.10369873047 1693.32849121094 1676.78985595703 1649.27087402344 1596.92352294922 1549.76251220703 1492.50610351562 1446.01495361328 1392.72509765625 1354.76580810547 1295.18402099609 1238.46722412109 1187.97406005859 1153.12585449219 1143.36846923828 1154.11749267578 1182.19885253906 1199.71691894531 1213.27685546875 1214.60034179688 1199.63177490234 1180.99792480469 1170.03649902344 1159.830078125 1163.95452880859 1174.20562744141 1187.423828125 1195.12335205078 1239.62585449219 1355.22283935547 1401.13598632812 1338.71905517578 1224.35003662109 1168.50048828125 1122.23986816406 1091.64099121094 1057.38287353516 1026.0647277832 1001.23739624023 985.008117675781 981.870239257812 965.571228027344 957.841247558594 968.046447753906 990.364440917969 1002.2467956543
1714.99041748047 1704.18103027344 1718.50476074219 1714.65008544922 1718.93792724609 1727.05505371094 1729.96282958984 1730.57501220703 1727.44445800781 1718.20031738281 1700.09948730469 1683.14544677734 1660.14349365234 1621.70050048828 1592.55474853516 1541.47467041016 1485.95098876953 1448.97387695312 1380.0185546875 1335.56665039062 1276.60205078125 1213.39691162109 1177.15148925781 1158.31414794922 1175.21539306641 1190.82055664062 1206.8232421875 1212.38415527344 1202.947265625 1199.55877685547 1185.78479003906 1182.25524902344 1183.17059326172 1189.91522216797 1197.16766357422 1202.18280029297 1197.84112548828 1213.56353759766 1287.76000976562 1362.00927734375 1417.15319824219 1298.28442382812 1208.82189941406 1172.68145751953 1142.84020996094 1103.03283691406 1057.58349609375 1034.0715637207 1010.79962158203 998.351837158203 1001.74304199219 993.166839599609 1004.53765869141 1020.78686523438 1042.35412597656 1073.11181640625
1738.90411376953 1732.48419189453 1729.79553222656 1732.45391845703 1731.94714355469 1739.02728271484 1745.91320800781 1732.25817871094 1731.14819335938 1715.67889404297 1710.19793701172 1680.33160400391 1653.71734619141 1620.78076171875 1589.87390136719 1543.15142822266 1501.89532470703 1445.19104003906 1380.72705078125 1316.70123291016 1251.36572265625 1210.65191650391 1188.2177734375 1190.77819824219 1194.12567138672 1219.54821777344 1215.44793701172 1200.77569580078 1183.23150634766 1183.86163330078 1188.94787597656 1196.36218261719 1207.70935058594 1223.12005615234 1222.21459960938 1208.51818847656 1205.76666259766 1252.31823730469 1339.57641601562 1410.84484863281 1375.42590332031 1279.06823730469 1208.00054931641 1177.26123046875 1130.99359130859 1084.70568847656 1051.30090332031 1032.5927734375 1023.09375 1015.46441650391 1016.38983154297 1020.82818603516 1036.19018554688 1059.87261962891 1104.60760498047 1170.26062011719
1736.76397705078 1733.11804199219 1753.5234375 1747.69061279297 1749.67498779297 1748.21020507812 1746.80181884766 1747.0693359375 1740.72454833984 1725.76916503906 1717.10882568359 1692.50262451172 1654.58142089844 1618.1171875 1588.96160888672 1546.64581298828 1515.46575927734 1460.78582763672 1399.91809082031 1333.97283935547 1264.55657958984 1206.5380859375 1195.48767089844 1211.61773681641 1229.98498535156 1227.16290283203 1206.14300537109 1182.10858154297 1173.28228759766 1187.03210449219 1206.62030029297 1229.95959472656 1245.46142578125 1243.58245849609 1223.55590820312 1215.04522705078 1239.37982177734 1316.74090576172 1402.64465332031 1465.56182861328 1390.15789794922 1282.75689697266 1215.25469970703 1174.47546386719 1120.12152099609 1068.14697265625 1040.44152832031 1035.58526611328 1034.40899658203 1024.03900146484 1034.42944335938 1038.92797851562 1062.95959472656 1102.66003417969 1169.31256103516 1271.89331054688
1748.81805419922 1764.88903808594 1763.96466064453 1759.68530273438 1757.74505615234 1755.61694335938 1753.03527832031 1754.58380126953 1747.71075439453 1738.18414306641 1727.61694335938 1688.43658447266 1665.23071289062 1592.9521484375 1576.390625 1538.92376708984 1512.38031005859 1470.88696289062 1421.36651611328 1359.30035400391 1285.25482177734 1220.58850097656 1214.45892333984 1228.93133544922 1243.60229492188 1215.98431396484 1191.96936035156 1168.09539794922 1180.06805419922 1207.75750732422 1242.72534179688 1256.16577148438 1257.63385009766 1244.27032470703 1251.37432861328 1266.51019287109 1340.41302490234 1450.458984375 1547.77105712891 1532.69769287109 1423.27386474609 1329.87756347656 1263.05120849609 1195.52709960938 1127.13653564453 1065.75268554688 1047.38470458984 1046.77435302734 1058.59741210938 1048.32012939453 1062.86584472656 1051.46813964844 1070.09625244141 1120.20385742188 1202.48468017578 1324.18151855469
1770.38189697266 1772.63354492188 1771.15899658203 1770.96429443359 1767.28057861328 1763.68249511719 1762.45520019531 1762.13354492188 1777.80847167969 1769.97857666016 1754.91766357422 1696.48065185547 1650.80865478516 1591.65618896484 1553.39471435547 1520.95593261719 1487.6806640625 1448.31939697266 1420.94940185547 1354.62438964844 1302.74444580078 1266.365234375 1256.33728027344 1259.00317382812 1249.79748535156 1226.80053710938 1196.00109863281 1187.83825683594 1208.48016357422 1245.66247558594 1269.47930908203 1290.13452148438 1292.33746337891 1295.83056640625 1324.18841552734 1389.45745849609 1493.23626708984 1611.70520019531 1619.63385009766 1544.74548339844 1378.06903076172 1308.85766601562 1239.00811767578 1196.64166259766 1145.94616699219 1101.55291748047 1077.92742919922 1073.51910400391 1085.94952392578 1083.79852294922 1087.21295166016 1071.93786621094 1070.9833984375 1118.89929199219 1195.24310302734 1317.25152587891
1795.66741943359 1814.38928222656 1815.35467529297 1791.89678955078 1787.96026611328 1785.21923828125 1796.12451171875 1798.61370849609 1815.72021484375 1793.80004882812 1771.33374023438 1688.45697021484 1626.17736816406 1570.37738037109 1539.05847167969 1489.46759033203 1456.09948730469 1419.455078125 1386.64233398438 1350.17980957031 1333.04016113281 1316.00598144531 1303.93920898438 1295.62060546875 1262.96325683594 1238.61151123047 1212.11889648438 1221.17211914062 1252.60101318359 1288.78045654297 1336.8447265625 1353.47418212891 1376.0498046875 1422.55383300781 1489.21417236328 1563.77478027344 1664.59588623047 1607.02618408203 1550.40924072266 1397.86773681641 1326.88781738281 1277.46838378906 1238.12066650391 1211.20098876953 1176.13592529297 1135.51110839844 1112.73126220703 1097.40289306641 1100.72247314453 1096.52905273438 1097.24267578125 1075.30261230469 1086.73559570312 1112.89904785156 1186.50347900391 1301.73748779297
1816.13543701172 1798.37145996094 1799.11737060547 1809.37945556641 1813.20751953125 1812.55694580078 1805.70300292969 1821.55224609375 1829.21850585938 1836.48138427734 1770.91766357422 1697.23901367188 1641.85882568359 1596.38311767578 1527.30346679688 1466.45324707031 1427.63549804688 1390.66143798828 1379.65161132812 1374.50335693359 1354.34838867188 1334.35870361328 1327.0419921875 1309.26550292969 1282.29168701172 1260.33557128906 1250.99841308594 1264.62237548828 1300.85345458984 1369.02252197266 1429.9765625 1489.38586425781 1538.81567382812 1572.3369140625 1591.87683105469 1652.26354980469 1625.80169677734 1553.32830810547 1416.64324951172 1341.03582763672 1308.86889648438 1289.71942138672 1259.99798583984 1243.43688964844 1197.54711914062 1160.10882568359 1134.51641845703 1116.93322753906 1106.72692871094 1099.91046142578 1107.72479248047 1085.76379394531 1087.56481933594 1111.67395019531 1182.91455078125 1290.16961669922
1831.63854980469 1822.78033447266 1813.9873046875 1825.90222167969 1821.62738037109 1821.8759765625 1823.85131835938 1841.03594970703 1847.14807128906 1845.95648193359 1771.24084472656 1728.78472900391 1679.19384765625 1602.47198486328 1536.19274902344 1462.91650390625 1400.68780517578 1379.93389892578 1385.75939941406 1379.25994873047 1387.15246582031 1363.166015625 1334.80743408203 1319.04052734375 1291.92449951172 1280.48937988281 1278.47821044922 1303.20318603516 1352.96032714844 1468.99017333984 1552.58807373047 1592.87274169922 1606.49652099609 1581.77203369141 1622.53924560547 1619.787109375 1587.02734375 1488.06353759766 1410.55828857422 1380.90533447266 1355.69665527344 1318.47564697266 1290.08190917969 1266.99938964844 1222.71069335938 1178.11346435547 1137.62188720703 1121.46502685547 1120.87481689453 1116.60986328125 1120.62554931641 1105.90081787109 1091.95904541016 1111.04211425781 1170.32354736328 1277.77758789062
1834.13323974609 1842.3466796875 1839.06420898438 1847.20666503906 1842.99060058594 1844.23266601562 1845.11993408203 1846.86596679688 1861.82434082031 1829.62487792969 1812.82312011719 1782.93444824219 1737.46667480469 1650.83752441406 1539.52374267578 1470.56805419922 1396.68127441406 1385.61578369141 1402.12451171875 1403.32952880859 1391.46844482422 1367.16064453125 1348.41076660156 1336.55206298828 1309.75512695312 1305.17388916016 1307.97515869141 1353.33923339844 1463.70306396484 1569.54693603516 1617.68334960938 1608.12890625 1586.46832275391 1539.07299804688 1535.49078369141 1559.66064453125 1563.28814697266 1515.65277099609 1466.8203125 1422.15771484375 1391.83569335938 1351.64929199219 1319.12261962891 1274.35296630859 1225.2900390625 1181.36590576172 1141.03729248047 1125.98400878906 1130.13568115234 1124.87048339844 1129.70819091797 1112.89544677734 1098.94909667969 1114.19030761719 1166.94860839844 1276.22204589844
1871.86596679688 1883.06097412109 1859.83081054688 1848.98669433594 1861.43804931641 1857.29022216797 1872.07855224609 1870.66424560547 1882.71789550781 1843.02813720703 1838.15783691406 1812.00518798828 1790.3466796875 1708.32720947266 1595.42346191406 1492.87878417969 1408.74639892578 1391.75433349609 1420.25494384766 1417.95880126953 1403.44653320312 1374.41864013672 1378.35620117188 1376.97375488281 1354.58410644531 1337.90515136719 1369.02856445312 1443.9755859375 1573.93328857422 1647.63848876953 1620.33367919922 1572.7197265625 1528.13970947266 1497.68548583984 1485.62121582031 1526.53009033203 1558.81359863281 1560.86602783203 1507.59838867188 1460.48767089844 1411.36175537109 1369.716796875 1321.96569824219 1276.00366210938 1227.90594482422 1180.27886962891 1145.11505126953 1140.27941894531 1134.75561523438 1129.65521240234 1137.62854003906 1129.47979736328 1118.02484130859 1121.12188720703 1164.94604492188 1258.33917236328
1909.22003173828 1884.75274658203 1896.17260742188 1871.79315185547 1877.50048828125 1875.4697265625 1879.57513427734 1882.44494628906 1876.36315917969 1871.48022460938 1867.10925292969 1855.03375244141 1818.38226318359 1723.62921142578 1610.82360839844 1493.66711425781 1463.53918457031 1456.23077392578 1461.70971679688 1456.24108886719 1448.16632080078 1426.30310058594 1410.07220458984 1395.38037109375 1373.53875732422 1368.61791992188 1432.76745605469 1536.74835205078 1636.10888671875 1671.34265136719 1594.05810546875 1519.71325683594 1519.38433837891 1507.12518310547 1497.95678710938 1510.31945800781 1532.83294677734 1541.33569335938 1492.10919189453 1463.26715087891 1402.01348876953 1360.71807861328 1306.00915527344 1255.71649169922 1207.14556884766 1173.16143798828 1144.32934570312 1146.05358886719 1159.91662597656 1154.5869140625 1150.78173828125 1136.03582763672 1127.49725341797 1144.89929199219 1175.37432861328 1255.71795654297
1916.09686279297 1912.21246337891 1919.03125 1898.40869140625 1900.20111083984 1900.27935791016 1902.4462890625 1903.82312011719 1896.77575683594 1875.70104980469 1874.77044677734 1870.80889892578 1812.19781494141 1709.04052734375 1590.8359375 1540.17803955078 1517.79064941406 1508.07537841797 1502.16448974609 1484.10314941406 1452.03265380859 1421.19537353516 1409.17193603516 1401.34039306641 1390.82952880859 1447.88891601562 1547.73736572266 1650.08630371094 1693.94323730469 1652.96246337891 1567.43713378906 1511.13885498047 1509.36474609375 1522.51434326172 1519.47106933594 1483.57275390625 1470.05853271484 1459.51867675781 1440.61505126953 1391.86108398438 1340.56567382812 1297.36010742188 1257.44244384766 1203.62268066406 1169.71264648438 1147.15051269531 1155.59796142578 1171.17425537109 1174.42584228516 1161.34692382812 1143.95373535156 1140.45330810547 1140.79443359375 1163.09094238281 1204.72912597656 1278.86669921875
