Rscript/monthly_maps/SnowDepthMapFile-max-1989-06.asc
ncols 320 
nrows 361 
xllcorner 618410.159 
yllcorner 5088785.286 
cellsize 100 
NODATA_value -9999 
[rows 87 to 115 of 361, columns 66 to 131 of 320]
147.07470703125 111.275283813477 55.5317840576172 8.91316890716553 0 0.0395959988236427 0 0 0 0 0.0556010007858276 0.129951000213623 12.874397277832 78.747184753418 123.578109741211 163.167587280273 227.625305175781 352.864013671875 427.569519042969 533.151123046875 637.713256835938 681.943176269531 722.957092285156 730.248168945312 738.476440429688 744.743835449219 758.809448242188 752.044555664062 739.916687011719 741.499328613281 787.40478515625 871.574340820312 959.693420410156 1055.11218261719 1084.16333007812 1068.06530761719 997.495483398438 970.866638183594 982.996826171875 1031.45129394531 1079.08618164062 1068.57702636719 1021.01696777344 985.426147460938 930.5908203125 877.028503417969 835.265258789062 795.287902832031 749.13818359375 732.371520996094 714.019470214844 703.524353027344 678.373718261719 649.01708984375 619.8857421875 588.662475585938 538.066772460938 502.745880126953 456.56103515625 383.403869628906 339.458862304688 312.760528564453 280.764373779297 259.874053955078 240.823837280273 230.177993774414
159.621398925781 131.113464355469 83.7507476806641 17.7812976837158 2.03780198097229 0.0665249973535538 0 0 0 0 0.00609599985182285 0 3.94926404953003 31.2529106140137 102.887870788574 138.830352783203 202.309295654297 286.043212890625 379.537353515625 464.976806640625 575.674987792969 649.198974609375 678.616821289062 699.888977050781 708.256652832031 712.979675292969 722.8828125 724.052978515625 707.023803710938 730.548889160156 774.012451171875 841.983703613281 906.150573730469 991.030578613281 1033.66516113281 1002.74047851562 943.48095703125 892.28271484375 878.209594726562 903.592651367188 956.1787109375 1021.59216308594 1038.14147949219 1006.30395507812 973.722839355469 924.585876464844 865.1826171875 825.370788574219 774.509948730469 728.245483398438 696.324890136719 672.047790527344 657.091552734375 628.779846191406 607.402526855469 571.924133300781 518.517333984375 483.783325195312 423.228424072266 350.314392089844 320.382934570312 287.184478759766 263.908081054688 245.976623535156 232.14436340332 213.505142211914
175.425216674805 132.163284301758 92.2987670898438 26.7925415039062 4.03212881088257 0 0.0125869996845722 0 0 0 0 0.0266369991004467 0 12.2359342575073 77.0613632202148 122.617553710938 163.325057983398 226.030044555664 340.019866943359 427.120849609375 520.908386230469 609.0283203125 640.419128417969 651.370544433594 659.631591796875 665.801208496094 676.597900390625 676.511413574219 678.429809570312 698.549011230469 749.186157226562 817.665283203125 873.261169433594 940.250061035156 957.543273925781 953.746704101562 885.008544921875 862.488525390625 833.750610351562 836.064270019531 848.930297851562 894.569152832031 945.785400390625 981.876708984375 981.393798828125 937.169067382812 920.012145996094 877.09130859375 824.422119140625 747.614624023438 694.053466796875 658.773010253906 643.050170898438 618.578125 593.05810546875 550.12060546875 508.656463623047 464.322875976562 393.43505859375 339.310363769531 306.541717529297 268.513305664062 249.059555053711 234.130172729492 219.633941650391 182.596832275391
189.53369140625 131.297622680664 102.409080505371 42.3104667663574 7.95006799697876 0 0.0328940004110336 0 0 0 0 0 0 4.4803261756897 39.2649002075195 100.09725189209 146.650726318359 202.890182495117 262.354400634766 389.487152099609 475.430450439453 552.624084472656 589.973022460938 598.036499023438 606.622802734375 615.689208984375 630.719421386719 641.225891113281 651.364379882812 672.697204589844 734.735656738281 781.069519042969 843.170837402344 864.126770019531 871.45263671875 875.653442382812 855.478759765625 818.242370605469 798.522399902344 775.658508300781 766.192077636719 790.916381835938 845.826477050781 860.265014648438 870.903076171875 896.464599609375 919.81640625 895.157653808594 872.302673339844 819.939392089844 736.0068359375 675.053405761719 642.063903808594 619.705200195312 574.942504882812 539.421813964844 495.310699462891 446.359436035156 376.856750488281 333.270721435547 297.095550537109 259.842803955078 237.708389282227 226.412826538086 199.113510131836 153.916564941406
207.496658325195 136.666397094727 109.529434204102 64.8684997558594 11.5719108581543 1.30400204658508 0.0596579983830452 0 0 0 0 0 0.0375819988548756 0.847743988037109 16.2806663513184 84.1380233764648 139.128112792969 178.991348266602 242.290328979492 335.550903320312 434.039947509766 501.913757324219 529.100769042969 534.642700195312 544.220886230469 551.424011230469 568.636291503906 600.345581054688 626.169372558594 653.541320800781 699.262451171875 742.985290527344 766.009338378906 781.068359375 787.865112304688 799.149353027344 783.451965332031 765.864013671875 759.576171875 749.947387695312 741.074523925781 744.538513183594 754.734375 753.31005859375 752.310791015625 766.647827148438 804.07958984375 854.416198730469 904.415832519531 881.108764648438 811.501647949219 738.533508300781 678.834838867188 637.466125488281 592.167724609375 530.871887207031 484.906921386719 438.420654296875 382.506195068359 331.963897705078 294.970031738281 251.514923095703 229.452407836914 216.006134033203 178.078063964844 133.527099609375
225.04264831543 153.645599365234 125.302314758301 90.3964691162109 22.2949714660645 3.97960495948792 0 0.0150030003860593 0 0 0 0 0.00732900016009808 0 10.9668197631836 64.1248397827148 126.124725341797 165.107833862305 208.786331176758 264.619415283203 375.635681152344 442.465057373047 461.492736816406 463.5400390625 467.724334716797 486.534240722656 524.157897949219 546.474975585938 596.883483886719 634.978149414062 655.868225097656 678.94140625 700.733276367188 730.633972167969 736.700073242188 736.406311035156 725.622314453125 700.076477050781 710.358764648438 713.19189453125 711.480529785156 706.915283203125 699.242248535156 681.972839355469 660.74072265625 660.377563476562 690.012512207031 742.85595703125 812.23291015625 856.405944824219 835.436706542969 799.947387695312 731.794494628906 672.280700683594 634.838928222656 563.485717773438 505.922302246094 453.547637939453 400.867309570312 321.39453125 295.724884033203 248.488327026367 224.262100219727 207.664566040039 164.035186767578 123.980316162109
271.816375732422 189.265258789062 134.345336914062 98.6251373291016 41.6860885620117 8.97225093841553 0.336775988340378 0.0470839999616146 0 0 0 0 0 0.055077001452446 3.18766188621521 29.7692470550537 100.620628356934 155.595062255859 176.671783447266 231.557403564453 287.679840087891 356.855255126953 389.818634033203 388.204132080078 398.897827148438 432.886138916016 458.687408447266 506.847290039062 537.929138183594 578.430114746094 607.100952148438 624.65576171875 650.87841796875 675.850891113281 688.44091796875 674.815002441406 653.610534667969 646.755554199219 651.767456054688 657.525390625 658.845947265625 661.196472167969 658.744506835938 643.649719238281 623.696472167969 615.480224609375 625.819030761719 653.427795410156 710.059997558594 763.082275390625 786.749206542969 778.522827148438 742.978210449219 719.828491210938 664.582153320312 617.709045410156 556.185607910156 494.855529785156 435.130340576172 353.209259033203 302.53515625 257.426696777344 225.417175292969 206.506500244141 168.767013549805 123.406883239746
328.093353271484 233.553329467773 154.278747558594 119.122520446777 77.1154937744141 16.7542629241943 2.90476393699646 0 0.0153909996151924 0 0 0 0 0.0161220002919436 0 10.9794616699219 78.5744094848633 127.999282836914 164.72868347168 184.602386474609 242.803833007812 294.278778076172 309.381195068359 313.127410888672 317.614654541016 344.872711181641 411.523101806641 442.166656494141 476.725982666016 490.317443847656 525.016662597656 562.791198730469 604.02734375 643.869689941406 656.919982910156 645.042175292969 612.79248046875 587.07275390625 599.0498046875 600.169006347656 602.859497070312 610.096496582031 616.592956542969 601.551452636719 573.595520019531 561.0029296875 574.512451171875 600.221008300781 643.216186523438 685.062927246094 705.585876464844 685.797790527344 667.467651367188 660.054870605469 655.069152832031 640.003356933594 591.341918945312 530.771911621094 454.420135498047 389.520294189453 308.190460205078 273.807006835938 235.015258789062 214.587890625 187.903549194336 130.90153503418
372.113098144531 276.290496826172 181.060989379883 140.833984375 95.3384246826172 31.9492340087891 8.69414710998535 0.323237001895905 0.0494359992444515 0 0 0 0 0 0.0598100014030933 3.36673092842102 24.5824489593506 96.1599197387695 138.137054443359 168.808959960938 191.697906494141 232.828674316406 257.700836181641 272.523223876953 288.466217041016 297.511962890625 320.069061279297 377.905029296875 395.619323730469 415.475891113281 453.556854248047 485.373687744141 531.131652832031 579.510925292969 606.386352539062 598.124755859375 556.122192382812 529.863891601562 516.7255859375 516.128112792969 518.017883300781 528.440612792969 534.558776855469 532.47900390625 519.155944824219 512.028198242188 513.661193847656 539.53271484375 588.555297851562 641.616760253906 648.235717773438 630.958251953125 604.178161621094 575.95556640625 565.531555175781 565.078247070312 567.435668945312 546.126708984375 490.100311279297 410.662841796875 320.933776855469 289.284118652344 252.858428955078 228.884170532227 206.291290283203 157.612777709961
387.199859619141 300.801879882812 211.680786132812 159.987228393555 121.612335205078 69.9528350830078 16.6064434051514 3.2167980670929 0 0.0262979995459318 0 0 0 0 0.0087040001526475 0 7.09269523620605 32.7414703369141 99.6496505737305 140.436279296875 169.145141601562 187.048965454102 205.76203918457 220.542358398438 235.825805664062 252.980850219727 278.19189453125 276.278228759766 290.684967041016 333.837371826172 387.298492431641 422.836853027344 455.37255859375 479.585662841797 494.658782958984 510.079559326172 487.031433105469 462.285797119141 436.620971679688 435.840118408203 437.9072265625 445.593597412109 453.293212890625 456.204620361328 449.329254150391 444.199920654297 453.240570068359 479.517791748047 522.814086914062 578.085327148438 608.631408691406 578.308044433594 538.515869140625 513.231750488281 488.225189208984 474.023681640625 476.85595703125 480.970642089844 468.725555419922 407.842437744141 334.839019775391 306.446411132812 271.007202148438 246.603454589844 223.316482543945 184.409790039062
390.225189208984 312.340179443359 240.201705932617 184.22135925293 153.401473999023 103.160438537598 36.0375862121582 8.28062057495117 1.77763700485229 0 0.00936700031161308 0 0 0 0 0.029492000117898 0 9.45142078399658 32.4399604797363 98.0830307006836 128.936676025391 157.8544921875 178.12646484375 194.214538574219 201.122146606445 206.872024536133 221.319458007812 234.430770874023 248.426696777344 264.505737304688 284.024871826172 336.940368652344 372.580932617188 377.781524658203 391.491577148438 410.665924072266 410.529388427734 390.569946289062 361.043640136719 347.828826904297 350.624298095703 359.369079589844 373.918487548828 366.556732177734 367.984710693359 368.893218994141 391.063995361328 411.248840332031 448.346954345703 516.269958496094 547.139404296875 544.467590332031 497.406280517578 456.274047851562 427.870300292969 403.881256103516 384.201385498047 391.3154296875 388.888244628906 357.104309082031 333.425170898438 310.706634521484 281.625213623047 256.157684326172 230.782302856445 195.885955810547
380.783966064453 313.260192871094 253.639358520508 204.581695556641 181.438339233398 134.925857543945 91.7689743041992 28.3244457244873 7.8230037689209 1.04042994976044 0.0535870008170605 0 0 0 0 0 0.0329839996993542 0 5.83196496963501 20.8104858398438 71.6945190429688 107.643592834473 127.395889282227 151.731002807617 172.000106811523 180.391555786133 183.93310546875 194.801193237305 204.102798461914 219.637557983398 244.560287475586 255.340850830078 252.249725341797 247.843719482422 262.308166503906 293.435882568359 295.525268554688 278.046203613281 276.017364501953 271.076293945312 270.832122802734 272.843780517578 275.191101074219 276.173645019531 281.446258544922 287.812377929688 294.129943847656 321.053741455078 387.566070556641 432.313232421875 469.789642333984 494.138244628906 459.810455322266 412.143127441406 338.266082763672 308.733917236328 298.027740478516 290.724639892578 295.137664794922 304.928894042969 299.328674316406 281.240417480469 264.04345703125 251.769241333008 232.336807250977 195.453063964844
357.739776611328 310.345031738281 260.7568359375 221.205093383789 204.832260131836 170.478988647461 122.948455810547 84.2077102661133 25.0223922729492 6.55050611495972 0 0.00891899969428778 0 0 0 0 0 0.0166449993848801 0 2.98225593566895 9.72310066223145 28.1254978179932 67.032356262207 97.0738906860352 115.98087310791 136.88249206543 154.628875732422 178.167404174805 189.152420043945 192.228759765625 196.749847412109 201.950210571289 201.635345458984 205.21467590332 214.483810424805 227.862869262695 233.246124267578 227.43913269043 214.697631835938 214.381439208984 216.981292724609 223.239334106445 227.816131591797 224.407592773438 225.770065307617 228.678207397461 243.292037963867 261.600006103516 277.106597900391 327.036682128906 389.786224365234 420.571685791016 402.338592529297 337.117919921875 305.992004394531 282.778747558594 253.058746337891 232.891754150391 226.580047607422 224.372573852539 230.807464599609 223.634887695312 220.563629150391 219.066909790039 208.875961303711 166.699493408203
349.678192138672 311.119384765625 268.034088134766 236.586318969727 221.739807128906 203.338272094727 163.356811523438 118.843353271484 66.2633819580078 14.6273317337036 1.47078895568848 0.0372769981622696 0 0 0 0 0 0 0 0.0544769987463951 0 4.59216976165771 8.8667516708374 20.4105129241943 43.0554847717285 80.2364883422852 110.122894287109 128.218963623047 157.775100708008 174.814712524414 178.530212402344 179.628051757812 180.366088867188 181.025909423828 182.43000793457 179.659759521484 175.931274414062 174.07861328125 178.368621826172 182.561706542969 185.790863037109 189.314468383789 195.148376464844 194.886947631836 189.098861694336 191.86393737793 198.178817749023 213.361404418945 233.85595703125 250.562576293945 265.962158203125 294.748596191406 312.045349121094 305.028717041016 273.063354492188 237.06559753418 216.144927978516 198.205535888672 185.384429931641 178.31494140625 181.746231079102 179.886947631836 175.739273071289 159.875152587891 145.599182128906 113.875152587891
357.275939941406 324.338439941406 287.529541015625 251.24641418457 229.305160522461 214.152252197266 195.413787841797 153.654037475586 101.907341003418 26.4015731811523 3.9172830581665 0.0637170001864433 0 0 0 0 0 0 0 0 0.0269579999148846 0 0.426521003246307 3.23902010917664 8.11448669433594 13.910457611084 30.270809173584 75.5921020507812 109.92960357666 121.099052429199 136.969314575195 142.855865478516 149.319900512695 154.119613647461 158.504852294922 156.566146850586 148.332611083984 142.026931762695 139.936096191406 140.531005859375 145.068176269531 153.168701171875 162.589111328125 160.948043823242 158.926467895508 167.884216308594 181.089370727539 187.918823242188 192.493957519531 190.475234985352 199.73600769043 226.87712097168 242.741561889648 242.907302856445 218.040924072266 200.893417358398 188.414932250977 172.968872070312 152.085067749023 138.598709106445 130.229202270508 115.771614074707 102.731636047363 92.0115661621094 61.6647262573242 30.2075748443604
389.709533691406 332.845123291016 310.495788574219 276.569641113281 247.114105224609 226.620269775391 205.237045288086 177.89762878418 115.970893859863 43.5935134887695 10.23939037323 0 0 0 0 0 0 0 0 0 0 0 0.0330480001866817 0 0.245427995920181 2.03033709526062 6.72631883621216 14.7411527633667 28.5753650665283 53.5736045837402 75.1478958129883 84.8583755493164 91.2590789794922 95.7940444946289 99.4712982177734 95.6752624511719 88.970329284668 75.4496994018555 66.9993591308594 65.4794769287109 75.7762985229492 90.4974517822266 95.3600234985352 99.3826599121094 98.4954452514648 118.462364196777 139.374633789062 162.808441162109 173.952011108398 170.264892578125 166.680358886719 169.911682128906 177.769393920898 180.342651367188 177.030899047852 166.125701904297 141.163879394531 111.542816162109 95.8442611694336 74.5091247558594 53.4176025390625 33.6504707336426 18.9055061340332 8.26988697052002 4.27151489257812 1.26113104820251
431.300018310547 373.397521972656 328.907897949219 311.541046142578 287.002960205078 254.464630126953 221.02864074707 187.498901367188 141.362091064453 84.3875427246094 16.3213748931885 1.35248601436615 0.0336499996483326 0 0 0 0 0 0 0 0 0 0 0 0.0227949991822243 0.0641869977116585 0.259770005941391 2.23913097381592 5.00314092636108 8.6156759262085 8.88018035888672 10.7548360824585 11.9109563827515 12.9411249160767 12.9924974441528 11.2034521102905 7.83105516433716 9.84839725494385 6.74448585510254 6.27874422073364 9.61005401611328 8.39507007598877 11.6639499664307 13.5613956451416 16.9092998504639 30.2695617675781 76.5337448120117 107.668823242188 113.54354095459 119.196594238281 130.397430419922 138.284942626953 142.583206176758 137.135177612305 122.299011230469 99.4654235839844 75.1142883300781 32.8890953063965 15.6172885894775 9.5797176361084 4.77873420715332 2.424232006073 0 0.0525080002844334 0.00620799977332354 0
474.810394287109 431.395538330078 384.168029785156 339.161895751953 321.563690185547 296.761779785156 244.074295043945 197.035522460938 163.52424621582 100.641532897949 31.9563064575195 6.77340078353882 0 0 0 0 0 0 0 0 0 0 0 0 0 0 0.0240299999713898 0.0570529997348785 0 0 0 0 0 0 0 0 0.0455509983003139 0.0308810006827116 0.0217780005186796 0.0213699992746115 0.0316170006990433 0.0477529987692833 0 0 0 3.19986796379089 9.06565570831299 18.6402702331543 29.1840801239014 40.7939987182617 58.0212287902832 77.7077255249023 82.1602935791016 70.2653427124023 41.7671890258789 19.321159362793 8.35776138305664 3.19302892684937 0.281397998332977 0 0.0352969989180565 0.00109100004192442 0 0 0 0
515.226013183594 477.118682861328 442.582611083984 406.398284912109 358.897521972656 322.970001220703 278.709930419922 215.870178222656 173.055206298828 134.159896850586 79.8420028686523 18.4024047851562 2.66104888916016 0.0522920005023479 0 0 0 0 0 0 0 0 0 0 0 0 0 0 0 0 0 0 0 0 0 0 0 0 0 0 0 0 0 0 0 0.0134060001000762 0 0.253372013568878 1.80229794979095 3.60103297233582 7.08953809738159 8.47574234008789 8.03983020782471 9.99820137023926 3.53201603889465 0 0 0.0171360000967979 0 0 0 0 0 0 0 0
555.298156738281 509.827819824219 477.915496826172 458.308166503906 427.677642822266 363.375122070312 301.114349365234 241.502838134766 184.683822631836 157.881393432617 106.299507141113 46.49169921875 11.9433898925781 1.45617997646332 0.0388020016252995 0 0 0 0 0 0 0 0 0 0 0 0 0 0 0 0 0 0 0 0 0 0 0 0 0 0 0 0 0 0 0 0 0 0 0.0176240000873804 0.0424610003829002 0 0 0.0532849989831448 0.0207819994539022 0 0 0 0 0 0 0 0 0 0 0
584.327209472656 543.772827148438 515.032775878906 488.686370849609 460.107330322266 419.026214599609 336.303344726562 275.058166503906 212.597625732422 170.981307983398 146.989471435547 96.4921875 34.3597869873047 10.4849128723145 1.29687702655792 0.0345279984176159 0 0 0 0 0 0 0 0 0 0 0 0 0 0 0 0 0 0 0 0 0 0 0 0 0 0 0 0 0 0 0 0 0 0 0 0 0 0 0 0 0 0 0 0 0 0 0 0 0 0
627.206298828125 598.350219726562 556.391662597656 535.401245117188 515.831665039062 471.507110595703 410.937469482422 312.407470703125 252.812728881836 197.167861938477 164.400527954102 140.830017089844 97.2427444458008 34.9545745849609 10.3877696990967 1.16495800018311 0.0333940014243126 0 0 0 0 0 0 0 0 0 0 0 0 0 0 0 0 0 0 0 0 0 0 0 0 0 0 0 0 0 0 0 0 0 0 0 0 0 0 0 0 0 0 0 0 0 0 0 0 0
700.426940917969 684.143188476562 653.161743164062 623.362854003906 586.122192382812 543.307922363281 479.170928955078 409.667877197266 300.716705322266 249.341598510742 194.115859985352 169.667785644531 141.728134155273 100.839340209961 33.2406997680664 8.32735729217529 0 0.0278329998254776 0 0 0 0 0 0 0 0 0 0 0 0 0 0 0 0 0 0 0 0 0 0 0 0 0 0 0 0 0 0 0 0 0 0 0 0 0 0 0 0 0 0 0 0 0 0 0 0
779.280456542969 728.494750976562 704.408996582031 659.427795410156 618.971496582031 583.820190429688 522.275451660156 460.424743652344 380.317077636719 300.849517822266 240.696487426758 195.99446105957 174.871353149414 128.331695556641 80.9057464599609 21.7246704101562 4.91211891174316 0.246157005429268 0.0382819995284081 0 0 0 0 0 0 0 0 0 0 0 0 0 0 0 0 0 0 0 0 0 0 0 0 0 0 0 0 0 0 0 0 0 0 0 0 0 0 0 0 0 0 0 0 0 0 0
780.267272949219 733.173645019531 701.171264648438 649.627990722656 613.204345703125 579.520324707031 527.13720703125 481.847351074219 400.436065673828 326.779754638672 271.898803710938 214.176193237305 192.258987426758 152.179153442383 99.0858383178711 32.3389739990234 9.96662712097168 3.58298206329346 0 0 0 0.0352310016751289 0.00310399988666177 0 0 0 0 0 0 0 0 0 0 0 0 0 0 0 0 0 0 0 0 0 0 0 0 0 0 0 0 0 0 0 0 0 0 0 0 0 0 0 0 0 0 0
741.570861816406 711.045349121094 673.190612792969 625.894714355469 591.670715332031 548.565856933594 504.105499267578 453.670104980469 382.330871582031 328.385192871094 281.857177734375 229.915023803711 202.817947387695 164.046539306641 116.246917724609 50.0976219177246 20.6555137634277 9.2216968536377 8.71743679046631 6.29448509216309 4.8945631980896 3.50586700439453 1.1971709728241 0 0.0316179990768433 0 0 0 0 0 0 0 0 0 0 0 0 0 0 0 0 0 0 0 0 0 0 0 0 0 0 0 0 0 0 0 0 0 0 0 0 0 0 0 0 0
731.431335449219 705.377075195312 655.093505859375 617.873474121094 585.892456054688 535.672058105469 496.976928710938 434.295806884766 361.341186523438 323.330932617188 278.120788574219 233.874816894531 210.714996337891 176.177780151367 129.524917602539 81.7995834350586 35.215015411377 24.8358287811279 22.9395961761475 24.416296005249 25.8678092956543 23.6121673583984 17.6551399230957 8.58337116241455 4.11809015274048 1.44660496711731 0 0.0372739993035793 0 0 0 0 0 0 0 0 0 0 0 0 0 0 0 0 0 0 0 0 0 0 0 0 0 0 0 0 0 0 0 0 0 0 0 0 0 0
733.325622558594 704.571655273438 654.448791503906 614.526611328125 580.638244628906 527.374084472656 487.150970458984 419.762634277344 352.876831054688 320.028381347656 273.220825195312 237.303680419922 217.739379882812 190.642028808594 143.300704956055 110.065582275391 83.9538040161133 62.8153648376465 65.2091369628906 78.1353225708008 89.151496887207 88.5602722167969 74.7327728271484 47.914134979248 31.3130054473877 21.9070301055908 11.1446990966797 3.45693802833557 0 0 0 0 0 0 0 0 0 0 0 0 0 0 0 0 0 0 0 0 0 0 0 0 0 0 0 0 0 0 0 0 0 0 0 0 0 0
736.896179199219 705.414306640625 655.346496582031 612.679260253906 574.253479003906 518.021789550781 477.689422607422 414.906097412109 352.828063964844 320.564544677734 274.916778564453 245.250564575195 227.965637207031 210.004577636719 173.324584960938 135.945114135742 124.603729248047 113.610969543457 117.391952514648 124.212203979492 128.444213867188 135.653411865234 134.387924194336 124.939651489258 109.605407714844 97.4780120849609 53.5157279968262 20.3146724700928 4.20679998397827 0 0.000430999993113801 0 0 0 0 0 0 0 0 0 0 0 0 0 0 0 0 0 0 0 0 0 0 0 0 0 0 0 0 0 0 0 0 0 0.00873399991542101 0.0366059988737106
