Rscript/monthly_maps/SnowDepthMapFile-q75-1990-02.asc
ncols 320 
nrows 361 
xllcorner 618410.159 
yllcorner 5088785.286 
cellsize 100 
NODATA_value -9999 
[rows 253 to 275 of 361, columns 106 to 158 of 320]
1412.07504272461 1435.06826782227 1395.91339111328 1331.22402954102 1265.84808349609 1236.80856323242 1194.07455444336 1156.21343994141 1100.56851196289 1074.07379150391 1002.86904907227 936.042663574219 901.503067016602 851.883728027344 804.852890014648 767.241729736328 721.375427246094 650.187042236328 569.990615844727 536.322418212891 506.293075561523 474.831809997559 466.939590454102 442.561393737793 435.544158935547 424.418243408203 426.151374816895 403.092994689941 403.273483276367 379.029159545898 363.490577697754 337.011009216309 300.960426330566 280.786491394043 271.058280944824 261.947639465332 251.324024200439 246.462364196777 208.894485473633 179.577339172363 105.353694915771 42.3843364715576 1.27479147911072 0 0 0 0 0 0 0 0 0 0
1365.44476318359 1394.15518188477 1415.83618164062 1377.68865966797 1323.7692565918 1252.30123901367 1214.65777587891 1163.10647583008 1127.52105712891 1076.90170288086 1011.52096557617 948.531768798828 900.562438964844 855.117858886719 804.425827026367 773.850250244141 723.029586791992 666.220184326172 590.593963623047 542.634872436523 515.541778564453 478.29175567627 464.072463989258 450.012107849121 442.28141784668 439.106239318848 442.654724121094 442.475914001465 443.332328796387 424.570175170898 399.510581970215 366.935432434082 335.605781555176 299.907302856445 280.589797973633 271.115364074707 257.975692749023 245.449855804443 224.085647583008 182.215087890625 122.814393997192 43.0135841369629 0.850459277629852 0 0 0 0 0 0 0 0 0 0
1294.1716003418 1347.37243652344 1390.40661621094 1372.8346862793 1314.47387695312 1270.98025512695 1230.7614440918 1182.76907348633 1134.81900024414 1090.58544921875 1039.38208007812 963.959243774414 911.308639526367 870.564193725586 816.1005859375 783.888748168945 735.453170776367 686.956573486328 613.636810302734 554.075668334961 517.585144042969 484.235832214355 471.253532409668 474.635887145996 477.955390930176 465.681266784668 472.03742980957 480.728004455566 474.440200805664 457.87776184082 440.36417388916 420.186660766602 375.444641113281 341.288368225098 300.979789733887 276.014404296875 264.246719360352 248.815006256104 229.925300598145 194.373992919922 136.25403213501 47.5152263641357 1.25800502300262 0 0 0 0 0 0 0 0 0 0
1233.63388061523 1303.25650024414 1333.83581542969 1334.44369506836 1303.47366333008 1274.99130249023 1237.70196533203 1187.88296508789 1156.86444091797 1107.56625366211 1054.24398803711 971.959259033203 921.118087768555 875.431793212891 824.827056884766 787.748611450195 749.065719604492 708.399551391602 638.332000732422 564.512405395508 522.764938354492 501.267021179199 487.86986541748 483.779937744141 485.421653747559 494.658134460449 512.365814208984 514.677429199219 512.085380554199 496.022743225098 470.737815856934 444.671028137207 421.571846008301 386.601501464844 347.328842163086 288.54076385498 273.00821685791 251.436988830566 233.018161773682 200.548545837402 143.883506774902 51.9472332000732 1.03278803825378 0 0 0 0 0 0 0 0 0 0
1195.58694458008 1256.05978393555 1284.37734985352 1290.21002197266 1271.47454833984 1241.79611206055 1210.4501953125 1187.55313110352 1154.36282348633 1106.91351318359 1053.38909912109 977.637191772461 920.90217590332 884.043991088867 834.129196166992 795.221328735352 749.015075683594 708.694091796875 647.691436767578 571.259140014648 535.824645996094 515.573135375977 507.426811218262 511.817459106445 513.214241027832 542.547470092773 561.269454956055 572.306640625 553.348281860352 522.109954833984 498.469551086426 479.85814666748 442.898094177246 425.079025268555 374.373825073242 335.698883056641 272.740623474121 254.132331848145 233.416599273682 203.548473358154 147.531349182129 51.8947381973267 1.54421103000641 0 0 0 0 0 0 0 0 0 0
1161.83605957031 1214.38674926758 1228.0341796875 1247.38781738281 1239.58773803711 1227.67031860352 1189.56478881836 1170.00930786133 1140.15600585938 1104.08074951172 1048.63659667969 976.637466430664 928.050537109375 883.082000732422 835.303176879883 795.965087890625 749.474014282227 707.07373046875 648.018859863281 573.567535400391 539.474411010742 526.231536865234 524.842071533203 530.434463500977 557.887435913086 596.904678344727 618.433578491211 601.62353515625 571.389663696289 536.492156982422 505.407897949219 479.456405639648 456.052253723145 436.351303100586 396.729133605957 334.590858459473 275.399261474609 255.523685455322 231.880966186523 203.200492858887 147.754806518555 53.1336555480957 4.70915573835373 0 0 0 0 0 0 0 0 0 0
1127.16143798828 1159.92004394531 1195.15896606445 1213.85061645508 1216.76620483398 1184.68222045898 1168.4792175293 1138.59896850586 1118.2321472168 1080.20794677734 1023.33950805664 968.288757324219 926.386520385742 883.808074951172 825.567169189453 788.696182250977 748.31169128418 708.071273803711 643.005722045898 571.605087280273 550.785949707031 538.751907348633 544.82112121582 561.689910888672 607.477310180664 651.157012939453 655.27751159668 607.168670654297 540.677474975586 493.632217407227 474.649391174316 445.429641723633 426.454849243164 405.06616973877 360.996421813965 320.575736999512 269.420364379883 248.720596313477 222.997932434082 193.899150848389 145.380672454834 55.2385053634644 5.81181263923645 0 0 0 0 0 0 0 0 0 0
1105.73706054688 1105.32745361328 1127.57055664062 1156.8132019043 1162.43551635742 1157.16339111328 1138.0578918457 1115.98001098633 1088.02716064453 1064.38830566406 997.842239379883 959.135208129883 919.815628051758 875.738922119141 823.599365234375 787.961669921875 742.273681640625 700.102737426758 637.18913269043 572.887329101562 562.592971801758 558.868499755859 566.892120361328 612.118743896484 672.097274780273 686.351898193359 652.524429321289 571.048583984375 501.067825317383 472.912208557129 429.60376739502 410.945091247559 379.938957214355 357.586402893066 311.845832824707 289.266822814941 262.510704040527 244.157833099365 211.205173492432 184.916339874268 134.466094970703 50.3471698760986 6.04735934734344 0 0 0 0 0 0 0 0 1.34898579120636 0.899400472640991
1058.71862792969 1077.1266784668 1100.89804077148 1111.82107543945 1120.42770385742 1118.40042114258 1114.24951171875 1092.36819458008 1068.80667114258 1019.27145385742 984.93342590332 952.277801513672 917.392333984375 867.82341003418 820.64274597168 786.226364135742 737.304901123047 691.148712158203 632.40412902832 584.166534423828 562.352310180664 566.751495361328 604.586761474609 667.276718139648 710.087951660156 703.674331665039 636.557113647461 543.148620605469 494.366348266602 456.101196289062 427.721740722656 396.409759521484 354.635589599609 301.917221069336 283.624572753906 260.773246765137 253.052303314209 228.845836639404 203.104732513428 163.125644683838 118.539949417114 40.2963762283325 0.923692762851715 0 0 0 0 0 0 1.2917492389679 3.74092292785645 4.36057543754578 6.02722239494324
992.208557128906 1027.95120239258 1060.78137207031 1076.91616821289 1096.58401489258 1094.68014526367 1089.07507324219 1063.76544189453 1021.24308776855 987.379867553711 963.042419433594 941.972290039062 912.771957397461 859.336135864258 819.160858154297 786.712997436523 733.477615356445 698.202774047852 637.583236694336 606.13916015625 589.424987792969 607.676025390625 661.422515869141 719.82633972168 738.447448730469 709.269729614258 636.463134765625 537.59651184082 481.878959655762 444.692611694336 423.954666137695 378.588653564453 326.178070068359 298.754844665527 266.377914428711 255.552352905273 234.670650482178 214.335460662842 189.344139099121 149.97354888916 85.0999660491943 28.9652380943298 1.19707000255585 1.17435002326965 0 0 0 1.15474772453308 3.08863234519958 5.54792320728302 10.9234507083893 20.83704662323 38.473804473877
932.772277832031 978.599426269531 1015.84887695312 1053.81317138672 1064.91488647461 1062.39059448242 1038.17678833008 1016.49775695801 985.940933227539 965.442779541016 953.423599243164 923.564559936523 897.021148681641 856.124771118164 818.637100219727 790.063507080078 749.609924316406 706.575698852539 664.442504882812 637.536163330078 626.431747436523 653.741882324219 701.325592041016 752.054077148438 751.946823120117 712.82438659668 636.663452148438 543.568176269531 488.58470916748 464.71329498291 434.268943786621 378.230369567871 324.050064086914 272.137298583984 255.295455932617 240.676937103271 219.629360198975 195.086612701416 164.397850036621 126.682390213013 57.1296682357788 22.3856039047241 0.981227278709412 0 1.11903119087219 0 0.930488526821136 5.19686245918274 10.0231442451477 28.0748505592346 45.4124507904053 52.5744867324829 76.9221992492676
881.236206054688 927.035736083984 961.587295532227 993.062850952148 1016.82847595215 1017.49928283691 996.347885131836 985.952743530273 962.605545043945 953.078399658203 937.106201171875 916.336395263672 886.507934570312 853.424499511719 818.513473510742 791.662887573242 755.032958984375 720.343017578125 692.282989501953 665.122085571289 672.345123291016 697.129653930664 739.971237182617 765.403900146484 761.780242919922 716.512237548828 640.402481079102 546.806640625 487.156364440918 452.191360473633 439.78832244873 387.049140930176 319.095726013184 267.720191955566 250.262390136719 227.022232055664 203.18359375 176.935916900635 147.188228607178 87.2708511352539 34.2238750457764 11.906724691391 4.07072496414185 0.984599232673645 1.19461977481842 4.33725500106812 5.4180566072464 17.2033934593201 39.6054182052612 51.6446895599365 82.3220729827881 105.282554626465 142.235019683838
822.066452026367 877.406524658203 920.453735351562 956.367462158203 979.62126159668 988.166854858398 964.268859863281 954.709533691406 940.484420776367 921.85612487793 916.308746337891 889.757446289062 875.331420898438 845.460586547852 812.97444152832 789.431533813477 762.147399902344 735.519454956055 713.673294067383 699.626419067383 708.042144775391 730.267181396484 763.641830444336 774.710342407227 757.169311523438 713.154556274414 638.73356628418 539.841918945312 481.071853637695 428.892730712891 408.83243560791 339.626747131348 278.626190185547 251.1960105896 230.477787017822 213.670314788818 189.549774169922 168.493701934814 120.850179672241 57.8661546707153 28.5706315040588 9.82067441940308 4.92442309856415 3.90443509817123 4.31435817480087 11.0331544876099 31.3849792480469 51.2414016723633 67.804536819458 97.5736865997314 139.477279663086 167.674674987793 190.805801391602
791.290908813477 818.783309936523 856.630783081055 919.650375366211 941.267593383789 941.446426391602 918.373870849609 914.785751342773 912.906982421875 904.454544067383 887.074493408203 877.170639038086 853.008422851562 829.209976196289 806.611541748047 786.462631225586 763.007186889648 742.843856811523 732.560455322266 729.779907226562 738.364685058594 763.253311157227 776.167083740234 771.354629516602 751.461273193359 702.128433227539 614.191299438477 522.755645751953 455.929267883301 404.295249938965 351.991226196289 281.09790802002 255.221122741699 236.811744689941 222.374439239502 199.88041305542 172.93758392334 144.953845977783 86.4627494812012 47.2946910858154 24.25532579422 9.12806916236877 7.14258980751038 14.2803421020508 31.9918718338013 51.1681642532349 54.5592079162598 85.4838199615479 120.267566680908 153.972255706787 187.227310180664 197.43236541748 208.222827911377
739.075561523438 769.465103149414 808.593124389648 846.913116455078 884.768737792969 890.967025756836 886.887496948242 886.849029541016 879.292678833008 873.898223876953 870.797637939453 853.011703491211 844.597732543945 817.946578979492 795.903701782227 772.722671508789 764.210327148438 749.476364135742 746.956939697266 751.345932006836 763.66096496582 769.901412963867 772.03498840332 763.826675415039 739.907012939453 681.398681640625 578.595077514648 485.940658569336 433.604301452637 376.692176818848 305.414009094238 260.01197052002 247.384326934814 227.202526092529 213.244785308838 189.97590637207 170.03736114502 129.430236816406 74.1672096252441 42.4966611862183 27.9387884140015 25.9175748825073 31.2678928375244 49.7790222167969 59.0742111206055 88.7058334350586 118.020097732544 138.327922821045 167.240985870361 191.234588623047 203.519882202148 214.493583679199 240.178421020508
666.244766235352 706.348007202148 766.188934326172 787.574157714844 824.087936401367 854.550537109375 851.581619262695 849.499740600586 855.252944946289 855.24040222168 851.773529052734 843.469818115234 820.639770507812 807.535140991211 790.206192016602 768.671035766602 764.316833496094 763.684967041016 765.131362915039 770.235702514648 775.223526000977 771.326858520508 764.549194335938 747.366882324219 714.528121948242 641.237716674805 516.078399658203 445.673713684082 394.242065429688 339.089279174805 268.545394897461 256.03507232666 234.31946182251 224.697986602783 201.506721496582 175.649765014648 161.425952911377 109.78603553772 62.1586980819702 45.0705194473267 41.7698888778687 52.5666427612305 53.8280096054077 83.5681686401367 108.239625930786 135.714530944824 153.548820495605 179.582878112793 193.647323608398 205.067966461182 225.98265838623 243.138732910156 247.345531463623
609.152206420898 667.927688598633 703.958114624023 736.333160400391 781.434478759766 803.814636230469 819.636047363281 822.669738769531 823.290100097656 823.102676391602 822.607482910156 820.111465454102 807.276000976562 799.682067871094 784.712661743164 775.161285400391 764.46354675293 765.981155395508 767.046813964844 784.290817260742 768.299057006836 763.506042480469 744.736434936523 718.323883056641 666.629638671875 569.197692871094 477.78874206543 427.076782226562 375.363296508789 297.387115478516 258.907531738281 246.127948760986 229.577243804932 217.853530883789 190.601432800293 170.548023223877 130.921785354614 83.5249309539795 58.5500068664551 54.7519559860229 68.1878604888916 91.120288848877 119.839944839478 136.772624969482 148.239887237549 177.592376708984 187.97985458374 195.845439910889 210.037929534912 229.157230377197 240.467304229736 251.22936630249 255.462322235107
489.826179504395 576.358489990234 640.717788696289 692.964004516602 731.507049560547 770.803863525391 779.951843261719 789.248138427734 794.550338745117 796.949249267578 809.600616455078 808.279296875 795.244644165039 786.681564331055 771.235565185547 756.780212402344 757.027252197266 771.711517333984 783.765441894531 769.036254882812 765.191513061523 743.805770874023 715.993408203125 677.79606628418 588.402069091797 491.296295166016 429.617027282715 395.815284729004 339.711654663086 269.13907623291 250.463584899902 234.515529632568 230.522338867188 208.686237335205 179.050109863281 163.694568634033 111.308534622192 64.9763813018799 62.976601600647 80.5753860473633 120.059206008911 150.637603759766 177.227428436279 177.749172210693 186.423664093018 192.802925109863 198.119674682617 207.798885345459 228.733295440674 243.41837310791 249.963119506836 252.976951599121 273.846923828125
405.489646911621 463.862991333008 545.580093383789 627.246383666992 672.479125976562 708.517135620117 736.439483642578 747.69970703125 751.955139160156 756.380584716797 765.633926391602 772.760055541992 770.662780761719 757.783462524414 750.444854736328 744.512954711914 749.535827636719 756.553436279297 763.267272949219 758.064666748047 743.848037719727 714.423110961914 676.415893554688 605.84375 499.046730041504 421.078842163086 400.972526550293 341.789527893066 308.161933898926 259.289520263672 246.774116516113 228.368701934814 220.305408477783 192.615619659424 173.00373840332 137.813228607178 90.018856048584 78.7223873138428 93.8954639434814 137.410110473633 178.4775390625 194.260326385498 196.944969177246 196.652061462402 196.73649597168 203.182945251465 212.197540283203 236.023597717285 248.5436668396 251.56665802002 256.185806274414 272.303283691406 309.98274230957
366.935317993164 396.789093017578 444.945579528809 514.249755859375 590.054870605469 650.968109130859 688.876693725586 706.806106567383 709.912536621094 725.010177612305 739.872512817383 740.622283935547 741.591354370117 737.282073974609 720.833358764648 717.754486083984 723.523025512695 741.487182617188 745.663208007812 738.212661743164 709.138427734375 673.569793701172 608.692718505859 506.295829772949 454.757957458496 396.128547668457 357.943702697754 321.665252685547 264.291061401367 255.773040771484 233.008991241455 225.314235687256 213.080940246582 182.101177215576 170.081665039062 126.430208206177 95.6222610473633 95.6566410064697 136.98331451416 183.835956573486 196.554893493652 206.385261535645 210.551162719727 205.622299194336 210.832969665527 226.439392089844 237.61372756958 251.673263549805 250.899291992188 262.942977905273 278.693626403809 318.878456115723 371.541831970215
338.720191955566 375.864471435547 396.064971923828 446.181846618652 504.505844116211 567.394714355469 612.123901367188 635.570877075195 663.351577758789 669.791015625 693.395965576172 700.430969238281 703.028076171875 702.448867797852 684.623886108398 683.28044128418 698.569564819336 703.846939086914 706.206115722656 697.703094482422 661.424285888672 609.168807983398 527.006576538086 463.743621826172 399.551261901855 372.476585388184 340.163703918457 271.636817932129 253.086452484131 238.809173583984 231.15860748291 213.981449127197 189.124439239502 171.529777526855 139.949394226074 118.856084823608 113.110345840454 136.747272491455 182.547397613525 196.249225616455 206.820430755615 224.960472106934 226.444442749023 223.03772354126 225.399597167969 236.937305450439 249.178714752197 249.996284484863 261.151962280273 273.330192565918 336.476722717285 385.761207580566 420.016036987305
324.9912109375 338.2158203125 388.538314819336 392.916145324707 448.161010742188 491.719421386719 523.477676391602 567.683731079102 588.563110351562 631.592468261719 634.897583007812 649.175399780273 652.484832763672 641.192260742188 634.393051147461 635.900909423828 660.659713745117 664.899276733398 660.659591674805 630.315719604492 607.545776367188 526.997131347656 471.198310852051 424.662391662598 385.577606201172 348.697021484375 304.25220489502 262.700080871582 251.263031005859 231.592624664307 222.174076080322 195.843223571777 174.117137908936 162.801982879639 125.136512756348 114.184396743774 130.392570495605 174.548603057861 190.843574523926 210.849960327148 235.642467498779 243.340709686279 244.644596099854 241.547470092773 242.910846710205 244.576686859131 250.550003051758 253.67232131958 264.121032714844 315.109725952148 366.001693725586 430.23323059082 473.486389160156
297.627944946289 326.614486694336 343.390113830566 372.523101806641 414.426399230957 453.139045715332 486.133209228516 495.295486450195 533.994964599609 567.371246337891 594.454498291016 603.718597412109 605.971237182617 596.777709960938 597.269195556641 594.904907226562 611.707595825195 618.003723144531 598.297821044922 592.390228271484 532.159454345703 492.609359741211 434.877937316895 382.136505126953 350.260940551758 308.146942138672 276.232383728027 252.446254730225 238.408760070801 226.838249206543 214.906787872314 187.208351135254 172.530174255371 136.727363586426 114.83384513855 124.140840530396 147.78694152832 182.861316680908 201.934074401855 231.875171661377 249.846347808838 248.179782867432 249.011344909668 248.428646087646 249.166931152344 251.803524017334 250.042236328125 255.696102142334 253.333927154541 268.311790466309 342.365600585938 434.713333129883 486.154800415039
