Rscript/monthly_maps/SnowDepthMapFile-mean-1989-12.asc
ncols 320 
nrows 361 
xllcorner 618410.159 
yllcorner 5088785.286 
cellsize 100 
NODATA_value -9999 
[rows 115 to 137 of 361, columns 53 to 105 of 320]
1084.60749669229 1067.11446848223 1058.43489911479 1054.55312618133 1049.81956235824 1064.73544409967 1071.08478570754 1077.15888041835 1073.1691500756 1055.98506213773 1021.92324336883 996.888626590852 969.347264443674 943.365456857989 921.585114509829 896.788406864289 872.111741588962 847.542055191532 825.597683814264 802.863971341041 778.965465914819 753.315939626386 729.512893184539 675.674727901336 616.154046827747 584.461501582976 557.880187988281 527.99410124748 504.653063374181 495.273656045237 492.054495534589 491.569984682145 494.738507670741 496.044905139554 494.825016144783 494.592194587954 485.769601145098 476.312081613848 462.641961866809 442.355276784589 408.082362021169 374.314772082913 345.180803852697 306.212847801947 277.089694115423 266.807240147744 250.777537192068 233.671402469758 217.684775075605 208.100542130009 203.3807609312 206.173109485257 207.863138998708
1086.03841080204 1075.66160928049 1075.09378543977 1073.10896941154 1077.19721049647 1087.94600751323 1082.26649721207 1086.49524516444 1082.76931270476 1067.06045433783 1035.26601483745 1010.0305116715 977.380733366935 948.165076471144 924.960785896547 896.405588457661 869.897384151336 845.081814673639 824.328073809224 806.757658927671 790.101340017011 767.477245699975 745.902816280242 703.397444202054 642.505388813634 602.294229815083 575.152959023752 554.612836284022 534.894428868448 521.070958291331 512.987002465033 515.375058081842 518.322452668221 527.169724002961 539.663361580141 554.584904824534 559.250905682964 552.070179600869 523.530922182145 481.240674418788 447.707189744519 404.785695229807 378.485363867975 361.499749952747 338.337429415795 314.927909112746 296.499875468593 291.354247062437 277.344523768271 262.567489131804 256.35584874307 258.349610851657 261.13744871078
1095.36355295489 1092.56939106603 1081.7129319714 1089.40563767956 1089.87958157447 1088.39867770287 1086.22182144657 1092.64957944808 1091.45163456086 1074.92882119456 1053.16241258191 1023.66880946006 995.422989383821 960.435237761467 936.664414928805 908.048070107737 879.280033234627 850.666320800781 826.383064516129 813.811554939516 799.711517333984 781.206048780872 763.966037873299 731.642830141129 691.89307132844 640.688658683531 602.167101460118 577.297076809791 561.43799320344 551.960346837198 539.90725609564 537.723984256867 542.341113675025 560.359819965978 596.404817642704 613.398282943233 614.803820210118 594.714292464718 559.945565500567 511.608010568926 470.780398461127 440.87234152517 403.096689039661 387.179758871755 380.881611977854 371.941451534148 363.710404426821 346.344383978075 342.160954137002 330.975471742692 326.544199297505 326.004049977949 326.374891219601
1104.70738761656 1100.09628197455 1097.02274248677 1094.47529257497 1092.45782864478 1091.89972120716 1092.64509237966 1092.4085969002 1095.4631780809 1075.18619069745 1052.6546906502 1025.16469254032 998.257818406628 973.271257954259 945.719527706023 926.106370495212 900.275853310862 871.397663731729 840.335886309224 821.077652469758 808.082782376197 794.363260576802 778.105750299269 757.570867723034 733.069264073526 710.501510127898 672.857636482485 637.564409809728 600.772876370338 580.375262844947 569.646433184224 577.67091320407 614.096242597026 664.813479515814 707.515678159652 707.458570911038 660.35750063004 607.403089954007 575.366055396295 543.726388254473 503.883978074597 468.33402375252 438.614507859753 416.082213371031 404.602781726468 398.363403812531 389.794934672694 387.411856866652 392.291551159274 397.033187373992 399.03443121141 389.806035195628 373.958482311618
1109.7100672568 1101.98854114163 1098.24000795426 1100.75530612084 1100.492425734 1100.45429648122 1101.463382844 1101.51280360068 1093.90113682901 1077.33417535597 1043.07146232359 1024.23988194619 999.409213158392 980.651117140247 961.905976326235 941.493270381804 925.595177435106 901.815272177419 872.430699502268 847.80474656628 826.978309877457 813.80134828629 799.496165613974 786.526709771925 772.316908313382 756.113029233871 737.122431601248 713.967485981603 685.348077589466 666.468396586757 660.621734619141 682.324562318863 723.616103633758 763.727869833669 774.466061499811 747.923306372858 679.377605807397 619.340022917717 594.562873102004 568.314077069682 537.659798899004 502.5347418016 467.562200730847 444.949083389774 427.942939019972 424.365953506962 421.35788062311 427.744914393271 448.602202876922 468.97759320659 485.259543142011 460.96824695218 438.463279970231
1152.36562618133 1114.68037266885 1105.21236493511 1106.08454156691 1108.61911502961 1108.05311239919 1110.31784549836 1111.48229586694 1105.83450218939 1086.88419268208 1045.57377772177 1024.11320446384 1004.26582582535 989.917876212828 974.544163857737 960.655285250756 943.058251165575 927.383777249244 907.622966151084 885.391845703125 866.567660424017 849.080696352067 831.095809444304 815.328545355028 806.677404588269 792.970412715789 780.72129969443 754.642403879473 732.535466347971 723.610670520413 739.161903627457 772.686357067477 807.781983406313 818.487204274824 786.561391522807 750.477609942036 697.128987958354 639.449285691784 611.559143066406 597.877756426411 572.302998204385 544.757110595703 501.515381843813 474.454176379788 459.916379374843 450.592262514176 454.921424127394 466.634082425025 499.179740659652 542.858376779864 559.044469033518 541.491187310988 507.73728992093
1150.57026524698 1129.78511096585 1120.81520326676 1116.2669382403 1117.89040054814 1117.46724184098 1120.18866951235 1123.22822423135 1119.53296292213 1097.1466320407 1061.67978397492 1027.27474089592 1006.53812137727 994.78848561933 980.237499606225 968.347880701865 956.156722530242 942.264508647303 932.758753622732 915.085925686744 903.397429435484 883.830261230469 864.994237099924 845.382621519027 833.911861296623 825.62552765877 807.086700439453 787.892685428742 784.363434822329 801.4892085906 830.973906486265 849.753939720892 831.833702825731 783.695701353012 764.318142798639 745.767351704259 710.789899272303 670.399232925907 640.905159242692 622.869694863596 607.139419063445 578.972846246535 548.670853153352 508.990528721963 490.623163038684 489.612471057523 493.186460433468 508.529660132623 552.457361036731 626.267704133065 659.576789117629 642.303226594002 589.457951699534
1159.39298765121 1148.28239588584 1130.94777359501 1126.06083629977 1124.25160463395 1122.05995818107 1125.94151060043 1129.84923922631 1124.6060101909 1096.47266215663 1075.46254016507 1046.72418212891 1029.89113887664 1000.15245203818 990.093972482989 974.784049741683 965.054965111517 956.183518932712 939.227897397933 934.085679577243 926.184406895791 910.092923072077 892.055878669985 869.771443028604 854.959653792843 848.169148106729 834.960775067729 840.639701597152 861.588780556956 879.191390498992 857.05753843246 804.506584905809 787.248180758569 756.424931680002 748.789722073463 741.240353491998 709.248432774698 681.622758434665 661.586362777218 648.303549489667 633.860100530809 611.1469972672 588.621300481981 560.219517861643 545.232918031754 539.694420599168 540.931987147177 561.823116179435 629.93803750315 708.502427624118 746.761180262412 727.798501291583 691.975580030872
1179.95509781376 1152.85670520413 1146.98228799143 1142.30327187815 1128.00152981666 1141.87010537424 1151.82857587261 1156.8328109249 1137.91060318485 1120.6716702369 1103.96904139365 1080.47146508002 1057.90388734879 1010.90923284715 996.206578408518 979.144946682838 971.65294031943 963.91644483997 954.930648311492 940.460303521925 936.366533833165 929.307254914315 911.418126260081 891.207417149698 875.333600444178 870.247137254284 879.823269751764 899.437137726815 910.583494124874 863.91072328629 816.712214316091 765.958990281628 750.630018664945 746.235209803427 742.330182475428 733.697487123551 707.981506347656 682.649924001386 677.415837441721 667.232971191406 653.996979744204 643.947217387538 626.317932128906 606.843297158518 588.138683688256 581.625502063382 589.332796158329 635.441732098979 699.786559074156 752.03033742597 786.737058577999 783.254177954889 765.11371046497
1187.75694028793 1170.96205779045 1165.3971163842 1158.57106854839 1154.99873401273 1141.82494329637 1148.16510797316 1156.47093939012 1145.59907187185 1110.91351318359 1093.97175844254 1083.89585039693 1058.63132206086 1039.10198974609 999.639018397177 981.336179671749 973.21687563004 968.249623944682 961.505910565776 948.31781202747 942.875604444934 935.6581046812 932.561350176411 914.184566374748 903.397573163432 905.103692823841 920.339249149446 920.16492092994 886.484079668599 830.390632875504 776.999286282447 756.823860414567 748.928882229713 746.299807640814 740.525940925844 727.657311224168 705.808261994393 687.865314114478 684.33004859186 684.244065807712 684.380846577306 683.714279667024 674.222619825794 655.968915385585 644.918173513105 645.664915023311 672.588686050907 710.764457456527 747.466799828314 782.795694658833 815.785717379662 842.078567012664 839.523017144972
1207.25437484249 1196.92288503339 1180.73856673702 1168.11882954259 1149.75586331275 1141.69166811051 1138.72962213332 1128.78076959425 1114.02252000378 1094.84051119897 1083.47206952495 1068.43327282321 1056.72961425781 1038.05832401399 1017.96795063634 1001.91927608367 978.484609296245 967.200758411038 962.377514254662 960.092415102067 953.448994298135 950.646870274698 943.153532951109 937.418366462954 934.043848837576 930.623117754536 927.261978641633 903.37656328755 856.52400453629 812.2016847672 773.612628567603 759.366507253339 756.195553687311 750.403822375882 743.407852665071 721.699987596081 709.160100137034 699.371669646232 689.262945359753 701.031905635711 711.906578802293 719.403799733808 721.048136065083 720.018342048891 717.151886970766 718.941593293221 731.57856405935 759.452603247858 787.425579440209 815.188786660471 856.702378795993 884.979996219758 885.447228216356
1211.97270744078 1200.33593159337 1182.99762750441 1172.58166307019 1147.31804829259 1139.30695564516 1153.19226664882 1157.35629961568 1152.02537684287 1134.68675970262 1111.62290314705 1097.2190453314 1065.72650146484 1046.71553679435 1029.00104350428 1016.60897531817 1007.00647760207 983.302468576739 969.55525453629 969.316565728957 968.597185688634 967.075470955141 965.563311176915 962.296530446699 947.507948352445 938.941715363533 919.251177387853 892.475150815902 849.194270964592 809.857827463458 781.348121889176 774.641731508317 766.276274650328 758.623901367188 751.28950648154 730.765988257623 715.451466221963 707.698847616873 709.59481023973 719.596398138231 734.23280186807 755.503846199282 762.632618565713 761.040183774887 758.328342560799 756.559139128654 771.914362753591 799.219370195943 830.488429900139 860.967289094002 890.872373519405 886.075319351689 862.17230421497
1232.84888089088 1223.19313492314 1209.32257867629 1195.25113997921 1189.67028414819 1222.52546544229 1259.21772027785 1277.72396555255 1273.21169354839 1254.66575770224 1212.29905454574 1169.16810657132 1123.22623566658 1092.22590883317 1066.06413416709 1046.32223806074 1027.38797686177 1009.8633383474 984.895056939894 982.790905367944 981.58342718309 980.485999322707 978.0654296875 973.511212748866 960.557999149446 938.149859028478 911.748009466356 881.819367439516 840.453713693926 805.915275327621 784.647043535786 786.498989966608 780.561718356225 763.988785282258 756.901701896421 738.547300277218 721.060460244456 719.208792409589 721.261994392641 734.348759805002 755.588066839403 766.483399421938 780.992446407195 781.214338733304 780.425188618322 781.912785683909 800.954349640877 834.224230366368 867.404816658266 899.036378922001 895.929559523059 866.601367581275 775.16465414724
1275.13634663243 1270.3567406439 1269.27293346774 1280.28736729776 1305.07003882623 1347.15516908707 1377.04494550151 1346.23600916709 1329.32235816217 1304.95453471522 1289.02885584677 1250.35597672001 1206.90249535345 1142.75002756426 1106.15122936618 1084.63699439264 1063.47846049647 1034.2007288779 1009.38417693107 1000.5866758285 995.432571903352 994.654017294607 983.108185798891 976.116687405494 957.94250094506 939.416314894153 911.768804734753 878.546666299143 845.239372007308 816.484636860509 800.240231421686 798.135782549458 791.585511238344 778.630142704133 761.70459968813 751.074772988596 729.496151831842 722.151198848601 730.039329282699 749.717685822518 760.223819855721 775.057018649194 791.036276540449 793.098740116242 788.921247912991 798.096863777407 826.919429655998 866.479801301033 898.896378055696 911.39551765688 878.025014569682 803.350941319619 718.801897602697
1338.21986044607 1344.19916755922 1354.38369258758 1374.51107295867 1373.90112698463 1396.95573179183 1343.57427190965 1337.00240793536 1314.55429569367 1285.47637742566 1266.50112816595 1234.33939287739 1222.23729090537 1177.61523043725 1136.50955101752 1113.61542141822 1074.82320674773 1052.90720884262 1025.47768475932 1017.76952534337 1011.22269562752 1003.15866187311 987.809552592616 978.710665795111 959.401008852067 941.077977334299 914.231955251386 885.270807081653 852.440705330141 828.901191957535 811.893025059854 806.72955617597 801.590045559791 792.168933499244 769.983269476121 757.860043433405 743.737686649446 730.408189342868 740.835037723664 753.352345128213 763.933784730973 778.192056963521 794.114912463773 798.632190335181 798.690151091545 817.32997475901 863.112627583165 901.081791047127 912.136386009955 887.480283675655 824.857952487084 756.910960535849 695.239422213647
1406.03304561492 1404.72189823274 1408.0297398721 1402.59703605406 1356.37785683909 1309.65772075038 1279.54552828881 1253.10101515247 1244.03023602886 1234.08660298009 1222.65817752961 1215.04137396043 1194.52504213395 1165.46434168662 1168.57271059098 1132.85733524446 1105.54769799017 1078.48459748299 1058.54177167339 1034.12611832157 1023.47109296245 1018.01318162487 1000.24013790008 981.429413826235 961.777518979965 946.967889601184 925.563395838584 898.088613202495 867.15078046245 841.350479618196 824.819659817603 815.295525335496 811.396882087954 801.906583724483 784.81991774036 764.171128795993 755.280994046119 745.036899689705 752.241193217616 757.061739029423 764.578379969443 777.204100578062 795.478475263042 807.0922113234 825.352194509199 863.700415826613 912.073368195565 933.321537140877 897.041529501638 841.600222679877 781.070250480406 714.036625031502 659.874732232863
1428.66301112021 1406.80373456401 1350.36057798324 1326.68140042213 1276.00314232611 1234.86530919229 1228.91155218309 1219.40701589277 1222.70939783896 1217.84440366683 1208.05514427923 1197.38166267641 1188.54400831653 1179.31212000693 1158.15535613029 1132.15471821447 1110.45997471963 1102.4322805097 1076.06378173828 1053.4137258222 1033.36716387349 1018.8026438067 1006.90412558279 985.31391562185 971.851745605469 949.956741825227 935.718761813256 908.563267861643 876.176121865549 849.04824139995 832.087421048072 825.422122093939 821.73589398784 815.569283762286 796.89050686744 772.107506536668 760.886131040512 757.704832015499 758.8008304719 760.732539023123 767.09426781439 779.261368290071 798.817811043032 821.542148713143 869.509462418095 939.443073887979 945.379254741053 926.037774855091 851.536738241873 800.449999409337 735.909666984312 684.764235957976 623.279462260585
1388.08174182523 1351.49778107674 1325.04820399131 1250.51066933909 1224.03058845766 1204.17796670237 1179.51711543914 1172.15415117818 1170.52170095136 1181.13860887097 1183.24074037613 1181.70739746094 1181.67092403289 1178.82065311555 1172.10679380355 1152.02605610509 1131.70361918788 1111.58880812122 1099.52368754725 1071.98836197392 1043.68952203566 1023.63601389239 1009.75257725869 991.318589733493 980.930888514365 965.304380355343 939.941851215978 916.525624921245 881.579898957283 853.964321997858 836.104225404801 829.231364588584 828.386573053175 821.258152131111 808.112465150895 789.612796906502 776.734240131993 763.878849152596 765.471228814894 768.597569619456 772.294574368385 784.518013246598 803.520178025769 836.074083881993 916.648494597404 969.057327762727 973.010486233619 883.454761135963 815.974040369834 763.71252047631 715.431241927608 667.448951967301 591.248242778163
1351.59517743511 1326.45037448022 1280.46339071951 1226.14707110005 1204.27806435862 1173.13575400076 1157.3117774225 1144.62735477571 1149.54610123173 1154.76487485824 1169.35801056893 1176.35255875126 1182.14732705393 1182.42607264365 1174.40841970136 1163.92762608682 1149.77062397618 1138.77947998047 1105.93044157951 1084.92140050088 1051.59733532321 1029.81057443926 1016.24170512538 1003.43772445186 985.558579967868 971.933292511971 950.81584905809 920.680291944934 877.347760600428 849.652721774194 842.446644444619 838.925104941091 833.11671890751 826.254494943926 816.557126937374 804.405575659967 792.587039086127 779.280379756804 777.895958685106 779.667782691217 782.515682097404 793.375325848979 814.399261474609 862.716590143019 956.211039881552 999.825016144783 941.103765672253 852.949552474483 791.01524008474 736.943800403226 697.414866785849 651.031273626512 583.430838308027
1333.67246960055 1309.38928419544 1267.1198297316 1208.87539968183 1186.33807569934 1161.18735036542 1153.61568327873 1154.04416385774 1162.89533258254 1171.28288022933 1176.25257528982 1185.42268814579 1191.29705613659 1191.80116911857 1180.0040125693 1170.69444028793 1158.72799387286 1139.96493825605 1114.96734028478 1093.97375685169 1064.72209315146 1034.35778808594 1019.42204826109 1005.16235745338 976.696023264239 957.554384293095 931.205928679435 903.506967852193 864.713432065902 840.564954203944 838.374606224798 834.781332692792 834.892483618952 828.418742518271 822.29336843183 816.754441784274 806.315172749181 799.477480980658 790.537687240108 792.911519696636 796.60732835339 807.958673292591 834.25741774036 902.023789928805 993.47551702684 958.459407683342 905.345677529612 816.332419118574 752.202188799458 721.937557097404 678.646540487966 633.078984414377 588.644644460371
1329.29670173891 1301.61775059854 1274.76179947392 1204.52959023753 1169.45846656061 1156.04396303238 1167.39342080393 1173.5700663905 1177.58763467112 1187.3548367408 1191.40552939138 1191.3522437311 1195.26883229902 1195.58145043158 1190.24699746409 1175.93933105469 1167.43027619393 1147.21326274257 1105.0087398406 1082.07004867061 1052.65064461 1029.75948801348 1007.36817784463 979.974721600932 954.259708527596 920.571966355847 878.245607437626 842.71382288779 822.410320651147 815.342659242692 828.382535872921 834.631081857989 842.555403186429 839.228377803679 832.213000882056 826.83701742849 816.374203589655 804.114876039567 802.235819170552 808.371563326928 814.129851310484 825.03860375189 866.81293905935 953.039552750126 998.556760726436 954.96038030809 855.382327172064 790.463415330456 734.046997070312 713.888974097467 677.910907376197 637.438460811492 605.405106083039
1320.68559019027 1279.8877937563 1237.32172615297 1190.2790015436 1161.25948407573 1162.84508096018 1176.55450439453 1189.25595191217 1187.52669205204 1190.54442571825 1196.41716151084 1200.73961221018 1201.79129717427 1197.50987588206 1189.78637498425 1172.58763664 1153.88418677545 1131.79690059539 1100.24637333039 1067.05272059287 1030.80299229776 1007.15068201865 974.848469395791 939.311517530872 915.252415810862 872.104159447455 823.660963489163 792.677573911605 785.959917622228 806.522351664882 828.119001819241 848.696513514365 853.008114722467 849.567414314516 839.561986123362 830.913637222782 818.306942847467 815.208194855721 820.248277233493 824.591435586252 832.856324226625 852.771741313319 915.271468623992 973.665332425025 999.352322486139 909.359778619582 823.367923859627 781.295764553931 733.168480657762 716.613044984879 695.97515672253 656.960695328251 633.938036518712
1277.45109311996 1241.79182680192 1215.36516349546 1178.6803766066 1167.25019885648 1176.93354255922 1187.31495715726 1195.16558444115 1195.29331724105 1196.75931081464 1199.83304522114 1203.99103373866 1201.49077384703 1195.15876228579 1179.07512049521 1168.26167149698 1145.6440961284 1112.66900831653 1080.86637041646 1043.78850727697 1017.6388766381 983.403286841608 958.369426112021 919.306118872858 876.903575281943 840.962414157006 800.164551765688 793.322228216356 806.800772390058 828.001429403982 840.850894066595 854.749140585623 856.745779714277 849.173635175151 839.699839930381 831.849344561177 826.111378331338 829.970129197644 838.276911581716 846.012115478516 853.820671819871 884.299468009703 960.252809586064 994.460772114415 956.080851893271 871.892373361895 820.549440445439 787.608713457661 761.7789316485 725.566813807334 704.749920260522 672.549990746283 652.022270940965
