Rscript/monthly_maps/SnowDepthMapFile-mean-1989-11.asc
ncols 320 
nrows 361 
xllcorner 618410.159 
yllcorner 5088785.286 
cellsize 100 
NODATA_value -9999 
[rows 253 to 275 of 361, columns 159 to 211 of 320]
0 0 0 0 0 0 0 0 0 0 0 0 0.349138736724854 0.269693311055501 0.289909394582113 0.302287832895915 0.303261629740397 0.301217333475749 0.301466242472331 0.304305299123128 0.308830165863037 0.31096674601237 0.315122445424398 0.270516045888265 0.264691305160522 0.28411963780721 0.773846562703451 1.15043907165527 1.97860492070516 2.68187967936198 3.51970361073812 7.10236303011576 9.62200945218404 12.0027180751165 16.4189245065053 43.2400319417318 48.1431897481283 48.9910343170166 49.3535809834798 45.7491050720215 46.3247203191121 41.6210169474284 20.0143723964691 18.0392544746399 18.2211081981659 18.0898011922836 17.4563911994298 16.1382214148839 15.1924657344818 40.756365331014 49.1709807713827 76.8195627848307 106.040044657389
0 0 0 0 0 0 0 0 0 0 0 0.287392203013102 0.274289639790853 0.292045402526855 0.310049279530843 0.266820907592773 0.271880944569906 0.274918079376221 0.276065254211426 0.248531802495321 0.249256801605225 0.255522394180298 0.269949467976888 0.303978888193766 0.393977801005046 0.826074568430583 1.15698334376017 2.23549299240112 2.59058020909627 3.19809924761454 7.24088133176168 9.34045583804448 14.7085575898488 47.0049638112386 76.2104438781738 87.0418736775716 93.14728418986 95.3064748128255 94.9888272603353 92.7837173461914 87.6993067423503 77.4729685465495 56.8665768941243 44.3964563369751 43.5685897827148 23.8744176705678 18.0023271560669 16.8053725560506 14.6164430300395 15.0388730843862 36.9312818527222 47.1449209213257 70.8665896097819
0 0 0 0 0 0 0 0.341951338450114 0 0.255831162134806 0.314867496490479 0.275869655609131 0.291228357950846 0.308846028645833 0.233550596237183 0.245530239741007 0.246823231379191 0.265987507502238 0.276329263051351 0.283719444274902 0.30474100112915 0.305535348256429 0.366345977783203 0.737800057729085 1.07943123181661 1.44326941172282 2.01629424095154 2.55744285583496 3.06133845647176 6.64492152531942 8.92350622018178 18.4405780474345 71.0454420725505 96.5008791605631 119.155335998535 125.412960306803 127.500324503581 127.420241038005 126.351377360026 124.581786346436 124.434868367513 115.161323801676 97.2012199401856 84.4755460103353 63.8287501017253 46.8181601206462 42.7637915293376 18.1861648241679 16.8836848656336 14.5249540408452 14.5753487269084 15.6035938898722 36.1912171363831
0 0 0 0 0 0 0 0.33387393951416 0.281171703338623 0.331424522399902 0.282949638366699 0.295013904571533 0.305306593577067 0.265204970041911 0.249873701731364 0.272429911295573 0.296165879567464 0.339363034566244 0.343125279744466 0.35565938949585 0.372804927825928 0.442946179707845 0.851552359263102 1.17033074696859 2.22768494288127 2.43274863560994 2.81731430689494 3.10968658129374 5.38885153134664 8.7473918179671 16.6866898059845 81.4479860941569 108.943715159098 132.249947611491 150.812070719401 158.062880452474 164.687415059408 156.810185241699 153.110069783529 149.744328308105 145.634191385905 139.581301371257 128.250087738037 120.034349314372 97.7938390096029 84.6144566853841 60.4286950429281 43.8711126327515 20.5942552089691 16.5232686281204 13.5796449581782 12.476878118515 12.7378855625788
0.335688591003418 0 0 0.332856273651123 0.338406626383464 0.254920673370361 0.288677787780762 0.3332794825236 0.280978520711263 0.286409091949463 0.298388608296712 0.311163425445557 0.273600896199544 0.256241925557454 0.284142621358236 0.342076142628988 0.359068997701009 0.365834776560465 0.403726100921631 0.473405297597249 0.858095137278239 1.16578407287598 2.0789083480835 2.04573982556661 2.66011743545532 2.94055573145548 3.3168607711792 4.72351519266764 8.36354467074076 12.1905278682709 64.668146387736 107.723965962728 139.23561706543 168.569046020508 183.985389709473 189.87762705485 189.304679361979 184.873322041829 179.120377604167 173.849918619792 170.836137898763 165.644771321615 156.225596618652 145.549105834961 128.269944254557 117.375996144613 95.5066068013509 78.7808680216471 47.7614515940348 17.3445906162262 15.2156533718109 12.6254132211208 12.1571732838949
0.343368721008301 0.271099376678467 0.296910317738851 0.312929471333822 0.32841313680013 0.275122165679932 0.280083433787028 0.289119466145833 0.301072279612223 0.311378161112467 0.27322203318278 0.237025594711304 0.271829191843669 0.335244019826253 0.359479077657064 0.394737911224365 0.792334779103597 0.753988695144653 0.838761266072591 1.13057009379069 1.46411139170329 1.99937618573507 2.52097295125326 2.80544832547506 3.07009959220886 3.40745520591736 5.17778261502584 8.37599252065023 10.2517709096273 43.4815818786621 83.9066365559896 124.640696970622 161.508386739095 184.910046386719 203.546610005697 211.814448547363 210.873705037435 207.26565806071 200.488009134928 193.262102762858 188.230295817057 185.323501078288 181.391738382975 170.982182820638 154.190593465169 136.570734151204 121.744016520182 103.67088394165 77.4433252970378 45.1214089711507 16.6714511553446 13.0904915908972 11.7428866545359
0.269392871856689 0.283126513163249 0.284330526987712 0.288169097900391 0.293852233886719 0.29844217300415 0.305975596110026 0.316063563028971 0.250414403279622 0.273583189646403 0.33561061223348 0.354230976104736 0.371670818328857 0.389265092213949 0.479658158620199 0.869070784250895 1.16489612261454 1.12511113484701 1.19231451352437 1.9557591120402 2.42580755551656 2.78177684148153 2.9922924041748 3.39370935757955 4.68467472394307 7.09975446065267 8.92072140375773 10.6213770151138 15.6286796887716 58.8203525543213 101.442603810628 129.55929107666 163.929614257812 188.780572509766 213.142815653483 226.611400858561 231.648877970378 230.219786071777 220.03444519043 211.945691935221 206.040782674154 203.622589111328 201.752252197266 194.11529490153 170.360322062174 153.568400065104 136.518304443359 121.177947998047 94.4701179504395 65.3596380869547 42.3194957733154 14.4717844804128 12.2328232288361
0.299129899342855 0.30273650487264 0.311805311838786 0.268264293670654 0.274872843424479 0.250143973032633 0.271243158976237 0.337823931376139 0.371480941772461 0.463442707061768 0.828092670440674 0.861711247762044 0.895636558532715 1.15061432520549 1.16475779215495 1.33437217076619 1.50878623326619 1.6002690633138 2.02996748288472 2.50170701344808 2.99458077748617 3.49376004536947 4.68256708780924 7.4642170270284 9.11441219647725 10.273114490509 13.5153233210246 39.9862951278687 58.0188050587972 90.55822168986 118.67585067749 138.134996032715 166.735542297363 188.541551717122 212.559864807129 228.868352254232 248.852741495768 245.506420389811 240.208547973633 228.740585327148 222.402405293783 220.276401774089 219.393657430013 212.868149820964 187.461805216471 166.248957316081 149.314427185059 132.416230265299 116.967031097412 87.900084177653 51.1362066904704 16.5074706315994 12.405333618323
0.275576814015706 0.252996492385864 0.265454705556234 0.314544836680094 0.353517023722331 0.376057084401449 0.473453903198242 1.05972692171733 1.18778840700785 1.36800422668457 2.10812193552653 1.58002284367879 1.80062999725342 1.92093766530355 2.29688758850098 2.37469685872396 2.51152634620667 2.57740109761556 2.70834158261617 2.98575361569723 3.5052406946818 5.07711332639058 8.83895641962687 11.5881202578545 14.4569204171499 44.743658320109 64.4911078135172 88.155561319987 108.337135569255 122.033068593343 135.1173828125 160.068760681152 176.878773498535 195.36305847168 215.307544962565 230.541719563802 255.894788614909 265.960338338216 258.833970133464 248.704740905762 238.414963785807 235.775763956706 234.451913452148 228.289953104655 199.73451385498 179.530772908529 160.291600036621 144.696708170573 125.334006500244 106.306118265788 78.355424118042 43.5373441696167 13.2425650199254
0.348715337117513 0.374025217692057 0.411818345387777 0.732330497105916 1.28811238606771 1.18314790725708 1.44707018534342 1.97854657173157 2.17487537066142 2.50799729029338 2.63236296971639 2.66421197255452 2.67987308502197 2.71163398424784 2.86882710456848 2.99859558741252 3.01322231292725 3.05264687538147 3.17519977887472 3.54175270398458 3.66078545252482 6.91149638493856 10.7423717180888 14.7282998243968 46.1760489781698 81.3529337565104 114.082538604736 127.488302866618 138.850604756673 149.300908915202 162.488014729818 176.824273173014 192.219025166829 208.383827718099 225.698475646973 237.372001139323 257.119858805339 270.892514038086 277.651870727539 272.611201572418 259.428219350179 256.19225546519 253.899079386393 244.330517069499 226.167166137695 197.7191502889 172.377732340495 152.053238932292 134.042965189616 117.516170247396 86.0011367797852 45.8559780756633 14.1500378290812
0.807055314381917 1.0985498269399 1.19373019536336 1.34077679316203 1.87129065195719 2.37267154057821 2.63136994043986 2.87195789019267 2.93906367619832 2.99859132766724 3.08211317062378 3.10991752942403 3.16460644404093 3.15903469721476 3.47994518280029 3.66633761723836 3.95752422014872 3.59627480506897 3.64669241905212 3.74454604784648 4.12872996330261 6.86955521901449 9.78624154726664 13.6661213556925 48.460998916626 95.3975715637207 123.155872599284 154.122512817383 169.707695515951 181.050813293457 187.504065450033 198.338018290202 210.75361328125 225.446071370443 235.628435770671 248.299887084961 258.95505065918 273.049037679036 285.796540419261 291.426893774668 285.745923201243 272.487962134679 270.595147514343 266.587332804998 245.487439568837 210.007016499837 182.112440999349 158.318568929036 138.945241292318 120.024160512288 89.7838689168294 51.7851895650228 15.576251300176
2.10809936523437 2.05075856844584 2.1559409459432 2.5220582485199 2.70931210517883 2.93897616068522 3.09550630251567 3.22728311220805 3.28798348108927 3.33549914360046 3.29122514724731 3.55069541931152 3.63104321161906 3.82518701553345 5.86159529685974 7.87754448254903 8.62620868682861 7.69760494232178 5.75805147488912 4.61694850921631 5.04888874689738 6.75136415163676 8.77628362973531 11.1510636011759 39.2516501744588 77.5406806945801 112.096494293213 142.211593882243 175.262322489421 190.065684509277 201.619653320312 217.934543863932 225.942084248861 241.965265909831 251.35819905599 258.18090616862 262.197158813477 273.577739461263 289.602539714177 302.851413075129 312.890061442057 315.599564425151 314.658219718933 297.812361542384 263.977739651998 223.310784912109 190.559302775065 164.447152709961 140.881595357259 122.254482269287 91.2730387369792 56.8710391998291 17.0369014898936
2.59234714508057 2.85526609420776 2.99504392941793 3.14142309824626 3.30976103146871 3.54744240442912 3.69741671880086 3.72707754770915 3.72280831336975 3.71825284957886 3.62993632952372 3.7616105556488 4.98154006004333 7.58982457319895 10.4222519874573 12.7703691383203 13.1086072246234 12.2194023887316 9.70361717542013 7.90447025299072 6.82098793983459 6.94186140696208 7.96577173868815 9.06782239675522 14.9123635133107 66.7137336730957 103.157578786214 125.122064208984 161.838104756673 177.545031738281 200.838231913249 219.353248596191 239.188795979818 252.017741902669 257.074182128906 261.375391642253 266.110041300456 277.602988529205 289.421253744761 304.359506702423 347.645926602681 350.815998967489 361.167265192668 315.040410804749 267.653776009878 232.14185333252 195.994543457031 168.047593180339 142.266340637207 122.648510742187 90.9389498392741 62.2151027679443 19.1571547826131
3.19115786552429 3.47544202804565 3.61763509114583 3.74843079249064 3.84613447189331 3.73991023699443 3.79554414749146 3.78411237398783 3.76387127240499 3.77892409960429 4.64266360600789 6.88462495803833 9.14245378176371 10.96865123113 14.1770699501038 19.6655127684275 35.5997390429179 18.802256377538 14.0342768510183 11.3496596872807 10.1879392147064 7.79286694526672 7.91740783055623 9.53101002375285 12.5322082678477 49.9164147059123 95.2848607381185 117.424239603678 152.365063985189 168.326661173503 189.83346303304 210.26277923584 235.013545735677 251.804454040527 257.234495035807 261.402576700846 267.315623982747 275.667328008016 288.77938170433 303.17311267592 351.23408610026 383.608890279134 383.099264399211 314.048105049133 264.802246284485 227.660528055827 195.603309631348 165.866608174642 142.311446634928 122.203927103678 90.4100341796875 60.8435544331868 18.0430950800578
3.64448081652323 3.77510061264038 3.78981393178304 3.84773758252462 4.13206623395284 4.07360955874125 4.31857169469198 4.56349781354268 5.0840881506602 6.42156661351522 8.25036342938741 10.2361709594727 12.0622279485067 15.4599539597829 47.3289691289266 72.1862575531006 84.4235097249349 77.8983014424642 52.437516784668 17.0243504365285 12.3305257519086 10.3972473303477 8.30638521512349 10.3310106913249 13.4882291793823 54.8478930155436 100.400578053792 122.838135782878 153.56039276123 169.680436706543 184.893337504069 206.204964701335 229.706497701009 243.492713419596 253.673506673177 258.806341552734 267.029548136393 277.760784053802 287.621566025416 300.228530817106 347.806823158264 379.222260157267 369.66709505717 308.450419267019 256.769170236588 219.433629862467 190.583238728841 163.492561340332 138.816817220052 120.067712656657 88.2110420227051 52.9565713246663 16.107411924998
7.96411604881287 7.939896996816 7.42181496620178 6.72462387084961 6.49391841888428 6.68881715138753 7.18535737991333 7.83563124338786 8.95442566871643 9.98934513727824 11.2777643720309 14.0917012532552 34.4511708895365 55.643482208252 88.5543657938639 115.535646057129 123.345675404867 120.633121490479 94.7794949849447 47.9529951731364 14.1666174093882 12.4919829368591 9.7824014822642 11.3789687037468 19.2527835687002 78.2741868336995 113.74880065918 134.063481903076 162.504984029134 178.886105855306 194.882504272461 210.019836934408 226.609616088867 239.167205301921 246.429767862956 253.231759134928 262.161271158854 274.845057106018 286.71517812411 298.420536093041 347.905970191956 371.621774800618 345.691109848022 279.16350069046 251.211721007029 211.355081176758 185.876196289063 159.601820882161 136.385758209229 117.372982788086 85.6454259236654 49.0119969685872 14.3939947287242
12.4403164466222 12.4587834676107 10.4868564923604 9.8923980931441 10.0311021963755 10.3135824044545 10.5948883215586 11.3576745827993 11.7948901176453 13.8019280115763 23.90480372111 53.0667048136393 83.0393363952637 101.864316813151 122.370397186279 138.983438618978 152.633622233073 138.74970703125 114.868251291911 57.5954277038574 14.8813631057739 14.0022884051005 10.8938917477926 13.3238602479299 47.3034329732259 91.0564870198568 123.311014811198 148.430455525716 174.310088094076 193.232195027669 212.49339650472 223.975178527832 233.831425984701 238.573513285319 243.275219217936 249.858920796712 258.426341756185 274.258302466075 285.161501248678 300.510828272502 341.510521570841 343.567205746969 331.516656684875 267.225385300318 240.207011540731 208.669146219889 184.262409973145 159.27003326416 135.605030314128 117.234488169352 82.1052942911784 43.9167627334595 13.4180743455887
44.7886319478353 51.4110736846924 46.0652741750081 20.5705224355062 15.0830458799998 14.3712049007416 14.7010407288869 15.7748397350311 34.0183212916056 52.4085268656413 82.4303914388021 98.6649403889974 117.979705556234 130.938975524902 148.414690144857 168.622489420573 168.658667500814 143.652689615885 106.842952728271 50.3847450256348 15.2553838094076 13.3385514458021 14.1968700766563 15.5660016218821 70.6746089935303 110.656843058268 140.299953715007 169.318235778809 189.494666544596 208.101905314128 222.522095235189 237.666030375163 240.178809102376 240.443347167969 242.910037740072 247.544492085775 254.706583658854 265.219706217448 282.896352227529 298.993218580882 331.632703240712 341.124532636007 302.243901149866 264.368463595708 237.776145426432 214.060028584798 187.33748626709 160.887341308594 135.433596038818 107.926702626546 78.2913213094076 43.3335859934489 12.8947353919347
88.3625658671061 115.052447001139 105.526275889079 86.7534248352051 76.578505452474 57.0009157816569 56.4504796346029 70.7297827402751 85.0227869669596 98.3596059163412 118.191082000732 131.307933044434 145.029182434082 160.201580810547 178.543506876628 189.427524312337 171.414608256022 131.792351531982 89.3139673868815 48.7307202021281 15.5111936251322 14.4294216394424 14.5747275352478 44.180428314209 83.5881927490234 122.63381245931 151.388642374674 181.184573872884 203.91597849528 223.357833353678 241.428081258138 247.145393880208 247.558820597331 247.033008829753 243.983349609375 246.337354532878 251.830844624837 261.187665812174 279.945952129364 296.943742990494 312.199058087667 328.432301394145 297.965962521235 260.473231681188 236.286050923665 214.983033752441 193.041765340169 162.070803833008 136.156591033936 106.194644927979 76.833118947347 41.1194775263468 11.9157786687215
123.043926493327 139.809778340658 140.960393269857 127.513203684489 116.731013743083 111.151881154378 111.315621439616 115.11814142863 118.659856923421 131.112749481201 144.171277872721 156.859194946289 168.948205566406 191.642871602376 200.561554463704 195.937763468424 166.366311645508 121.373073577881 82.778909556071 45.4473824183146 17.1059802850087 15.1526068051656 17.6349246501923 68.0761219024658 104.752191416423 137.785949198405 169.834237162272 192.145034790039 217.515352376302 239.675369771322 249.741263834635 250.48428700765 249.820832316081 248.546433003743 248.133425394694 246.165787760417 250.006576538086 258.269311523438 274.673558139801 294.305756584803 301.607565021515 302.75449163119 289.824786281586 254.822302532196 230.686274719238 211.318508402507 191.214239501953 160.171853637695 136.011765289307 103.559009806315 74.0722236633301 34.4917471885681 11.326743944486
142.989511108398 169.933738708496 175.65151570638 165.667989603678 146.048099263509 135.544429016113 135.754715474447 140.628629557292 148.603797912598 157.536131795247 165.744944763184 180.861766560872 202.688933817546 218.957485961914 223.499767049154 194.881639099121 153.032364400228 116.112449391683 85.806386311849 51.6221455891927 37.3976059277852 43.0280520757039 56.7688027699788 93.3958407084147 126.925095621745 160.763287862142 181.528456624349 201.486327616374 221.453821818034 243.844778442383 250.926295979818 251.018123372396 249.947815450033 249.279379781087 248.258042399089 246.538328552246 249.053106180827 255.155872599284 274.681411838532 293.507077534993 298.811033932368 297.87312075297 265.838527393341 239.155981953939 217.312726338704 200.591358439128 181.112256876628 151.760227457682 130.748973846436 94.9412704467773 67.1460290273031 15.8435037930806 11.5738195419312
171.958758544922 190.768027242025 195.989802042643 191.218920389811 176.918742370605 167.31067199707 167.132809448242 168.019643147786 173.424727376302 179.288554890951 188.74054107666 209.840833028158 234.671325174967 236.323984781901 228.265278625488 188.157327270508 148.659558614095 121.395955912272 110.233647410075 82.8679351806641 71.0441593170166 77.1994481404622 94.5412432352702 119.341324869792 147.230937194824 175.059292093913 194.69016418457 215.220856221517 232.851005045573 247.296933492025 250.871898905436 250.928665669759 250.128043111165 250.046238708496 250.471759541829 250.126795959473 249.674200948079 254.412894185384 270.996105607351 290.009510024389 292.264963626862 282.77882417043 246.140342712402 218.950187683105 201.396133931478 184.066067504883 156.945082600911 139.090348052979 119.111194610596 82.2238784790039 43.1942171096802 12.4249503850937 10.3746527353923
186.783312988281 205.914478556315 214.746568806966 214.35155843099 201.314417012533 189.34817759196 185.835356140137 185.729728190104 193.041590372721 202.249389139811 217.06445719401 234.403202819824 254.197327677409 259.440079752604 222.604764302572 180.139349873861 151.798058064779 137.013573710124 127.137246449788 115.20071589152 102.647864023844 109.443420155843 124.996119435628 145.838421122233 171.020021565755 189.354932657878 205.916310628255 221.482711791992 240.914844767253 250.381397501628 252.903787231445 253.013583374023 252.580869547526 252.29025777181 253.297941080729 254.074033610026 254.788046264648 258.415472412109 270.406685384115 287.047604115804 281.007943153381 251.233221435547 222.706011962891 202.430950419108 184.975251261393 158.818567403158 142.379471079508 123.623527781169 89.2832219441732 68.2473745981852 17.1672339121501 10.9741830348968 9.00135507583618
