Rscript/monthly_maps/SnowDepthMapFile-max-1989-12.asc
ncols 320 
nrows 361 
xllcorner 618410.159 
yllcorner 5088785.286 
cellsize 100 
NODATA_value -9999 
[rows 23 to 45 of 361, columns 212 to 264 of 320]
637.555114746094 647.061889648438 659.481506347656 678.07861328125 691.605895996094 695.712036132812 691.639953613281 691.035949707031 705.803955078125 730.861511230469 747.329528808594 757.854919433594 764.209350585938 763.173706054688 759.718200683594 754.411437988281 744.269897460938 724.742919921875 712.326843261719 700.059265136719 692.037231445312 688.689819335938 686.101745605469 686.830688476562 -9999 -9999 -9999 -9999 -9999 -9999 -9999 -9999 -9999 -9999 -9999 -9999 -9999 -9999 -9999 -9999 -9999 -9999 -9999 -9999 -9999 -9999 -9999 -9999 -9999 -9999 -9999 -9999 -9999
649.359375 650.710205078125 653.72998046875 662.961608886719 670.757751464844 672.043701171875 669.005187988281 663.030212402344 667.091186523438 682.204284667969 697.720947265625 721.353515625 733.777404785156 741.843017578125 752.378479003906 750.683776855469 739.926391601562 722.6640625 707.565673828125 695.081909179688 687.479858398438 682.963745117188 681.108459472656 681.114868164062 -9999 -9999 -9999 -9999 -9999 -9999 -9999 -9999 -9999 -9999 -9999 -9999 -9999 -9999 -9999 -9999 -9999 -9999 -9999 -9999 -9999 -9999 -9999 -9999 -9999 -9999 -9999 -9999 -9999
667.987915039062 668.790344238281 667.181579589844 661.184692382812 658.722351074219 658.539428710938 655.135864257812 647.8857421875 646.258117675781 646.608703613281 653.4345703125 671.883056640625 702.634643554688 722.420471191406 734.916870117188 740.3349609375 732.476928710938 717.886840820312 702.959167480469 693.019165039062 684.833740234375 678.811645507812 680.11083984375 682.929504394531 688.48828125 695.428894042969 -9999 -9999 -9999 -9999 -9999 -9999 -9999 -9999 -9999 -9999 -9999 -9999 -9999 -9999 -9999 -9999 -9999 -9999 -9999 -9999 -9999 -9999 -9999 -9999 -9999 -9999 -9999
673.388000488281 659.549438476562 657.277404785156 656.656494140625 655.687866210938 656.590454101562 654.977355957031 645.706604003906 636.996276855469 632.090148925781 631.819030761719 641.397521972656 662.839294433594 698.546264648438 714.788635253906 722.1875 718.407287597656 708.186096191406 695.702453613281 688.10498046875 681.59375 681.994873046875 686.638793945312 690.288391113281 695.4697265625 699.699401855469 703.454895019531 -9999 -9999 -9999 -9999 -9999 -9999 -9999 -9999 -9999 -9999 -9999 -9999 -9999 -9999 -9999 -9999 -9999 -9999 -9999 -9999 -9999 -9999 -9999 -9999 -9999 -9999
678.311767578125 662.305908203125 657.580505371094 652.421203613281 646.080993652344 645.60595703125 642.386169433594 634.129821777344 613.390075683594 605.868713378906 603.863647460938 619.655944824219 637.718383789062 649.497131347656 684.0810546875 693.102905273438 695.132690429688 690.610778808594 687.343811035156 683.335632324219 681.573852539062 688.534240722656 695.681091308594 702.305480957031 706.522094726562 710.102111816406 713.662475585938 721.827026367188 -9999 -9999 -9999 -9999 -9999 -9999 -9999 -9999 -9999 -9999 -9999 -9999 -9999 -9999 -9999 -9999 -9999 -9999 -9999 -9999 -9999 -9999 -9999 -9999 -9999
691.85693359375 675.835205078125 667.922180175781 662.046630859375 646.17041015625 646.448608398438 635.470336914062 621.491516113281 610.058410644531 586.937438964844 575.937683105469 581.2646484375 603.589599609375 623.910705566406 637.658203125 648.089904785156 672.857543945312 670.431762695312 673.239440917969 674.241455078125 685.234436035156 696.099243164062 708.025756835938 713.409362792969 721.085021972656 721.276245117188 727.389587402344 736.342651367188 743.139770507812 -9999 -9999 -9999 -9999 -9999 -9999 -9999 -9999 -9999 -9999 -9999 -9999 -9999 -9999 -9999 -9999 -9999 -9999 -9999 -9999 -9999 -9999 -9999 -9999
701.98095703125 696.03955078125 680.823181152344 671.379211425781 662.991882324219 657.232788085938 646.177917480469 616.8916015625 597.983459472656 573.1328125 560.61865234375 562.54443359375 570.689697265625 582.697631835938 607.724670410156 606.174499511719 636.761596679688 643.239562988281 657.521118164062 672.527893066406 687.553588867188 700.691589355469 715.072326660156 726.131164550781 732.149047851562 736.777282714844 744.595031738281 750.289001464844 752.491882324219 -9999 -9999 -9999 -9999 -9999 -9999 -9999 -9999 -9999 -9999 -9999 -9999 -9999 -9999 -9999 -9999 -9999 -9999 -9999 -9999 -9999 -9999 -9999 -9999
712.066772460938 707.075439453125 710.665222167969 689.844909667969 679.888305664062 670.1279296875 657.074523925781 625.85205078125 592.576110839844 580.371826171875 564.094909667969 553.209655761719 556.234375 561.262817382812 578.351501464844 588.431335449219 618.738403320312 630.493103027344 649.673095703125 673.657043457031 692.43603515625 706.302612304688 727.257080078125 741.476257324219 748.142028808594 759.312927246094 765.149169921875 769.230651855469 -9999 -9999 -9999 -9999 -9999 -9999 -9999 -9999 -9999 -9999 -9999 -9999 -9999 -9999 -9999 -9999 -9999 -9999 -9999 -9999 -9999 -9999 -9999 -9999 -9999
727.450500488281 725.392700195312 724.884887695312 721.579406738281 713.463317871094 698.439025878906 674.223571777344 645.527038574219 609.554809570312 582.580749511719 569.435119628906 547.5576171875 545.014038085938 550.341430664062 557.885437011719 570.072998046875 601.264038085938 621.816040039062 652.522827148438 678.665588378906 699.138732910156 721.657958984375 740.828247070312 756.371032714844 769.421203613281 780.083129882812 783.324462890625 783.874755859375 -9999 -9999 -9999 -9999 -9999 -9999 -9999 -9999 -9999 -9999 -9999 -9999 -9999 -9999 -9999 -9999 -9999 -9999 -9999 -9999 -9999 -9999 -9999 -9999 -9999
753.727783203125 752.763854980469 743.814819335938 739.309448242188 734.361267089844 726.409301757812 707.280822753906 662.081726074219 617.832275390625 583.676147460938 569.860046386719 546.410705566406 534.67236328125 540.096130371094 548.100280761719 558.002197265625 587.837951660156 620.67041015625 656.701171875 690.822875976562 711.70654296875 736.678344726562 754.548645019531 771.445983886719 784.420532226562 788.949462890625 792.633605957031 793.731079101562 -9999 -9999 -9999 -9999 -9999 -9999 -9999 -9999 -9999 -9999 -9999 -9999 -9999 -9999 -9999 -9999 -9999 -9999 -9999 -9999 -9999 -9999 -9999 -9999 -9999
791.043884277344 771.920715332031 768.373779296875 759.780334472656 753.353637695312 746.411865234375 726.204162597656 683.291625976562 628.734680175781 583.637878417969 573.523132324219 540.903625488281 525.965881347656 526.838806152344 537.88232421875 544.871643066406 578.776428222656 618.134033203125 670.129455566406 702.853820800781 734.001525878906 753.032348632812 773.037658691406 785.424865722656 790.703369140625 798.476379394531 803.968688964844 805.491760253906 -9999 -9999 -9999 -9999 -9999 -9999 -9999 -9999 -9999 -9999 -9999 -9999 -9999 -9999 -9999 -9999 -9999 -9999 -9999 -9999 -9999 -9999 -9999 -9999 -9999
810.625366210938 790.849243164062 783.131530761719 772.090576171875 765.696411132812 755.336853027344 735.787902832031 696.212768554688 638.593078613281 587.665649414062 574.089721679688 543.211547851562 524.962341308594 516.010070800781 517.283874511719 533.592163085938 562.785888671875 610.259155273438 668.812255859375 714.297912597656 750.189147949219 770.7998046875 785.695556640625 793.370361328125 804.625122070312 814.24658203125 821.942810058594 833.531982421875 844.705627441406 -9999 -9999 -9999 -9999 -9999 -9999 -9999 -9999 -9999 -9999 -9999 -9999 -9999 -9999 -9999 -9999 -9999 -9999 -9999 -9999 -9999 -9999 -9999 -9999
816.372314453125 799.142211914062 789.221862792969 778.519470214844 767.659912109375 756.892272949219 736.364074707031 706.140441894531 650.650695800781 601.198791503906 575.664916992188 554.647521972656 525.764770507812 511.744598388672 513.848510742188 526.178955078125 542.586791992188 603.769348144531 671.530822753906 721.236389160156 763.802917480469 788.137512207031 798.739685058594 811.660400390625 826.342895507812 841.98193359375 845.08447265625 853.832153320312 857.805786132812 863.140930175781 -9999 -9999 -9999 -9999 -9999 -9999 -9999 -9999 -9999 -9999 -9999 -9999 -9999 -9999 -9999 -9999 -9999 -9999 -9999 -9999 -9999 -9999 -9999
826.59912109375 809.660339355469 792.575927734375 778.829772949219 765.125549316406 754.337158203125 735.164306640625 705.519348144531 654.274230957031 610.161071777344 577.752990722656 556.644226074219 526.457092285156 512.341247558594 511.639678955078 520.001037597656 533.655456542969 590.345825195312 665.913879394531 720.385131835938 764.46826171875 795.748474121094 813.876953125 836.931823730469 863.609191894531 899.874145507812 901.876281738281 888.026184082031 878.085693359375 893.479797363281 897.959289550781 945.362854003906 -9999 -9999 -9999 -9999 -9999 -9999 -9999 -9999 -9999 -9999 -9999 -9999 -9999 -9999 -9999 -9999 -9999 -9999 -9999 -9999 -9999
838.985534667969 813.934448242188 796.517028808594 783.375 765.627380371094 751.579467773438 730.119750976562 700.158874511719 652.631896972656 598.876281738281 576.386413574219 545.062072753906 525.431579589844 512.097839355469 513.294982910156 517.669738769531 530.327270507812 586.6845703125 654.721374511719 699.879516601562 756.024597167969 796.111267089844 823.604431152344 863.020751953125 949.030090332031 1007.17346191406 1005.19616699219 967.231567382812 942.704711914062 940.137390136719 950.518493652344 991.793701171875 1024.8701171875 -9999 -9999 -9999 -9999 -9999 -9999 -9999 -9999 -9999 -9999 -9999 -9999 -9999 -9999 -9999 -9999 -9999 -9999 -9999 -9999
852.424438476562 819.953063964844 800.721557617188 787.946166992188 767.038818359375 749.423095703125 725.605529785156 692.560302734375 644.639709472656 593.585388183594 571.36376953125 537.302001953125 522.22412109375 511.638214111328 513.193481445312 517.235046386719 531.052856445312 583.417236328125 647.560180664062 693.688293457031 742.408203125 771.408996582031 824.73486328125 898.353088378906 1001.78094482422 1070.79138183594 1070.92712402344 1048.05895996094 1015.87384033203 1010.40759277344 1011.58935546875 1033.61950683594 1064.19580078125 1087.24304199219 -9999 -9999 -9999 -9999 -9999 -9999 -9999 -9999 -9999 -9999 -9999 -9999 -9999 -9999 -9999 -9999 -9999 -9999 -9999
858.067565917969 827.203796386719 808.671936035156 791.001098632812 766.189575195312 746.958618164062 719.516479492188 680.179443359375 629.032836914062 585.199645996094 555.891540527344 526.921264648438 516.4921875 508.266906738281 512.502502441406 517.610290527344 533.483764648438 585.489440917969 651.51171875 692.701477050781 737.318481445312 764.052917480469 815.348083496094 899.339172363281 1006.51910400391 1077.3583984375 1101.10595703125 1092.01574707031 1077.89367675781 1064.68957519531 1070.33654785156 1078.42956542969 1098.41381835938 1106.69812011719 -9999 -9999 -9999 -9999 -9999 -9999 -9999 -9999 -9999 -9999 -9999 -9999 -9999 -9999 -9999 -9999 -9999 -9999 -9999
861.740844726562 831.456298828125 812.977111816406 792.564514160156 764.470336914062 741.891235351562 712.737060546875 670.53564453125 607.333068847656 569.232116699219 536.0029296875 518.169494628906 510.372833251953 504.271453857422 510.838684082031 519.924011230469 537.535583496094 590.802307128906 656.741027832031 696.565979003906 740.185363769531 773.590942382812 815.22802734375 889.432495117188 993.965148925781 1055.44738769531 1103.34545898438 1108.38745117188 1105.18530273438 1098.55407714844 1098.81408691406 1104.53332519531 1107.7861328125 1114.66955566406 -9999 -9999 -9999 -9999 -9999 -9999 -9999 -9999 -9999 -9999 -9999 -9999 -9999 -9999 -9999 -9999 -9999 -9999 -9999
863.697082519531 839.936462402344 815.165832519531 789.400146484375 762.006103515625 735.511047363281 704.778625488281 646.623291015625 591.639526367188 544.713562011719 521.811157226562 510.451385498047 504.482116699219 503.886932373047 509.108337402344 521.016174316406 539.7958984375 598.527709960938 663.143005371094 703.644836425781 747.274169921875 784.900390625 827.953125 900.310607910156 992.837585449219 1049.42724609375 1111.99658203125 1120.49853515625 1118.27941894531 1111.67248535156 1110.1494140625 1114.61108398438 1126.87097167969 1129.1533203125 -9999 -9999 -9999 -9999 -9999 -9999 -9999 -9999 -9999 -9999 -9999 -9999 -9999 -9999 -9999 -9999 -9999 -9999 -9999
865.062866210938 844.164794921875 816.206359863281 786.136840820312 755.731018066406 726.840576171875 693.6318359375 626.516296386719 567.514221191406 532.414672851562 510.519470214844 502.333099365234 499.899047851562 501.108795166016 509.006683349609 524.638610839844 552.101684570312 611.366149902344 671.296447753906 718.513977050781 756.198669433594 803.207946777344 838.869384765625 916.169555664062 1005.88690185547 1057.61267089844 1115.38391113281 1145.19604492188 1150.80529785156 1143.90515136719 1140.119140625 1139.2861328125 1136.7685546875 1130.92443847656 -9999 -9999 -9999 -9999 -9999 -9999 -9999 -9999 -9999 -9999 -9999 -9999 -9999 -9999 -9999 -9999 -9999 -9999 -9999
863.654724121094 836.775329589844 814.088317871094 781.874755859375 748.744079589844 716.944885253906 677.949951171875 604.540771484375 546.09716796875 518.614807128906 501.880889892578 495.674652099609 490.108703613281 498.674255371094 506.504577636719 526.35498046875 558.276550292969 628.948303222656 678.000366210938 725.57470703125 761.177001953125 804.820129394531 856.326599121094 948.169799804688 1025.69689941406 1076.11535644531 1120.21142578125 1152.61767578125 1159.30114746094 1159.65161132812 1151.41430664062 1146.03234863281 1128.58227539062 1127.22082519531 -9999 -9999 -9999 -9999 -9999 -9999 -9999 -9999 -9999 -9999 -9999 -9999 -9999 -9999 -9999 -9999 -9999 -9999 -9999
855.097106933594 829.852722167969 808.326538085938 775.436889648438 742.523071289062 709.8974609375 650.544372558594 587.523620605469 537.52734375 511.776000976562 495.398345947266 488.504608154297 483.834289550781 495.863861083984 505.56298828125 525.879699707031 564.175720214844 639.81201171875 683.051208496094 729.346557617188 763.081848144531 807.447265625 867.341186523438 975.578979492188 1048.05224609375 1094.53833007812 1119.5478515625 1136.86328125 1142.05053710938 1146.07275390625 1133.98901367188 1129.4150390625 1123.39123535156 1116.34704589844 1115.01647949219 1114.34460449219 -9999 -9999 -9999 -9999 -9999 -9999 -9999 -9999 -9999 -9999 -9999 -9999 -9999 -9999 -9999 -9999 -9999
831.654724121094 823.8623046875 802.176635742188 770.294921875 739.964721679688 701.812316894531 638.428100585938 573.557006835938 531.690307617188 506.955108642578 490.923248291016 481.485137939453 481.348510742188 492.687469482422 504.760864257812 527.405151367188 569.672302246094 646.661926269531 688.674926757812 732.201477050781 763.032897949219 806.9970703125 885.807373046875 999.533264160156 1047.37756347656 1086.98181152344 1102.54931640625 1110.8798828125 1109.08447265625 1106.35546875 1105.09716796875 1106.43334960938 1109.68322753906 1107.37744140625 1108.4833984375 1113.4853515625 1118.28759765625 -9999 -9999 -9999 -9999 -9999 -9999 -9999 -9999 -9999 -9999 -9999 -9999 -9999 -9999 -9999 -9999
