Rscript/monthly_maps/SnowDepthMapFile-sd-1989-12.asc
ncols 320 
nrows 361 
xllcorner 618410.159 
yllcorner 5088785.286 
cellsize 100 
NODATA_value -9999 
[rows 161 to 183 of 361, columns 106 to 158 of 320]
450.878783961376 447.387797875661 442.682778613059 439.643051344448 435.776708097953 437.3286638137 425.579782644928 422.921833979513 415.10511551364 410.982502832562 421.858223463511 430.989799547447 442.829793704621 450.003956944126 455.643048996014 447.463087247029 440.819393132339 430.621141324132 426.452699248492 420.649434375722 419.587737279948 414.177176955049 408.200098606349 401.256059965545 399.736522154562 392.66024633403 388.239552063718 380.736715510458 377.521577145294 374.16764075066 362.577965010444 355.940131150648 335.502810083947 327.458022631035 320.501824899188 297.825146295909 282.448200197469 254.565034530752 217.284988599771 187.871148870207 164.711409881484 145.765668378928 123.100077484094 109.900653177271 63.8573824939627 13.6611569092395 8.64312092942851 11.6212192992384 10.538821054493 11.517264988059 10.2548065559215 10.6901462432156 5.72443619658808
440.636454820855 438.913842573351 433.126092072879 425.987730809373 424.525218674593 421.168200383111 418.102022617974 405.167785366768 404.929868933548 394.835095537374 395.341642033781 405.032052067133 411.505092383257 430.639090993012 440.430915819536 450.80249899502 445.698695030954 430.424800150039 426.145412285066 419.205248358499 416.00577595622 412.436548711508 407.646228963282 404.117219134627 396.656732318505 391.823514676891 384.747622867278 382.503476883016 374.816466909685 368.808947396667 362.569914696745 344.167293777697 327.770159638416 321.906470219993 308.640339521373 292.990745692586 273.437761526188 246.557786101062 202.161319489397 173.336002871129 151.692183403176 134.8512766993 117.880149267221 76.6347174318504 14.2200824187533 11.1999919037479 11.2902475599032 10.4569419805668 8.34522832805876 9.63396997898648 5.97738692472565 6.22991161515906 5.6142672674992
425.451937096519 421.484677087044 410.234878818995 410.884477520406 409.294739107872 410.947216024237 409.409503903418 399.957931607856 391.750855353653 387.497765481003 386.736278706319 385.640895346735 400.395675362906 411.496308627069 430.597684428495 440.396018532082 445.995775886512 433.652263940245 427.488404931275 417.992728244333 413.10551935011 408.453839938708 403.234325450573 399.116730584419 392.644373540317 393.696887440779 384.044614776347 377.71188464349 379.496239658739 365.489897415751 355.881563765016 348.128948443327 338.433461362052 318.695715504481 303.479165316084 287.347984459162 270.640767758026 243.692906065059 207.125297738977 172.690347359925 154.672454905221 132.332826956191 117.714078719787 65.4312125881851 8.74071466185375 11.1185271026852 11.0629530301242 10.3147152841886 13.0201450919656 6.75167498961634 5.8798164057433 5.94411231596358 5.73794374412991
406.479943930986 410.127313720341 400.307609115238 388.636880922625 391.040661066967 390.36731842658 391.509061938145 388.640388905278 389.535227128234 382.17316777157 379.514335283213 388.220040928915 389.961440822569 405.538004320641 415.954917187183 431.982417997703 431.224709038063 428.374188001185 424.730917453168 417.790432270552 410.100982359277 401.698186865936 394.914445667777 395.027742393632 386.726475239036 381.853363683236 380.358438410261 377.124714926596 371.426661230464 368.503534916867 355.544769477881 349.18209573901 344.146095397641 319.532309206733 306.519472375472 283.860925367714 267.210918332225 248.700719994618 215.902930307713 187.30659810922 164.101150538407 143.944011644761 125.371031295737 94.1350061452931 21.2886464527282 9.11140534933272 7.98869883621838 9.03593224046453 11.7196676964488 6.14157915151202 5.80461710650362 5.90105380739406 5.38818428203849
390.526025256069 392.410174682502 384.192816804842 384.959720445218 379.883700475532 377.568873523798 378.150168183961 377.131667205775 374.897215469124 374.666848049299 376.297889990142 378.674936374366 375.87873537908 390.948138579133 411.229235448924 411.610947245768 410.961696380382 408.920972172502 408.21217212791 407.758983569178 400.85596594765 393.927327059569 384.02511978088 380.55071151325 376.010552600059 374.783504539916 376.431816392477 374.386785870788 371.741158062206 366.850910195136 356.159002331509 357.1837212708 342.496322739828 328.693632066017 310.491668252852 293.322870341696 277.778459733611 264.5024461019 241.800083216598 208.756332146995 179.494635229001 158.906316181938 135.398152452181 117.791275490015 61.3688549352796 9.41035873235161 8.1510981464599 8.2786682256835 8.78117928889712 5.95593624528154 5.82238178747336 5.84159445856711 5.39310998737924
372.268025923106 380.985318185205 383.315307541633 372.900088661759 370.341668358324 364.695035151271 363.038019925591 362.222176913924 365.097788094796 364.909010871945 364.246289792535 370.317336795753 378.30558382242 383.779151362714 391.137320483721 395.713488751772 383.823225752153 381.660422920581 380.834871386032 388.22704940252 388.415517980871 384.198597141595 376.288726134979 376.526423600983 370.540574517505 368.812225211012 375.12724216959 372.832745302992 376.11449971704 367.776023542888 358.338060620994 352.377922798535 345.34483982202 336.730578456583 320.896019367264 307.379928784741 291.841684744441 278.963700073824 265.043212566683 236.320604638267 196.25446237848 168.392911582791 148.025076964869 127.307727915521 96.9508516334941 13.9716036754702 9.46498244681178 8.34825627158613 9.22255802802356 8.07213537768615 5.83975827203019 5.4536837972036 5.52470199643556
350.519117456195 360.857202187777 363.817089502268 357.573513426577 347.0030710398 351.471225530664 348.763403115322 349.252995273782 353.481108377311 353.168409553409 355.758353787945 356.524904312235 365.512803441104 379.639702110949 387.459934033061 377.445669188355 373.170531449102 365.505092766751 371.391147939829 374.609103191725 383.253372405383 382.129290043983 367.365207592231 359.326098766114 355.252960745044 357.716930994876 365.129526949965 374.779102904271 375.509727138864 370.670296722809 360.482514541637 351.085047182401 347.877210165415 343.136074220766 336.783026774386 320.783547748429 309.249042155519 293.125465760655 269.050587377024 247.53154271226 195.889994759474 172.286460289567 149.874867504776 128.975932787854 96.6592803131651 20.6466003785723 7.77671588348248 8.56130616196529 8.52469083131941 11.0670004964381 5.7551317387338 5.738806460555 5.39789477993915
329.274706691039 339.254110839081 347.816421558306 342.150428136775 342.578752185956 341.148419618406 342.637348318966 344.204319444583 349.224118917195 348.769440755255 345.843017889958 347.706254223369 348.848581013547 362.99361161036 363.367588708231 355.812784448614 355.889386031053 351.218380572972 355.429303147761 355.293208551609 358.767942290059 364.98388206802 362.064249899175 353.465564782254 348.941957299225 348.908261919165 356.36010277811 355.554382200173 372.93651082447 379.446033934978 370.840208236899 360.332450161088 353.819443925711 348.786962897921 341.868937264037 330.337286765989 309.107165099866 287.253086612775 268.335504777378 232.930667378238 181.987703240162 160.890252043194 134.610206694 117.360648464258 68.6275720062562 8.72508408822244 10.7504052661688 8.97561791618825 10.372703731345 5.97430310609035 5.57627531606897 5.60003517148037 5.01019382601736
317.467178495823 321.426710583429 325.806226671248 331.088543041703 331.285362675903 330.480479653373 329.310494080903 331.400549338991 335.850860533987 333.882118392216 338.201577451287 345.0881418785 344.865289769325 347.959852899311 349.163953867634 340.768805850039 340.317985720512 345.757696839929 342.658150258235 347.443591014884 350.837257964911 354.578565911974 347.663955521288 341.736626515531 333.444725090912 335.893139339401 332.687348692486 341.107253401842 360.147569188098 377.543255297659 383.635353909068 377.205991815082 366.488202499173 356.370931348126 345.962422584661 325.95471240847 303.9404613617 279.660446501568 255.366449267681 206.236985959245 168.413126074439 145.094334822915 122.969064381058 99.3920787815427 27.6216460442801 10.7548299977177 11.425333228478 10.4787578630938 13.3960752237435 5.76838606367357 5.68536279900998 5.29056937327063 4.78326268013999
293.283293453686 302.024543963372 310.283175195739 310.980219204652 310.74350668793 308.520605959289 309.439152246891 309.776780263074 312.172129103899 316.773799015575 322.733580444785 324.459742087984 333.821170637667 341.414231071711 338.138705831141 338.54670118497 333.471960794779 334.113155729441 338.94792960951 347.661707364076 347.643049562895 348.58056968788 339.505089183045 322.535949407527 313.70839367261 310.845311728836 316.039460625077 325.233321471153 339.27497582102 361.946694430854 377.282399829076 376.174742201324 372.746377170809 363.866807082649 349.710078819503 323.256362219162 294.066270442965 269.263470911001 237.925681935986 184.598569510798 161.317584131889 132.815047177444 114.541364436503 61.5958861517837 12.715119131859 9.28806998669674 8.68215058542917 10.8012166202124 5.90464539642743 5.73615814742644 5.397915636101 4.87380705573699 5.02948447820609
268.349418975777 270.31555008142 281.927753923338 287.735414228446 289.288412714102 287.543947878515 284.47428311592 285.431307054713 290.462262483002 296.117307617309 300.964652563191 305.946233463014 311.996997323007 318.789717025112 323.455240860609 319.082681438964 314.026455722311 313.147098572859 321.875832766554 334.728768183155 334.642803728321 336.042636829879 317.819279183129 301.510573333753 293.258235144279 286.942880480918 297.352199811548 307.997324982258 326.901546486136 350.606424849069 362.809998649873 368.835609182084 366.5922051857 357.894286202827 350.737810595501 324.261938486353 295.355658419567 260.92022888652 225.771759513862 176.373873333555 153.842717022217 127.076353946368 102.358687902437 23.6223391699059 9.0633522654423 11.3863561642772 10.1493296732473 6.11807372154585 5.71174930617575 5.37928014914638 4.91878065814872 4.57476936058558 4.73995559774734
244.99655053029 253.854595301225 260.433276016551 266.355880688595 269.809339924739 269.991847388741 266.337249352168 266.909092590043 270.418605457616 273.577535672271 276.816630790879 281.919308310023 287.867852820683 298.037171817726 300.395614765563 296.542235242014 290.233106192752 291.626611849554 298.297701660582 309.38225876455 315.655252402915 315.396920921914 296.229431987537 277.149944041796 273.596073282401 272.35684437879 276.17660191111 296.396868514156 316.867764109458 338.252122600795 346.604705826768 350.129486566485 356.922842048551 355.674461588483 349.225372325559 318.763636943626 291.60563371876 255.749681092743 217.01049016748 172.330040202146 145.03445719802 121.990007804808 82.2166603691224 9.39159489367932 10.6571246437963 10.9425785148231 9.4054788212797 5.45200677050553 5.33324753145773 4.83791892045702 5.16319969794177 4.8046773384005 4.39542670918325
198.830066799567 211.332608335926 228.87914691547 241.113885483838 243.878325546903 240.537754350751 232.388520615095 231.994015231224 237.530671538618 252.016945139738 260.881122898276 264.213027525736 266.488659864291 270.533891169426 274.368592526813 269.532464329163 268.144003214737 268.859522814912 275.239125400295 283.58790646108 292.269752033325 291.252162101153 274.476601201988 264.99152574655 259.64002502434 254.114377056818 268.82451578228 276.950632394676 302.206939981894 320.162388145329 326.127888430458 324.521201228839 331.738475335636 332.29542148596 324.656218742954 307.635047238341 279.960094315462 248.679152064457 198.974620200343 163.947281395321 139.297679736465 117.709071951879 60.7770154266863 7.37096370496079 9.32715045660877 8.92044684660504 9.47430702155257 5.3873507576391 4.93428241442415 5.05239032571798 4.72763590980178 4.30445433470254 4.00086670030871
176.071225403013 180.326249211229 188.301832975878 196.724200092621 199.419748007956 196.896942232116 191.893275009392 187.05392655113 192.662669777554 202.730923204263 216.524822903462 225.9740793307 234.6805027676 244.95179340402 248.820816827154 242.719884214045 238.859051596218 242.48841368028 256.469897848728 264.185396898848 267.535974256191 267.756788316265 259.721182762987 235.488568384226 215.197998762822 226.316291273718 252.510489414125 270.356600919907 282.15448233077 289.760198895718 292.667333475037 297.955894969063 300.705404700457 304.231661907367 301.5887668324 283.803123963251 256.787085329164 226.459607228834 170.470510087072 151.214437718894 126.706088805842 109.202349619415 33.3649871943999 9.04995551959379 8.83368981885331 9.9206904115014 5.42542809332198 5.05402575392748 4.43832558621628 4.68519991668271 4.28150182301186 3.92657672682106 4.30912901370247
158.771576609949 163.17766425715 171.491265398878 176.903389879769 177.922668393236 177.658743552595 175.937127312648 174.589987429883 176.164355993642 177.591163235387 180.8516578173 183.412246692497 183.875368381769 186.942592867567 187.476291137417 185.85409640459 186.204134717366 187.813183493412 201.997606038573 219.988501711477 230.081172544262 229.707004746467 214.234561661537 193.210388955865 189.155091145548 195.010239041347 221.783324229316 259.94582941257 267.463653094423 265.976763061535 264.285510734822 265.564306925758 270.52195808441 275.007003380546 274.139019562833 262.263804261161 234.549830779854 176.068546169529 158.385312587901 136.380969340808 118.093767476362 79.7049928239151 14.1171189196395 8.88190102570805 8.69327276061295 12.0426086217753 5.28035934421691 4.75683181379825 4.72955427327212 4.24567669121275 3.89330740997811 4.24517991706205 4.22462721659311
139.249356276716 140.217610395478 144.185290035741 150.846543215302 153.128151257038 150.968743582935 148.594293274844 148.277670275852 149.875735719794 152.865542282226 157.232290937554 156.652973793489 158.187179468525 160.125906725083 160.018653125392 161.932536138505 162.649742593287 169.01006833143 170.450541442446 176.797830136911 180.610047624565 182.091890362337 174.783119668966 175.227475448282 176.229845405197 181.261952221415 189.450189315939 218.576568283733 229.91351047854 231.11407548608 232.403127352316 237.244765424953 249.606780303374 257.272685534704 257.076021295135 235.176993644896 186.40028795352 161.695689529773 140.592404793412 122.031965058564 97.9485830319726 29.2288292424257 10.6994956302959 10.2914473855282 8.91730165537305 5.34526188786617 4.98525718223292 4.90054952043431 4.42522899063424 3.89566362434582 4.22725543296662 4.17440810745057 4.06424154315355
125.706017764095 125.521545808906 124.793329283683 125.750983897565 125.66768961348 127.418919628227 125.96736938158 128.750065202832 127.112865131373 126.580050741966 126.870396964244 126.623888951544 127.03085496696 128.072467495984 128.033907234031 128.133079822983 128.403275950682 134.417815488591 141.977797191347 147.466533999265 151.340432748516 154.848906425817 158.425310301111 159.762330266256 159.26348554179 167.70817320738 174.615796439946 176.949161503522 183.258435760821 182.422197379573 183.579783661379 180.887439937912 193.126813428578 206.523074741769 210.896137643746 194.946372897733 170.980000158902 148.087328533275 124.84839617538 103.031988831657 39.5456889937521 10.4441696558225 10.2729121756455 10.10076570557 6.94892469438092 5.26509920364002 4.62132976940888 4.61445584940719 3.99336857025741 4.15882813781832 4.01954566507633 3.88828482011695 3.90508980514797
78.542454178544 87.5912164181472 90.223201042041 95.4542871616186 99.7136295624395 97.6330237989905 93.8335700572344 93.6451602479118 98.0606611372812 104.370799467695 107.131176886628 108.160239566721 109.306388203567 111.297118624959 110.821131860291 109.866563441584 110.089108944816 111.306508053745 114.2072247895 119.471825035847 120.835816638505 127.527339472932 126.396304868759 135.799373954212 139.211305543755 146.709047234422 156.842134030201 159.860981666544 161.204104905758 164.150407290051 167.346507644342 174.360980471105 175.057074397353 182.552538875054 188.611868632617 185.697068927835 166.631088789248 137.738664188557 115.30885928128 54.4961214321049 11.6442861851607 11.2132611328226 10.624606903415 13.7613846437202 5.62909894956919 4.9648662721036 4.86110296292458 4.25952704661296 4.21904900633805 3.95873396133817 3.81281592197213 3.81710182503337 3.77940323459988
17.3644891770989 16.1614752594508 20.7021271964233 17.5109056741791 17.7625534659948 19.8061630658056 26.4307750708575 28.4760564440119 30.5183556496135 31.5157468851951 32.0339593932589 31.5123660620612 34.5084535355861 34.5809919158083 33.0707824448379 31.4510209694281 31.5973361932951 46.4333311322542 54.0489510712803 62.9986307872845 69.979764251403 80.7692662907465 88.1554842318309 104.290559077219 112.504386149469 119.484095107824 125.430787854327 133.370435251774 137.45109978862 140.104872650926 148.503859224006 152.452939006816 160.752385306075 171.968460064712 182.821827273991 180.832988995407 157.156949739537 134.317443135683 99.9427086104383 14.2847350940935 10.5701664376854 9.17836273141712 11.103237211994 5.38220656213818 5.14264859326446 5.14949137253645 4.48951217653663 3.78337728640723 3.86284770053481 3.76327695997603 3.74177501272941 3.70460889140883 3.6954864054602
9.56192747657586 11.3884127608611 10.4827386673365 11.8668878910253 9.14951029400162 9.61628514315865 8.88489695789594 10.2010452603159 10.0251083232313 10.6431379777613 11.6109091688094 10.4075591422751 11.1907254933229 11.4921986797025 9.86955991873599 9.92759722796496 9.83342957029405 8.87089336073921 10.9210384735987 10.6499203285383 11.4029498548222 11.1671326638108 10.5569985818505 19.6266410402835 34.557595005097 66.097527695604 91.4895220756148 106.768958367792 114.576230368935 126.327164268309 134.494566528149 141.871396549215 144.818936512625 158.967961710985 167.67038601727 166.816002364861 147.264382690457 129.814199407264 78.3811925500302 7.29068941080941 10.4975805289278 10.1292833451785 5.71008050620554 5.30805198358033 4.81838251582003 4.71638235758443 4.11464127215379 4.07403299646641 3.83909673071014 3.75581340357316 3.68845899007115 3.65987925045036 3.61899861362688
9.54740638881169 12.3621740527514 12.8749863802071 12.2306387879112 12.5555640162675 13.4217078771725 13.1193869043502 12.183416056016 11.0197646585924 12.2998726677381 9.81822971456797 9.20955477619407 11.7122698156736 12.4858794048272 10.2507926716833 10.963091216589 10.0898337120145 12.4343990690277 10.6701518957069 10.2075513124465 10.0200728003135 10.8157295647177 12.2585333536746 11.9100431208679 9.24148646153403 8.09974480813912 18.1008584547272 37.8827857518319 54.8743657276729 76.3818739017934 105.855583399527 126.68834846365 134.595099448713 143.917837006405 148.038419880317 146.321204679871 139.050015265465 116.956854327825 51.5273129028667 7.50018784682185 8.18984251439554 8.34281491194248 5.54286390609395 5.00285186196361 4.96514283053326 4.3969534211816 3.81275668541927 3.92366233056037 3.91073023319382 3.76669982541332 3.68486359469311 3.60003149484091 3.61311953802605
11.3687599776151 9.59785622379998 10.3862610209483 9.45120944097642 9.7844478165508 12.8551898932058 11.8006681024693 12.2906796433105 12.1923486603061 13.4758542023203 12.7526248507716 11.9796592342699 11.912984561515 11.6115765678419 11.8819844953222 12.8289482057633 11.6942126369095 12.0753330154815 11.6864589069297 10.191568316301 8.65811638486662 9.98308474378146 11.7255924109266 10.9978472912469 11.2834917532371 9.8786708260043 12.0653180439442 11.113730866806 12.1003736000986 19.05770652868 44.8567418410818 73.4457102812062 111.497571921705 129.006164568323 132.531054261796 130.755456880296 120.855586272815 82.583789646997 17.4246689821642 10.7909674892244 9.34832349754375 12.8253707335982 5.16731342062677 4.73307164119674 4.67637755336292 4.01020286649863 4.22339543196277 4.15928699699126 3.92645110092396 3.78067210513562 3.69822714603113 3.60547044709969 3.6189182119546
29.1139258048309 17.3102679059431 10.5660719460355 9.31323826466239 9.24925677417031 10.363708597978 10.0446818509411 9.05555149542862 10.9442195419348 13.4983559396883 12.2764507732431 13.2075612131651 11.7865707392194 14.1330497615687 16.5269673302247 11.844737359695 12.1506810837851 11.0757965310079 10.9362765487046 11.3240061432414 9.94938831472222 11.0666320902002 9.89733361637748 10.4843088352019 10.7000048767028 11.0498167034375 11.1969304229291 10.0076260270055 12.488198562409 12.3476480666309 11.4070082304005 11.7877705349652 35.124697538861 62.6843164753659 71.8613350807121 68.2757401079828 52.1123675180029 16.4030134303953 10.9834393101131 11.2968205822455 10.6132441288261 5.17561841453711 4.87814381135204 4.88780379975987 4.38678819151905 3.86415241588837 4.14416906124406 4.0707117699898 3.90082453931764 3.77779274642798 3.69702488795276 3.62655802057319 3.70418767321206
