Rscript/monthly_maps/SnowDepthMapFile-q75-1990-01.asc
ncols 320 
nrows 361 
xllcorner 618410.159 
yllcorner 5088785.286 
cellsize 100 
NODATA_value -9999 
[rows 50 to 74 of 361, columns 168 to 223 of 320]
407.182952880859 375.449981689453 411.472915649414 448.637817382812 513.228179931641 591.16845703125 698.271697998047 771.953643798828 811.258117675781 831.765777587891 841.185028076172 866.115539550781 915.276123046875 957.429443359375 965.452026367188 946.185668945312 928.393707275391 904.432830810547 875.334289550781 867.586669921875 879.37158203125 891.549743652344 945.622985839844 965.177520751953 946.94970703125 903.548034667969 877.709167480469 860.024353027344 833.632446289062 809.877624511719 798.442779541016 771.659484863281 729.877563476562 697.141021728516 690.99755859375 679.837066650391 667.373626708984 662.007476806641 654.945465087891 643.221313476562 639.938446044922 632.545257568359 627.859100341797 619.442810058594 601.481536865234 595.542358398438 587.65234375 577.171844482422 553.654876708984 523.093017578125 482.953506469727 462.550079345703 430.834625244141 411.073440551758 386.463958740234 372.071670532227
394.053726196289 363.140380859375 366.624801635742 430.560348510742 483.937606811523 559.5068359375 632.772125244141 742.489715576172 786.784851074219 810.744110107422 835.235656738281 883.241271972656 940.058868408203 961.041473388672 941.508880615234 911.516418457031 879.328857421875 848.3359375 833.575469970703 829.206512451172 832.469116210938 839.352233886719 885.213562011719 936.012359619141 955.387817382812 915.349304199219 880.572998046875 862.954681396484 839.886535644531 824.403656005859 812.557769775391 802.265380859375 771.403991699219 739.988189697266 709.079010009766 692.152374267578 676.963256835938 664.244293212891 659.516296386719 649.160400390625 639.814086914062 634.631958007812 627.318176269531 619.392639160156 602.609283447266 594.781036376953 589.648071289062 577.946380615234 551.567840576172 516.624847412109 478.894134521484 454.663131713867 425.606781005859 405.281448364258 377.46354675293 379.535736083984
379.892349243164 362.352142333984 359.708969116211 413.34538269043 460.186965942383 538.719329833984 596.724151611328 702.792144775391 762.922271728516 792.515472412109 842.029449462891 915.085540771484 968.415588378906 961.728179931641 931.627380371094 893.094635009766 852.396728515625 826.598602294922 811.111419677734 802.273376464844 805.124389648438 805.668670654297 829.751190185547 889.374969482422 928.293609619141 929.98681640625 894.348510742188 868.510589599609 848.001556396484 830.303161621094 822.997985839844 820.442199707031 799.564758300781 766.353271484375 726.049682617188 694.130279541016 682.975860595703 667.547637939453 662.525817871094 648.663818359375 639.856262207031 631.738616943359 627.482330322266 619.044738769531 603.467987060547 597.192596435547 591.465118408203 584.24755859375 556.785583496094 519.936798095703 476.986557006836 452.846069335938 424.561782836914 399.812530517578 372.231964111328 371.903747558594
366.099243164062 361.585510253906 368.591934204102 388.313461303711 467.833877563477 527.791137695312 571.276306152344 688.796234130859 742.184326171875 789.183532714844 856.001617431641 940.872833251953 973.775268554688 958.947448730469 929.933227539062 897.664093017578 862.116607666016 833.222564697266 821.270111083984 806.466674804688 798.778991699219 793.267639160156 798.139495849609 825.284240722656 866.470306396484 918.808380126953 911.337371826172 874.150909423828 840.233215332031 824.036499023438 819.574401855469 812.886688232422 789.302429199219 762.600677490234 721.040069580078 693.398620605469 681.362121582031 668.340698242188 661.65234375 645.696899414062 638.928344726562 631.691253662109 625.958435058594 615.041717529297 603.292816162109 598.546539306641 593.662689208984 587.381591796875 563.328277587891 524.363800048828 480.163513183594 459.247711181641 425.539489746094 395.803665161133 367.460067749023 357.664627075195
371.776885986328 360.506484985352 355.246032714844 382.551300048828 460.494232177734 512.746139526367 584.630249023438 691.068084716797 738.922302246094 792.554870605469 863.666351318359 954.343200683594 985.577728271484 961.865692138672 927.010131835938 905.403839111328 864.472503662109 856.519897460938 833.240295410156 815.642822265625 796.141967773438 782.996765136719 775.998809814453 787.594848632812 813.460266113281 855.642242431641 893.302307128906 875.230316162109 837.887451171875 808.981262207031 801.756958007812 790.256561279297 766.100372314453 733.195953369141 705.238677978516 692.373199462891 675.962829589844 666.652923583984 654.768951416016 640.704284667969 633.823974609375 628.538604736328 617.098907470703 608.713104248047 600.864562988281 598.221466064453 593.000244140625 586.895721435547 570.744232177734 532.141754150391 481.341659545898 459.769302368164 427.656829833984 391.974090576172 363.827453613281 346.966918945312
367.077438354492 361.266067504883 334.079345703125 373.35124206543 443.001892089844 498.832565307617 567.867645263672 688.276519775391 738.399200439453 790.883026123047 853.636169433594 940.607452392578 961.869079589844 966.954071044922 937.584838867188 906.973510742188 876.10400390625 855.612945556641 832.966278076172 828.884063720703 799.914642333984 786.525634765625 768.070983886719 752.299163818359 770.685455322266 807.597564697266 845.964752197266 859.573638916016 817.196563720703 788.59912109375 776.456115722656 739.808929443359 704.73876953125 692.2294921875 687.117767333984 679.415405273438 672.913940429688 662.781463623047 640.048126220703 632.985809326172 627.431823730469 616.326477050781 604.230377197266 599.593627929688 595.884948730469 593.987426757812 589.598236083984 582.687072753906 561.013824462891 528.208557128906 481.57160949707 456.162109375 424.257873535156 386.953033447266 359.304092407227 340.48063659668
363.352813720703 357.534606933594 327.281784057617 365.303176879883 432.924728393555 486.20930480957 558.696990966797 670.221405029297 736.561950683594 782.621215820312 836.874267578125 896.583282470703 926.373016357422 952.016876220703 938.897705078125 926.287902832031 881.383911132812 840.675170898438 824.918151855469 825.282012939453 810.251525878906 793.14892578125 774.045806884766 747.679656982422 747.210845947266 778.560852050781 810.81298828125 834.308288574219 809.476837158203 776.66748046875 728.499328613281 678.134460449219 662.098815917969 659.845062255859 668.202301025391 671.897644042969 664.403472900391 644.835418701172 630.719055175781 620.957977294922 606.419708251953 601.493316650391 596.139984130859 592.558624267578 588.612396240234 584.071685791016 573.720397949219 554.093933105469 543.075622558594 510.404663085938 479.848663330078 450.349945068359 419.223861694336 378.093139648438 352.581741333008 336.145767211914
359.823577880859 347.545379638672 326.541015625 366.097061157227 405.507049560547 477.595062255859 546.177795410156 639.343505859375 732.349761962891 774.433441162109 807.88232421875 835.469543457031 852.159240722656 875.192657470703 915.199829101562 933.390625 908.052825927734 852.346496582031 820.738311767578 819.054321289062 812.973541259766 808.565521240234 778.322265625 759.041656494141 745.191925048828 757.158569335938 791.283538818359 809.934997558594 802.886077880859 757.311248779297 689.470581054688 648.995666503906 634.805999755859 631.711730957031 635.475616455078 641.709045410156 634.784088134766 623.979431152344 608.740905761719 601.787811279297 595.035980224609 590.437683105469 585.365295410156 580.038818359375 575.638000488281 563.342956542969 545.952270507812 513.176773071289 490.014007568359 478.549209594727 467.703033447266 438.200576782227 407.639129638672 373.126495361328 340.847625732422 317.509323120117
376.563812255859 351.93440246582 344.740875244141 361.892440795898 398.154190063477 473.782104492188 539.440185546875 616.121154785156 719.829864501953 762.470611572266 786.779357910156 792.092864990234 793.974639892578 805.306365966797 837.4619140625 885.855804443359 909.492309570312 880.695648193359 836.826568603516 821.418182373047 824.555450439453 802.224060058594 783.75732421875 749.571990966797 736.665283203125 739.119781494141 769.479125976562 791.377258300781 786.654602050781 726.184875488281 651.726776123047 621.960418701172 611.513366699219 604.48291015625 603.327331542969 606.649780273438 606.178863525391 600.636688232422 595.503601074219 590.719390869141 583.932312011719 574.598419189453 570.108245849609 554.493072509766 550.405578613281 537.667907714844 494.80583190918 465.008880615234 454.183959960938 448.366439819336 442.063323974609 415.667816162109 389.125717163086 349.330627441406 327.853210449219 313.920913696289
381.047744750977 347.203857421875 363.749435424805 368.175964355469 400.243881225586 474.47721862793 535.114471435547 602.006042480469 703.2392578125 758.502685546875 757.231658935547 751.734649658203 746.825439453125 755.183013916016 776.533172607422 820.592468261719 868.217559814453 893.408660888672 869.729156494141 836.737731933594 825.0556640625 812.576507568359 780.447845458984 742.959686279297 703.124786376953 704.168609619141 730.52978515625 754.1669921875 745.980255126953 674.973815917969 622.420593261719 604.065002441406 595.646026611328 587.763549804688 585.734558105469 583.522491455078 585.068664550781 586.245330810547 583.934906005859 578.697052001953 570.54833984375 549.525665283203 544.494537353516 535.703216552734 513.098251342773 489.231262207031 462.025894165039 437.142822265625 412.309158325195 400.648315429688 395.123504638672 376.935348510742 360.821395874023 321.279479980469 297.381149291992 280.515594482422
378.591857910156 350.514312744141 366.134613037109 377.535079956055 403.154220581055 474.85612487793 531.42236328125 594.769195556641 674.476776123047 728.584564208984 733.727722167969 716.904174804688 711.422149658203 719.839935302734 732.658813476562 771.252746582031 822.123413085938 863.885681152344 865.650512695312 827.059967041016 819.291290283203 809.594848632812 769.438140869141 724.614990234375 693.098968505859 671.753082275391 674.641937255859 679.691650390625 679.933715820312 645.068298339844 604.925354003906 580.561737060547 581.599273681641 576.770294189453 573.664581298828 574.545745849609 571.797271728516 575.780731201172 572.282196044922 560.420623779297 545.752044677734 517.891326904297 495.700622558594 485.116546630859 476.395660400391 457.771331787109 425.545257568359 406.827667236328 385.360412597656 369.284103393555 341.53498840332 334.450271606445 310.005249023438 271.657852172852 263.024261474609 241.738777160645
376.825576782227 348.689437866211 355.855697631836 374.794128417969 403.050933837891 464.303787231445 519.641510009766 581.743011474609 650.378173828125 687.428161621094 666.316314697266 633.772338867188 627.750061035156 650.008209228516 690.778747558594 729.185974121094 775.597595214844 808.010681152344 818.437530517578 812.428680419922 812.019714355469 796.227416992188 754.757904052734 709.819274902344 684.981140136719 660.003082275391 640.167724609375 639.018157958984 639.527069091797 609.712799072266 580.663177490234 559.914337158203 553.354583740234 563.184112548828 560.776214599609 562.436859130859 559.138519287109 551.407501220703 549.606231689453 524.448333740234 501.926513671875 481.134292602539 465.107116699219 457.925903320312 444.169799804688 416.84375 396.126037597656 381.280426025391 342.544494628906 326.994750976562 306.348297119141 295.86247253418 263.552139282227 228.337631225586 204.87166595459 220.578620910645
370.21826171875 345.636474609375 350.546356201172 368.186935424805 401.772216796875 440.142761230469 500.530166625977 567.011016845703 616.060577392578 624.995208740234 607.499877929688 578.792083740234 571.057312011719 584.021392822266 614.191009521484 664.943542480469 736.290954589844 758.353576660156 763.940368652344 754.665405273438 748.458068847656 752.634094238281 730.761169433594 693.20166015625 667.408355712891 636.008575439453 608.593322753906 604.493103027344 604.519622802734 577.044982910156 551.449432373047 541.012847900391 531.340148925781 523.967254638672 537.217010498047 539.197967529297 538.248504638672 534.708557128906 508.100570678711 483.562225341797 464.778610229492 457.182067871094 448.092514038086 425.459381103516 408.416473388672 388.274780273438 368.391174316406 337.880981445312 321.281768798828 302.533615112305 288.273376464844 256.335105895996 214.598678588867 192.698913574219 178.14525604248 180.272468566895
365.751663208008 343.047409057617 352.928649902344 347.460021972656 387.572448730469 396.496032714844 471.601577758789 525.975280761719 568.835174560547 579.0927734375 570.066925048828 549.983856201172 542.387664794922 552.240966796875 568.439910888672 607.647796630859 660.189178466797 679.173553466797 676.780853271484 665.217468261719 668.706848144531 689.538879394531 698.420989990234 676.535614013672 637.032196044922 606.147216796875 586.729309082031 567.110687255859 564.752593994141 546.163787841797 536.059936523438 520.345855712891 502.161239624023 497.596588134766 498.230697631836 492.456207275391 492.360534667969 492.746963500977 465.857711791992 456.66828918457 447.371627807617 437.270858764648 418.31184387207 405.45085144043 384.905578613281 368.34211730957 341.671569824219 322.191757202148 298.843551635742 280.471618652344 262.241775512695 214.637825012207 186.373764038086 154.679260253906 161.151626586914 160.800712585449
353.231948852539 339.757919311523 346.91357421875 339.576049804688 345.219635009766 375.948379516602 402.416854858398 455.461471557617 494.952682495117 504.028015136719 521.157531738281 515.616119384766 510.18000793457 514.89208984375 536.175048828125 568.563446044922 607.255310058594 614.719635009766 598.987854003906 599.759704589844 607.842987060547 626.744079589844 661.266540527344 658.307098388672 612.097259521484 586.696258544922 554.558898925781 541.240570068359 525.506195068359 522.836883544922 509.949523925781 488.387908935547 465.756744384766 462.459197998047 474.237319946289 477.351165771484 463.35514831543 455.467147827148 442.682693481445 421.808258056641 414.830459594727 409.49674987793 399.135711669922 382.6591796875 361.21257019043 354.565505981445 330.437744140625 313.137283325195 281.202362060547 250.88484954834 226.411827087402 193.353034973145 153.984359741211 135.387023925781 137.245239257812 134.204780578613
337.99267578125 335.487731933594 328.824951171875 326.886154174805 322.879043579102 350.294906616211 356.182952880859 362.609878540039 388.637390136719 421.258071899414 442.911361694336 453.500091552734 471.452774047852 488.774795532227 507.945083618164 538.15771484375 570.124938964844 568.382690429688 557.626892089844 553.726531982422 565.449798583984 585.024047851562 608.93359375 619.490936279297 594.014984130859 562.359466552734 535.746337890625 510.878829956055 497.595626831055 479.425888061523 470.214477539062 459.838180541992 453.953369140625 451.127227783203 451.830642700195 451.822021484375 444.210052490234 415.552337646484 401.213485717773 392.461181640625 384.837799072266 382.279510498047 366.067291259766 359.167388916016 347.231872558594 334.695053100586 317.530639648438 284.174560546875 250.813674926758 224.289192199707 198.644378662109 166.508209228516 130.953437805176 112.491981506348 116.707363128662 114.252082824707
329.978591918945 322.912902832031 313.75764465332 325.997665405273 315.627014160156 308.088821411133 292.68522644043 294.701049804688 310.506088256836 341.036819458008 358.623077392578 383.123062133789 414.773178100586 435.656387329102 480.158966064453 518.711578369141 533.432220458984 529.743408203125 523.544708251953 521.70556640625 528.771453857422 549.594635009766 566.464996337891 569.05712890625 565.167175292969 550.242889404297 518.749572753906 489.627975463867 464.60807800293 454.191741943359 450.701065063477 446.488754272461 434.471374511719 418.769241333008 417.714767456055 412.145233154297 405.775497436523 382.294189453125 369.755477905273 367.537521362305 365.199264526367 352.066787719727 347.928955078125 348.893569946289 331.717239379883 314.9111328125 282.645294189453 240.673698425293 219.715476989746 197.518577575684 174.817390441895 135.30305480957 112.032196044922 107.537979125977 103.076965332031 88.7642822265625
323.528991699219 305.202163696289 315.04508972168 310.941680908203 315.337982177734 290.741409301758 264.084671020508 236.094650268555 249.413116455078 260.666839599609 301.9462890625 334.564971923828 374.44921875 398.193099975586 420.594497680664 474.988998413086 495.065490722656 504.783157348633 487.825180053711 487.65119934082 507.591842651367 521.745178222656 527.056030273438 541.389831542969 539.980010986328 532.838104248047 502.229278564453 479.577117919922 457.51301574707 441.525360107422 420.773635864258 410.067626953125 399.420059204102 389.100601196289 380.836532592773 377.182556152344 362.225402832031 336.791107177734 330.828002929688 332.818969726562 337.637771606445 334.72834777832 328.847030639648 318.376678466797 286.668869018555 256.474021911621 234.218894958496 196.983612060547 183.648719787598 160.881103515625 130.143074035645 115.544281005859 104.129684448242 87.2029190063477 76.8962745666504 70.7985229492188
322.315368652344 313.459564208984 301.220855712891 313.392608642578 298.725448608398 277.074554443359 253.218872070312 237.362480163574 220.740882873535 223.378364562988 249.784912109375 283.148818969727 328.571655273438 360.559753417969 383.878372192383 407.649429321289 436.46923828125 441.177429199219 438.71875 440.427932739258 463.709533691406 472.222412109375 478.766967773438 497.569046020508 511.604522705078 514.404937744141 499.049621582031 480.260192871094 452.822219848633 417.059112548828 390.824676513672 366.606384277344 367.903381347656 354.945571899414 362.114852905273 338.313568115234 328.354141235352 320.803253173828 317.711853027344 316.713165283203 315.132202148438 295.001846313477 287.109481811523 256.591567993164 213.926315307617 191.745712280273 159.342407226562 137.01554107666 125.691082000732 118.143936157227 109.091033935547 101.726234436035 85.6293907165527 73.5145492553711 70.8507957458496 75.5854339599609
348.620376586914 325.725952148438 316.738433837891 311.760025024414 286.306900024414 249.277435302734 186.425674438477 132.046226501465 139.614624023438 171.329635620117 211.839736938477 258.318664550781 282.814117431641 298.754165649414 336.419219970703 369.385925292969 390.001342773438 399.447631835938 413.283996582031 426.010543823242 432.037185668945 435.884567260742 451.006378173828 464.778610229492 487.635192871094 492.837921142578 488.876602172852 475.625137329102 432.898574829102 400.560607910156 361.638534545898 360.373458862305 352.272750854492 348.759078979492 330.537109375 321.852951049805 299.360931396484 288.428161621094 282.979400634766 277.878768920898 270.398941040039 250.602836608887 205.502792358398 173.88761138916 146.814559936523 120.151714324951 105.780380249023 94.0213394165039 84.6285667419434 76.6914596557617 72.8007888793945 71.7786560058594 68.5022392272949 67.8395576477051 68.9183387756348 68.2310104370117
375.90510559082 357.248092651367 331.014938354492 309.364776611328 277.20930480957 215.804481506348 145.041923522949 107.60958480835 82.1942138671875 89.1156196594238 127.596935272217 195.234794616699 245.50749206543 261.019989013672 274.716384887695 295.229034423828 312.226409912109 336.37907409668 330.879730224609 362.484512329102 381.354354858398 417.834045410156 438.704177856445 458.964660644531 485.407287597656 484.649871826172 478.185287475586 445.171783447266 412.718734741211 374.415496826172 356.534118652344 334.654098510742 323.630187988281 315.792861938477 296.086456298828 281.631759643555 269.522811889648 244.932777404785 233.831176757812 228.79532623291 197.08780670166 161.098922729492 133.109024047852 107.201183319092 85.1115989685059 76.6202964782715 74.7571601867676 66.4784240722656 59.1977252960205 63.215799331665 59.8547649383545 70.1734619140625 69.677173614502 76.6199264526367 86.8554725646973 102.572105407715
396.056274414062 379.130554199219 351.637496948242 306.634643554688 246.03751373291 189.375823974609 138.489349365234 110.074932098389 77.0871315002441 75.8913536071777 86.387638092041 96.6313133239746 134.254249572754 167.959869384766 212.710319519043 233.235397338867 262.972793579102 260.324859619141 284.116394042969 308.710403442383 326.154800415039 380.733764648438 413.51350402832 450.255874633789 481.269790649414 473.765106201172 453.17839050293 411.520309448242 374.702545166016 356.087829589844 332.699172973633 311.998123168945 280.672302246094 269.385299682617 240.850410461426 231.953384399414 201.969459533691 188.638656616211 182.474472045898 142.183448791504 131.744384765625 107.319149017334 82.432861328125 76.6178398132324 69.2353515625 59.6926670074463 65.8588218688965 52.4664115905762 48.7406368255615 51.0581226348877 60.58424949646 54.3262424468994 60.8108654022217 75.9555130004883 98.8936080932617 116.271076202393
413.584228515625 393.309234619141 361.397109985352 298.869644165039 217.414619445801 153.878387451172 137.300910949707 105.570068359375 80.1522903442383 66.997241973877 69.747802734375 71.8579216003418 57.0183296203613 67.4271926879883 95.4926834106445 121.78199005127 157.131210327148 203.987113952637 237.597549438477 256.453369140625 307.102996826172 364.186859130859 399.280319213867 439.777374267578 449.801803588867 446.44987487793 406.785140991211 367.220687866211 317.065582275391 307.266372680664 276.530258178711 249.405342102051 224.811447143555 201.439102172852 186.1328125 167.613914489746 146.906929016113 132.85661315918 121.084651947021 105.291137695312 79.6839485168457 75.5670433044434 66.3094863891602 57.8543930053711 58.8265399932861 49.2727966308594 46.8922271728516 47.4755191802979 51.7237167358398 41.1923961639404 59.288158416748 70.9478187561035 93.1603088378906 97.7805557250977 112.275093078613 141.406471252441
430.011138916016 403.171661376953 369.573913574219 297.374099731445 210.205261230469 152.403900146484 135.528045654297 110.085174560547 83.265193939209 56.7038097381592 62.1141166687012 46.1992683410645 39.3726081848145 36.4496040344238 53.7607250213623 61.4816207885742 72.3209953308105 72.3599510192871 125.266799926758 198.02619934082 295.302871704102 357.866592407227 394.182281494141 426.442047119141 428.541870117188 394.379150390625 349.319381713867 309.403396606445 269.895812988281 233.060531616211 204.786163330078 188.139617919922 154.342575073242 134.377304077148 126.890232086182 110.134532928467 111.615646362305 101.173934936523 82.7575836181641 73.875919342041 59.7240238189697 64.2430572509766 49.3557376861572 41.0645236968994 56.8873500823975 48.9910583496094 55.160982131958 48.8814659118652 68.6939353942871 69.9137191772461 93.1802711486816 100.025619506836 118.516056060791 126.70166015625 139.917930603027 146.817802429199
454.855072021484 413.935852050781 373.456604003906 320.670516967773 220.807067871094 161.818962097168 132.542961120605 104.938026428223 79.1112442016602 39.5385646820068 37.654935836792 32.0293169021606 30.8764543533325 26.146936416626 36.4570198059082 37.7173805236816 40.7161674499512 60.3255348205566 79.1163139343262 137.133117675781 260.244842529297 343.696258544922 388.995849609375 395.234176635742 371.479354858398 340.724746704102 286.409576416016 268.128677368164 193.441505432129 159.764091491699 130.297828674316 111.77950668335 106.932865142822 108.797435760498 105.296283721924 101.825859069824 85.123649597168 71.3966026306152 66.3749618530273 56.3801422119141 45.600564956665 46.5549125671387 35.3269557952881 37.6718196868896 35.7376194000244 70.2514038085938 65.6373977661133 77.3823776245117 88.4459762573242 123.260265350342 119.561210632324 141.32495880127 134.721298217773 143.279418945312 158.969299316406 168.998954772949
