Rscript/monthly_maps/SnowDepthMapFile-sd-1989-11.asc
ncols 320 
nrows 361 
xllcorner 618410.159 
yllcorner 5088785.286 
cellsize 100 
NODATA_value -9999 
[rows 69 to 91 of 361, columns 212 to 264 of 320]
81.0673010240562 80.5721726398915 80.0895387581357 79.3837137935839 78.5134505640254 77.7071186845563 76.5035418331228 75.4497140908645 73.0062439332921 70.5250800065857 69.2054195658065 69.996079113614 71.1452872719911 73.7941452566554 75.7263465692979 76.5447710519952 77.258862931237 78.597553968289 81.2504529719074 83.3600806706385 84.0392565278175 84.2722315558415 83.7225364989158 80.3093512775518 80.2759320390557 81.9291008571818 85.4626813221125 90.7547629765445 102.236854186394 114.939583360728 124.121681229774 128.235482119971 132.525860220716 135.846708962006 135.931463544398 137.338358670293 139.702678018629 140.455036747447 139.111823363277 138.376523874619 138.458061380122 139.148208954275 142.73214036133 144.329831312255 143.499925354493 145.492234948716 148.419817216299 154.486342516752 163.688963415032 173.307777192345 175.500845204907 177.539235824919 181.114001994775
78.9899654610894 78.2376763016554 77.5140788187927 76.3418849287895 75.3119379785702 73.9147516228595 72.1349301748119 70.9646278250663 69.3083601603302 67.4418790224268 67.1885640839449 69.8529122922285 73.0919515092201 75.1667129668371 76.502576743067 77.0313640580336 77.8375795193985 79.0309102679423 80.5332853248228 84.4735724050123 85.6474746318463 85.9381779123706 85.4149285213584 81.6087770550801 79.3306897620532 81.1319713562145 83.0479957481282 86.3798166976827 90.6488539733148 97.9075425144432 109.861986851752 118.00460909975 124.518278616117 130.452580466766 133.562145679756 134.315664113198 136.569373647079 144.954935388065 146.656373347926 148.633034454123 152.231284744449 154.010717184002 153.982812337965 154.002871978095 155.851102400202 160.568163041715 162.938989985107 171.433306604558 174.577754802711 176.399165358129 179.364114039187 184.104778671757 186.1720277475
76.194501508026 75.4970632071157 73.5433156731178 71.0436140006683 68.6280140072345 67.3555721502869 66.358871203847 66.0483598226683 65.8743473082427 65.5105273178754 68.8128414587517 72.4523729506611 74.6527068871354 76.3491520793096 77.2825506979983 77.6981978685095 78.0377910131134 79.242021371684 80.843750931488 82.2990333501309 85.3585656150339 86.6753079287676 86.6359836810518 86.0064994816048 79.6733533590034 79.2875313598416 80.0074282115721 82.5200318083951 86.5021888778977 90.9696312925422 97.6257607603109 107.285670021845 113.98258553566 118.900989690501 122.016831974116 128.781508041221 132.641473707051 138.473952424293 143.761874786168 159.580032154188 171.428427477259 174.499640839583 173.991529357477 172.349588742925 173.601717295701 174.457546775289 175.492614379841 176.583669537582 178.835508262366 183.324116896532 185.079398475546 186.987879069627 188.4387173611
71.3609763698123 68.9411450816197 66.3357527355285 62.3236009704266 59.6078204838255 59.0129097096611 59.1401671664647 59.4996378542782 62.9771339700167 66.3971503854008 71.302846773599 74.312226697263 76.6502216271467 78.2847993685444 79.4784878898612 80.4792316169457 81.2219307431736 82.2418146962065 82.8507811150858 83.2064170009265 82.8273937243922 83.5510523546976 87.0173746152656 87.4391459888283 86.0678244032111 79.8842773336818 79.2118066972883 79.9542035315875 84.1603724705521 87.7330088088927 93.4944335347479 101.257739989314 105.789063735696 111.007572272699 115.604146555639 120.465639361168 123.921866937691 130.544695853264 138.807291214053 156.086451393314 174.592608983479 179.686540226364 179.436784919541 177.509694893761 177.288178751608 178.212490877425 180.051960896317 183.35513174251 185.003106861791 186.919176774596 187.832406671959 189.243936276914 191.435749372918
63.8474391485995 60.8256706221423 58.81721570428 57.7939966637609 56.3792062412317 57.8157045586721 59.7517329808891 63.322926653949 66.671506469609 70.4712435059239 73.9628285872929 76.2983107185793 78.3606565463699 80.2240234933602 82.4540609672731 85.3690766921472 88.43006972923 89.077679725376 88.8984185512213 86.516913890588 83.4922344764117 81.9691681278257 82.6135484004152 87.3360581733006 87.8034376378926 86.0005347797443 81.3017546717413 78.7434859130448 80.4844134909522 85.23246081444 91.0091840338379 98.4323416865341 101.403357865115 105.315484818624 109.94355488598 115.303965027791 120.807470919022 124.542562746663 135.723957727132 149.739462973265 168.472066147846 176.996117393809 187.105331846696 187.808651962358 182.866443957811 182.079172367035 185.535219669312 187.599248510345 188.220480923386 190.248748238442 191.217102541576 193.539963375385 194.903275651015
58.0928154376914 56.6678076252007 56.5927440478421 58.7828657969015 62.3739479000657 65.4467641582868 68.105632102824 71.7649246680043 73.8554267570737 75.6082314729949 77.5131506943527 79.1531425180656 79.9027297022675 81.3379606161315 84.0834208327942 92.8023785987173 99.7316972771959 103.955139087763 100.506934778227 92.6668471380961 86.7910817778682 82.0509129103424 81.2969971461203 82.8419994795295 87.7425827023774 87.9638577956453 86.4426680312663 81.8125727476568 79.9592206963623 83.173701042577 88.3206529887523 95.3495331971293 97.7064757047539 100.473936833022 104.072406224293 110.185796879515 117.164851046956 123.007052839592 125.081511270496 142.127033990449 163.63318233049 174.959020798303 184.778651242865 192.516259146981 193.070629441674 191.606736125827 190.422535257118 191.760320054586 192.743949604531 193.495184622453 194.505482851473 196.81965512657 198.809564005232
57.2558181024671 59.4095762007243 63.7569233688913 67.0036439628612 70.7324885846015 72.1454642664701 73.936905184521 75.3745824336713 77.2852751478209 78.9457484698777 82.5019999904175 84.8115868446697 82.3052505979087 82.072988776714 84.0073194943262 93.1659528846634 102.616427235727 111.865801428423 112.940770166799 106.629688603559 92.8633458004036 84.9239338024494 80.5166189957171 81.4989137274273 85.3719866053653 88.2727236544993 88.4139681687669 86.7749454033287 82.103860946429 81.3800408860212 86.7545183410301 91.9886236544911 94.8621918013242 96.4551458930509 98.7246388853636 104.122808896049 110.723643652938 119.731538252877 124.650190294747 135.723618672889 155.294030589364 168.07569635661 176.624280767485 190.365064931463 197.50898155252 201.580509851867 197.548920060095 196.177652141499 196.091381670507 196.474597702547 197.393046762842 199.364857097557 204.002180851625
63.4375851205792 67.2770107847373 70.8978926120991 72.3185192648359 73.6043308023471 75.2171861944245 77.1143136287834 79.1076818132842 80.63792037715 81.8768745582201 86.0485602912364 87.3957567117195 87.0433156437048 83.8591692198698 83.9497329606264 88.9887323375187 99.5417862334712 111.368367973157 118.189742253948 115.981870667022 105.985953446935 91.3336734919216 82.7162211325749 80.3176147082452 82.2957788632056 86.4546552491609 88.8643331082012 88.0464883890011 87.4944183084532 83.643864658433 85.7966239108682 90.750992543766 92.3722267845792 92.7151371193796 91.1863900440198 93.8826727174552 102.832798458498 113.228659941723 121.483886192033 124.873246964887 143.362502031929 164.481661470444 174.907631649808 182.213740426064 193.318023731553 202.985585269195 203.630390851668 202.901588595639 201.459641796619 201.307575532395 202.553075274735 205.245532484651 207.012744940963
70.5311828767458 73.0201831305729 74.0000808461271 74.9220687872084 77.5358362230748 80.14654634606 82.2278964165177 83.5908609728451 84.534242368097 84.6569609277091 88.0573206534874 89.0755130724266 89.5648198452836 87.5652932099946 84.2478037136433 86.2806773918394 96.8945104928422 106.236141842398 116.894316074458 120.75771097777 118.253255491394 100.065711757635 87.6981034296074 80.6703341830722 80.5863192098311 82.6701222166203 86.0633564440014 88.5475539006584 89.3665916809035 89.9422120382681 90.1380812569446 92.192094739993 92.581728866289 92.7322971284596 87.0818026165092 89.1373994302106 94.4666476489112 102.75176533661 114.259219701707 120.473889161458 131.752735097674 161.606588356077 169.444189874774 179.343203891953 189.162884545913 198.400550171407 202.402768847982 203.888619156854 204.182016366499 204.17190871539 205.421985377413 207.951375732688 210.109890611117
74.1812862078923 75.4153396170276 76.5735761147477 78.6729490571422 82.6338057658763 86.6648354902439 88.5672427813766 89.4708852407431 91.3174637383418 90.3765672109424 89.8917862091945 90.4452208712407 90.6795629435285 89.264912515376 85.5112739061136 85.5849550680557 91.0524407068361 101.401701041046 111.712914648623 126.613877951919 127.912879829987 115.644644033476 96.362790375549 84.0640252390902 80.3091770429051 81.0574903315529 82.7313478623055 84.4135341083199 89.7356693648025 93.2002625420665 93.8885620188399 94.6545740105789 94.691314748764 94.1324330208968 92.2526333177293 88.1602800416046 89.8027964696856 95.6469409642316 103.549323618588 115.764179464849 124.339841461687 154.233136533192 169.05547026434 178.019382833024 187.110168259913 192.420244248369 201.730392131023 204.252353330769 205.238838608386 205.683096375763 207.062274497703 209.53078352337 211.619761300043
76.5734456783856 78.4301710434871 80.3767295362958 83.1980845961036 88.3759780233351 96.1295314718634 99.0132283238267 99.5009700176813 98.0928143319464 95.6175987110657 92.0496085777427 90.7231613202612 90.5066199332911 91.7935551486433 88.3536058053664 85.0306306405024 87.6272588367284 98.0090195881238 106.236342518959 117.618309993415 131.250020897277 124.765493806705 110.892863153575 93.2566463390498 84.1243233429495 83.0856783786556 83.8566683810171 84.2606850016805 85.7499339499076 92.0798609090571 95.6612534733311 96.0534068247336 96.1125232440588 95.1560749239967 93.5630726078903 88.7720928930949 90.24426456452 95.0077363366922 98.8387569823768 109.375738652857 120.212397610552 143.255472227878 166.118202990055 176.572403688848 186.979496647617 193.755643211267 198.210071494412 203.707322836431 205.81411087267 206.738061478396 208.571211627737 209.81456451577 210.909885139159
79.9585578372491 82.627425900746 85.1019022430494 88.7604736107562 96.9965002216872 104.672459786464 108.415662437158 108.375677838087 105.123254234197 100.645650641894 94.9256398413413 91.0006361114426 91.6023861391549 91.1455467675207 89.7970240449464 85.7687663149475 86.3613115735693 92.7627447429222 101.896782579608 111.90569304951 121.446171302409 131.910106272876 125.237252625753 106.339870664922 94.7986785133629 89.988554862154 89.6275467606399 88.9765035943092 88.0064176852234 88.5344214309444 93.6967401806941 96.6296928183954 96.4703746457419 96.1174504481534 95.9313479166361 93.9084717043997 90.4823678230586 93.1256917712392 98.8338676285473 104.90697492272 115.963489929924 139.131061290569 163.08067201613 174.675300604019 183.831856014416 193.722807824897 199.158599278878 202.343937817846 206.92715728437 209.062244592655 209.856666817382 210.496509844802 210.442195773118
84.7990219041568 88.5109052675842 93.6609674665747 97.7257856831515 104.46123248623 112.491657849776 116.030917289131 115.688083101636 110.995163226779 104.7818369263 97.3507452027573 91.7368878362035 91.2295100177492 91.4128676015914 91.4585484333236 88.2734671791547 85.7787311443911 90.6372136507017 99.0810375173189 106.602985911375 117.066286537349 130.289462467321 135.688997874328 125.101614763319 107.324409043461 100.077244073956 97.0364076336414 97.1991017146558 97.4300990103032 94.6152218299665 93.3344737516504 94.3149947179164 96.4881472094329 96.8672241879074 95.5243580126477 95.6727351199211 94.0435226075226 93.3047553804876 99.203762453792 103.632225268448 113.404894298441 130.753657260391 155.267879377934 168.691911312978 182.068422224343 195.166668487984 200.651400251234 206.703831385284 209.507450686358 211.291384489417 212.756667337632 214.531033099382 214.305180125641
91.7558880981306 99.0046776613277 102.495646803365 105.742600883369 111.891780518988 119.321378565132 121.929996909834 119.774787591727 114.101503041936 106.708088420787 99.1340075585666 92.9969628465326 91.3866654702742 93.1760620046346 90.470807651603 90.2714763101762 87.0711923475737 89.5835320227443 96.2400192185865 103.101946769719 111.776078308934 120.477534825286 134.928770565693 140.019909760298 124.700917006134 112.019098212795 105.560094080175 106.85982042577 105.835186826619 102.594105279481 98.309319972973 95.2527359540001 94.8768233144511 94.6513012082056 95.8537020644034 97.9509159148705 99.8070871379005 99.9124786927787 100.649545746417 106.174084814313 114.399786459291 124.600087191052 152.133530540547 165.765539081779 175.989217140248 192.993209894631 201.662136171496 210.670926537068 213.230325132473 215.843223673782 218.459253846323 221.262911017337 225.421083888989
103.456566712204 108.259477627851 110.584695565408 113.275994523944 117.896025393068 127.139236178166 128.421813910856 121.222987183847 114.942000498045 108.076332586248 100.892752544977 95.0116119135682 92.2189589852924 93.4470100480651 92.6437063175571 92.0294432511172 90.5404626672311 91.5211899400084 96.5949438268914 101.075318763779 107.196881668208 115.545877355164 124.465123003512 136.052241821378 139.930303275599 121.829023356942 114.311730121021 112.15567255982 110.7996503536 108.320363752688 104.537170174672 101.000674120124 97.8021467578512 94.476018350238 95.2961101104118 100.344296617111 105.130919601039 106.951140347034 109.510358205832 112.198254368267 116.242515084827 122.615648664818 149.838146876282 157.427076793833 169.945807549039 181.503710526025 198.391232883994 211.059140041696 218.397378649424 223.492369593593 226.240735728906 230.110034527976 232.662884891832
112.446811290311 115.750411866107 117.208672386873 118.673114942713 121.928098039091 130.985904662119 129.203536440878 123.133713851934 116.413363894181 109.887370695552 103.261691524185 97.0091163765355 93.3170049627205 93.6408937587974 94.3893503044663 93.8746951698416 91.9473033885657 93.2234474110338 96.500603094653 100.624438750253 105.219988459303 111.86952066464 120.137976747538 134.160690770559 143.520868821197 136.787912258763 120.400902520412 115.335561216724 113.771155157969 111.330431802864 108.386198857512 106.221251728069 104.15471143975 103.700611373411 104.998230921156 108.163644072364 112.360142648049 115.624197313671 117.00083608606 118.119329541578 118.147827918856 120.65405616852 136.63795434187 153.097238126558 163.719551281341 171.956883837489 186.475043364838 204.413720847834 215.629565588417 226.223520021683 229.573224947918 232.09646702753 235.465401243474
119.642680251405 121.196822585897 124.484786279872 122.14794947547 127.08869865247 133.746961085107 131.459583694308 123.64548226426 118.31709488699 111.73692504381 105.292104073137 98.7805847885519 94.3301166293997 94.411636370669 94.8795424554687 95.3049193047626 93.4679940216131 94.332088432948 96.8040315537425 100.958683778479 105.609280541896 110.697253195764 117.209256710703 125.494877367505 141.174444020174 143.91172117972 132.748181217962 117.938541732478 114.617748835004 112.354274994557 110.243841128393 110.143121747713 110.72378400901 113.43464107133 116.405250045764 118.871314060682 119.126191304374 123.494454844986 121.311958796544 121.575720386242 120.642456602831 118.564972550518 125.776304249912 149.470893962403 156.327670447996 168.231093156425 178.282408859091 195.900166612914 207.285963676288 217.162488059876 223.909853380039 231.475537378367 232.392787732271
123.283431895274 128.825255811422 128.249240398657 129.702120331114 130.214535242398 135.871598797936 133.849365383736 126.584180570854 120.483199167467 114.075588690295 107.420100617869 100.318770120021 95.5722995598078 95.0272496122405 94.8345246603931 96.0206921653262 94.7257777347739 95.072259335572 97.1410785926211 101.38259113019 105.537521699549 110.839903849111 115.753791728144 123.231010214346 138.654082817598 145.606131291239 140.335315394706 128.658570631491 113.277477840009 107.693320222069 106.362328400254 110.240969979335 115.980160679367 121.175881030358 124.021127699462 127.728937212923 127.847106230269 128.911491870762 128.755218742627 125.80325380523 123.15907694694 119.883743758324 120.156900622045 140.429624840959 152.790830550725 165.399081739963 171.735215352431 186.02040252502 200.146941549156 208.75542107487 218.785490233143 226.182521675874 226.956025971743
130.680615060662 132.531501554376 132.414050280017 132.288948649805 133.148211443861 137.414152457011 135.455580151482 131.365576382139 122.822284268536 116.14142535851 109.258946422773 101.876738442685 96.4039721954721 95.2100125818711 96.40939562025 95.5670987819887 95.4551960903342 95.4824237690382 96.8484835726174 100.264247245471 105.175067134081 111.83718021148 118.067483807373 123.919397906459 136.047421491609 145.211604936799 146.486260945183 135.603862267051 122.015556969189 113.885765737521 104.755684085688 107.139365392636 117.338373811648 123.811209984055 129.211497265557 130.919381251043 131.104916380055 131.6460304851 130.924434776427 129.077298154723 124.885226969276 122.184346732298 119.44358948846 129.282345440805 150.380853468003 158.631832641118 170.125385922391 179.902297261564 190.355662555298 202.754168000793 211.950621390025 221.502410489381 224.694485163928
135.28939786134 134.814729366302 134.287778236855 134.869321839749 134.822669340883 138.047668106889 140.744889415769 133.904676086004 124.790737526386 118.07959442227 110.932613653142 102.753361979787 96.5438736058483 94.6500522993594 96.409659286027 95.8410594140143 95.5622231735645 95.6279017251976 96.9218311288081 99.9180545125837 104.589939504864 111.614084012713 117.933553876293 124.709445934353 135.284224946019 141.24292060331 155.975941830717 164.477829154036 149.65079587089 139.230231185219 119.488466633822 113.156422394557 112.134456051055 122.539889485374 127.404365860053 131.940393060319 132.311182721774 131.715454619605 132.110051346777 131.013641396398 129.776227480191 125.494100937316 120.96497808852 125.854969192692 149.374186175408 155.365095022035 166.483351629607 174.251609593148 184.037239721931 194.24641016041 206.826812927957 216.563844704848 228.266462895512
139.946736245838 136.102264312686 136.358457692642 134.694214243057 136.585798210222 141.29056853374 145.892677709965 139.729092736575 125.963426840592 119.729174827188 112.378163029125 102.706715358879 96.087578117194 94.3640118233249 96.4898485237285 96.026274839613 95.8343331046984 95.934627632912 97.1463510542413 100.429311384 104.844661170469 111.663005128733 117.925221380613 124.249315300726 133.732953722157 142.019175444697 162.414515771112 168.02666454828 164.433281609426 149.011483568191 139.485009246623 129.516208885891 116.910505485387 121.077463754285 125.592911824674 131.554219680638 133.162264431264 132.760632969765 132.166942060605 132.120473274238 131.719536760035 126.145809016494 123.418182858633 124.303439870606 146.878560272573 154.041613209729 159.635054751427 169.375728301951 176.027150572345 186.994500288148 198.431958531198 212.681139511884 224.515676032798
144.211142561393 140.361514928271 137.386233020666 136.997032659712 137.498291259404 142.603826683791 147.76738591281 144.509573770044 127.560814647945 121.461772062326 113.295097763576 102.554567898918 94.3682136581458 94.0931128790619 96.7250913135409 96.3767838985673 96.2237395700599 96.3485560557236 97.8052221099203 101.296111512068 105.973983585355 111.987326007174 117.376313088244 123.296725274551 130.039541414883 142.573728309585 156.392466606004 168.858190779789 176.534839879368 168.800181020639 154.835439370282 137.884296995484 128.994710746045 117.81179041838 121.779667801795 126.942478757621 133.392888893358 133.79767444259 133.49882649837 133.543124671039 132.675664477296 131.18076280227 125.478238552169 122.37680382747 140.534012430444 153.16830439912 158.059751797968 161.345798758101 170.086733965671 176.895351079916 184.129914194091 202.736573075962 216.708670826026
145.462661431366 144.826840092432 140.378349132217 140.899111668098 141.164952109114 147.72197114765 149.098046887462 146.360844700363 136.552673668956 123.09772592858 114.237083284443 103.48879639353 94.6186372397777 94.7644319098402 97.3389866491809 97.9898804603071 96.8834920352947 96.7716293461554 98.9582955552953 102.570011979994 106.534669505085 112.031741950493 116.422000584421 121.272263738572 125.491110339844 147.620500449457 155.969948939053 169.824020047957 184.567031587429 187.111290435843 175.391537376327 148.176280932601 129.526359674618 127.458486080659 118.291669462051 123.546704044987 131.221668503072 134.481666900776 134.612660866265 134.452910841991 134.356537276511 132.86407584146 126.304535007406 125.287075556167 131.708764223763 151.661703319672 155.701479568299 159.690096584912 161.548172781165 165.473573856958 175.906652952743 181.662716311993 184.368391687348
