Rscript/monthly_maps/SnowDepthMapFile-mean-1990-02.asc
ncols 320 
nrows 361 
xllcorner 618410.159 
yllcorner 5088785.286 
cellsize 100 
NODATA_value -9999 
[rows 92 to 114 of 361, columns 106 to 158 of 320]
1246.98203604562 1259.8535723005 1240.82843017578 1213.8542262486 1192.93498447963 1191.65852355957 1228.80836486816 1296.59286499023 1395.20332118443 1495.9624067034 1460.71146501814 1416.60617501395 1394.02097429548 1337.78282819475 1300.42217581613 1243.82809448242 1204.1778390067 1188.8728855678 1156.15191214425 1139.71689714704 1102.54861668178 1051.63276890346 972.445438929966 936.471993582589 882.599408830915 810.204530988421 755.503921508789 721.653547014509 701.645337785993 669.430972508022 645.534677777972 596.874547685896 583.676116943359 626.401142665318 689.202280317034 768.85740007673 830.696119035993 890.305297851562 922.784149169922 899.100599016462 872.56192452567 864.276118687221 844.56124659947 824.728803362165 786.597361973354 739.580854143415 694.663610185896 664.292322431292 617.207081386021 581.645523071289 549.934950692313 498.839739118304 456.188660757882
1202.72943333217 1208.32548958915 1203.27448817662 1178.83327157157 1142.36423819406 1124.99402073451 1146.37257385254 1195.94994899205 1255.9934387207 1348.13986206055 1387.76168387277 1395.84407697405 1366.00701032366 1359.54261561802 1306.46774727958 1307.74652099609 1254.56221226283 1226.23379952567 1179.86431012835 1137.34650966099 1107.1029183524 1050.11694771903 991.191101074219 947.188269478934 903.26921081543 841.599881853376 787.849779401507 740.827499389648 726.390437534877 687.73702784947 647.043729509626 599.670667375837 583.00808933803 605.33077784947 663.348236083984 754.716914585659 814.510737827846 863.838237217494 836.397829328264 805.476331438337 754.289801461356 724.753068106515 731.565745762416 730.125283377511 700.796156747001 679.198981148856 636.225015912737 581.714393615723 520.094705854143 482.047900063651 430.098106929234 395.116301400321 349.00213595799
1135.24219403948 1141.34123447963 1148.41496930804 1137.5387965611 1111.71210152762 1080.49236842564 1086.88512965611 1125.16424124581 1188.04669625419 1252.87453133719 1280.37895420619 1272.3346383231 1255.087890625 1258.28595406669 1279.80543300084 1303.68448747907 1257.94641549247 1244.83477783203 1195.78186907087 1151.1470816476 1112.86970084054 1074.10664803641 1022.15856497628 968.613926478795 923.675639561244 851.071238926479 807.041822160993 742.883449009487 721.65834917341 697.480693272182 669.375547136579 620.780426025391 597.774508884975 598.163771493094 656.397974286761 726.632293701172 807.238353184291 826.845572335379 799.62502179827 735.442886352539 686.581594194685 646.89639718192 626.861640930176 621.829871041434 613.034205845424 578.053201947893 546.219463893345 513.095691135951 442.001726422991 380.179709843227 316.20289012364 264.924057824271 220.51179259164
1063.30003356934 1067.80109296526 1083.16494532994 1091.64417375837 1073.64024135045 1055.41547938756 1054.17377798898 1069.89772905622 1130.64304460798 1192.27871704102 1217.26320757185 1209.86701965332 1179.86382620675 1171.33538164411 1168.34979030064 1190.67837306431 1217.98304094587 1233.69029889788 1213.62485177176 1143.99760001046 1119.90652029855 1104.57639203753 1046.59900338309 996.857583182199 948.501273018973 893.441469464983 823.270065307617 753.590573992048 712.982744489397 691.221102033343 670.8070199149 611.54887172154 591.602928161621 599.355953761509 618.032224382673 699.876255580357 747.443385532924 743.388955252511 699.347776140486 650.832698277065 611.188886369978 574.071275983538 557.50305720738 521.610998971122 506.930494035993 472.290123530797 428.099266052246 386.020478384835 310.476366588048 234.08134160723 189.044183714049 137.542652353644 133.270035537226
1014.84731401716 1016.20206124442 1019.46345738002 1033.43766348703 1038.3669695173 1037.5809413365 1026.45387268066 1027.04452296666 1074.6876046317 1146.41338239397 1187.10908290318 1180.47234889439 1154.45764814104 1114.49078151158 1082.82458932059 1090.21936689104 1098.7644064767 1137.95868355887 1157.96811131069 1152.17277962821 1123.98972211565 1097.44649178641 1076.64284624372 1020.42968967983 976.773594447545 925.445170811244 834.383200509208 760.507101876395 696.825701032366 668.237298148019 649.667676653181 609.799890790667 582.457701546805 576.800538199289 604.082092285156 649.341461181641 670.064868382045 642.937750680106 587.599356515067 558.834661211286 533.331683567592 514.904190063477 509.604555402483 463.264099666051 417.267918178013 352.838547297886 269.477903502328 214.823846544538 184.503386003631 134.152215631945 129.727089686053 126.098275305969 123.589839317437
965.644797188895 956.359056745257 969.575995309012 971.801993233817 991.460087367466 984.448434012277 1000.7318246024 991.309982299805 1023.93601335798 1094.20093863351 1135.21989876883 1157.36419459752 1127.56903512137 1090.95484924316 1056.39164079939 1023.52117483956 1018.58200291225 1041.83132716588 1076.6759752546 1105.5366734096 1109.2829851423 1097.3036302839 1079.93814958845 1015.05933489118 996.168402535575 929.310583932059 832.207227434431 732.841036115374 668.832366943359 637.6556527274 618.380356924874 589.103964669364 554.875799996512 545.423372541155 563.049296787807 577.678769792829 532.862426757812 516.171735491071 476.187199183873 467.873822348458 480.770419529506 478.595018659319 452.542950766427 389.448248726981 321.017248971122 221.726623194558 170.79789923983 129.582127481699 126.030259332487 124.006888718477 122.220648513043 119.702123097011 115.867186410086
908.923446655273 910.701017107282 916.218368530273 923.089120047433 924.201790945871 946.041728428432 950.709601266043 957.341779436384 970.832887922014 1022.09569004604 1070.9158543178 1127.47435651507 1114.36388506208 1071.49290248326 1036.53318786621 1002.18585423061 972.073741367885 968.699094499861 986.774302891323 1022.70318603516 1032.91241455078 1034.23190089634 1014.64562552316 987.167940412249 965.857794625418 907.959503173828 805.994859967913 715.156472342355 649.427037920271 610.613437107631 583.718802315848 522.350310189383 488.943219321115 484.193467276437 512.541448320661 503.221320561 473.75008719308 419.555520193917 384.213721684047 384.513019016811 400.208855765206 383.324302128383 347.665709086827 281.2080481393 203.71052469526 140.186483065997 129.582615262696 125.913954396333 123.215000629425 121.353185176849 118.020667757307 115.041011946542 113.340592758996
832.205128261021 854.565734863281 866.832094464983 866.317169189453 855.533161708287 863.027648925781 882.980616978237 907.302294049944 916.522984095982 946.526707240513 1010.06052507673 1065.1970476423 1088.65518842425 1066.55421447754 1030.36647905622 986.544509887695 938.090436662946 892.311595371791 880.28670828683 893.794904436384 899.991683959961 904.56088910784 892.676860264369 892.982310703823 883.745716639927 841.918496268136 767.602340698242 686.435810634068 623.009730747768 588.282688685826 536.316144670759 483.74637058803 407.924816131592 411.049713134766 452.624376569475 435.282277243478 380.997756413051 317.814717973982 284.285072462899 274.209380831037 272.825460161482 260.256688662938 209.161321742194 166.923124200531 132.368067990456 126.939484421696 125.051471827286 124.270825190204 123.512945430619 122.32340998309 120.87037893704 119.534776500293 118.084509960243
764.972747802734 772.479016985212 791.434908185686 788.731861659459 758.270770481655 771.740077427455 798.215369088309 837.110750470843 870.499457223075 882.726124354771 916.339244297573 964.908564976284 1024.39026532854 1025.9820665632 988.142658778599 930.693697248186 860.431573050363 809.062720162528 785.538181849888 758.854864937918 776.050486973354 789.25276184082 773.501135689872 765.204855782645 746.070550101144 728.571321759905 703.278317042759 649.641169956752 614.390706743513 569.194922310965 490.988271440778 448.368926456996 352.070492608207 348.662240709577 354.755764552525 330.193664278303 278.060171127319 228.550539902278 197.673060874854 182.488229902727 179.526080653071 139.255106270313 130.541226067713 124.721708764987 119.375741333568 118.196419647762 118.602824074881 121.074401353087 124.60563983236 128.186708995274 133.802152565547 136.942848682404 136.746660573142
698.467438834054 719.856194632394 731.53468976702 732.733435494559 726.953344072614 738.664766584124 754.345771789551 779.651733398438 784.979923793248 781.411069597517 810.934768676758 869.290623256138 914.24983215332 927.494842529297 884.729197910854 856.174874441964 808.170935494559 762.946081978934 725.046236310686 701.481522696359 687.907545907157 679.550020490374 658.361995152065 619.289212908064 606.807584490095 579.987520490374 571.764783586775 576.249052865165 562.384495326451 517.934885297503 449.582375662667 361.804824284145 297.368030275617 262.109635216849 236.560117857797 229.755929333823 188.337469049862 164.858992959772 155.148403740355 148.364814854094 133.087808500443 125.515165685543 119.216172319438 116.774934121541 113.766257013593 115.856951100486 119.764472995486 124.884210893086 134.625903470176 143.839160255023 153.032150319644 149.638182163239 149.882923126221
598.795170375279 607.73551940918 613.310491289411 630.056445530483 642.048217773438 669.786967686244 700.800224304199 739.42603628976 742.373225620815 733.820267813546 733.142999921526 743.426759992327 768.585229056222 788.562393188477 774.796035766602 761.702477591378 731.509748186384 686.922739301409 656.550652640207 614.699611118862 581.694297790527 559.626545497349 545.734042576381 491.961760384696 461.036337171282 422.183854784284 416.903951917376 415.836777823312 409.922523498535 379.314676012312 323.558964865548 255.114901951381 237.721537726266 202.781108189906 179.575138626354 155.295830179538 141.24532257872 141.696756063827 142.091545191194 130.815415724846 124.897639410836 118.306554283415 115.765604427883 115.885112387793 119.584941046579 123.898592642375 140.026562094688 151.857031685965 161.628857340131 163.744083106518 189.537431716919 190.832003320966 187.095005784716
462.161580221994 468.23715373448 477.704944610596 510.624812534877 551.290788922991 586.041003635951 618.578468322754 647.707835606166 664.384793962751 673.058988298689 670.330313546317 683.818907601493 691.430231366839 698.240109034947 678.572628566197 651.608527047293 636.688515799386 592.346902029855 571.996077401297 527.478484017508 495.585926055908 462.954307556152 441.868931906564 384.54063143049 320.615005493164 257.863468715123 221.200742925916 227.18162717138 212.616404226848 195.465716017144 187.64464560364 183.145017830389 156.198506821479 152.099210433662 138.13018795635 129.305060544716 127.925592473575 127.39250340632 126.070737770626 125.093735252108 124.379422596523 125.970587117331 133.806771823338 152.117261954716 168.221081597464 175.588312285287 175.783865417753 184.734373705728 197.485585893903 198.147947175162 202.964227131435 202.938913345337 193.556220735822
340.587523869106 348.068559374128 367.103889465332 387.355660574777 437.237572261265 458.919273376465 493.525733947754 533.847309657506 562.957157679966 572.778357369559 597.011245727539 603.905912126814 610.323619297573 600.213236127581 571.824028015137 553.029241289411 519.529623849051 513.665513174874 479.424474443708 459.636526925223 412.126620156424 376.788461957659 318.723948069981 244.716316495623 201.305913501552 154.314336649009 123.150484491672 121.520348637232 120.446290070457 121.63374196738 125.701199196279 128.563150611307 129.138304318701 126.528409140451 125.072360174997 125.095453671047 127.230447428567 131.487643378122 137.847767625536 144.748366049358 151.278660024915 165.019819600242 180.060297301837 183.173544406891 193.145120007651 207.030444008963 209.458409581866 210.030693599156 207.161482402257 205.744346073696 208.99735396249 207.240703582764 198.929036276681
220.114681880389 217.778559474807 231.133462770709 242.1421452931 290.836122785296 349.744958332607 379.854858943394 424.794863564628 446.837502615792 469.861104692732 492.121318272182 512.874564034598 522.730622427804 513.248882838658 492.726304735456 463.85946219308 436.18047114781 404.474413735526 365.35111781529 321.224736077445 287.416132926941 254.300908088684 214.056423908898 162.632470120277 130.376577560391 124.876717381179 119.251908616296 116.989343038627 115.118883259328 116.281544481005 116.988019755908 124.686501196453 138.04394364357 139.936778885978 153.967709473201 158.780435425895 169.392071485519 175.175216197968 180.626876490457 185.784700938634 196.438182013375 199.106706959861 212.572097505842 215.18173789978 213.532155173165 213.481361116682 212.149718965803 209.22236933027 199.553535461426 201.663166046143 216.06571497236 231.195049558367 218.512343270438
172.383665123156 177.895493518029 180.199920147657 191.119410934193 210.408428051642 224.315202314939 244.654658573014 292.528376443045 339.666639328003 376.485698154994 417.10527910505 427.898745945522 450.594781603132 446.517630985805 414.73076575143 379.462592533657 315.310767582485 277.078092983791 228.398022242955 207.038702309132 182.715598934463 164.877413191966 156.976382049067 132.240856287735 129.020702225821 127.620516008564 130.976139000484 138.069740022932 147.077283723014 151.697231088366 163.859938212803 178.697471346174 186.617489406041 193.811146531786 199.815123183387 206.73497397559 200.940263135093 205.224799224309 213.7906968253 215.426258632115 214.012156895229 219.919125965663 217.705911908831 215.470371518816 212.215342385428 213.002760750907 203.200351715088 202.445387431553 203.726985658918 235.122101102557 286.898348127093 284.970645904541 287.170107160296
219.251058810524 214.161154808743 214.089804140585 213.702149467809 188.083608554942 196.987072448645 210.393529915384 226.360624724201 255.88197183609 272.682820592608 288.14724104745 297.115715844291 328.600751604353 327.137747628348 295.150970186506 274.441839763096 225.6949165208 186.362145719784 163.640453189611 135.764651415604 135.733323578324 137.003688627056 141.297484146697 146.818361769563 151.294245992388 161.757187230246 179.440168448857 195.245076077325 212.360656602042 216.744666372027 224.093087332589 221.393355505807 222.787980488368 225.138224737985 221.889199938093 220.339201790946 223.031598499843 221.646104267665 221.646108082363 221.061257498605 218.132308959961 215.146031515939 213.758492878505 205.589885984148 206.098885127476 207.609058925084 209.12567956107 232.196353639875 271.589011056083 310.732173374721 338.62964957101 364.102479117257 317.490497044155
253.825032711029 250.6675493036 249.810757075037 250.172449828259 248.047965243459 231.977315404585 209.916217520833 215.950015734349 218.28910339943 205.040881840246 206.310963713697 214.593427721943 219.364945252027 216.945530350719 212.832413896918 187.08505237954 171.823539042047 142.253166687276 139.448505699635 146.637788133962 153.036322668993 154.81423003333 170.436640313693 181.382617269244 202.157895905631 219.912049157279 229.397114345006 226.286023548671 231.777902603149 229.287375858852 225.311754499163 230.78636932373 228.657930101667 227.154205594744 225.844836916242 227.552822657994 222.110722678048 221.222949164254 219.754356111799 221.214058194842 217.770551136562 214.300310134888 216.224347523281 231.859151022775 242.793455941337 274.459338051932 267.171096256801 302.727860042027 336.586064474923 389.73047201974 409.699446541922 395.59302847726 352.629808153425
301.216731207711 301.318475450788 293.418254307338 290.899133137294 283.849139077323 273.769305229187 261.949048519135 248.981009585517 241.708471332278 236.767110909734 225.442813315562 214.593062777604 206.997267565557 196.272767273443 196.124866279108 182.043534235231 166.651622264513 164.751202017601 170.328221321106 174.555089950562 173.383008616311 184.890880516597 209.059615952628 217.378473009382 231.41641153608 233.700600760324 226.035952704293 234.028352464948 229.302897317069 225.983561107091 224.798424857003 221.968251092093 222.126277378627 223.172911235264 225.286260604858 225.283043997628 226.789007459368 237.02339226859 246.146624973842 249.80243900844 275.734693254743 283.812994820731 273.077562059675 287.307799748012 304.272699628557 330.921847207206 345.854232788086 387.706659589495 436.174778529576 468.205624171666 463.086891174316 427.333391462054 379.18329674857
319.659792218889 324.081307547433 311.469030107771 314.341945648193 325.360979352679 326.024539402553 322.69854245867 315.591945103237 303.559308733259 300.423785618373 290.259641102382 280.081018447876 269.927378245762 255.632768767221 251.338209288461 229.843825953347 191.284690993173 193.786876474108 204.648061752319 196.968292645046 206.566927433014 234.815428870065 236.491901942662 243.166224888393 236.966049194336 227.985687800816 220.910209383283 213.760581970215 207.791973931449 206.02904347011 206.829763684954 210.094264984131 231.823993682861 245.444268907819 252.700790405273 284.64013508388 273.771391187395 286.972651890346 312.244592939104 315.724684579032 333.415019989014 328.670974186489 358.180415562221 365.807742527553 383.543787275042 411.289709908622 441.796201433454 509.050881522042 549.350254603795 565.864455086844 521.419446672712 461.122983660017 410.066558837891
337.014997209821 334.871381487165 333.930154527937 334.526905059814 334.803396497454 331.691101619176 324.043670654297 330.347118922642 325.845023018973 319.596961430141 314.6969468253 315.48940549578 303.071259634835 293.211241585868 270.142027446202 259.696161815098 222.358672959464 241.460404532296 236.944486345564 245.675844464983 239.468732016427 240.351853506906 235.70359311785 240.509870801653 234.999728611537 232.130474090576 228.789419991629 250.118162972587 258.669486999512 256.200905936105 262.054440634591 253.64930834089 277.564355032785 301.889559609549 322.353459494455 322.809971945626 355.820716312953 365.615286690848 372.528116498675 385.391128540039 401.64812033517 399.475678580148 413.111940656389 444.304116385324 474.584012712751 520.347173418318 558.971445356097 608.910039629255 632.623439243862 620.495979309082 586.009122576032 528.360529218401 467.009824480329
347.987939562116 349.78124836513 350.35294342041 350.690029144287 349.641178131104 346.181079319545 337.381904057094 342.436748504639 340.829574040004 340.269692557199 337.031944819859 340.408876691546 338.202498844692 330.837146759033 314.138816288539 297.68960080828 289.350387573242 252.889629364014 245.953074319022 250.395470210484 280.144289289202 275.939231327602 272.351775033133 276.295959472656 287.970055171422 289.137222834996 301.557085854667 313.331040518624 321.522656032017 327.399317605155 335.30787059239 339.939730507987 376.651814052037 384.838977268764 404.326581682478 399.97274017334 412.066162109375 444.137821742467 456.652902875628 463.07283782959 473.958562578474 497.912315368652 522.661227634975 546.157054356166 566.325427464076 607.048636300223 658.235687255859 693.162257603237 720.661586216518 686.156243460519 638.779015677316 597.436313084194 548.675518580845
377.899111066546 368.86474282401 367.458114624023 367.238042558943 370.2301701137 364.357895987374 363.606622968401 346.682430267334 340.109136853899 337.51248059954 337.174322945731 348.900842394148 352.589439937047 342.656945364816 331.94826398577 318.414731706892 317.926366533552 296.594351087298 295.96993800572 306.350305829729 319.47671345302 325.863486153739 343.256552015032 354.675628662109 388.202812194824 403.260113307408 426.27520098005 444.984560285296 463.935585021973 476.505149841309 486.861197335379 501.154202052525 510.466936383929 503.972402300153 490.176685878209 502.134004865374 523.981835501535 549.701661246164 566.832299368722 563.358275277274 563.380848475865 572.08204977853 594.065086364746 615.351722717285 660.279355730329 693.785786220006 739.405393327986 770.369328090123 762.121451241629 735.952074323382 695.003679547991 650.507193429129 607.356758117676
406.976651872907 402.761196681431 400.534150259835 400.138129098075 398.008326939174 390.861902509417 380.206601824079 373.462587629046 364.04555620466 368.935716901507 375.193000793457 383.638776506696 393.08400290353 390.678300040109 384.005063738142 371.936705453055 363.852838788714 361.968266078404 363.740648542132 371.4521484375 391.289957318987 424.556646074568 466.992728097098 506.741146632603 532.386509486607 546.113722664969 558.385581970215 567.362054007394 581.099040440151 599.286713736398 610.857293265207 617.575287955148 607.356563023159 580.689533778599 582.293145315988 589.323828560965 602.293375287737 614.577193123954 638.933351789202 647.480344499861 650.054670061384 661.774374825614 681.031747000558 699.413635253906 724.566678728376 765.908724103655 790.631373814174 807.561074393136 790.459413800921 755.761956351144 730.14077104841 689.599672589983 646.895847865513
