Rscript/monthly_maps/SnowDepthMapFile-q75-1990-01.asc
ncols 320 
nrows 361 
xllcorner 618410.159 
yllcorner 5088785.286 
cellsize 100 
NODATA_value -9999 
[rows 275 to 299 of 361, columns 112 to 167 of 320]
144.877937316895 146.464553833008 174.199401855469 207.481010437012 241.793968200684 251.667556762695 254.605155944824 242.663162231445 241.733619689941 244.591896057129 255.723777770996 264.348937988281 251.692543029785 239.782699584961 184.254745483398 136.946769714355 103.758460998535 72.4776954650879 44.9665374755859 18.0318927764893 0 0 0 0 0 0 0 0 0 0 0 0 0 0 0 0 0 0 0 0 0 0 0 0 44.9204616546631 100.608432769775 146.987594604492 234.134323120117 349.795684814453 419.565765380859 428.398025512695 395.170364379883 372.352813720703 379.373565673828 400.659301757812 435.804962158203
116.560516357422 127.451507568359 139.433532714844 153.105514526367 169.037216186523 180.026359558105 194.626350402832 195.97940826416 198.349639892578 204.212020874023 209.891410827637 210.772262573242 203.605110168457 180.494194030762 146.470802307129 116.325359344482 80.6111068725586 44.8872718811035 17.5005121231079 0 0 0 0 0 0 0 0 0 0 0 0 0 0 0 0 0 0 0 0 0 0 0 0 0 28.6689910888672 80.3270721435547 108.057968139648 209.422943115234 379.412292480469 448.157135009766 497.278686523438 494.790115356445 476.875869750977 482.251129150391 488.552398681641 519.550750732422
90.6166763305664 115.884906768799 125.564559936523 131.817398071289 140.529121398926 144.990051269531 148.047271728516 150.854949951172 154.896873474121 160.004356384277 164.430526733398 181.67268371582 173.856643676758 154.08080291748 127.515090942383 90.9688682556152 48.7853660583496 20.3440256118774 0 0 0 0 0 0 0 0 0 0 0 0 0 0 0 0 0 0 0 0 0 0 0 0 0 0 13.4472098350525 41.6394901275635 84.5526390075684 145.691566467285 283.151504516602 409.995544433594 496.073913574219 537.476348876953 552.467651367188 573.511962890625 584.486968994141 595.995269775391
77.104549407959 94.3870010375977 116.729732513428 122.591987609863 127.430408477783 128.354721069336 130.209953308105 131.681159973145 132.222595214844 135.327285766602 141.642547607422 148.397842407227 150.93350982666 136.498176574707 103.934665679932 75.182071685791 28.967022895813 0 0 0 0 0 0 0 0 0 0 0 0 0 0 0 0 0 0 0 0 0 0 0 0 0 0 0 0 27.0668439865112 60.1845035552979 85.0994071960449 163.073608398438 315.418197631836 432.501113891602 518.54833984375 593.243133544922 634.356597900391 643.867401123047 674.099945068359
64.4831008911133 84.4637069702148 113.462795257568 114.286361694336 117.376140594482 118.686756134033 119.020648956299 119.141914367676 120.782848358154 123.728290557861 129.699157714844 137.576919555664 138.304191589355 125.072547912598 88.5514335632324 43.8803482055664 0 0 0 0 0 0 0 0 0 0 0 0 0 0 0 0 0 0 0 0 26.4732847213745 30.3794441223145 28.660041809082 0 0 0 0 0 0 25.4403429031372 58.3293628692627 75.685604095459 99.9166641235352 220.385238647461 363.738311767578 459.028442382812 553.240386962891 621.220550537109 675.221527099609 740.089447021484
42.7467975616455 69.1289901733398 90.7241744995117 92.239086151123 95.8332710266113 97.464412689209 101.366050720215 99.3873176574707 106.057441711426 114.799365997314 121.679592132568 126.58703994751 126.191036224365 102.388378143311 69.8594589233398 17.3151025772095 0 0 0 0 0 0 0 0 0 0 0 0 0 0 0 0 0 0 0 27.7359132766724 59.8355770111084 70.0978240966797 65.152717590332 39.5571479797363 29.8576688766479 0 0 0 19.6960906982422 40.3695220947266 74.0993576049805 94.740104675293 111.344532012939 165.386756896973 329.331558227539 423.430206298828 508.712219238281 591.046051025391 655.795135498047 741.212219238281
29.5868291854858 58.3657283782959 73.9110946655273 80.6920051574707 82.7467727661133 82.552375793457 80.8726043701172 81.790771484375 81.9384841918945 92.4251136779785 110.761192321777 117.71284866333 113.380226135254 82.1752815246582 34.5934715270996 0 0 0 0 0 0 0 0 0 0 0 0 0 0 0 0 0 0 0 22.2619190216064 56.965389251709 92.582649230957 100.177597045898 98.6028633117676 76.7166519165039 40.7863864898682 28.8941631317139 0 0 19.4693746566772 51.4220390319824 84.8451118469238 109.66947555542 142.06241607666 217.774337768555 356.147537231445 419.040466308594 484.003845214844 566.278686523438 632.849914550781 725.936218261719
18.0688104629517 38.0621070861816 67.2945556640625 68.6047630310059 67.8959465026855 65.5690727233887 64.5654182434082 65.4464721679688 68.7149200439453 78.3894653320312 87.7273826599121 94.6177215576172 83.2488250732422 52.9122619628906 14.642858505249 0 0 0 0 0 0 0 0 0 0 0 0 0 0 0 0 0 0 0 35.1588573455811 79.2961311340332 105.099720001221 123.977527618408 133.236213684082 98.344612121582 65.7455749511719 27.4020318984985 26.5098485946655 24.7075366973877 30.4122476577759 59.4161052703857 92.7673072814941 134.085929870605 183.726768493652 303.232360839844 405.86457824707 468.865966796875 511.556304931641 578.632507324219 631.464569091797 717.935638427734
14.4685282707214 24.4760990142822 39.2319355010986 46.7368030548096 41.5553245544434 34.288049697876 32.1781234741211 35.6308059692383 43.7526702880859 64.1955757141113 71.2888374328613 76.8250274658203 67.2343368530273 22.4356718063354 0 0 0 0 0 0 0 0 0 0 0 0 0 0 0 0 0 0 0 19.5859880447388 54.4026184082031 90.8737144470215 129.459831237793 157.035186767578 144.698417663574 124.135032653809 89.9748573303223 57.9321975708008 32.6519012451172 25.0223789215088 38.4058208465576 65.0509414672852 87.7814102172852 139.921295166016 222.07234954834 372.022735595703 452.813888549805 497.088531494141 553.879364013672 606.684478759766 652.036071777344 733.205657958984
0 19.8433389663696 21.4054021835327 19.8924531936646 16.5514659881592 13.84241771698 6.60625052452087 12.1904911994934 18.9656963348389 29.0178203582764 44.4890651702881 45.5746688842773 25.1671028137207 0 0 0 0 0 0 0 0 0 0 0 0 0 0 0 0 0 0 27.2892284393311 24.2043743133545 46.8013381958008 76.0704536437988 99.972469329834 134.98551940918 182.150520324707 189.003303527832 147.27271270752 110.686828613281 90.9036560058594 59.9299983978271 50.0139598846436 47.8930110931396 65.3903770446777 84.4742469787598 109.64115524292 211.101951599121 383.670883178711 469.379058837891 530.389801025391 595.017944335938 632.376892089844 694.798767089844 757.260070800781
0 0 10.4626922607422 0 0 0 0 0 0 0 11.1392779350281 11.1963391304016 0 0 0 0 0 0 0 0 0 0 0 0 0 0 0 0 0 0 31.6428623199463 54.9610061645508 64.1689872741699 80.2587280273438 91.6089019775391 112.777721405029 147.659690856934 209.109153747559 230.197219848633 197.787254333496 152.899421691895 103.581073760986 85.0272521972656 67.6130752563477 61.5177230834961 72.5290718078613 85.0867919921875 106.139114379883 185.330085754395 355.986511230469 439.885635375977 533.953521728516 612.78662109375 682.101348876953 747.196044921875 780.947937011719
0 0 0 0 0 0 0 0 0 0 0 0 0 0 0 0 0 0 0 0 0 0 0 0 0 0 0 0 0 28.5410451889038 71.5815238952637 93.8046989440918 96.5674934387207 101.395336151123 113.512805938721 142.11222076416 178.391807556152 269.558959960938 322.060729980469 266.963272094727 183.421676635742 139.554481506348 106.371829986572 92.4741134643555 84.3883781433105 86.9372787475586 94.2792854309082 105.662933349609 153.663665771484 320.423919677734 411.876068115234 503.433975219727 604.723999023438 711.892547607422 771.006195068359 819.929656982422
0 0 0 0 0 0 0 0 0 0 0 0 0 0 0 0 0 0 0 0 0 0 0 0 0 0 0 0 24.7299795150757 62.3415203094482 103.794124603271 126.236640930176 137.574630737305 139.592979431152 148.278457641602 170.157752990723 250.75659942627 356.653396606445 399.010604858398 365.974594116211 261.368469238281 168.111022949219 147.638534545898 119.022678375244 107.000564575195 105.197509765625 127.430446624756 127.145393371582 138.029937744141 286.067474365234 396.122680664062 468.545776367188 563.907684326172 680.650909423828 762.558776855469 849.903228759766
0 0 0 0 0 0 0 0 0 0 0 0 0 0 0 0 0 0 0 0 0 0 0 0 0 0 0 0 48.4199924468994 97.0303421020508 137.682106018066 154.967933654785 161.225570678711 167.015754699707 190.500480651855 260.112243652344 357.218612670898 431.457901000977 457.502227783203 443.770263671875 369.135284423828 271.16242980957 185.655090332031 160.361869812012 147.714958190918 139.095886230469 139.24471282959 144.164611816406 147.609344482422 253.894920349121 384.363815307617 442.541519165039 527.956573486328 636.276275634766 726.924285888672 808.930450439453
0 0 0 0 0 0 0 0 0 0 0 0 0 0 0 0 0 0 0 0 0 0 0 0 0 0 0 24.6840085983276 69.7871284484863 108.542121887207 148.128387451172 199.720642089844 224.869506835938 265.244430541992 322.706954956055 389.331878662109 438.399688720703 477.218658447266 498.818328857422 481.162475585938 451.202514648438 394.509368896484 322.824996948242 250.572898864746 203.030113220215 175.039093017578 154.506454467773 155.936141967773 185.95743560791 266.614303588867 376.775344848633 433.737197875977 494.867630004883 582.133148193359 690.902679443359 759.698608398438
0 0 0 0 0 0 0 0 0 0 0 0 0 0 0 0 0 0 0 0 0 0 0 0 0 0 13.3069095611572 40.7616310119629 86.6443138122559 111.856182098389 155.130439758301 229.010925292969 312.098739624023 371.224563598633 427.297760009766 464.36653137207 501.663497924805 534.607421875 549.587615966797 524.838348388672 496.758010864258 466.150268554688 430.730804443359 397.632476806641 368.905288696289 321.264495849609 268.758422851562 230.317687988281 252.337646484375 313.256362915039 398.189910888672 433.766998291016 485.089721679688 555.420349121094 666.260894775391 728.102355957031
0 0 0 0 0 0 0 0 0 0 0 0 0 0 0 0 0 0 0 0 0 0 0 0 0 0 17.0871210098267 31.5577936172485 72.5907821655273 91.1303558349609 126.486663818359 189.966842651367 295.545394897461 407.118789672852 464.922348022461 506.065170288086 568.71435546875 614.292236328125 617.103485107422 590.772613525391 544.919006347656 514.356262207031 491.59797668457 477.423751831055 455.656936645508 435.949691772461 406.087493896484 387.234603881836 370.938079833984 402.919723510742 437.53742980957 456.153457641602 491.839782714844 540.244506835938 645.754028320312 717.228332519531
0 0 0 0 0 0 0 0 0 0 0 0 0 0 0 0 0 0 0 0 0 0 0 0 0 0 0 20.6983709335327 46.7022724151611 72.2099647521973 96.2998580932617 128.44864654541 234.919609069824 370.883605957031 446.076110839844 519.6474609375 603.304626464844 678.265869140625 694.697296142578 656.975799560547 606.314392089844 571.257537841797 556.689392089844 535.646331787109 525.788543701172 502.567474365234 472.729232788086 448.093246459961 435.549209594727 459.01545715332 469.945556640625 486.308654785156 505.032455444336 541.494842529297 626.185882568359 708.468078613281
0 0 0 0 0 0 0 0 0 0 0 0 0 0 0 0 0 0 0 0 0 0 0 0 0 0 0 17.7598304748535 42.4358882904053 64.5001640319824 83.0019493103027 116.736728668213 161.71768951416 319.492401123047 417.095062255859 490.576461791992 573.879211425781 682.893829345703 762.930511474609 740.880096435547 675.986572265625 631.449401855469 608.734588623047 606.790069580078 605.476806640625 581.161743164062 559.639862060547 530.115997314453 505.570678710938 493.946212768555 503.418167114258 522.5830078125 527.463165283203 546.173461914062 608.583343505859 695.879577636719
0 0 0 0 24.7359704971313 24.1111879348755 6.94190001487732 0 0 0 0 0 0 0 0 0 0 0 0 0 0 0 0 0 0 0 26.0299472808838 33.174825668335 56.5939254760742 81.6734352111816 96.5740623474121 128.510986328125 139.332664489746 287.336975097656 402.20280456543 469.364547729492 545.326324462891 635.311157226562 754.198089599609 790.121398925781 763.388610839844 717.78955078125 687.128448486328 686.648864746094 690.711181640625 688.471649169922 674.848571777344 632.591857910156 575.106689453125 535.092681884766 533.909057617188 535.126800537109 554.983215332031 556.621826171875 600.938842773438 684.571380615234
0 0 0 0 18.4213666915894 26.3772029876709 25.926305770874 27.1108102798462 0 0 0 0 0 0 0 0 0 0 0 0 0 0 0 0 0 23.7761135101318 44.5082550048828 66.0703811645508 85.6485633850098 95.9505310058594 112.874931335449 132.776901245117 190.25634765625 330.076644897461 428.945175170898 484.265930175781 526.387023925781 606.130462646484 717.042816162109 796.167846679688 802.575531005859 764.743774414062 733.997100830078 724.16455078125 727.946533203125 741.814788818359 735.908264160156 719.476470947266 666.081359863281 594.671752929688 558.964630126953 557.743988037109 566.965270996094 574.089935302734 607.327972412109 683.2197265625
0 0 0 22.0133190155029 22.8360280990601 38.076904296875 41.8317089080811 19.6998767852783 0 0 0 0 0 0 0 0 0 0 0 0 0 0 0 25.1178522109985 43.2685451507568 69.3279418945312 100.736667633057 106.791488647461 117.221908569336 131.103309631348 155.56071472168 198.62378692627 297.760620117188 403.638046264648 461.29508972168 511.165557861328 552.510223388672 608.609710693359 696.010650634766 769.024932861328 798.493713378906 818.281280517578 806.950958251953 808.121795654297 819.245361328125 832.338592529297 805.753173828125 748.966491699219 718.197021484375 672.334594726562 613.422119140625 581.029724121094 582.529266357422 608.192169189453 640.701629638672 697.051788330078
0 0 0 22.979380607605 24.9505138397217 42.0374240875244 -9999 -9999 -9999 -9999 -9999 -9999 -9999 -9999 -9999 0 0 0 0 0 0 0 0 38.4926834106445 75.7411842346191 104.670864105225 127.327617645264 143.816963195801 158.437629699707 192.428581237793 242.942558288574 333.788162231445 416.528991699219 463.789901733398 504.147247314453 548.528442382812 584.119262695312 642.106719970703 713.420654296875 753.707000732422 809.3994140625 863.859558105469 899.112731933594 926.475494384766 945.310577392578 925.65966796875 862.869232177734 806.07470703125 754.127685546875 702.471099853516 673.204681396484 648.356567382812 637.487060546875 650.476287841797 695.409881591797 723.270050048828
-9999 -9999 -9999 -9999 -9999 -9999 -9999 -9999 -9999 -9999 -9999 -9999 -9999 -9999 -9999 -9999 0 0 0 0 0 0 21.8306903839111 55.5878505706787 96.7692565917969 118.185096740723 144.121673583984 169.97338104248 209.535041809082 263.766174316406 340.126998901367 421.216079711914 467.661590576172 490.00537109375 526.722564697266 562.172760009766 613.453796386719 681.612091064453 743.580169677734 766.996612548828 828.628448486328 890.889801025391 963.928192138672 1035.41918945312 1051.52471923828 1029.70953369141 952.821502685547 882.159942626953 828.87158203125 785.994262695312 731.7294921875 677.125244140625 685.031829833984 711.004974365234 755.797149658203 756.026397705078
-9999 -9999 -9999 -9999 -9999 -9999 -9999 -9999 -9999 -9999 -9999 -9999 -9999 -9999 -9999 -9999 -9999 0 0 0 0 0 0 36.7779369354248 77.1637306213379 91.7211608886719 117.45223236084 130.499137878418 152.942207336426 214.802131652832 304.3916015625 380.746246337891 426.143356323242 456.70866394043 507.249588012695 541.097564697266 603.002075195312 690.982879638672 746.938507080078 769.819213867188 809.248626708984 871.554626464844 946.094696044922 1023.44277954102 1090.96899414062 1072.32421875 1052.33740234375 999.270629882812 954.516998291016 921.758361816406 862.557708740234 778.867248535156 726.996978759766 732.535339355469 766.0693359375 783.713989257812
