Rscript/monthly_maps/SnowDepthMapFile-mean-1989-12.asc
ncols 320 
nrows 361 
xllcorner 618410.159 
yllcorner 5088785.286 
cellsize 100 
NODATA_value -9999 
[rows 138 to 160 of 361, columns 159 to 211 of 320]
272.737012801632 250.230140932145 221.439642137097 188.440807219475 130.665201248661 104.302382438414 71.6138784347042 35.4697929505379 2.45609463799384 2.22102063701999 1.94900566916312 1.7748699034414 1.47389548055587 1.81441053267448 1.67708435750777 1.42782415882234 1.40730833238171 1.78465251768789 1.79111944090935 1.32742910615859 1.40580895254689 1.35713068131478 1.41877655829153 1.65554189682007 1.84408204786239 1.99291972191103 1.76522857912125 1.89738274389698 1.99338630322487 2.2006339680764 2.32759021559069 2.0619460629119 28.7317260619133 58.0124104407526 88.0843281899729 105.363104789488 147.783551369944 214.685850820234 243.763451853106 282.122806179908 324.926697269563 355.204214280651 379.709474625126 410.718895204606 445.165642030777 486.385491155809 520.934363580519 553.282204904864 545.363519483997 483.149757631363 432.190556680003 359.720364970546 323.119921776556
267.165075486706 234.480382611675 187.579043972877 125.728160242881 91.0040881249212 73.2463602865896 39.1603589211741 27.5657045302853 2.34672710203355 2.51011515048242 1.90235405583535 1.745544310539 1.91362824747639 1.74433255195618 1.52720725920893 1.391437784318 1.39078211399817 1.3750025995316 1.38980300195755 1.39619699216658 1.40663510368716 1.36673252428732 1.44662532114214 1.67690762012236 1.82695372643009 1.50325782068314 1.77590499385711 1.92375433444977 2.02681607584799 1.79812743202333 1.95123936668519 2.17958400083045 30.3223792660621 54.2372277782809 77.5488155734155 88.9184796733241 118.857911386798 165.077555010396 224.221643755513 263.316042992377 310.216167819115 345.051087902438 371.059110579952 404.806349231351 437.117954377205 477.515286353327 522.498748779297 543.607263380481 526.425534156061 465.27182942052 402.051833122007 345.217006068076 314.558935842206
262.823262860698 218.313256048387 168.956154115738 111.515680866857 81.4277720297537 42.4523819954165 18.0411378798946 2.54335807984875 2.39531340522151 2.34968166966592 1.85822287682564 1.58924465410171 1.9021898008162 1.73956924100076 1.4711599503794 1.35355696370525 1.37158348098878 1.36797103574199 1.37906516751935 1.39139908744443 1.41766886557302 1.38537705713703 1.47836828231812 1.71457667504587 1.85926090517352 1.49742685979412 1.78552751387319 1.93278676079166 2.03061081132581 1.92307464922628 2.1223924621459 19.2616860482001 41.0577682987336 68.0310195184523 78.3479597030147 87.9018672820061 115.620034002489 159.252823368196 216.129307408487 246.191217237903 301.732261903824 343.425808322045 369.14800828503 400.924975979713 424.379679033833 466.086649740896 512.350280761719 530.530824722782 512.873928931452 454.161447832661 387.986192272555 337.29364948888 305.860601609753
276.943421886813 248.579174903131 177.969226467994 130.435542691138 84.1373962894563 32.6063138900265 5.92089857593659 2.66726937986189 2.53286343236123 2.27931189537048 1.85054714064444 1.56009461802821 1.87705593339859 1.72155864392557 1.44705748942591 1.4088635944551 1.36903625149881 1.36024074400625 1.37940751352618 1.38822912400769 1.42567579976974 1.41477793647397 1.5278616451448 1.76507428769142 1.90332010869057 1.52704359254529 1.80845145640835 1.94172808816356 2.04859603989509 2.02923700117296 1.9412709436109 37.0389344615321 55.7444685659101 93.3413430490801 104.715425060641 127.638921676144 146.724855484501 171.894316642515 211.307611773091 244.896014798072 302.112372613722 344.830405450636 369.075468494046 396.674975487494 413.761561239919 453.759162164504 500.021271736391 517.838601389239 506.302853491998 448.569952195691 381.502087993007 331.350289129442 298.035049930696
298.945971581244 264.457954160629 208.799825852917 145.41189230642 104.27651042323 61.4869723166189 20.5827654869326 2.41424695138008 2.41743166600504 2.29873516098146 1.85029553597973 1.5572245928549 1.85389693706266 1.73636201889284 1.4653262899768 1.42539654624078 1.36791681474255 1.35543862850435 1.37151783512485 1.38124218294697 1.42785513785578 1.44662345609357 1.68761314499763 1.78375765969676 2.00026530219663 1.71496177488758 1.84894295277134 1.95477227241762 2.08837394175991 2.15867933534807 2.04286400348909 30.4260500015751 67.1718137187342 105.218935566564 133.416223833638 150.490264400359 172.515947403446 194.77048812374 231.241315780147 261.848015077652 310.365648331181 348.371733142484 381.149600613502 391.09065738801 413.479862828408 444.638316492881 475.730041996125 505.83488710465 500.610428348664 441.867274130544 374.844835835118 326.224241687405 292.595759730185
316.849605929467 285.453851023028 239.016980078913 172.102660148374 120.920589077857 74.4927274642452 35.9427583755985 2.20132229020519 1.70128771566576 1.97823918250299 1.84438916175596 1.54165445604632 1.84887271542703 1.7570378780365 1.49792820407498 1.45182610327198 1.37014979316342 1.35917923911925 1.36923152785147 1.38350164121197 1.36567944095981 1.47826878486141 1.74019688560117 1.87114715191626 1.50112665084101 1.78506833122623 1.89838368661942 1.99869505051644 2.1593718682566 2.30560810335221 2.05684253861827 39.6878632576235 89.4186167563162 119.189469860446 157.643621137065 183.660690799836 208.84788316296 239.819955641224 268.169750090568 285.010624547158 325.14643023091 363.023812078661 390.483057329732 398.090893653131 419.738456972184 440.218842537172 464.793192217427 472.849259899509 469.551143523185 432.524464268838 368.1994751961 321.87540952621 286.322138140278
310.763294343025 278.572943902785 258.326396819084 196.819906419323 135.70042714765 99.2534593151462 46.887035862092 2.15685186078472 1.71331617140001 1.98704929505625 1.82420644452495 1.53654466521355 1.8683787468941 1.76302387252931 1.51595111431614 1.52375014751188 1.39268613630725 1.36133557365787 1.35671971305724 1.38723386487653 1.3820525523155 1.52554827351724 1.79226741098589 1.95718459544643 1.55781506338427 1.81589715326986 1.94072824139749 2.04069107194101 2.27715770275362 2.01872004616645 22.1378075384325 49.4442361400973 95.2639627764302 127.629040379678 186.207446190619 224.259293586977 260.817683066091 281.538113009545 296.222460346837 319.872279505576 352.933478570754 378.865046347341 391.750489265688 412.196206369708 430.084221624559 441.066035609092 447.534735894972 448.365286550214 440.749995570029 411.316335862683 359.70725324077 316.46600292575 278.512990151682
295.290847286101 270.52064120385 228.701460807554 166.403233681956 116.718253597136 94.3983395484186 45.7452489791378 2.20415712171985 2.16108457119234 1.90706661439711 1.7889294585874 1.48020805851106 1.87558766334288 1.74298742509657 1.50969900238898 1.47442889982654 1.39990448951721 1.36809678231516 1.36192015678652 1.39025315930766 1.40875013028422 1.66435246698318 1.79837475668999 1.98972693566353 1.72508371645404 1.85538933354039 1.96942904303151 2.06311778483852 2.00841031920525 2.30798039897796 36.9695594541488 59.6563928665653 103.332941855154 138.58241591915 199.716106783959 258.110968805129 288.300199939359 310.611240017799 332.216138285975 358.240179738691 380.106487151115 397.637733705582 406.992070351878 423.342706987935 433.352981567383 431.976928218719 422.223914853988 414.240005000945 401.071849699943 382.943386939264 347.540872881489 309.783250378024 266.536217474168
273.846140215474 251.440245597593 200.401390321793 134.548094472578 109.577256479571 85.9815065937658 38.9212866752378 2.49324705139283 2.38707953114663 1.85495490412558 1.60833754462581 1.90603526561491 1.78012840209469 1.73187005519867 1.54973748806984 1.45381029575102 1.39526436405797 1.36891199696449 1.3757934224221 1.4198700727955 1.45464916767613 1.72275185969568 1.84030277498307 2.03995538911512 1.76264282195799 1.87514816561053 1.97875120947438 2.13530173224788 2.24783527466559 1.98661681144468 41.5416964869345 85.9801652969853 120.870609898721 164.781070832283 228.178358508695 276.567055979083 311.576374669229 342.049809117471 368.521794472971 388.783535865045 401.025935019216 408.983751850743 421.467775406376 431.523653091923 428.613355575069 416.510701333323 400.782283167685 384.804601361675 364.524893976027 352.008303734564 332.240339709866 299.688028643208 256.529520834646
258.193659628591 228.623370755103 168.80385392712 116.694417153635 97.1239365608461 54.052681092293 30.6537096577306 2.60041621808083 2.25219858846357 1.78658975708869 1.50356867621022 1.8474121978206 1.75204599672748 1.64909625437952 1.47967076301575 1.49176896387531 1.37925861727807 1.35129858986024 1.39164430864396 1.38112253527487 1.51056912637526 1.77492315923014 1.92924554117264 1.50574013879222 1.79883284338059 1.90255418131428 2.00700877174254 2.20600540022696 2.06102339298494 37.8211121712961 59.5437537162535 105.263986649052 140.041847475113 198.808028190367 259.832981724893 292.665568690146 339.638396724578 375.318291940997 395.000433644941 407.093759352161 413.530126264018 425.490777784778 434.386228007655 431.942958708732 421.679802679246 405.187202207504 385.233831590222 367.610099054152 346.018773724956 336.26940770303 313.752017605689 279.663936984154 234.282541582661
239.406785042055 194.169422272713 145.608476208102 108.19422248102 86.5806414696478 42.6628013118621 2.64339319736727 2.12990690046741 2.12236502862746 1.59469473746515 1.96106995305707 1.80482590583063 1.69795262429022 1.48724439836317 1.41092986829819 1.44168246176935 1.4336333505569 1.36167129778093 1.41066078601345 1.42542402590475 1.66970484487472 1.77276571335331 1.94645160628903 1.53879156804854 1.80778253463007 1.92886377150013 2.02251948464301 1.96324184248524 2.06606757256293 28.9212075510333 77.8539620676348 120.03444597798 166.877353791268 231.644246255198 274.328838225334 317.618862029045 368.960835118448 398.484128890499 412.707694268996 419.923372822423 432.020927675309 443.364526564075 449.519243794103 442.862656131867 416.536292291457 403.497835220829 382.809492541898 362.133477487872 334.324255666425 316.977569580078 283.936208417339 243.139720301474 217.288905974357
215.015307026525 157.675804876512 104.788249354209 92.0472175844254 59.1762319995511 25.2028856585103 2.17404978890573 2.29474228428256 1.79347638930044 1.53394240333188 1.85445313299856 1.76046184570559 1.54888615300578 1.41873084729718 1.42311270390787 1.81756664476087 1.34296248420592 1.3875945345048 1.45758919177517 1.4902452768818 1.73074096248996 1.82878354672463 1.98994856496011 1.70400179586103 1.83431101229883 1.94599378108978 2.08130298122283 2.16306290318889 1.97474510438981 46.7826511013892 95.9748916625977 124.49079156691 186.585035262569 249.563691169985 284.015642719884 341.978038172568 386.766902800529 411.740125102382 425.875039869739 444.894581456338 457.172818091608 462.235963882939 456.730812318863 444.252114572833 428.588511313162 415.286667854555 389.824450092931 359.860274284117 325.689281832787 290.658082531345 248.868087276336 220.37324400871 186.622150544197
182.143011277722 139.978709559287 97.5031472482989 77.4059716501544 39.8783192788401 12.0831547167993 2.29263364884161 2.19884583642406 1.74054401151596 1.9839416434688 1.78926674396761 1.71404271741067 1.48010781503493 1.37460856283865 1.81209987209689 1.8096171809781 1.34766895155753 1.40511681572084 1.41996951257029 1.65330242726111 1.79600600657925 1.86950578612666 2.01954637035247 1.750852227211 1.88093602657318 1.98734192309841 2.16183310170327 1.8988266875667 22.9612688864431 52.4422027834 99.2635879516602 127.539348971459 195.359899705456 250.524516444052 280.948863367881 344.765953310074 390.581717214277 421.329013947518 451.85831968246 476.647393995716 482.564212922127 479.819323139806 470.71925797001 453.135620117188 434.810791015625 413.852382044638 394.762953727476 368.61391768917 317.226407943233 270.424421248897 226.867516794512 199.296726595971 154.709024244739
153.884892371393 106.15321177821 86.1647811397429 47.5110036788448 25.2903583280502 2.21595967200495 2.39934142943352 1.85998713970184 1.55720100864287 1.92255641952638 1.73922351483376 1.64821100619531 1.44507451980345 1.44460597730452 1.81012296676636 1.80479861074878 1.36770495291679 1.44081080344415 1.46628437503692 1.70786925285093 1.80312507767831 1.93655950407828 1.55095692603819 1.82451206253421 1.93369359354819 2.05722383145363 2.2658161271003 2.03783820521447 34.1028055375622 52.5003900835591 102.012135167276 126.132055467175 192.609699864541 240.441862044796 273.477391889018 337.701821604083 381.683649862966 424.767497401084 472.217986076109 500.98767483619 504.870234335622 499.933183239352 485.688778784967 470.674832251764 444.528477822581 417.244068268807 397.09977722168 368.988616943359 309.063497235698 251.912109375 215.589237828409 168.383926145492 133.855535445675
140.964244227256 106.905359575825 80.1619740147744 37.2435722966348 2.51221531821835 2.25832699960278 2.25168717292047 1.76913932061964 2.01996674845296 1.82167422002362 1.70039504381918 1.52072097216883 1.48738034117606 1.36238872235821 1.81119175880186 1.34633653394638 1.38801907339404 1.47332462572282 1.52311927272427 1.76336878345859 1.84646858707551 1.99028192797015 1.75060039950955 1.88385378160784 2.00658140259404 2.13092794341426 2.03006574415391 2.22103244643058 34.5425575625512 53.0012678330944 94.4271843202652 123.89937960717 189.085886801443 241.97333206669 272.251728673135 335.17828664472 376.990386470672 428.548346242597 477.475108485068 516.059011151714 524.456186602193 516.691508631552 502.170707456527 481.124696793095 449.238058274792 418.320898240612 397.434374901556 357.657957999937 304.478202081496 245.970591391287 203.338909026115 155.063796504851 127.353556971396
106.117371343797 92.0774750248078 55.2646128746771 33.1216086110761 2.23546878368624 2.40186766270668 1.85838250190981 1.55936146551563 1.94678529231779 1.77308573838203 1.54263345464583 1.48366112478318 1.46741714785176 1.34764513084965 1.80026081492824 1.35058626436418 1.41609880616588 1.43890223195476 1.67244137487104 1.81985852410716 1.88701997649285 1.52820326051404 1.82552617211496 1.95320870030311 2.07491003697918 1.71308539759728 2.00274409401801 2.00839260316664 34.577609339068 64.2692339497228 97.8297842702558 124.308455190351 183.577489791378 245.290982154108 276.809357181672 344.291563464749 381.241460492534 430.971938594695 482.401089575983 528.11828711725 537.959465765184 533.418597805885 514.000141759073 485.3798828125 439.249922721617 400.084891042402 384.72734660487 346.336707330519 291.084769464308 237.249565370621 176.04726459134 125.540314459032 126.406278056483
83.595346020114 71.4382490342663 40.652222418016 17.9343610578968 2.42629865677126 2.31798189301645 1.7856958604628 2.03086877253748 1.83579162243874 1.71453485950347 1.49763423781241 1.45974142897514 1.38219044669982 1.81148736130807 1.79582778869137 1.35774203269712 1.43379814778605 1.47755581717337 1.71478246104333 1.81043563735101 1.95593485140031 1.70973077897103 1.86756597411248 1.99886280875052 2.1164387695251 2.09505856806232 1.93615018167803 30.9869841298749 58.429501564272 90.5215183381111 106.057218982327 124.597161323793 186.73299407959 250.491922686177 292.611696304814 359.25823679278 387.409920969317 436.912428825132 485.857292913621 536.726075203188 561.217674009262 559.491281817036 520.115814208984 475.455984792402 426.749588012695 395.936539680727 362.601091446415 324.047970187279 265.118556853264 227.158613635648 162.02460135183 121.16695748606 100.011393885459
47.8716846589119 31.5332836643342 22.7301824938866 2.36944478942502 2.14081528109889 2.23919313953769 1.73904217058612 1.93619518895303 1.7893232395572 1.66800411285893 1.530697507243 1.50647000920388 1.37001865717673 1.80205492050417 1.79867898841058 1.35962430700179 1.44096958252691 1.50342915904137 1.75064459539229 1.86272098172096 1.99541517996019 1.76124975758214 1.90194967869789 2.0136204957962 2.19074897227749 1.8044845942528 40.0604683660692 65.1902623330393 106.281916956748 110.592479090537 127.949278554609 147.436798341813 204.452163696289 256.343353763703 305.951328400643 367.360162550403 396.099458263766 441.217663672663 490.610103484123 548.4613519484 585.759556924143 585.609327746976 526.417307207661 469.271671418221 423.5213263727 384.895704207882 357.244548674553 303.744505851499 248.599187051096 219.543474258915 147.078169791929 109.552186043032 94.6734414869739
15.8988685915547 2.52913955334694 3.75063209379873 2.37070996530594 2.42004453751349 1.87703879802458 1.53216086087688 1.85669354469545 1.69378967823521 1.5068436091946 1.48803190838906 1.47957224422886 1.3545821962818 1.7987581472243 1.79322138140278 1.36188019475629 1.44868804947022 1.52147578039477 1.77385072169765 1.90270891881758 1.53196931654407 1.8330086008195 1.95609791048111 2.03958027978097 1.99629986670709 2.03081267495309 64.75739079137 97.7085812476374 123.270222571588 149.24187690981 164.281004382718 196.664958338584 239.768709244267 267.739847490864 318.349243656281 370.395011655746 397.641558739447 442.207258655179 490.480160620905 561.231115525769 596.515874062815 604.194754323652 540.48138624622 470.458244077621 425.504209456905 388.560681743007 364.734757454165 298.346764349168 244.926254272461 217.748563704952 138.644147319178 110.584239590553 94.4793661794355
2.6371181395746 2.39480656193149 2.13589495228183 2.4277221733524 1.96787395784932 1.75338399794794 1.96508103993631 1.74865230244975 1.6619169673612 1.51947503128359 1.51431176547081 1.45521165286341 1.81347917164526 1.79152354501909 1.80301658761117 1.36435659085551 1.39693221738262 1.64971559278427 1.78189463769236 1.89278683739324 1.68672475122636 1.86662310554135 2.00354310774034 2.1573790350268 2.02716879690847 30.5293673238447 70.5075741429483 116.591904670961 154.075843072707 177.374708114132 207.523549725932 242.162981094853 271.772466844128 297.867351408928 340.679076163999 379.32424828314 402.639541133758 448.00438960906 496.775862170804 562.685245636971 609.152722758632 615.036079652848 557.375952935988 480.508135395665 436.916071737966 391.91568534605 366.444169075258 312.908076132497 257.959293980752 225.686668642106 151.050325947423 110.489518442462 97.7317797753119
2.71545971593549 2.1231122978272 2.05476859308058 1.95214406136544 1.79616754670297 2.07380952181355 1.86759138876392 1.71268678096033 1.52054891086394 1.50411183795621 1.49668707193867 1.44441196610851 1.80737569062941 1.78315994431896 1.80675591384211 1.3996725178534 1.44675696472968 1.69255093605288 1.80686666504029 1.95734386674819 1.72175028631764 1.89909340873841 2.04379111336124 2.07298851782276 1.8959294403753 59.6458153263215 102.302165369834 130.447219848633 176.580284364762 228.202040641539 264.447741108556 283.170872842112 305.023399599137 334.618815760459 375.904401717647 395.102970738565 417.576823572959 457.81852722168 506.731174592049 574.946221136278 615.840914818548 624.493758663054 564.010437011719 488.699107508506 440.650575207126 394.647495885049 368.654751193139 316.965545654297 261.256250689107 230.735449021862 153.447952024398 116.582864084551 98.3479862828408
2.56737891704805 2.09242844197058 1.93928090218575 1.82440127864961 2.16514535873167 1.96314018964767 1.78212563068636 1.71894793548892 1.5934167215901 1.52217787696469 1.5108946600268 1.44718134595502 1.80790601238128 1.78713804675687 1.35985393870261 1.45028320627828 1.57907819747925 1.78534578315673 1.89337591586574 2.00034261903455 1.75587079986449 1.89758090819082 2.13395101408805 1.87559558499244 38.1291468220372 85.0187124436901 120.005664948494 158.718650079543 212.304669287897 265.049532490392 295.064391597625 314.271999728295 342.788413755355 377.022639120779 400.689267066217 414.800144318611 440.230933896957 475.857822541268 525.287817185925 593.319022886215 624.991497408959 630.752231720955 564.413546654486 489.744038243448 430.562129359092 384.137606220861 364.564709078881 319.902305849137 267.020268101846 236.451303297474 162.069547591671 119.081917055192 100.590310619723
2.58607292559839 2.09988913997527 1.930555878147 1.77297084946786 2.07064331923762 1.92725462105966 1.82783534834462 1.75058872276737 1.67153904707201 1.56067633628845 1.54094221322767 1.45555246453131 1.35861295461655 1.81564561205526 1.39040464931919 1.43233762441143 1.7081840634346 1.81709879252218 1.91019375862614 1.55044474524836 1.80380137889616 1.93492787115036 2.04408569489756 39.2854952658376 72.1073972640499 112.10596195344 143.195099861391 200.743120255009 252.134374803112 288.19763577369 315.696291031376 347.950769732075 385.721619636782 408.587201518397 422.131212788243 437.521560176726 467.296193768901 502.140872093939 551.931661298198 612.373437696888 651.770704700101 640.744600357548 558.693202849357 481.786563996346 423.895543744487 391.635171705677 374.211945564516 332.906975530809 279.253993864982 239.734328731414 174.343383789062 125.807062456685 101.30485017838
