Rscript/monthly_maps/SnowDepthMapFile-sd-1989-10.asc
ncols 320 
nrows 361 
xllcorner 618410.159 
yllcorner 5088785.286 
cellsize 100 
NODATA_value -9999 
[rows 168 to 195 of 361, columns 189 to 251 of 320]
16.5590197102634 21.5364166764543 25.5030140204734 27.5579864364991 30.4612692675072 34.0176750072817 36.5420555205753 40.2014629006169 40.6710793940834 37.9879448868479 32.4569038223329 27.9616564771835 24.4857697285766 20.6681481651969 15.9392015061401 13.6518056610688 12.4822666328638 9.00537410672768 5.768657645277 4.16760433442754 1.51985635897894 0 0 0 0 0 0 0 0 0 0 0 0 1.50590519869101 3.34877656577844 5.92627543909209 10.7630909722525 12.7136776413647 18.2623765537782 22.5363862680067 26.5648545963264 29.9808389846464 33.9937297856965 36.7249630029938 39.6358948829715 41.6325933916243 44.4887063772019 47.4255897060251 48.566364738734 49.5297460199243 49.190190981034 -9999 -9999 -9999 -9999 -9999 -9999 -9999 -9999 -9999 -9999 -9999 -9999
14.8606988695191 18.5914092415376 22.5102030176972 25.6794101987819 28.2420105526378 31.6909797161409 35.6779038126166 40.3859094394165 40.1451641059429 37.049536762425 31.6872271284214 27.3684464043691 23.7539811357426 19.74564541188 14.6355246671246 13.2650572857757 9.5292340949234 5.92515592056979 4.39622591192733 2.55849223732409 0 0 0 0 0 0 0 0 0 0 0 0 0 2.20303448682374 4.16169705860175 9.15767121450345 12.088696899878 16.0448727934852 21.2944171874528 24.7411314403368 27.2768381829447 29.6686684691062 32.3391977796832 34.9816110691473 37.8095775381059 40.2270191975372 42.1433244360485 45.9065530787898 50.4131548465895 53.7557258951587 51.8573074482011 -9999 -9999 -9999 -9999 -9999 -9999 -9999 -9999 -9999 -9999 -9999 -9999
14.0097574589648 15.2445731494538 19.3512634919279 22.9321561834358 26.032583015901 29.3285371906927 34.8036890427657 40.0220792312963 40.2470595610522 37.6256865495723 32.4091616623142 28.5246830501046 24.5073216412718 19.9425270024177 15.4317076750587 13.4281586560987 7.97557807407069 5.21417087787386 3.35995736306457 1.661319240164 0 0 0 0 0 0 0 0 0 0 0 0 1.89083338360928 4.53624451829903 10.1791825053312 12.8910903605241 18.2638536947038 22.4442084910889 25.7133267597803 27.5599300245037 28.8509435589878 29.3836822256683 30.1584804949042 32.3232284832495 35.2789076423722 38.3989973822275 41.2759880371541 44.7824436265761 49.8846557035504 52.215260174658 -9999 -9999 -9999 -9999 -9999 -9999 -9999 -9999 -9999 -9999 -9999 -9999 -9999
12.4133145543646 14.3376275147842 16.6755611025714 21.3272827818319 24.4893656068089 28.12190155131 33.3148181881721 38.9639734503526 41.424321200605 38.9624544848185 33.5408216122715 29.6008048535249 25.3037944465627 21.4019451339434 15.8892119389052 14.421870601453 9.94840062213871 5.66148087526243 3.56398755833552 1.48024551214399 0 0 0 0 0 0 0 0 0 0 0 2.04457568383721 6.0472820269132 11.4699418606436 15.9459363057266 22.0533294229882 25.8373135605352 27.5481473436016 28.7815164909346 27.1194596569182 28.0833844617245 27.5299913189579 28.0298997057933 29.9172591793237 33.8281693607012 37.41258784503 40.9474634043124 43.3889498525767 47.9992234540243 52.337648918939 54.0253964140878 -9999 -9999 -9999 -9999 -9999 -9999 -9999 -9999 -9999 -9999 -9999 -9999
10.3961874572346 13.935059300185 15.2297759739971 20.2723404483172 24.0760320949396 27.2204259005286 32.0907212319142 38.3201580981854 41.322219736995 40.1404812596216 35.0789636968719 31.0381669739023 26.983212282575 23.5236990609076 18.5675702285853 15.2436197459319 12.9927120246845 7.108754256389 4.47983044524668 1.59805085672194 0 0 0 0 0 0 0 0 0 0 1.50038673973267 4.75740560792281 11.4047967861732 15.2529178686652 18.9673094502212 20.9471403005526 21.6954354574903 25.3003448349564 24.9704771516491 24.7340580139546 24.9095905647645 25.5568376259347 26.6077517315514 28.6388075011325 32.534738124624 36.7061684563229 39.6346815649625 42.2299660955784 46.0534395769905 50.1680187932778 53.1195668824397 -9999 -9999 -9999 -9999 -9999 -9999 -9999 -9999 -9999 -9999 -9999 -9999
10.0767681492204 14.3176155456191 15.6258981581286 20.7002833181962 23.8192340896098 27.1914992855995 31.5982321439761 37.367743568158 40.4269267293661 41.3975847582728 36.3619184544501 31.7466921127705 28.0317126914417 24.3661644940432 20.0747618137576 15.9017677890717 14.6930320616803 9.16442133692392 5.39572368993715 3.0982195506959 0 0 0 0 0 0 0 0 0 0 1.56556614951399 4.62620920488801 11.8341014321813 13.4405118010388 14.1962337326802 15.2093905627453 16.0871194599917 17.0735745031589 18.2649096389619 19.9963692078879 21.8923472838293 23.7588366041627 25.5193239141593 27.8044749883106 31.6674980425349 35.9521102917896 38.36098182569 40.9958796081299 44.8092477671243 49.6795792449679 52.3680411415888 -9999 -9999 -9999 -9999 -9999 -9999 -9999 -9999 -9999 -9999 -9999 -9999
11.6921875717563 14.8956075427951 17.2608139233235 21.9944661970834 25.2999715667869 27.9542714519852 31.9053976916336 37.1302164641466 39.6730417620121 40.7708100045311 36.1961845364916 31.2721889940718 26.9985559941209 23.1723541022502 18.3803354637885 14.7531107821519 13.4636256717434 8.60849451347189 5.56083999689018 3.22587378068276 0 0 0 0 0 0 0 0 0 0 0 2.41195418266658 5.06340551031389 7.74002904750171 8.74480582809071 9.3358335019256 10.0779447907829 11.3270253150021 13.0068265163638 16.4139895671692 19.6620218046295 22.3268260854844 24.6558709234797 27.6251585695461 31.0399103116384 35.2896555209833 38.2139009610039 39.6917000659472 43.7568533809884 48.9798305419023 52.0220672665228 -9999 -9999 -9999 -9999 -9999 -9999 -9999 -9999 -9999 -9999 -9999 -9999
14.9687812114796 16.2854921691266 20.6311686951208 24.6703535222864 27.0674552062625 28.9465133694423 32.7987855260737 36.9975504734694 38.6694591211562 38.1019583357673 34.6250142690869 30.026777510943 25.23580026058 21.4458081209601 16.0213753251822 13.9824803025272 10.8690152423944 6.57130035514246 4.73442533206191 2.36204225811872 0 0 0 0 0 0 0 0 0 0 0 0 2.0173644980896 2.1434882969264 3.24983380653565 4.62406814284259 7.81963476206008 11.6591523406059 12.3593145715897 14.2391711885723 18.7407351608465 21.9287248859664 24.5359866621979 27.2946762846685 30.2027734951525 35.1441866144229 38.5894726146685 40.2406269399553 43.4614234740224 49.2235175669243 52.2410627491703 -9999 -9999 -9999 -9999 -9999 -9999 -9999 -9999 -9999 -9999 -9999 -9999
16.3834300307986 20.3510088095916 24.5275336200243 26.5959451858713 28.0801225934411 29.6709302546999 32.5324108080956 35.9943841985088 36.7125718481744 35.6715161934964 31.6143080765661 27.6823661495385 24.074859985207 19.3513754205506 14.4562640772214 12.7424199373474 8.0666913976258 5.19330734159354 3.33248907858654 1.49014064449309 0 0 0 0 0 0 0 0 0 0 0 0 0 0 1.92537882021471 3.72263683020162 6.23029665758328 11.3340557307583 13.7014959514076 15.478118913519 20.150923729853 23.238718417607 25.5276653937107 27.711965857181 31.4346486395536 35.2671602304571 39.2599677303366 40.7787460447676 43.8310069566557 49.667958764079 52.6409819017624 -9999 -9999 -9999 -9999 -9999 -9999 -9999 -9999 -9999 -9999 -9999 -9999
20.6598207375713 24.537180877535 26.9590625770538 27.3867189095056 28.1924700722098 28.8173774632871 30.9298465358919 33.7250011412292 35.2996439388459 33.7060737593699 29.4816578424981 25.611728384897 22.0172829365378 17.0708149769855 13.6068268831531 10.590286080148 6.01127320430564 4.03622979503056 1.71922520524959 0 0 0 0 0 0 0 0 0 0 0 0 0 0 0 1.69312257578661 4.49039358895395 8.01133689335849 12.9345947394973 14.7458731226521 18.0946410343566 21.9782282419591 24.5020354029349 26.3337022638141 28.6735635962402 32.1948373786663 36.4484532320247 38.9593124398731 41.0118414683072 44.2289026848894 49.6132249925738 52.7088376513777 -9999 -9999 -9999 -9999 -9999 -9999 -9999 -9999 -9999 -9999 -9999 -9999
24.8814589618871 27.3528838290234 27.0875545884436 27.0580636879613 26.6738566137176 27.180673590577 28.929400003027 31.8619465547689 33.2261211848764 32.8741118279544 29.0582249637059 24.8398159799536 20.3760258546546 14.9440776915899 13.1114772090173 8.46180675575617 5.2138320762158 3.21919195425143 1.81299361702598 0 0 0 0 0 0 0 0 0 0 0 0 0 0 0 3.02814002067497 5.59760391634458 10.6981192887081 14.0820740353778 15.1596733407389 18.7539294799074 21.9297966152774 24.8638864257994 26.9676446353404 28.5970485750477 32.0668862826587 36.6361491608171 38.288980657026 40.0274322812238 43.3608578675772 48.740565522255 52.0949827946364 -9999 -9999 -9999 -9999 -9999 -9999 -9999 -9999 -9999 -9999 -9999 -9999
27.5630621921389 27.0175856832827 26.2172170215818 25.2471868892998 25.327522127281 26.2028207071457 27.6297215354609 30.0232222129847 31.822021079258 33.0806124441055 29.4881789753549 25.8123084228378 19.6177149546691 15.0195522312881 13.4111984908023 7.75768579030742 5.22059029574091 3.04238681881013 0 0 0 0 0 0 0 0 0 0 0 0 0 0 0 0 3.16922299181068 5.44218199576327 10.432833532634 13.657601746777 14.3171366621953 17.1363801500558 20.6213207376658 23.1313204221975 25.7050370749101 28.0671727019965 30.8360085203794 33.879677447451 36.2643244096311 38.6827876037492 41.8940832339552 47.1306225559612 51.300834253397 -9999 -9999 -9999 -9999 -9999 -9999 -9999 -9999 -9999 -9999 -9999 -9999
27.8437509242733 26.0423683873689 23.6451582618724 22.5620686882818 23.7606977405827 25.3378235272707 26.75027368543 28.7427177414788 31.1200924391642 32.700018552664 32.0640474466476 27.3471554710043 22.2414568623067 16.2409211065248 14.6142856900585 9.71873848246335 5.78579162275917 3.80449939544082 1.71298649301917 0 0 0 0 0 0 0 0 0 0 0 0 0 0 0 1.84969827188296 4.20501708132418 6.53921114491554 10.9864621623694 13.0099795589226 14.1253286000553 17.7961199313786 20.7577071500484 23.2088354726116 25.8933703615367 27.6263444388864 29.8815736335611 33.2783862284832 36.0709614463828 39.4636651633921 44.0484211748763 49.3977611026587 -9999 -9999 -9999 -9999 -9999 -9999 -9999 -9999 -9999 -9999 -9999 -9999
26.6134807076442 23.6963204926384 21.3132880720227 20.539547654768 21.9638474079756 24.2611744347414 25.9672202962384 27.7457663491298 30.2820081781377 32.3798052350187 33.6266433918781 29.7333274191412 24.9304700896528 19.9092468572771 16.0427046647365 13.9978465427886 8.25448584296208 5.20426135758782 2.84258804728077 0 0 0 0 0 0 0 0 0 0 0 0 0 0 0 0 2.53049571001822 4.38750922012803 6.9926031287928 11.3945705127011 12.8465106707498 13.9040511444424 17.7917032906196 20.4768289059095 22.7065264309109 24.8361294904798 27.4530228661674 30.6984221962034 34.3326135660471 37.5750041548702 42.5353357849734 49.2367272386319 52.7002459679374 -9999 -9999 -9999 -9999 -9999 -9999 -9999 -9999 -9999 -9999 -9999
25.6383505664919 21.7967127433751 19.5456776284007 18.7734560604154 20.5770082199544 22.9562963866258 25.4035138711776 27.2837742471892 29.7387359184071 32.2207727339467 32.6749950992489 29.7823730633668 26.7978686753043 22.704263745312 18.0787069392127 16.0104556137279 12.5196593366117 6.74909378129494 4.10546591789057 2.04005547364693 0 0 0 0 0 0 0 0 0 0 0 0 0 0 0 2.1088005225162 3.69091793806607 5.40845838441336 9.47645092053015 12.8854389470047 13.5467208615234 15.4932210920101 18.9163889436785 20.9917466315934 22.8575930015081 25.1894245811648 28.973754299328 33.0810153885135 36.3761742816188 41.0135944347491 47.4455397464853 52.5579417657129 -9999 -9999 -9999 -9999 -9999 -9999 -9999 -9999 -9999 -9999 -9999
23.8312862475553 20.4332326401915 18.2859336101071 18.0839730463423 19.4935565281058 22.4204759239682 25.4060155838462 27.4709840001411 30.2551629939061 31.9850039477971 32.0295566138477 28.8814320098465 25.3910719954565 21.6089302526008 17.0041074198452 15.216388463426 12.9959722328839 7.44625546581478 4.64587477413268 1.85960539417951 0 0 0 0 0 0 0 0 0 0 0 0 0 0 0 2.36397486636339 4.49235240379806 6.25025478154583 9.45981895343963 13.136666045522 14.4464371175141 15.2446879314774 17.944195845347 20.429434003833 22.0660700915624 24.0082452542958 28.0393268228958 32.7210556110144 35.5225294281471 40.8041075935134 47.2311802180535 51.7681468370027 -9999 -9999 -9999 -9999 -9999 -9999 -9999 -9999 -9999 -9999 -9999
22.0015287536046 18.7136162850919 17.7027206977461 17.6857562213484 19.1757247014568 22.5308764996063 25.6632774204768 28.0572380457282 30.9842180647698 31.9245567769822 30.7617002941287 26.6939106615741 21.6682764662048 17.3745128778882 14.9901409011844 14.2023430766768 10.7705902749281 6.54762877316833 4.24749472459546 1.73439420162895 0 0 0 0 0 0 0 0 0 0 0 0 0 0 1.89088408395852 4.26940344172387 6.0015346264133 8.91813027400184 12.6091374054698 14.4032899365037 15.034862669866 18.2969652681569 21.5169512507961 23.601576157937 25.1241967535519 26.8810930445407 29.8571775029497 32.6630264475933 35.6379862030735 40.7186027670521 46.8032176826111 50.9276170853932 -9999 -9999 -9999 -9999 -9999 -9999 -9999 -9999 -9999 -9999 -9999
19.8782384406671 17.5595481410873 17.398159452982 17.6127277958124 18.5001865505058 22.2632899761444 26.0483702790201 28.7443332335776 31.3296005653904 32.1149953268311 29.0909432369929 24.2774818971277 18.5087408803531 14.5447973982253 13.191272807311 9.83251262181227 6.27105768294903 4.7585261541549 2.73030989719431 0 0 0 0 0 0 0 0 0 0 0 0 0 0 0 3.33988139504703 5.4142043098034 8.15312932681358 12.4865249921298 14.3658786577381 15.294938601562 18.9132629359247 22.3503962351371 24.579560457206 26.5955125153724 28.6453423006972 30.8212463006151 33.243874769135 35.1422775448902 37.0273261250826 40.9727238720076 46.2989266190681 50.0920912662045 -9999 -9999 -9999 -9999 -9999 -9999 -9999 -9999 -9999 -9999 -9999
17.7858766931768 17.1665513971895 17.2644226656894 17.2375285333508 17.9309642208791 21.8250071579369 25.9682810667476 28.9838182008688 30.9483636297991 30.1674091147539 27.0642905201115 22.2937105666095 15.8280005261759 13.8468150044349 9.59213472954854 5.86359541950012 4.07475007050206 2.11694717795652 0 0 0 0 0 0 0 0 0 0 0 0 0 0 0 0 3.1452177467274 5.2433002839292 7.98411423151832 12.7772050971872 14.5839304734278 16.7351383418655 21.7600731062692 24.8531726946173 27.3681788526705 29.883296934011 32.2777017790646 34.8678899418583 36.935239774284 38.0004050555878 38.0117566613574 41.5029306497565 45.9989376594713 49.7182205188502 -9999 -9999 -9999 -9999 -9999 -9999 -9999 -9999 -9999 -9999 -9999
16.8348397120221 16.9746120602607 16.7849348582814 16.9460156292842 17.544533347967 21.550453014455 26.1109864682337 29.0399961070229 30.0077818495887 28.6204526176694 25.0869763344407 19.7729579119804 15.0867667960283 12.8263958731258 7.06576921385841 4.69840102108047 1.79419731897175 0 0 0 0 0 0 0 0 0 0 0 0 0 0 0 0 0 2.7381985974794 4.81899694028593 6.80501731774042 11.452814251735 13.6268973033528 16.685511274799 21.6639271180422 25.1263376670981 27.6416037396112 31.51242996973 35.1231267176252 38.0192011203757 40.5531464474735 41.4438575747665 41.2126099887891 42.0338561670595 46.5456610164161 48.5798601601227 -9999 -9999 -9999 -9999 -9999 -9999 -9999 -9999 -9999 -9999 -9999
16.5001459354917 16.4790911014534 16.8819243562273 17.087902161314 17.8841452174101 22.1589000441646 26.4159444918671 29.4437725519153 29.200869330247 26.3064025851202 20.9781839191439 16.1938306040688 14.563927874316 11.5306369558924 6.57002393959346 4.01644809458055 2.11440513781124 0 0 0 0 0 0 0 0 0 0 0 0 0 0 0 0 1.81642959339646 3.37299420421662 5.25163021428062 6.73920826443279 11.048366942728 13.5533885802346 16.7608454308984 21.4972603986512 24.7951129078141 27.410358628757 31.3245006868661 35.4167665109676 39.5772181831039 42.4908125416581 43.8621847335715 44.2873274988296 45.2364210303577 47.848024576552 49.1194520333796 -9999 -9999 -9999 -9999 -9999 -9999 -9999 -9999 -9999 -9999 -9999
15.9462587397276 15.6960715510996 16.7648371419561 17.0686862016102 18.7449764148785 23.3169554149009 27.3531685078307 29.1742102983701 28.5784086196563 24.1004383259502 17.7204848434961 14.60685315035 13.4371334211031 9.44647742217403 6.25633334233525 3.87099016290371 1.85413883456515 0 0 0 0 0 0 0 0 0 0 0 0 0 0 0 0 1.44233227058361 4.4492995856189 6.18852573607195 9.76195232824369 13.3914009986512 14.6731926435976 18.8098541845221 22.8514902707368 25.5289365623799 27.8683668579724 31.5818237363577 35.6451970082543 39.6592258603463 44.0414257119952 45.581246254105 46.4817919943245 46.7523207889383 48.895845857663 49.6622380563244 -9999 -9999 -9999 -9999 -9999 -9999 -9999 -9999 -9999 -9999 -9999
14.5295798633249 15.0813055000684 16.4922940954451 17.1913505465747 20.2926400530704 24.7249826448905 28.5689684097492 30.3073299324047 27.3796915963654 21.5982233420907 15.6339276435931 14.1747114652939 10.07254177789 6.80393548191011 5.48765712589814 3.51655155793698 2.01688695561099 0 0 0 0 0 0 0 0 0 0 0 0 0 0 0 0 3.03102274661291 5.55761881186409 9.61470664269119 13.6477264105291 15.1565471894351 18.9637558509339 22.6940595875049 25.2479958089766 26.7336417730525 29.7413744898271 32.5676820671394 36.4289962905267 40.4967065303964 44.9621407112096 46.5883271245255 48.1009413853055 48.8206589659267 49.3228136209553 49.3183134681962 48.5007283875354 -9999 -9999 -9999 -9999 -9999 -9999 -9999 -9999 -9999 -9999
13.4177597912601 14.4113371819528 16.2708528925376 17.2008066953442 21.7685911050033 26.4994345368058 30.0550165135746 29.858627864442 26.6423902198583 19.9591502323026 15.122337914852 12.3604462814543 7.24596373616008 5.39747250941585 3.5029138491325 1.41305136297794 0 0 0 0 0 0 0 0 0 0 0 0 0 0 0 0 0 3.78221556424205 6.59943151242974 12.2909959499067 14.7362698323787 19.5732698876189 24.1021499886824 26.3570138827714 27.8048966153932 29.6732566418538 31.7849407077986 34.5095112014232 37.6223191621765 42.344339159031 46.3358378847328 48.8411519700744 48.9514533849669 48.8251845707136 47.4264411917271 46.6458919536184 46.435299419383 47.009299519547 -9999 -9999 -9999 -9999 -9999 -9999 -9999 -9999 -9999
12.240775583859 14.003468252606 16.0431850484294 17.2768535565234 22.7364905627997 27.514764146501 30.2075569984438 29.8849248531115 25.3612176143828 18.8040738222375 14.8900918127028 10.8296804196383 6.08282647015368 3.84007528238746 1.84116793812409 0 0 0 0 0 0 0 0 0 0 0 0 0 0 0 0 0 1.58500099791264 4.30178623437846 7.22500119717078 12.6782583186476 15.0817711555438 21.8457253662616 26.1115688611754 28.8888703759269 30.9002780382965 32.3735211784446 34.2739342218886 36.3696820239687 39.4250279078271 44.6260940911502 47.6584458776077 48.8297491860584 46.8339765799938 45.6711666946309 45.5138489084963 44.8564481247248 44.8380160333468 45.6398158910118 46.0131286313319 46.3465176135835 -9999 -9999 -9999 -9999 -9999 -9999 -9999
11.495030363077 13.6074094533227 16.1996209361765 17.417314792765 23.1318236788945 27.7422516059187 29.6081779950813 28.8957686860712 23.8184347460218 17.2909338291231 14.7410434092156 9.51015635229918 5.39351959502512 2.82190967004614 0 0 0 0 0 0 0 0 0 0 0 0 0 0 0 0 0 0 2.1037387092709 3.88189210826904 6.33310600359512 11.8078358860075 13.8814184958823 20.6064169423401 25.9488473923378 29.7976887683794 32.0437815890364 34.1310709002639 35.6843637993052 37.6831679419796 40.3482367421383 45.3359028747636 46.747233294672 46.5882763559902 45.2472858644844 43.6024635370267 42.8931796160236 42.5535128289672 41.9064587930806 42.8801474917463 43.4575864785355 44.7559729506468 44.9224859523458 45.6136460635177 -9999 -9999 -9999 -9999 -9999
10.7787058096817 13.7229251170291 16.1721099206034 17.242768224903 22.678707406988 27.6454976859667 29.5938542293027 28.6242610296636 22.9514003980251 16.6355231756368 14.351843241898 8.09149003466063 5.0819484779069 1.61947929081232 0 0 0 0 0 0 0 0 0 0 0 0 0 0 0 0 0 0 0 2.67805153992964 5.05112266557174 10.3119454012806 13.3101734884764 19.8841947925299 24.8266987067557 27.0303808781557 29.2377329686067 31.456011627914 33.8087047592553 36.3586541436568 39.8336291852366 44.8183344792253 45.7004613759441 45.3578974730036 43.2881524490177 41.1705514853565 40.1305759116495 39.4794145721308 39.0276246121648 39.0900129406404 39.3934137983943 40.6225768008321 42.1824747623422 44.5131950060566 45.3525604106247 -9999 -9999 -9999 -9999
10.0129599607203 13.2409083688693 15.9593240320562 16.8581657960399 21.6129595846579 26.8916186876077 29.4070257068612 29.2146880989924 23.6843536406186 16.8438594661616 14.0594209893247 7.49733865013541 4.39610327189337 1.75947837069816 0 0 0 0 0 0 0 0 0 0 0 0 0 0 0 0 0 0 0 1.8515217716058 4.22720567808317 9.49528404485156 13.3928192627489 19.3947866009382 23.4035030533619 24.7452564048595 25.5913457451258 26.706284528203 29.2040839651691 33.2967579893606 37.3145042516673 42.9401462321701 45.4700659440923 44.8692727425912 41.3037716782158 39.5662603771786 37.485561160842 36.3353033561142 35.6079636533278 35.2477750938165 35.5083893012919 36.5931922854957 38.708418968468 41.2145114700558 44.0943899473717 45.7122547208173 -9999 -9999 -9999
