Rscript/monthly_maps/SnowDepthMapFile-q25-1989-11.asc
ncols 320 
nrows 361 
xllcorner 618410.159 
yllcorner 5088785.286 
cellsize 100 
NODATA_value -9999 
[rows 300 to 324 of 361, columns 112 to 167 of 320]
-9999 -9999 -9999 -9999 -9999 -9999 -9999 -9999 -9999 -9999 -9999 -9999 -9999 -9999 -9999 -9999 -9999 0 0 0 0 0 0 29.8046236038208 52.4107913970947 83.4459648132324 92.2659301757812 100.444177627563 125.052574157715 133.585788726807 138.567962646484 146.141120910645 155.089466094971 169.177856445312 190.145706176758 214.010349273682 238.112007141113 259.428993225098 288.204711914062 303.521949768066 302.465637207031 316.498886108398 385.747192382812 451.849029541016 484.118759155273 523.124954223633 521.434310913086 531.924880981445 536.781372070312 526.685913085938 511.906372070312 445.24739074707 329.347541809082 312.603134155273 310.750778198242 316.459465026855
-9999 -9999 -9999 -9999 -9999 -9999 -9999 -9999 -9999 -9999 -9999 -9999 -9999 -9999 -9999 -9999 -9999 -9999 0 0 0 0 0 0 26.1796131134033 41.1838531494141 60.5242166519165 78.8125686645508 86.1246852874756 95.0755825042725 130.337295532227 128.751762390137 139.74095916748 153.590995788574 175.758098602295 199.062385559082 228.283294677734 238.128726959229 245.43338394165 264.112495422363 280.408096313477 302.19898223877 316.918739318848 374.367744445801 413.555885314941 472.846992492676 484.682685852051 508.689682006836 485.244438171387 510.659362792969 531.747543334961 509.077171325684 409.547782897949 328.447944641113 319.566040039062 315.421974182129
-9999 -9999 -9999 -9999 -9999 -9999 -9999 -9999 -9999 -9999 -9999 -9999 -9999 -9999 -9999 -9999 -9999 -9999 0 0 0 0 0 0 0 21.7779703140259 38.1618738174438 47.6112861633301 75.2588577270508 81.6966915130615 91.4949245452881 112.402177810669 134.379390716553 149.075538635254 168.228057861328 189.604866027832 203.949420928955 225.950500488281 235.737571716309 248.412315368652 257.550003051758 275.771194458008 289.699035644531 312.043548583984 344.237762451172 378.590156555176 410.327644348145 398.21378326416 443.905319213867 473.386734008789 494.44059753418 506.084571838379 473.033241271973 385.291320800781 349.433952331543 343.001441955566
-9999 -9999 -9999 -9999 -9999 -9999 -9999 -9999 -9999 -9999 -9999 -9999 -9999 -9999 -9999 -9999 -9999 -9999 0 0 0 0 0 0 0 0 23.2739386558533 33.6029624938965 48.372386932373 83.7744941711426 85.085807800293 98.3258571624756 139.759471893311 143.398017883301 158.143478393555 175.324211120605 188.688152313232 200.408058166504 224.111217498779 236.81330871582 249.4026222229 251.753028869629 266.201148986816 281.722801208496 305.176902770996 313.014289855957 306.69019317627 313.511947631836 339.701469421387 370.996391296387 404.387275695801 475.987770080566 485.55850982666 459.518241882324 398.4736328125 361.453704833984
-9999 -9999 -9999 -9999 -9999 -9999 -9999 -9999 -9999 -9999 -9999 -9999 -9999 -9999 -9999 -9999 -9999 -9999 0 0 0 0 0 0 0 0 0 24.9045357704163 34.5447654724121 49.5699119567871 88.0513782501221 89.3381690979004 105.511320114136 134.49243927002 144.908069610596 159.031711578369 170.452007293701 184.374328613281 197.504589080811 210.580509185791 232.182903289795 237.779407501221 249.778457641602 272.269088745117 300.142959594727 288.54402923584 272.405250549316 261.560409545898 267.048683166504 277.99853515625 342.438697814941 404.703819274902 466.72583770752 493.290328979492 486.750915527344 468.750030517578
-9999 -9999 -9999 -9999 -9999 -9999 -9999 -9999 -9999 -9999 -9999 -9999 -9999 -9999 -9999 -9999 -9999 -9999 -9999 0 0 0 0 0 0 0 0 12.7205955982208 25.4045100212097 35.4750852584839 50.0764026641846 89.6743679046631 92.124454498291 109.570819854736 133.69380569458 141.659374237061 154.327102661133 166.69847869873 178.579730987549 189.181465148926 200.878993988037 228.504695892334 245.489856719971 263.072288513184 267.926795959473 262.548561096191 255.384677886963 254.997562408447 263.256721496582 272.943222045898 296.104965209961 344.722610473633 408.499847412109 485.064064025879 509.426567077637 518.05583190918
-9999 -9999 -9999 -9999 -9999 -9999 -9999 -9999 -9999 -9999 -9999 -9999 -9999 -9999 -9999 -9999 -9999 -9999 -9999 36.4664335250854 32.9984121322632 9.4815628528595 0 0 0 0 0 0 18.2395582199097 28.6776099205017 45.1872186660767 54.771900177002 80.0685920715332 92.4802436828613 106.428127288818 129.381092071533 139.049728393555 148.286117553711 159.685413360596 169.889675140381 184.656841278076 205.335990905762 229.275970458984 240.019435882568 241.09264755249 232.310302734375 232.837963104248 239.246551513672 255.795333862305 272.362869262695 305.128540039062 316.987716674805 351.738800048828 453.792327880859 504.729278564453 533.879974365234
-9999 -9999 -9999 -9999 -9999 -9999 -9999 -9999 -9999 -9999 -9999 -9999 -9999 -9999 -9999 -9999 -9999 -9999 -9999 85.0893211364746 76.2421779632568 62.2800226211548 34.5809698104858 22.6757049560547 0 0 0 0 22.1024236679077 24.0595445632935 30.0849957466125 46.9816246032715 64.4546604156494 79.3616046905518 88.6711006164551 99.6111488342285 133.471439361572 131.877517700195 141.510730743408 154.913791656494 171.520099639893 191.486003875732 208.165935516357 220.9596824646 224.182983398438 220.601505279541 217.506481170654 230.394493103027 251.213878631592 275.038246154785 300.026268005371 314.16584777832 350.398384094238 421.749038696289 462.952590942383 496.409538269043
-9999 -9999 -9999 -9999 -9999 -9999 -9999 -9999 -9999 -9999 -9999 -9999 -9999 -9999 -9999 -9999 -9999 -9999 -9999 125.832944869995 121.367185592651 103.815830230713 81.6386070251465 61.465916633606 39.9491090774536 33.0421094894409 32.0393037796021 31.8526577949524 31.1665759086609 32.651273727417 39.8973550796509 60.5019235610962 54.6871242523193 88.8704452514648 79.3378982543945 84.6958618164062 96.9030017852783 104.912086486816 128.189338684082 141.372802734375 157.73567199707 174.773292541504 186.905117034912 188.746459960938 186.924285888672 188.973217010498 209.006649017334 222.084613800049 243.380615234375 269.008171081543 292.205139160156 305.767234802246 345.399841308594 380.592430114746 442.934143066406 447.727996826172
-9999 -9999 -9999 -9999 -9999 -9999 -9999 -9999 -9999 -9999 -9999 -9999 -9999 -9999 -9999 -9999 -9999 -9999 -9999 162.384765625 152.753368377686 134.773323059082 120.521980285645 100.112758636475 83.8642711639404 73.2347621917725 73.0115661621094 66.7788848876953 62.4197454452515 64.31081199646 66.4788265228271 75.6494197845459 89.3209819793701 95.1450214385986 84.715913772583 83.0056591033936 83.7182426452637 94.3640727996826 102.190191268921 120.660522460938 143.2971534729 156.829208374023 164.402778625488 165.849433898926 168.142280578613 176.995422363281 193.886825561523 221.946895599365 237.544403076172 250.430694580078 275.951080322266 301.265213012695 304.238372802734 316.509185791016 372.921630859375 406.586051940918
-9999 -9999 -9999 -9999 -9999 -9999 -9999 -9999 -9999 -9999 -9999 -9999 -9999 -9999 -9999 -9999 -9999 -9999 -9999 188.501190185547 182.543003082275 166.14554977417 144.009002685547 125.717123031616 115.604852676392 112.224521636963 105.14008140564 97.401159286499 88.2088050842285 88.1023559570312 101.151365280151 107.110719680786 113.065095901489 107.373163223267 105.059717178345 85.5477561950684 88.3603134155273 87.8239402770996 92.6869068145752 102.560464859009 117.208883285522 136.864097595215 144.09196472168 148.018611907959 153.999713897705 166.666175842285 184.401523590088 200.490097045898 217.075187683105 239.860660552979 246.697208404541 257.333221435547 269.327003479004 269.412010192871 303.208793640137 369.592041015625
-9999 -9999 -9999 -9999 -9999 -9999 -9999 -9999 -9999 -9999 -9999 -9999 -9999 -9999 -9999 -9999 -9999 -9999 -9999 -9999 199.134311676025 187.2160987854 166.411491394043 153.025569915771 140.134582519531 133.161518096924 122.081413269043 106.901847839355 101.795936584473 105.278684616089 112.04994392395 126.752765655518 132.457843780518 130.935787200928 124.227657318115 115.802209854126 112.111438751221 88.3817653656006 93.4263553619385 96.4227161407471 106.276288986206 123.448617935181 129.970386505127 136.076885223389 145.231475830078 158.20690536499 172.134094238281 186.559597015381 197.881561279297 210.694274902344 233.594337463379 242.32702255249 251.338912963867 267.359046936035 273.718444824219 315.283187866211
-9999 -9999 -9999 -9999 -9999 -9999 -9999 -9999 -9999 -9999 -9999 -9999 -9999 -9999 -9999 -9999 -9999 -9999 -9999 -9999 213.640071868896 203.086193084717 184.545352935791 171.775257110596 162.263362884521 153.990520477295 131.498142242432 117.172958374023 107.943155288696 108.687824249268 114.997919082642 145.025142669678 158.192749023438 153.736248016357 142.577098846436 132.946426391602 129.211967468262 131.36856842041 138.292320251465 139.342712402344 119.257869720459 122.207799911499 126.969158172607 133.449645996094 143.606906890869 154.936813354492 166.49382019043 177.024883270264 187.44409942627 196.868549346924 220.04125213623 236.587249755859 251.624053955078 269.151275634766 287.507881164551 309.426116943359
-9999 -9999 -9999 -9999 -9999 -9999 -9999 -9999 -9999 -9999 -9999 -9999 -9999 -9999 -9999 -9999 -9999 -9999 -9999 -9999 220.967220306396 216.468967437744 202.513866424561 189.056694030762 178.6884765625 162.79829788208 143.177570343018 124.480911254883 115.475452423096 116.297624588013 117.513242721558 137.897178649902 158.216682434082 170.687149047852 166.301170349121 155.85725402832 145.380367279053 142.8747215271 147.929515838623 145.221157073975 145.438930511475 131.958526611328 134.47093963623 134.022922515869 149.334350585938 157.596363067627 167.381244659424 177.527858734131 188.573177337646 200.76420211792 222.573425292969 232.432270050049 254.667095184326 276.840354919434 286.106262207031 307.612945556641
-9999 -9999 -9999 -9999 -9999 -9999 -9999 -9999 -9999 -9999 -9999 -9999 -9999 -9999 -9999 -9999 -9999 -9999 -9999 -9999 234.597515106201 222.770702362061 215.640697479248 206.68217086792 191.212993621826 171.270595550537 154.4880027771 133.5888671875 127.024429321289 123.048109054565 127.04162979126 139.640567779541 151.580982208252 174.609497070312 184.088592529297 175.5563621521 161.027847290039 157.403175354004 155.884353637695 156.155258178711 157.219688415527 159.857563018799 160.942199707031 164.798248291016 170.340721130371 172.682090759277 174.870998382568 182.893733978271 193.944061279297 213.016929626465 223.939323425293 235.608562469482 259.995811462402 278.038093566895 293.082611083984 313.546478271484
-9999 -9999 -9999 -9999 -9999 -9999 -9999 -9999 -9999 -9999 -9999 -9999 -9999 -9999 -9999 -9999 -9999 -9999 -9999 -9999 -9999 226.930423736572 225.649654388428 218.768703460693 203.79663848877 178.128841400146 158.482593536377 151.239936828613 142.854469299316 141.069435119629 145.927173614502 142.374320983887 146.492378234863 165.550285339355 191.614295959473 195.331344604492 184.182460784912 171.638999938965 167.619323730469 165.689521789551 166.081142425537 171.087001800537 174.831550598145 177.959465026855 182.024063110352 184.564025878906 189.302272796631 185.353618621826 196.95166015625 210.071067810059 227.501899719238 240.241817474365 257.634918212891 278.643104553223 290.979972839355 319.369262695312
-9999 -9999 -9999 -9999 -9999 -9999 -9999 -9999 -9999 -9999 -9999 -9999 -9999 -9999 -9999 -9999 -9999 -9999 -9999 -9999 -9999 241.667510986328 235.463996887207 227.314220428467 211.062980651855 185.657119750977 168.863220214844 159.145572662354 152.171722412109 147.503509521484 144.357757568359 148.118270874023 151.475364685059 154.863426208496 185.536609649658 208.619235992432 209.473182678223 198.447742462158 186.086906433105 179.33519744873 177.386169433594 182.487045288086 185.603790283203 190.303401947021 197.434970855713 202.50564956665 202.232711791992 201.876472473145 197.006324768066 208.319988250732 224.783084869385 241.392726898193 256.297691345215 272.109558105469 290.118843078613 334.639060974121
-9999 -9999 -9999 -9999 -9999 -9999 -9999 -9999 -9999 -9999 -9999 -9999 -9999 -9999 -9999 -9999 -9999 -9999 -9999 -9999 272.879592895508 272.588485717773 259.462448120117 232.235473632812 215.211048126221 196.068332672119 182.25439453125 171.084121704102 163.588184356689 162.839393615723 159.603317260742 152.195083618164 151.804821014404 155.318542480469 173.135238647461 207.848503112793 223.926189422607 222.913307189941 212.064479827881 195.431003570557 190.12825012207 191.951747894287 198.618740081787 203.65686416626 207.126342773438 211.101390838623 212.213508605957 211.666431427002 209.735336303711 206.859470367432 218.173271179199 237.571704864502 252.375396728516 267.411697387695 282.905624389648 313.125457763672
-9999 -9999 -9999 -9999 -9999 -9999 -9999 -9999 -9999 -9999 -9999 -9999 -9999 -9999 -9999 -9999 -9999 -9999 -9999 -9999 -9999 277.095077514648 267.605812072754 235.766994476318 220.503173828125 209.578067779541 197.003597259521 185.348407745361 174.462146759033 167.930370330811 162.893306732178 159.761791229248 162.059516906738 152.536884307861 166.733993530273 198.58069229126 226.315174102783 234.757972717285 232.257526397705 217.149188995361 204.145721435547 204.423114776611 209.151248931885 211.733543395996 214.154010772705 218.040824890137 221.003536224365 220.962669372559 221.213123321533 217.88659286499 222.573093414307 233.363681793213 251.179801940918 265.168472290039 283.245300292969 311.978034973145
-9999 -9999 -9999 -9999 -9999 -9999 -9999 -9999 -9999 -9999 -9999 -9999 -9999 -9999 -9999 -9999 -9999 -9999 -9999 -9999 -9999 -9999 261.448707580566 239.348499298096 227.371593475342 219.161106109619 211.320434570312 197.464309692383 185.571838378906 176.566905975342 174.127628326416 171.633018493652 173.14822769165 162.256816864014 163.10196685791 181.310386657715 220.118209838867 253.035732269287 244.064235687256 235.986980438232 220.124607086182 213.5823097229 215.620510101318 218.135025024414 219.482227325439 224.539093017578 229.033912658691 229.959083557129 231.202621459961 236.536796569824 227.747047424316 232.005271911621 245.108638763428 263.93433380127 283.466468811035 306.78133392334
-9999 -9999 -9999 -9999 -9999 -9999 -9999 -9999 -9999 -9999 -9999 -9999 -9999 -9999 -9999 -9999 -9999 -9999 -9999 -9999 -9999 285.128616333008 273.111618041992 245.263851165771 236.60131072998 229.885414123535 222.419734954834 210.943954467773 196.852386474609 187.738590240479 182.957939147949 182.477161407471 181.686443328857 174.826610565186 170.762138366699 176.970924377441 202.966548919678 235.651935577393 271.547691345215 249.280643463135 239.318225860596 226.297325134277 221.823181152344 223.983741760254 226.47424697876 229.776016235352 242.143993377686 238.4352684021 240.569709777832 248.929214477539 244.938987731934 235.914695739746 244.281044006348 266.974609375 282.076629638672 305.019515991211
-9999 -9999 -9999 -9999 -9999 -9999 -9999 -9999 -9999 -9999 -9999 -9999 -9999 -9999 -9999 -9999 -9999 -9999 -9999 -9999 -9999 297.852294921875 279.551658630371 254.163097381592 247.181316375732 242.051418304443 233.483451843262 222.791687011719 211.847442626953 201.735740661621 194.32897567749 193.03316116333 192.927474975586 188.897331237793 182.125659942627 178.280086517334 195.945266723633 230.768089294434 265.580390930176 279.705223083496 255.524562835693 241.486797332764 230.440650939941 227.520332336426 230.65299987793 240.205375671387 248.139217376709 260.650703430176 259.64892578125 257.169471740723 258.820983886719 251.232196807861 248.644523620605 261.624389648438 285.952339172363 311.053588867188
-9999 -9999 -9999 -9999 -9999 -9999 -9999 -9999 -9999 -9999 -9999 -9999 -9999 -9999 -9999 -9999 -9999 -9999 -9999 -9999 309.971130371094 306.956771850586 298.449188232422 266.413223266602 259.967552185059 253.506645202637 244.39916229248 233.199028015137 224.714736938477 217.345718383789 210.745708465576 205.54768371582 203.495376586914 196.826671600342 193.658149719238 190.558506011963 200.034828186035 222.343074798584 247.132457733154 287.63990020752 288.302314758301 255.691074371338 241.207595825195 233.675796508789 234.710922241211 249.158237457275 253.555713653564 266.557960510254 270.014099121094 266.785484313965 262.332786560059 266.663955688477 261.577857971191 263.347244262695 285.911643981934 314.411804199219
-9999 -9999 -9999 -9999 -9999 -9999 -9999 -9999 -9999 -9999 -9999 -9999 -9999 -9999 -9999 -9999 -9999 -9999 -9999 -9999 -9999 310.571243286133 307.522827148438 301.303253173828 291.118576049805 265.768455505371 253.651454925537 243.546943664551 236.824569702148 231.134185791016 223.976989746094 215.848987579346 211.251754760742 207.050804138184 204.084690093994 200.017765045166 205.574741363525 223.009250640869 244.735404968262 290.026428222656 298.666175842285 286.891105651855 254.315017700195 242.739387512207 240.703563690186 252.827995300293 259.877319335938 267.677284240723 279.394714355469 279.666259765625 272.188636779785 273.65699005127 283.011169433594 281.892791748047 291.871162414551 315.280654907227
-9999 -9999 -9999 -9999 -9999 -9999 -9999 -9999 -9999 -9999 -9999 -9999 -9999 -9999 -9999 -9999 -9999 -9999 -9999 -9999 -9999 341.76587677002 338.8466796875 316.316841125488 305.87752532959 294.633270263672 262.852195739746 254.967288970947 248.534683227539 243.076560974121 233.50186920166 222.320152282715 215.633171081543 211.489654541016 208.598468780518 205.803241729736 212.65140914917 227.662677764893 245.023441314697 280.64274597168 304.080665588379 298.348106384277 271.729446411133 255.262298583984 248.396881103516 258.609107971191 267.506340026855 270.72599029541 283.307243347168 292.149307250977 287.797866821289 289.57633972168 298.508522033691 301.396743774414 304.899971008301 325.898132324219
