Rscript/monthly_maps/SnowDepthMapFile-q75-1989-11.asc
ncols 320 
nrows 361 
xllcorner 618410.159 
yllcorner 5088785.286 
cellsize 100 
NODATA_value -9999 
[rows 72 to 95 of 361, columns 165 to 219 of 320]
240.567726135254 226.286460876465 217.369934082031 211.136451721191 206.085018157959 198.003677368164 187.738883972168 176.408195495605 156.496299743652 140.02848815918 133.572456359863 128.970682144165 127.515672683716 127.083602905273 123.564031600952 122.798273086548 123.35523223877 126.1380443573 130.193264007568 135.039417266846 138.012554168701 142.408401489258 148.453552246094 173.955627441406 186.371307373047 202.85530090332 214.30782699585 217.81010055542 217.452186584473 207.138305664062 189.884506225586 163.451530456543 170.753215789795 171.94421005249 168.146167755127 166.463451385498 162.666652679443 161.101474761963 159.176528930664 154.521362304688 149.059398651123 139.767406463623 134.425397872925 129.813816070557 125.102731704712 119.720670700073 113.882364273071 105.829038619995 97.6570682525635 89.1118850708008 80.4425945281982 75.3041362762451 72.2466678619385 74.2046680450439 81.0116519927979
262.445655822754 244.735473632812 232.126502990723 219.209381103516 205.220901489258 193.936168670654 182.157176971436 171.092487335205 154.086071014404 138.911289215088 129.166955947876 118.664922714233 115.959177017212 118.212333679199 118.206216812134 113.231630325317 113.419414520264 115.88726234436 119.353126525879 123.646245956421 127.778253555298 133.802824020386 142.098442077637 166.943206787109 182.300514221191 200.968711853027 210.614105224609 212.366073608398 203.692199707031 185.109340667725 158.20524597168 151.655109405518 150.053802490234 152.150367736816 159.75358581543 156.271270751953 150.319217681885 143.553062438965 141.843231201172 138.797225952148 135.003652572632 130.015617370605 124.099369049072 117.938524246216 110.118083953857 101.631731033325 92.7280540466309 83.7782859802246 78.2632713317871 75.2318820953369 72.4361743927002 79.2619304656982 80.0234069824219 86.5206642150879 106.677942276001
274.385940551758 258.321620941162 244.794944763184 228.172534942627 209.25842666626 193.005958557129 180.193885803223 169.211803436279 151.627418518066 140.481330871582 126.524206161499 110.590883255005 96.4195804595947 87.5016498565674 80.8834609985352 81.4366626739502 84.8479404449463 101.689456939697 111.430681228638 116.815956115723 123.171436309814 128.989944458008 138.197353363037 152.418510437012 180.418663024902 198.876873016357 203.019844055176 199.032646179199 181.244270324707 154.819786071777 147.283321380615 143.584209442139 141.738067626953 142.522583007812 141.924083709717 141.75732421875 139.259628295898 136.93514251709 134.048006057739 130.221725463867 124.446113586426 117.47599029541 107.002307891846 95.7157764434814 84.529993057251 78.2909965515137 73.9770221710205 71.3743534088135 76.5009822845459 80.0632209777832 83.3313331604004 97.8042278289795 120.024202346802 126.160430908203 131.636661529541
286.852554321289 268.316390991211 254.642776489258 236.348945617676 214.424980163574 191.598361968994 176.921520233154 164.406986236572 152.886196136475 140.496242523193 124.141988754272 101.882328033447 72.8337554931641 55.6962814331055 45.8301868438721 46.4401979446411 56.885570526123 72.0268268585205 80.5792064666748 103.268938064575 118.552968978882 125.614574432373 135.532733917236 147.757740020752 179.135581970215 191.801265716553 193.566593170166 181.092617034912 152.396701812744 143.715564727783 139.063575744629 137.207599639893 135.198221206665 134.345773696899 135.076948165894 134.396120071411 133.193323135376 130.062507629395 125.554159164429 118.665332794189 108.721115112305 96.3057708740234 82.1651973724365 72.3271389007568 68.9175205230713 66.7539577484131 74.268367767334 76.8606052398682 83.1824569702148 102.761098861694 116.738079071045 127.430347442627 134.541454315186 141.450656890869 146.736156463623
297.407737731934 283.807304382324 265.667236328125 244.413761138916 213.820960998535 199.011730194092 182.21183013916 168.333850860596 155.852802276611 141.584281921387 123.497777938843 86.1272354125977 59.6921720504761 35.9463710784912 19.0228576660156 18.7195653915405 27.2583150863647 36.9695482254028 55.1782064437866 76.1951446533203 103.064329147339 120.835880279541 130.988765716553 142.853870391846 171.441394805908 178.305000305176 179.185760498047 150.628288269043 140.922466278076 135.710292816162 133.618022918701 131.510353088379 130.222894668579 128.484127044678 126.671234130859 125.926731109619 124.744081497192 120.985612869263 114.029022216797 105.8727684021 89.6479930877686 74.6477851867676 66.5562324523926 60.6601161956787 60.052131652832 71.9079399108887 80.2773017883301 99.1838703155518 115.444311141968 125.7532081604 133.576469421387 142.080471038818 149.136573791504 156.091835021973 161.193511962891
316.230613708496 297.740844726562 284.469596862793 259.035293579102 232.286731719971 210.837116241455 191.763721466064 174.197376251221 159.065235137939 142.550170898438 125.776025772095 86.6880989074707 46.7032747268677 28.9930906295776 9.11445081233978 6.54453992843628 8.38603746891022 16.9947285652161 28.0805697441101 47.2301340103149 77.7122135162354 110.905078887939 124.837749481201 136.278163909912 149.084396362305 151.894058227539 146.983287811279 138.383941650391 132.835962295532 130.242340087891 127.912372589111 124.755769729614 120.748336791992 116.141456604004 114.019807815552 112.988819122314 111.512174606323 108.884468078613 103.048894882202 86.3514194488525 73.8980197906494 63.4952840805054 54.0336494445801 63.1824722290039 73.1463508605957 83.200366973877 112.08815574646 123.507898330688 132.824371337891 138.813667297363 146.022506713867 158.094303131104 167.58479309082 172.569465637207 175.147888183594
351.32039642334 317.878768920898 298.75789642334 281.027740478516 252.963268280029 226.324844360352 202.777786254883 183.262432098389 165.321273803711 145.799514770508 133.105243682861 94.8639087677002 52.6231575012207 25.7863221168518 8.34943866729736 7.57162070274353 7.2502908706665 7.34584093093872 8.34134113788605 23.4846210479736 48.1846294403076 80.8132781982422 117.619522094727 128.602275848389 136.52560043335 139.034008026123 134.709115982056 129.353492736816 125.976194381714 122.58801651001 116.804012298584 110.056442260742 105.228038787842 100.96830368042 97.9975357055664 96.3137874603271 93.8853359222412 87.8826351165771 80.2816314697266 72.2156791687012 64.5173864364624 56.1238346099854 63.7004537582397 75.9236373901367 86.7578525543213 115.789928436279 129.661331176758 138.542896270752 145.345729827881 150.888412475586 160.214569091797 173.820053100586 185.212387084961 190.119190216064 191.486927032471
402.557182312012 358.628189086914 317.411079406738 297.31031036377 274.576118469238 244.693542480469 218.829998016357 194.212600708008 174.83423614502 153.9553565979 139.253200531006 118.743072509766 77.1298503875732 25.3945531845093 6.46314191818237 7.66222286224365 7.73751997947693 7.84378218650818 7.28360283374786 2.89275294542313 23.6331272125244 59.799674987793 97.0664367675781 121.57056427002 127.643445968628 128.193588256836 124.164981842041 119.657089233398 114.002304077148 105.873180389404 98.0095500946045 90.2893161773682 83.0164413452148 77.2679443359375 73.7926769256592 70.8655300140381 67.648832321167 61.6693181991577 55.651801109314 54.3047027587891 58.8366994857788 68.0235843658447 79.2841835021973 101.684394836426 124.382740020752 134.156547546387 143.158473968506 151.375389099121 158.733283996582 164.920074462891 174.215229034424 189.107406616211 210.465686798096 220.650238037109 221.92015838623
441.3505859375 384.491317749023 359.11116027832 314.299385070801 292.500297546387 264.223045349121 232.081207275391 206.051342010498 186.456729888916 167.923442840576 147.612133026123 127.737285614014 93.338529586792 47.258692741394 4.52191561460495 6.71072232723236 6.98576307296753 0 8.4372695684433 0 7.86843919754028 29.8068418502808 73.9977035522461 105.300411224365 115.605005264282 113.17896270752 103.569757461548 96.5339756011963 87.6800212860107 82.9251708984375 76.1221580505371 69.4663162231445 58.1356658935547 45.5588731765747 37.8066635131836 32.7974729537964 31.2071089744568 31.0869731903076 39.400279045105 45.2829427719116 67.2503910064697 82.9812049865723 113.231353759766 127.115600585938 138.363651275635 147.012027740479 155.773410797119 164.819194793701 172.502281188965 178.938724517822 189.130290985107 213.200454711914 236.708671569824 246.526844024658 246.770275115967
448.890602111816 393.135551452637 381.358238220215 357.743934631348 310.951278686523 288.296028137207 249.715991973877 217.447540283203 198.671550750732 180.524028778076 163.967388153076 141.431953430176 116.913650512695 69.6736335754395 8.30807173252106 7.06963109970093 4.78413212299347 0 6.66881418228149 0 0 7.10766351222992 39.7167558670044 75.2953224182129 80.5087585449219 79.4125137329102 71.8444042205811 66.8657932281494 65.6864366531372 60.2615976333618 52.1462106704712 42.4108018875122 27.9704613685608 18.3272571563721 7.67077231407166 7.07952189445496 8.23187005519867 17.3165001869202 39.4136009216309 53.5213241577148 84.3487987518311 117.237640380859 132.497531890869 143.187698364258 152.151630401611 161.096050262451 170.9739112854 180.273723602295 189.39937210083 202.615901947021 213.864540100098 234.493686676025 256.260555267334 262.902038574219 261.992317199707
386.041885375977 375.243118286133 376.56372833252 353.955070495605 353.958564758301 309.062606811523 277.266342163086 231.729148864746 210.762222290039 194.340873718262 176.232822418213 155.512229919434 131.570333480835 87.2450466156006 27.5835723876953 6.39884376525879 6.25689625740051 0 0 0 0 7.39218413829803 17.2893354892731 36.7932872772217 43.0182733535767 40.4726972579956 40.1363410949707 42.2206811904907 44.759822845459 40.9397916793823 25.4578199386597 16.4731051921844 5.34644544124603 7.57454204559326 7.97338557243347 7.08650302886963 8.51827144622803 23.3998117446899 49.9472227096558 83.3347511291504 120.827249526978 136.479358673096 148.426605224609 158.018142700195 166.5510597229 176.251815795898 188.227069854736 199.705841064453 220.034446716309 229.469314575195 237.790023803711 254.194770812988 274.436737060547 276.108116149902 270.754417419434
357.082977294922 336.529716491699 330.602493286133 337.406089782715 343.527923583984 325.487564086914 300.76634979248 263.750175476074 232.727005004883 206.339092254639 186.317317962646 165.329391479492 137.801662445068 101.22967338562 46.6846103668213 8.08058881759644 4.93241930007935 4.34906780719757 0 0 0 0 7.91908502578735 14.6045637130737 19.4154553413391 19.6426787376404 20.4090919494629 22.4430394172668 22.7260947227478 17.2770414352417 7.63255405426025 7.15289211273193 7.11803817749023 6.65389776229858 7.64624977111816 8.49402046203613 22.9996109008789 48.3694753646851 85.2882862091064 124.443403244019 137.659900665283 153.228748321533 162.491504669189 169.924018859863 178.668975830078 191.924728393555 212.297508239746 233.670429229736 246.526222229004 250.241722106934 255.649589538574 267.223182678223 290.045021057129 295.187889099121 274.410263061523
315.150886535645 295.921882629395 284.637870788574 293.588485717773 306.899803161621 316.337783813477 294.441879272461 277.906387329102 253.141117095947 224.715019226074 194.685634613037 170.572719573975 141.447650909424 108.32596206665 56.8496389389038 8.39794635772705 0 6.4306046962738 0 0 0 0 7.47605514526367 9.21519565582275 8.78782176971436 8.8289098739624 9.13564372062683 8.95192861557007 6.98969054222107 8.18567705154419 0 6.67142581939697 6.60353887081146 7.61460876464844 8.4919399023056 45.4192867279053 70.1219825744629 95.0553855895996 124.602939605713 138.488460540771 156.431205749512 166.662620544434 173.925590515137 180.862609863281 191.83324432373 208.27214050293 238.367473602295 256.679191589355 262.259941101074 268.7373046875 272.333229064941 276.391494750977 307.361976623535 303.886497497559 281.198631286621
295.459800720215 276.023719787598 260.892059326172 253.307624816895 257.822898864746 266.986022949219 287.81224822998 280.757789611816 255.092231750488 236.162349700928 199.371452331543 174.086318969727 145.329471588135 116.642065048218 70.6619281768799 7.18186807632446 5.920982837677 0 0 0 0 0 6.74394166469574 8.95656394958496 8.5700044631958 6.81103420257568 6.43933010101318 8.22899913787842 8.15664863586426 0 7.55450451374054 7.41877377033234 8.11528587341309 8.79055500030518 46.5341110229492 84.7507495880127 124.28377532959 136.718421936035 144.91678237915 160.331272125244 170.756092071533 187.965114593506 195.880512237549 202.151531219482 209.514217376709 229.895114898682 257.591228485107 278.288162231445 276.116584777832 282.479759216309 273.664253234863 293.644905090332 317.12580871582 311.257820129395 285.436485290527
283.397964477539 260.385093688965 242.386848449707 231.448524475098 230.399562835693 237.402225494385 247.21711730957 256.046966552734 251.056419372559 237.487686157227 205.885417938232 173.180995941162 149.069488525391 118.383085250854 79.9454326629639 8.10667335987091 0 0 0 0 0 0 6.41126203536987 8.57248830795288 9.02154445648193 8.89114570617676 7.57748603820801 0 0 0 6.29741334915161 6.77159774303436 6.95679903030396 43.2896871566772 88.1203193664551 128.572486877441 142.81392288208 155.327407836914 164.326580047607 174.125019073486 194.02645111084 204.683742523193 211.421684265137 215.796073913574 225.814426422119 248.704204559326 273.259422302246 284.432144165039 297.731491088867 294.404823303223 297.845497131348 304.379577636719 326.154243469238 325.348129272461 298.866561889648
272.512008666992 246.605285644531 228.250190734863 214.581462860107 208.6428565979 214.12158203125 225.527236938477 232.593326568604 234.763130187988 225.48454284668 204.974258422852 171.216220855713 148.279327392578 125.54270362854 77.8996143341064 9.25171256065369 5.68310487270355 0 0 0 0 5.55733108520508 4.94028460979462 6.76754784584045 7.18120837211609 7.02769184112549 0 4.46505832672119 0 0 5.30345463752747 6.92310094833374 29.1275682449341 78.2451305389404 122.58642578125 140.800178527832 155.939712524414 166.366630554199 176.01823425293 197.773387908936 211.305557250977 221.429790496826 227.43531036377 232.486099243164 243.63338470459 267.597526550293 296.447853088379 309.374931335449 313.790992736816 313.418968200684 311.735443115234 313.867500305176 333.789070129395 332.443328857422 317.15795135498
255.216556549072 233.615833282471 212.598949432373 200.460258483887 193.60376739502 195.836818695068 207.292007446289 215.623657226562 218.017658233643 212.562133789062 196.464599609375 163.081321716309 143.726505279541 127.210273742676 76.4199047088623 8.85920119285583 5.16112732887268 0 0 0 0 0 4.59052491188049 0 5.55641233921051 0 0 0 0 4.85416281223297 7.16088485717773 6.48725509643555 49.3116445541382 96.0651340484619 128.795139312744 145.275970458984 161.131507873535 184.458290100098 198.216526031494 212.655555725098 226.203544616699 235.946884155273 242.732028961182 249.819972991943 262.420295715332 285.591705322266 315.923416137695 330.822341918945 327.927925109863 319.268310546875 319.541801452637 324.724281311035 337.853485107422 347.866424560547 327.987129211426
239.869861602783 221.484672546387 200.668682098389 189.073219299316 185.640277862549 182.263896942139 189.228664398193 196.209671020508 202.539028167725 199.648246765137 184.030361175537 153.175842285156 137.578758239746 118.647563934326 70.654468536377 7.1738748550415 0 0 0 0 0 0 0 0 0 0 0 0 0 4.976482629776 8.11823213100433 15.7435820102692 74.6425724029541 118.445310592651 134.887702941895 148.356258392334 164.994926452637 193.131645202637 209.189384460449 225.285144805908 239.503135681152 248.474811553955 256.68053817749 265.353202819824 280.693214416504 300.623443603516 330.842781066895 348.401779174805 334.539588928223 331.177703857422 324.946220397949 331.471504211426 348.192016601562 368.14079284668 351.687423706055
220.482208251953 207.350807189941 187.993881225586 183.843086242676 170.381042480469 163.43123626709 160.414699554443 179.850559234619 186.680473327637 188.719043731689 172.556308746338 147.362777709961 133.308109283447 113.634460449219 53.7818088531494 8.41739988327026 0 0 0 0 0 0 0 0 0 0 0 0 0 7.77470016479492 6.68411660194397 47.5459508895874 98.2558116912842 130.973888397217 144.895820617676 156.562030792236 170.998859405518 199.463508605957 217.746559143066 237.228759765625 250.196292877197 260.458717346191 270.035034179688 282.615478515625 300.600723266602 312.101760864258 351.523590087891 366.164169311523 350.186454772949 337.362426757812 332.49195098877 336.522933959961 354.142623901367 374.134353637695 367.677612304688
200.44450378418 188.557640075684 165.899440765381 159.867183685303 157.154987335205 143.297805786133 144.566112518311 149.997142791748 173.351806640625 181.338115692139 173.866706848145 144.820713043213 130.002262115479 94.3704719543457 45.422176361084 7.47011816501617 0 0 0 0 0 0 0 0 0 0 0 4.653928399086 8.27055549621582 8.21182155609131 44.17138671875 86.9306259155273 129.007804870605 144.35472869873 158.650085449219 168.991840362549 189.980491638184 207.85765838623 228.919448852539 247.994667053223 260.548950195312 275.02254486084 289.519844055176 296.323921203613 303.888122558594 345.336730957031 377.121788024902 378.886596679688 368.848785400391 343.99072265625 350.506340026855 347.684913635254 371.085945129395 381.364921569824 379.037719726562
162.03396987915 160.300788879395 154.324043273926 148.080139160156 139.901802062988 134.49534034729 133.027389526367 138.897304534912 161.391567230225 175.22053527832 173.574573516846 144.599239349365 127.641847610474 87.4799022674561 34.10484790802 7.04988622665405 0 0 0 0 0 0 0 0 0 4.87432587146759 5.78555166721344 7.35207307338715 6.63916778564453 39.393123626709 78.0271244049072 118.925828933716 138.792335510254 157.269023895264 170.201396942139 183.328117370605 205.866775512695 222.237205505371 241.954536437988 256.335716247559 276.868492126465 280.907470703125 290.166770935059 315.079612731934 338.014762878418 359.320335388184 389.847595214844 394.770721435547 380.156387329102 370.159233093262 362.051895141602 363.907699584961 375.419868469238 387.319229125977 391.000015258789
139.960254669189 141.422389984131 140.178859710693 135.643201828003 127.959127426147 123.807413101196 122.596538543701 128.89560508728 143.707767486572 166.61665725708 173.135154724121 145.969013214111 126.269117355347 80.1226463317871 12.5978548526764 7.0434912443161 0 0 0 0 0 0 0 0 4.94512510299683 8.11672377586365 6.92494297027588 6.99678611755371 41.1485471725464 74.4857711791992 108.911071777344 131.130535125732 147.224636077881 164.57897567749 190.780307769775 207.710395812988 225.610271453857 240.828350067139 251.725666046143 263.440742492676 279.422668457031 286.284942626953 308.062393188477 326.22550201416 354.777465820312 380.505661010742 411.002418518066 413.541549682617 392.517486572266 380.941368103027 374.451927185059 373.142097473145 381.385139465332 392.49104309082 406.689636230469
113.496824264526 119.956686019897 122.009628295898 119.078468322754 108.25467300415 92.3318958282471 97.9599628448486 117.592348098755 132.006921768188 164.135158538818 167.799514770508 152.903575897217 125.88730430603 76.2464923858643 8.72084879875183 0 0 0 0 0 0 0 0 5.38952028751373 7.92591285705566 8.28487038612366 10.7110929489136 47.0017318725586 74.039098739624 104.954427719116 129.694156646729 140.998313903809 153.87181854248 170.237079620361 200.816253662109 221.744422912598 239.343921661377 249.608657836914 259.57731628418 273.855484008789 286.345413208008 299.050231933594 316.55135345459 337.234840393066 348.747055053711 393.371719360352 420.944091796875 417.033790588379 404.947540283203 390.628265380859 383.275894165039 381.125556945801 392.087181091309 423.684776306152 420.932609558105
79.502721786499 81.8950042724609 80.0676746368408 75.4260540008545 57.0301008224487 41.5723838806152 53.8652801513672 78.7373218536377 121.333166122437 144.634727478027 162.696548461914 153.59366607666 121.029302597046 61.3208894729614 7.00616502761841 6.53600406646729 0 0 0 0 0 0 4.57419741153717 7.29291713237762 8.42802238464355 12.8040130138397 44.689037322998 76.3216018676758 109.862421035767 132.443675994873 143.884075164795 151.588188171387 162.398387908936 188.592098236084 209.248252868652 229.352630615234 244.577499389648 256.563591003418 271.91577911377 282.561431884766 295.704154968262 303.484878540039 319.525161743164 344.777099609375 371.602493286133 412.228080749512 450.545974731445 452.017333984375 415.878936767578 391.095588684082 390.770652770996 387.476821899414 415.411323547363 452.218948364258 449.364898681641
