Rscript/monthly_maps/SnowDepthMapFile-max-1990-02.asc
ncols 320 
nrows 361 
xllcorner 618410.159 
yllcorner 5088785.286 
cellsize 100 
NODATA_value -9999 
[rows 276 to 298 of 361, columns 265 to 317 of 320]
27.2386665344238 29.2264919281006 30.8620014190674 33.9090156555176 37.0018196105957 45.7836265563965 81.1843719482422 124.883636474609 144.537506103516 171.633651733398 186.192199707031 197.832656860352 210.730545043945 255.992294311523 299.877227783203 314.046478271484 319.289825439453 326.547302246094 334.158111572266 344.458862304688 359.259094238281 410.378326416016 456.198669433594 539.791015625 593.282043457031 635.086242675781 695.791259765625 752.468933105469 786.376586914062 808.881713867188 -9999 -9999 -9999 -9999 -9999 -9999 -9999 -9999 -9999 -9999 -9999 -9999 -9999 -9999 -9999 -9999 -9999 -9999 -9999 -9999 -9999 -9999 -9999
27.0802478790283 29.557861328125 31.1249656677246 34.1708374023438 37.4033317565918 50.007740020752 86.7068023681641 128.144927978516 145.285461425781 163.602905273438 183.663436889648 197.194396972656 212.234512329102 259.539520263672 305.391967773438 314.990386962891 321.615020751953 330.392608642578 340.299285888672 355.292785644531 411.0693359375 436.494750976562 487.286773681641 567.03076171875 614.504150390625 667.708862304688 730.930786132812 764.007751464844 808.423706054688 824.106506347656 -9999 -9999 -9999 -9999 -9999 -9999 -9999 -9999 -9999 -9999 -9999 -9999 -9999 -9999 -9999 -9999 -9999 -9999 -9999 -9999 -9999 -9999 -9999
27.3530044555664 29.8159084320068 31.3908958435059 34.3838577270508 37.6874351501465 56.1505851745605 89.7347640991211 129.048950195312 142.644241333008 151.988662719727 180.536361694336 196.480651855469 216.191146850586 267.735076904297 308.02587890625 316.855590820312 324.756072998047 333.676666259766 347.442932128906 366.426177978516 420.831665039062 461.088104248047 521.952575683594 585.587951660156 636.638549804688 701.846862792969 755.044860839844 784.563659667969 816.118835449219 832.116821289062 -9999 -9999 -9999 -9999 -9999 -9999 -9999 -9999 -9999 -9999 -9999 -9999 -9999 -9999 -9999 -9999 -9999 -9999 -9999 -9999 -9999 -9999 -9999
27.9939708709717 29.0630702972412 31.3740882873535 34.3519973754883 37.6850967407227 55.7318496704102 86.8094635009766 124.403358459473 134.482604980469 144.161514282227 176.179244995117 196.702774047852 223.81413269043 277.027404785156 309.775390625 318.962463378906 328.352966308594 337.465454101562 354.007049560547 411.310546875 436.358825683594 485.123291015625 560.6103515625 604.55322265625 661.161499023438 720.776489257812 767.576782226562 806.646301269531 830.666442871094 852.097473144531 861.649475097656 -9999 -9999 -9999 -9999 -9999 -9999 -9999 -9999 -9999 -9999 -9999 -9999 -9999 -9999 -9999 -9999 -9999 -9999 -9999 -9999 -9999 -9999
28.1761093139648 29.1879024505615 31.3296356201172 34.3524131774902 37.5529479980469 46.4132995605469 78.2632827758789 93.4701919555664 120.927284240723 135.932983398438 172.899887084961 197.513031005859 242.98291015625 293.536315917969 311.142120361328 321.493682861328 331.689514160156 341.967498779297 359.737731933594 412.873321533203 468.481964111328 523.223205566406 573.691467285156 618.095092773438 675.097595214844 738.004699707031 776.526794433594 816.659729003906 846.9052734375 863.492858886719 866.365600585938 -9999 -9999 -9999 -9999 -9999 -9999 -9999 -9999 -9999 -9999 -9999 -9999 -9999 -9999 -9999 -9999 -9999 -9999 -9999 -9999 -9999 -9999
27.8901824951172 30.1967525482178 31.3440818786621 33.9351081848145 36.896614074707 40.020336151123 62.4626884460449 76.9159698486328 90.918098449707 131.586929321289 173.789749145508 200.092895507812 251.140701293945 298.453979492188 311.955413818359 324.439086914062 334.93896484375 348.871795654297 365.809448242188 433.013305664062 490.496490478516 558.153137207031 595.54345703125 634.269653320312 697.941772460938 747.916198730469 788.876281738281 830.717224121094 862.3271484375 863.117553710938 -9999 -9999 -9999 -9999 -9999 -9999 -9999 -9999 -9999 -9999 -9999 -9999 -9999 -9999 -9999 -9999 -9999 -9999 -9999 -9999 -9999 -9999 -9999
28.2060241699219 29.6566696166992 31.5156326293945 33.5614433288574 36.460018157959 38.700325012207 40.7923202514648 60.349925994873 81.7662353515625 130.779739379883 179.832244873047 204.872741699219 261.889678955078 298.416595458984 312.702819824219 327.590209960938 340.628631591797 358.217803955078 413.467590332031 459.561737060547 523.842529296875 573.405822753906 612.038330078125 651.74853515625 705.647338867188 750.032043457031 791.462036132812 837.276733398438 864.553588867188 866.505310058594 -9999 -9999 -9999 -9999 -9999 -9999 -9999 -9999 -9999 -9999 -9999 -9999 -9999 -9999 -9999 -9999 -9999 -9999 -9999 -9999 -9999 -9999 -9999
28.3664608001709 29.9525871276855 31.6165294647217 33.3654708862305 35.2128524780273 37.8625259399414 39.8376426696777 45.3765106201172 80.4875259399414 136.378982543945 184.912994384766 214.823638916016 271.4150390625 297.088531494141 315.255187988281 332.204437255859 350.527038574219 402.986175537109 428.545288085938 493.677886962891 558.497619628906 594.964416503906 627.964172363281 662.048828125 698.295227050781 733.904418945312 780.447814941406 835.935607910156 865.151550292969 872.780151367188 -9999 -9999 -9999 -9999 -9999 -9999 -9999 -9999 -9999 -9999 -9999 -9999 -9999 -9999 -9999 -9999 -9999 -9999 -9999 -9999 -9999 -9999 -9999
28.1863269805908 29.3819446563721 31.5229167938232 32.9881286621094 34.5078392028809 37.3037528991699 39.387622833252 46.534351348877 86.3528442382812 145.733200073242 192.371597290039 237.732925415039 281.643035888672 293.252899169922 319.428558349609 339.357360839844 361.128479003906 420.461456298828 471.786865234375 525.616638183594 576.109985351562 602.633117675781 633.594177246094 657.04150390625 689.392272949219 715.2890625 766.294738769531 816.226501464844 859.995727539062 872.616149902344 -9999 -9999 -9999 -9999 -9999 -9999 -9999 -9999 -9999 -9999 -9999 -9999 -9999 -9999 -9999 -9999 -9999 -9999 -9999 -9999 -9999 -9999 -9999
28.3684711456299 29.3693866729736 31.3139781951904 32.6540565490723 34.5116500854492 36.9300384521484 39.347484588623 63.4461555480957 108.91943359375 160.738235473633 200.332138061523 255.367614746094 285.082733154297 304.040008544922 326.210144042969 349.520843505859 403.282653808594 440.594451904297 487.504852294922 549.487365722656 587.4404296875 603.503967285156 639.088745117188 669.974792480469 686.651062011719 716.75927734375 732.522277832031 775.052612304688 827.1962890625 860.544616699219 -9999 -9999 -9999 -9999 -9999 -9999 -9999 -9999 -9999 -9999 -9999 -9999 -9999 -9999 -9999 -9999 -9999 -9999 -9999 -9999 -9999 -9999 -9999
28.4739265441895 29.3065891265869 31.157054901123 32.5880813598633 34.6677436828613 36.9105377197266 39.5747222900391 78.5875625610352 137.643081665039 186.834426879883 216.671859741211 273.052398681641 288.989624023438 310.083740234375 335.756896972656 360.615814208984 415.629302978516 464.871124267578 502.973114013672 557.790283203125 590.890869140625 603.064025878906 626.128234863281 668.854187011719 681.920654296875 715.5537109375 726.42333984375 748.501770019531 761.621398925781 -9999 -9999 -9999 -9999 -9999 -9999 -9999 -9999 -9999 -9999 -9999 -9999 -9999 -9999 -9999 -9999 -9999 -9999 -9999 -9999 -9999 -9999 -9999 -9999
28.5213317871094 29.3806667327881 31.2043590545654 32.6713218688965 34.5355415344238 37.3410873413086 43.7453231811523 94.0217971801758 155.254577636719 196.642684936523 247.636749267578 283.467681884766 294.525024414062 321.822357177734 345.490203857422 374.5 437.835754394531 476.632171630859 530.522644042969 570.733215332031 598.690002441406 622.429016113281 635.363708496094 660.018676757812 673.455505371094 698.817443847656 725.889770507812 736.23291015625 736.724182128906 -9999 -9999 -9999 -9999 -9999 -9999 -9999 -9999 -9999 -9999 -9999 -9999 -9999 -9999 -9999 -9999 -9999 -9999 -9999 -9999 -9999 -9999 -9999 -9999
28.6895961761475 29.5295333862305 31.3986473083496 32.9536056518555 35.0390396118164 37.7133026123047 66.2693634033203 126.399024963379 179.594467163086 211.290161132812 268.3212890625 289.041839599609 308.654022216797 330.845031738281 355.127258300781 420.32080078125 456.361755371094 493.199798583984 562.114379882812 598.583618164062 622.3447265625 636.874633789062 658.847351074219 684.434143066406 705.503112792969 722.200988769531 716.170104980469 730.276245117188 -9999 -9999 -9999 -9999 -9999 -9999 -9999 -9999 -9999 -9999 -9999 -9999 -9999 -9999 -9999 -9999 -9999 -9999 -9999 -9999 -9999 -9999 -9999 -9999 -9999
28.9465503692627 29.8200664520264 31.8856906890869 33.7909278869629 35.8338623046875 38.629264831543 82.0285949707031 145.338958740234 191.196441650391 242.747787475586 281.37841796875 294.320648193359 320.453979492188 339.921936035156 363.953308105469 437.488586425781 480.316680908203 549.458190917969 594.867004394531 622.8037109375 645.729064941406 668.810363769531 692.735534667969 714.525268554688 728.350219726562 739.604370117188 755.989013671875 762.934692382812 -9999 -9999 -9999 -9999 -9999 -9999 -9999 -9999 -9999 -9999 -9999 -9999 -9999 -9999 -9999 -9999 -9999 -9999 -9999 -9999 -9999 -9999 -9999 -9999 -9999
29.2053413391113 30.7313938140869 32.3924026489258 34.158317565918 36.8962783813477 51.5627861022949 118.900024414062 163.82160949707 212.192687988281 271.455474853516 287.617858886719 309.278778076172 332.012969970703 353.390502929688 414.233428955078 453.321533203125 505.139953613281 576.92578125 613.211608886719 646.13671875 676.177368164062 704.820434570312 723.826232910156 748.119079589844 757.740417480469 766.895446777344 772.710388183594 771.004028320312 -9999 -9999 -9999 -9999 -9999 -9999 -9999 -9999 -9999 -9999 -9999 -9999 -9999 -9999 -9999 -9999 -9999 -9999 -9999 -9999 -9999 -9999 -9999 -9999 -9999
30.4006366729736 31.4885864257812 33.0822143554688 35.0619316101074 37.9012451171875 82.2264556884766 149.627975463867 197.208511352539 256.749481201172 282.902038574219 305.540496826172 327.241668701172 347.559204101562 390.575653076172 423.459533691406 480.259368896484 551.116455078125 594.223022460938 628.916381835938 662.288940429688 701.4423828125 728.960327148438 761.013549804688 773.570739746094 782.709777832031 795.256896972656 789.090026855469 -9999 -9999 -9999 -9999 -9999 -9999 -9999 -9999 -9999 -9999 -9999 -9999 -9999 -9999 -9999 -9999 -9999 -9999 -9999 -9999 -9999 -9999 -9999 -9999 -9999 -9999
30.0879154205322 31.9483032226562 33.5635871887207 35.9775238037109 49.6500473022461 127.086761474609 170.267532348633 239.026916503906 280.385345458984 302.849395751953 325.486755371094 343.144348144531 367.311370849609 423.716400146484 465.971282958984 502.623565673828 569.855773925781 604.505310058594 635.850036621094 676.20654296875 713.088989257812 746.681030273438 770.890258789062 793.089233398438 814.535278320312 817.688415527344 -9999 -9999 -9999 -9999 -9999 -9999 -9999 -9999 -9999 -9999 -9999 -9999 -9999 -9999 -9999 -9999 -9999 -9999 -9999 -9999 -9999 -9999 -9999 -9999 -9999 -9999 -9999
30.42897605896 32.3827781677246 34.1403541564941 36.7459831237793 82.4157409667969 153.605224609375 209.156097412109 275.231994628906 298.877319335938 322.013916015625 339.052032470703 358.96435546875 414.807067871094 444.462432861328 480.875244140625 538.086120605469 585.838562011719 620.804931640625 648.534301757812 680.856689453125 713.375244140625 753.644348144531 790.785278320312 812.188171386719 827.012145996094 -9999 -9999 -9999 -9999 -9999 -9999 -9999 -9999 -9999 -9999 -9999 -9999 -9999 -9999 -9999 -9999 -9999 -9999 -9999 -9999 -9999 -9999 -9999 -9999 -9999 -9999 -9999 -9999
31.332181930542 32.6664009094238 34.6947937011719 50.4288139343262 132.648956298828 185.986572265625 252.872924804688 294.728637695312 314.816589355469 332.576477050781 349.540496826172 377.158935546875 426.546478271484 469.593933105469 502.92236328125 555.401611328125 592.034118652344 624.563659667969 656.409790039062 692.690612792969 725.615112304688 766.401062011719 795.767639160156 815.913208007812 -9999 -9999 -9999 -9999 -9999 -9999 -9999 -9999 -9999 -9999 -9999 -9999 -9999 -9999 -9999 -9999 -9999 -9999 -9999 -9999 -9999 -9999 -9999 -9999 -9999 -9999 -9999 -9999 -9999
31.367977142334 32.6409873962402 35.3235549926758 91.0409088134766 162.057235717773 222.381484985352 289.521331787109 309.813537597656 322.065887451172 337.033630371094 356.972778320312 385.262237548828 436.203338623047 477.458435058594 506.066284179688 564.894348144531 594.226928710938 627.744567871094 661.654541015625 699.630310058594 733.365661621094 774.892395019531 806.734130859375 817.506958007812 -9999 -9999 -9999 -9999 -9999 -9999 -9999 -9999 -9999 -9999 -9999 -9999 -9999 -9999 -9999 -9999 -9999 -9999 -9999 -9999 -9999 -9999 -9999 -9999 -9999 -9999 -9999 -9999 -9999
31.3993873596191 32.9702835083008 63.3687934875488 146.521743774414 209.735733032227 271.65185546875 313.0986328125 316.915008544922 323.931060791016 338.318725585938 362.692932128906 423.978973388672 451.952911376953 484.400543212891 525.5087890625 566.603454589844 597.277770996094 628.984741210938 663.66357421875 704.832397460938 749.46728515625 776.435363769531 799.075317382812 -9999 -9999 -9999 -9999 -9999 -9999 -9999 -9999 -9999 -9999 -9999 -9999 -9999 -9999 -9999 -9999 -9999 -9999 -9999 -9999 -9999 -9999 -9999 -9999 -9999 -9999 -9999 -9999 -9999 -9999
31.8582878112793 33.4109573364258 90.3296203613281 167.584747314453 260.961029052734 314.594909667969 322.764770507812 320.857177734375 323.854919433594 337.637298583984 364.979064941406 426.328582763672 459.390625 485.005737304688 533.286437988281 574.564880371094 599.676696777344 633.121337890625 665.349365234375 709.118591308594 761.680725097656 777.346557617188 -9999 -9999 -9999 -9999 -9999 -9999 -9999 -9999 -9999 -9999 -9999 -9999 -9999 -9999 -9999 -9999 -9999 -9999 -9999 -9999 -9999 -9999 -9999 -9999 -9999 -9999 -9999 -9999 -9999 -9999 -9999
31.8768653869629 34.5274505615234 129.989456176758 208.944717407227 303.384948730469 325.797760009766 328.943786621094 323.934997558594 324.148651123047 337.126953125 366.111450195312 427.658996582031 477.874664306641 503.506744384766 539.3896484375 578.476135253906 601.116455078125 634.029296875 672.064270019531 712.101623535156 766.774719238281 790.587219238281 -9999 -9999 -9999 -9999 -9999 -9999 -9999 -9999 -9999 -9999 -9999 -9999 -9999 -9999 -9999 -9999 -9999 -9999 -9999 -9999 -9999 -9999 -9999 -9999 -9999 -9999 -9999 -9999 -9999 -9999 -9999
