Rscript/monthly_maps/SnowDepthMapFile-q25-1990-01.asc
ncols 320 
nrows 361 
xllcorner 618410.159 
yllcorner 5088785.286 
cellsize 100 
NODATA_value -9999 
[rows 75 to 99 of 361, columns 56 to 111 of 320]
523.649658203125 523.539520263672 523.953674316406 516.438659667969 509.807891845703 509.848693847656 511.341873168945 515.142486572266 514.731384277344 511.114181518555 497.892288208008 489.581115722656 479.220550537109 462.810455322266 454.076370239258 467.35856628418 436.925109863281 482.792373657227 518.977142333984 617.051055908203 673.097473144531 722.307037353516 779.324279785156 814.104858398438 819.535003662109 827.583160400391 864.273895263672 885.121337890625 880.753997802734 863.777252197266 859.486877441406 908.055450439453 1010.14129638672 1137.50543212891 1193.39440917969 1194.11181640625 1162.47662353516 1143.40075683594 1148.69006347656 1207.32757568359 1329.26666259766 1392.74298095703 1350.30010986328 1267.57983398438 1238.88928222656 1223.7607421875 1203.60827636719 1184.24688720703 1166.30358886719 1159.25018310547 1153.00238037109 1147.71630859375 1128.88977050781 1111.8466796875 1096.35363769531 1075.77307128906
523.668273925781 521.611389160156 520.278198242188 518.693023681641 519.026062011719 521.815704345703 523.629119873047 523.192596435547 520.248229980469 510.297256469727 489.381896972656 479.681503295898 474.310760498047 459.796051025391 444.711654663086 443.241683959961 452.920639038086 449.564804077148 510.124771118164 554.927307128906 646.991088867188 720.994506835938 780.938171386719 787.403076171875 809.36669921875 826.749542236328 845.657928466797 853.645660400391 855.819580078125 863.337036132812 897.364501953125 975.919128417969 1093.79766845703 1198.06994628906 1218.52600097656 1192.92980957031 1177.44201660156 1156.73919677734 1139.41510009766 1162.32366943359 1269.44281005859 1348.92681884766 1359.97985839844 1298.39709472656 1235.31329345703 1220.34210205078 1192.76940917969 1183.04449462891 1172.43481445312 1158.50897216797 1146.62780761719 1130.87823486328 1121.40618896484 1108.30303955078 1087.18115234375 1063.42376708984
521.002410888672 514.847900390625 510.214584350586 505.056396484375 509.827301025391 517.216430664062 528.465881347656 526.290374755859 517.598541259766 493.596298217773 478.577529907227 463.775787353516 461.874374389648 453.23454284668 446.932098388672 438.893005371094 440.412231445312 463.78288269043 490.965805053711 550.576263427734 603.622894287109 692.162200927734 756.098907470703 770.761077880859 784.279937744141 806.637237548828 822.481414794922 841.511505126953 871.623138427734 908.412536621094 969.122192382812 1062.58953857422 1163.74951171875 1209.14270019531 1185.01110839844 1184.85864257812 1173.14410400391 1159.95184326172 1135.71398925781 1130.80200195312 1208.42443847656 1297.35559082031 1375.49755859375 1296.7626953125 1224.1826171875 1196.55187988281 1188.87707519531 1178.32769775391 1171.22509765625 1155.94573974609 1134.49951171875 1125.80010986328 1114.69732666016 1099.42962646484 1083.94696044922 1062.54998779297
525.017486572266 510.815216064453 506.590713500977 508.208740234375 523.868957519531 537.903259277344 543.371795654297 518.957794189453 496.488372802734 481.70458984375 461.735336303711 445.843856811523 442.960403442383 443.375274658203 442.00602722168 434.938568115234 436.15283203125 451.808715820312 476.033767700195 515.541809082031 590.248291015625 643.325653076172 719.138702392578 748.039276123047 765.107238769531 797.259094238281 830.738555908203 877.048706054688 922.524780273438 978.914886474609 1047.78826904297 1124.81707763672 1183.14923095703 1171.01904296875 1159.98034667969 1161.14703369141 1153.73986816406 1145.75225830078 1112.45812988281 1095.70233154297 1168.73901367188 1300.09442138672 1307.58404541016 1300.73352050781 1248.75091552734 1209.07189941406 1191.47253417969 1182.47723388672 1171.03247070312 1156.07287597656 1133.01171875 1125.94866943359 1118.87957763672 1098.61126708984 1086.20733642578 1063.45422363281
532.656616210938 538.203796386719 543.561279296875 556.923065185547 561.609161376953 543.928192138672 532.124938964844 502.31413269043 483.207992553711 471.572525024414 453.740264892578 443.888793945312 434.775924682617 439.824722290039 437.677215576172 434.401458740234 438.917755126953 449.698745727539 464.977279663086 505.498977661133 555.677978515625 603.870178222656 673.966247558594 706.621856689453 735.348205566406 798.75439453125 856.869964599609 899.885375976562 939.155883789062 997.905975341797 1075.54718017578 1161.16107177734 1165.94329833984 1148.45422363281 1135.48327636719 1140.01733398438 1140.15563964844 1119.88439941406 1089.74658203125 1058.15356445312 1106.09387207031 1255.41333007812 1313.34368896484 1327.32135009766 1268.96710205078 1238.34747314453 1218.94653320312 1182.86364746094 1174.64404296875 1157.88140869141 1134.5498046875 1129.24768066406 1124.38348388672 1112.90051269531 1095.92211914062 1071.65258789062
618.897521972656 646.963043212891 661.775207519531 673.407348632812 632.691101074219 571.208251953125 521.585113525391 493.407150268555 465.854522705078 468.600769042969 459.747192382812 451.924819946289 432.987716674805 435.641235351562 439.626602172852 428.326904296875 440.025726318359 445.656433105469 456.8564453125 479.187362670898 519.520568847656 560.490264892578 617.656921386719 679.146331787109 716.134582519531 779.510528564453 841.432647705078 895.552276611328 924.592468261719 980.325042724609 1069.61938476562 1156.19049072266 1154.06170654297 1125.45635986328 1111.84918212891 1111.32220458984 1110.87084960938 1106.08935546875 1081.30682373047 1029.90002441406 1061.87817382812 1188.89404296875 1295.04016113281 1365.33337402344 1313.15905761719 1263.95874023438 1233.54559326172 1213.14984130859 1179.05828857422 1161.17407226562 1141.51733398438 1131.70001220703 1118.20239257812 1112.56677246094 1094.33367919922 1073.60729980469
692.826721191406 713.590698242188 728.878967285156 735.707733154297 706.630340576172 623.814880371094 539.965362548828 497.826324462891 465.177291870117 458.481918334961 463.800720214844 456.187957763672 448.093963623047 435.597595214844 437.243148803711 428.374221801758 433.409088134766 438.403427124023 440.198883056641 468.450317382812 484.654098510742 532.012969970703 567.550628662109 645.629913330078 688.653961181641 751.068389892578 810.286163330078 844.574584960938 874.367919921875 936.843475341797 1057.40588378906 1109.06536865234 1127.86981201172 1107.89660644531 1102.55523681641 1102.65417480469 1102.66851806641 1098.25012207031 1078.85357666016 1022.78549194336 1031.69598388672 1124.75555419922 1291.09576416016 1377.26354980469 1337.83489990234 1272.04650878906 1238.20983886719 1215.1318359375 1196.61871337891 1168.84613037109 1156.32604980469 1134.19567871094 1120.18566894531 1102.06201171875 1088.65216064453 1074.82458496094
749.073486328125 773.091522216797 796.375305175781 781.952911376953 736.251159667969 680.380950927734 578.99560546875 520.717071533203 493.63330078125 459.693252563477 457.088958740234 460.175003051758 454.086685180664 439.472137451172 436.154357910156 434.126815795898 423.236679077148 428.257400512695 418.606918334961 429.739410400391 468.751571655273 490.835525512695 528.872375488281 611.589874267578 673.031066894531 719.321319580078 769.570770263672 805.630554199219 835.261901855469 906.917907714844 1037.68371582031 1102.00140380859 1108.27319335938 1095.1005859375 1091.06951904297 1093.61175537109 1093.98419189453 1094.33074951172 1076.11669921875 1037.76287841797 1020.56988525391 1069.24291992188 1208.35504150391 1332.16943359375 1375.99182128906 1289.54296875 1241.43920898438 1215.37420654297 1202.74353027344 1193.79736328125 1165.51641845703 1152.63775634766 1125.19567871094 1103.16711425781 1085.26409912109 1070.94970703125
807.691589355469 847.133666992188 865.02587890625 829.433624267578 765.934204101562 710.228393554688 655.521545410156 562.635894775391 514.894378662109 492.821853637695 456.627182006836 451.567916870117 456.177368164062 450.591400146484 432.697082519531 427.982940673828 415.730880737305 402.904541015625 404.127685546875 425.011734008789 439.021987915039 472.843978881836 522.866790771484 557.940704345703 640.827056884766 698.518218994141 745.634582519531 773.673858642578 798.652526855469 873.713836669922 1013.86404418945 1078.30841064453 1089.36120605469 1074.25787353516 1073.6728515625 1076.78259277344 1085.51794433594 1083.19512939453 1070.47351074219 1031.82531738281 1015.01049804688 1039.79315185547 1154.97058105469 1306.67218017578 1397.19647216797 1335.65228271484 1266.83807373047 1223.14300537109 1212.39916992188 1202.34539794922 1192.86102294922 1160.88366699219 1133.607421875 1106.10504150391 1083.54681396484 1068.11383056641
868.953796386719 929.629302978516 924.292602539062 867.435394287109 801.329345703125 745.939453125 702.9912109375 629.957824707031 562.209381103516 514.412231445312 491.169906616211 453.579193115234 445.531539916992 452.614410400391 444.931854248047 428.926284790039 408.967849731445 395.261505126953 399.912673950195 413.68896484375 427.736236572266 439.223434448242 489.381210327148 530.459411621094 619.826782226562 682.922607421875 737.309295654297 754.423004150391 786.7890625 851.263244628906 991.69091796875 1052.65240478516 1061.11505126953 1056.00451660156 1066.73553466797 1061.79870605469 1069.53259277344 1069.4150390625 1053.29626464844 1025.66436767578 1008.68878173828 1036.98944091797 1127.44561767578 1280.21697998047 1327.66925048828 1350.36828613281 1294.18707275391 1249.83416748047 1239.29583740234 1224.67828369141 1205.02001953125 1186.72045898438 1150.53198242188 1116.98919677734 1090.46453857422 1071.48950195312
966.834564208984 972.951354980469 933.883117675781 886.442016601562 840.871765136719 788.719299316406 738.328247070312 695.983459472656 629.370910644531 566.020477294922 516.001525878906 487.631805419922 449.295455932617 445.516235351562 447.502471923828 437.418304443359 423.282012939453 405.926300048828 393.579818725586 398.036987304688 401.530853271484 403.665176391602 448.33918762207 512.529266357422 575.913604736328 671.341491699219 714.150268554688 749.079772949219 785.350250244141 851.680755615234 976.7138671875 1023.86660766602 1032.31103515625 1044.12225341797 1044.73565673828 1049.96551513672 1052.41882324219 1051.93957519531 1030.14141845703 1006.25228881836 999.126251220703 1052.16833496094 1133.15447998047 1244.04333496094 1301.02624511719 1304.45397949219 1280.30798339844 1226.77648925781 1235.37408447266 1247.48449707031 1231.47662353516 1200.87347412109 1167.16259765625 1131.56854248047 1102.75512695312 1077.46929931641
1029.81793212891 976.3837890625 926.363342285156 899.064666748047 863.956787109375 821.968902587891 774.316131591797 733.950134277344 702.095703125 629.997894287109 567.470611572266 512.704727172852 473.646209716797 446.29655456543 448.319931030273 442.554473876953 430.493362426758 401.90966796875 402.878448486328 393.773254394531 393.455230712891 389.614334106445 410.23030090332 458.819961547852 518.112030029297 647.577972412109 706.422943115234 745.042907714844 782.439025878906 848.831390380859 952.559814453125 987.690490722656 1006.79208374023 1020.84631347656 1028.42138671875 1028.66149902344 1039.56866455078 1029.46997070312 1007.28329467773 983.239929199219 996.437347412109 1051.76739501953 1131.15557861328 1201.39758300781 1249.27069091797 1258.10235595703 1217.12634277344 1200.24755859375 1224.02728271484 1244.44708251953 1239.29248046875 1227.92864990234 1195.19976806641 1154.95397949219 1112.09771728516 1084.50848388672
1080.55975341797 1002.69665527344 948.677825927734 912.01416015625 884.121948242188 854.224975585938 812.813568115234 770.089599609375 734.363494873047 693.730590820312 601.493865966797 542.647125244141 500.700164794922 458.939056396484 453.07307434082 445.042953491211 432.303421020508 410.570892333984 400.630889892578 390.845657348633 386.36344909668 383.998596191406 383.842422485352 425.362777709961 502.318328857422 594.419921875 682.263702392578 720.42626953125 758.665130615234 822.30322265625 915.089019775391 953.884552001953 993.080230712891 995.872772216797 999.820190429688 1012.59631347656 1016.56619262695 1002.49322509766 984.110931396484 966.603576660156 996.063201904297 1046.23004150391 1106.86151123047 1185.08489990234 1199.87994384766 1201.47662353516 1150.33453369141 1129.02288818359 1145.95098876953 1180.26177978516 1226.18078613281 1216.87628173828 1219.12579345703 1169.08172607422 1130.791015625 1103.35198974609
1130.68072509766 1064.10510253906 1015.49789428711 981.206176757812 934.003509521484 894.65576171875 852.960052490234 803.500885009766 758.757751464844 716.746002197266 642.147064208984 564.262145996094 513.68310546875 473.289031982422 457.648193359375 447.580215454102 435.288757324219 416.054702758789 402.993499755859 391.659439086914 389.392288208008 382.640960693359 363.505355834961 404.856231689453 465.909637451172 531.490325927734 645.734619140625 690.784698486328 745.350189208984 785.999572753906 870.809906005859 931.798431396484 968.331726074219 972.545074462891 986.010925292969 990.22998046875 994.650329589844 981.413909912109 967.613464355469 957.029510498047 988.048828125 1023.61010742188 1081.52410888672 1144.38787841797 1174.39996337891 1157.90209960938 1100.61291503906 1077.38739013672 1063.37158203125 1076.54614257812 1123.59576416016 1185.34710693359 1210.20489501953 1179.2333984375 1162.8076171875 1131.70568847656
1148.01397705078 1092.41192626953 1058.88745117188 1013.87945556641 996.947692871094 941.995727539062 892.116943359375 838.182495117188 786.515533447266 734.709411621094 673.509338378906 568.268218994141 513.721466064453 483.29931640625 461.568237304688 453.466400146484 440.717041015625 421.388153076172 402.791015625 397.180297851562 385.027206420898 387.832183837891 376.90185546875 370.511657714844 424.86279296875 501.362106323242 588.633819580078 677.587127685547 717.121704101562 770.731353759766 848.939147949219 909.969268798828 935.299163818359 953.300506591797 956.117523193359 958.602691650391 963.043548583984 962.281890869141 946.376129150391 951.106048583984 979.997283935547 1017.51196289062 1051.10821533203 1097.50067138672 1113.17694091797 1112.46295166016 1076.83386230469 1045.51501464844 1019.37109375 1026.41882324219 1022.40026855469 1074.83654785156 1123.00140380859 1154.72045898438 1165.56573486328 1138.39495849609
1134.12561035156 1093.33276367188 1064.36358642578 1049.68054199219 1018.97375488281 984.905181884766 935.610778808594 881.486541748047 818.853637695312 748.148010253906 683.199615478516 570.984100341797 526.943481445312 496.674072265625 469.578247070312 460.485961914062 443.306686401367 425.956115722656 412.415588378906 399.810440063477 394.255157470703 390.976333618164 387.783142089844 390.591293334961 412.732528686523 463.133010864258 534.9609375 642.677978515625 704.874267578125 763.211883544922 821.201995849609 878.326416015625 904.79443359375 906.170837402344 906.706695556641 909.757049560547 929.218902587891 921.921234130859 932.384460449219 942.480041503906 966.649993896484 998.310791015625 1021.26950073242 1045.73986816406 1051.14605712891 1067.63287353516 1046.05651855469 1021.42465209961 1015.71469116211 997.382781982422 992.453033447266 1003.10391235352 1038.18865966797 1063.90814208984 1085.82122802734 1100.59368896484
1106.37475585938 1062.23052978516 1049.31274414062 1040.75689697266 1022.01547241211 1004.29684448242 967.434112548828 914.180236816406 849.852569580078 767.962066650391 692.409057617188 593.580657958984 538.63037109375 516.645446777344 482.586868286133 466.617080688477 450.15283203125 432.401397705078 415.040191650391 398.779922485352 399.907165527344 397.861465454102 393.377700805664 395.233627319336 402.052886962891 451.444671630859 519.083160400391 598.580627441406 686.236083984375 758.146697998047 808.805633544922 848.895416259766 865.91357421875 866.627319335938 865.490386962891 880.440460205078 893.202606201172 901.979248046875 915.740661621094 933.433746337891 953.919464111328 983.800476074219 997.221466064453 1001.48458862305 1000.90737915039 1006.77114868164 1003.04495239258 1000.07110595703 995.601654052734 990.688079833984 981.866912841797 968.666381835938 989.996063232422 988.954284667969 989.568908691406 996.808380126953
1095.30401611328 1056.30120849609 1047.2587890625 1038.00494384766 1018.4860534668 1000.36755371094 977.51806640625 931.633819580078 872.462127685547 797.565124511719 720.026733398438 630.164825439453 552.823669433594 525.500946044922 495.118713378906 473.138565063477 458.92236328125 443.665496826172 426.275741577148 409.777420043945 398.727676391602 399.10466003418 392.594161987305 398.877075195312 401.760650634766 445.347671508789 522.633148193359 577.019439697266 666.029022216797 734.034362792969 786.566833496094 830.823760986328 837.570251464844 836.738555908203 837.026123046875 842.211608886719 849.722473144531 873.654998779297 888.001220703125 916.536651611328 934.702209472656 941.716156005859 948.353881835938 967.559051513672 970.852905273438 968.937072753906 961.789031982422 959.482421875 964.179901123047 977.296417236328 965.058166503906 957.800537109375 959.624847412109 942.735382080078 927.818450927734 927.887847900391
1087.87109375 1054.00592041016 1044.31988525391 1032.11352539062 1016.40841674805 993.606964111328 966.161468505859 928.960205078125 886.156158447266 835.809448242188 768.901397705078 691.182525634766 582.861785888672 537.268371582031 511.745834350586 478.739440917969 467.970138549805 453.814575195312 436.989151000977 416.647735595703 404.991775512695 398.410140991211 384.059463500977 387.451110839844 392.146835327148 433.974548339844 486.368087768555 558.688171386719 605.876770019531 678.637725830078 740.752563476562 787.490631103516 807.547332763672 814.863037109375 818.877136230469 824.70703125 833.569213867188 846.5859375 858.833374023438 871.228546142578 881.487243652344 891.391693115234 921.046417236328 942.563720703125 944.496520996094 942.169769287109 927.202087402344 923.207275390625 931.056640625 930.457977294922 930.016235351562 934.098358154297 935.884826660156 918.462615966797 884.797607421875 877.989715576172
1061.63397216797 1048.89410400391 1039.5615234375 1022.94723510742 1007.91397094727 984.576568603516 957.449981689453 923.595947265625 896.788269042969 867.277587890625 815.840698242188 741.939178466797 625.120880126953 553.182495117188 525.160491943359 491.525024414062 476.574661254883 465.233413696289 449.192764282227 427.730026245117 409.893798828125 398.428024291992 386.122421264648 388.660247802734 394.394668579102 406.318069458008 463.109390258789 504.534484863281 562.02392578125 620.421325683594 710.173858642578 759.867279052734 774.979339599609 778.347930908203 779.731079101562 792.697021484375 804.765533447266 813.696807861328 804.379119873047 810.614593505859 824.923553466797 854.9697265625 878.77392578125 926.407958984375 934.748748779297 927.406829833984 897.165649414062 875.702850341797 884.949584960938 888.41064453125 889.622283935547 894.423919677734 888.621063232422 888.514984130859 862.856750488281 855.026123046875
1038.34338378906 1031.54022216797 1024.73110961914 1012.48919677734 994.543914794922 974.334564208984 944.845397949219 922.525360107422 905.391448974609 884.456451416016 850.835388183594 782.099212646484 679.343353271484 585.963562011719 540.463531494141 513.873352050781 483.493103027344 473.694732666016 458.902801513672 441.816497802734 417.032623291016 400.318099975586 392.679214477539 386.570571899414 386.679244995117 390.194442749023 416.145233154297 474.836975097656 532.504913330078 563.786071777344 628.158111572266 696.780609130859 729.630187988281 734.985412597656 762.384002685547 772.34716796875 779.84814453125 778.668212890625 771.697631835938 776.125183105469 792.692504882812 807.376495361328 838.614715576172 871.038238525391 896.967956542969 893.931640625 863.372375488281 845.742218017578 840.28515625 839.386566162109 838.919921875 842.983154296875 851.978393554688 850.696624755859 844.835723876953 832.173583984375
1042.19476318359 1013.01992797852 1008.24359130859 996.360412597656 981.056304931641 957.844604492188 938.0419921875 922.785705566406 909.673980712891 893.346862792969 863.050506591797 807.8359375 724.234619140625 621.622406005859 569.455902099609 537.469024658203 503.339385986328 479.840576171875 470.739852905273 454.585372924805 431.626800537109 405.564437866211 391.834716796875 377.017776489258 374.911743164062 390.696319580078 398.673965454102 434.06867980957 462.372222900391 532.956176757812 565.449829101562 596.806335449219 633.886566162109 658.194274902344 686.73388671875 717.491271972656 731.899932861328 742.029388427734 733.567474365234 738.377685546875 754.829650878906 780.972808837891 797.155944824219 808.425476074219 820.219177246094 824.449310302734 816.596405029297 804.754577636719 795.862121582031 794.235534667969 795.761322021484 797.537048339844 798.840850830078 800.477935791016 805.824188232422 806.732604980469
1058.68096923828 1031.54827880859 1014.85870361328 991.769958496094 964.833557128906 942.714172363281 933.779205322266 927.652465820312 915.319061279297 896.150482177734 863.986053466797 817.926849365234 756.991546630859 654.108154296875 608.763763427734 564.714172363281 528.911041259766 497.990814208984 478.251358032227 467.139129638672 447.360809326172 413.101760864258 382.112060546875 377.592437744141 364.990585327148 378.896179199219 387.31005859375 397.26286315918 431.252304077148 459.716217041016 500.274200439453 557.935852050781 586.560638427734 611.171173095703 615.197937011719 625.560852050781 665.733245849609 687.348815917969 694.070129394531 716.793518066406 737.564971923828 739.642944335938 739.608276367188 729.300720214844 750.354095458984 767.408325195312 790.079742431641 784.031036376953 772.413604736328 764.320587158203 753.292205810547 754.678894042969 753.588806152344 770.798736572266 771.257751464844 770.294647216797
1061.12963867188 1057.49011230469 1043.50268554688 1009.94436645508 965.185485839844 936.964813232422 929.073913574219 925.015106201172 911.694976806641 885.605163574219 856.519378662109 818.603332519531 768.859710693359 681.866760253906 645.335845947266 600.918212890625 572.793670654297 529.844329833984 497.531463623047 475.076354980469 454.318954467773 420.542037963867 387.39909362793 370.332901000977 360.381881713867 359.348434448242 374.500442504883 376.496078491211 389.721313476562 402.095092773438 454.609024047852 490.699127197266 521.342803955078 550.971160888672 580.491790771484 588.454376220703 591.196441650391 616.588012695312 623.537750244141 665.589874267578 699.725463867188 698.88818359375 684.684936523438 691.419372558594 699.640167236328 721.173645019531 738.767059326172 733.468048095703 721.967956542969 716.348754882812 715.827056884766 717.034820556641 717.925323486328 717.474670410156 732.566497802734 734.631164550781
1058.75793457031 1063.36145019531 1057.36682128906 1013.47900390625 968.920623779297 933.207855224609 920.770935058594 910.996459960938 896.368957519531 872.943603515625 848.544799804688 816.858459472656 774.574462890625 704.218292236328 677.228851318359 651.191284179688 605.927062988281 575.725769042969 526.439086914062 486.068161010742 461.063827514648 430.931335449219 390.540191650391 367.758728027344 346.309417724609 328.137664794922 338.163208007812 344.672241210938 351.458953857422 377.103286743164 410.619354248047 443.514007568359 476.457260131836 482.743774414062 514.120666503906 522.828430175781 554.2802734375 584.166625976562 592.820068359375 597.176635742188 613.826904296875 634.78857421875 634.245941162109 636.622161865234 664.177337646484 667.194915771484 684.909149169922 682.864929199219 652.696624755859 655.750244140625 654.140716552734 667.884857177734 681.671905517578 677.5712890625 666.41357421875 678.869995117188
