Rscript/monthly_maps/SnowDepthMapFile-q75-1989-12.asc
ncols 320 
nrows 361 
xllcorner 618410.159 
yllcorner 5088785.286 
cellsize 100 
NODATA_value -9999 
[rows 175 to 199 of 361, columns 168 to 223 of 320]
0 0 0 0 0 0 0 56.0672740936279 98.5462036132812 123.868469238281 151.00390625 172.563804626465 200.165046691895 222.777755737305 232.192245483398 259.796279907227 324.838027954102 400.545166015625 437.882308959961 483.313247680664 535.200469970703 596.957641601562 654.968505859375 749.286346435547 817.867767333984 868.391815185547 922.727996826172 1007.27865600586 1107.41784667969 1141.59698486328 1126.50891113281 1037.87536621094 912.826843261719 808.770263671875 738.906799316406 640.366760253906 577.384765625 545.122406005859 467.428573608398 407.111480712891 379.536392211914 314.970962524414 196.820190429688 111.520732879639 92.582103729248 53.9040927886963 26.7643461227417 23.7250881195068 16.3192758560181 25.5119314193726 41.6221179962158 81.1345825195312 182.752250671387 206.807136535645 259.58869934082 320.334991455078
0 0 0 0 0 0 40.205394744873 70.5176582336426 110.02161026001 138.778106689453 167.977378845215 261.924560546875 348.715316772461 393.410827636719 398.22639465332 405.099227905273 420.317230224609 441.110595703125 473.921890258789 524.603485107422 586.082763671875 647.364135742188 735.278442382812 817.462493896484 863.99853515625 904.470550537109 938.718658447266 1015.16818237305 1087.58978271484 1116.03912353516 1081.52587890625 974.319702148438 869.474792480469 780.938995361328 709.965789794922 601.980895996094 559.228820800781 495.61279296875 408.995040893555 388.035095214844 353.552154541016 275.483093261719 173.512725830078 111.797885894775 91.236686706543 53.3296661376953 30.13450050354 18.9199619293213 16.345799446106 29.9984197616577 41.4279727935791 52.5454559326172 92.7632026672363 171.165184020996 265.03678894043 345.233505249023
0 0 0 0 0 0 55.2688846588135 98.1127166748047 123.204719543457 149.417526245117 223.309097290039 348.824554443359 433.006591796875 465.781265258789 475.104476928711 463.359069824219 464.428085327148 491.094329833984 526.293975830078 577.407928466797 644.518890380859 738.915954589844 830.417724609375 879.133270263672 888.191467285156 909.910491943359 931.527496337891 967.452819824219 1050.80718994141 1073.24847412109 1023.68756103516 924.263519287109 825.541717529297 755.134887695312 657.353576660156 568.744049072266 533.2626953125 447.163375854492 400.857040405273 364.096389770508 299.357727050781 205.975105285645 138.231689453125 108.837051391602 90.637638092041 54.1535568237305 33.6160545349121 14.5545806884766 11.9109311103821 28.9535074234009 38.8112850189209 63.3116397857666 92.076358795166 140.626220703125 271.307022094727 375.821914672852
0 0 0 0 0 30.1229791641235 74.73681640625 113.259738922119 152.47599029541 192.846206665039 313.011032104492 418.88948059082 460.691711425781 496.330932617188 526.490814208984 534.152862548828 536.333740234375 550.232849121094 596.820159912109 657.015991210938 747.921966552734 838.055328369141 888.096618652344 887.806854248047 882.599914550781 881.810943603516 895.031768798828 934.9130859375 993.697662353516 1027.27474975586 1001.53244018555 916.142547607422 808.400207519531 735.946929931641 621.235870361328 564.913391113281 503.376266479492 425.013931274414 391.122970581055 348.216567993164 250.946632385254 162.312545776367 127.626705169678 101.452976226807 86.0277290344238 53.7885093688965 33.6385192871094 8.85262870788574 0 18.7131500244141 29.5047979354858 66.0446891784668 88.1065902709961 182.751953125 314.229522705078 385.601867675781
0 0 0 0 39.3474617004395 64.0136852264404 106.449264526367 131.380516052246 169.762245178223 300.230865478516 408.053100585938 452.049087524414 488.276473999023 532.43896484375 565.858367919922 593.85595703125 612.639617919922 642.549499511719 694.108734130859 771.407409667969 842.065643310547 893.049468994141 878.694976806641 866.015289306641 848.727325439453 852.466430664062 869.840850830078 896.658233642578 954.448944091797 994.862945556641 1006.9084777832 923.885375976562 814.904602050781 722.398742675781 610.723510742188 583.93359375 509.577774047852 450.655639648438 418.549743652344 358.185256958008 241.439987182617 140.401359558105 123.190425872803 92.6888999938965 79.9925270080566 49.4779453277588 31.0680208206177 0 0 0 26.7974138259888 50.2862796783447 91.0168647766113 155.522621154785 303.273681640625 364.580947875977
0 0 0 0 49.4561367034912 87.6443138122559 119.71044921875 156.949340820312 269.460952758789 400.630645751953 452.752700805664 490.405700683594 528.245025634766 562.072143554688 605.526489257812 664.641815185547 716.820373535156 750.5908203125 795.594177246094 867.988067626953 907.09326171875 898.142059326172 862.562286376953 829.769561767578 810.676544189453 824.996551513672 849.425384521484 875.346588134766 928.050628662109 971.747619628906 1002.47601318359 964.976715087891 854.932861328125 751.505401611328 639.830017089844 598.426452636719 538.895629882812 474.384979248047 432.160736083984 383.470169067383 276.054504394531 153.998382568359 114.938991546631 89.212646484375 71.4564247131348 39.5671672821045 21.4456090927124 0 0 0 10.3188924789429 32.4618034362793 72.2635612487793 129.983863830566 264.333312988281 342.779190063477
0 0 0 37.9922275543213 63.2027034759521 100.211471557617 125.432510375977 187.070045471191 360.415283203125 442.194793701172 495.128784179688 537.852447509766 569.473724365234 607.323699951172 669.1669921875 740.344787597656 786.417938232422 857.040771484375 911.122314453125 946.839874267578 922.627960205078 871.382385253906 826.693908691406 796.364501953125 777.932006835938 802.452056884766 828.229614257812 864.318511962891 898.039581298828 958.216552734375 993.960296630859 998.213989257812 903.132263183594 794.795013427734 709.674530029297 627.632354736328 588.875335693359 514.441925048828 451.835098266602 405.739456176758 326.171249389648 189.136306762695 114.602836608887 87.9819984436035 49.6076431274414 26.9684352874756 0 0 0 0 0 29.6151237487793 71.221435546875 94.535816192627 194.381675720215 301.176773071289
0 0 0 29.939642906189 69.8489227294922 104.850536346436 125.647663116455 241.628913879395 397.559967041016 462.918029785156 533.522033691406 580.413757324219 622.267974853516 687.639129638672 747.082702636719 791.111267089844 876.4892578125 958.974517822266 994.507751464844 974.947418212891 911.202941894531 842.955291748047 801.358856201172 766.126861572266 748.559417724609 780.146881103516 815.079193115234 853.913146972656 886.073303222656 940.778167724609 999.804412841797 985.142822265625 926.669586181641 838.276458740234 770.623870849609 683.375030517578 634.98828125 575.597991943359 495.99967956543 428.639938354492 363.575317382812 206.356727600098 115.987449645996 89.1855812072754 43.7954940795898 22.9234428405762 0 0 0 0 0 45.7726669311523 94.4309158325195 123.427097320557 216.825378417969 290.824188232422
0 0 0 51.4667015075684 99.4147338867188 109.707279205322 133.409301757812 266.406234741211 399.941635131836 474.202606201172 550.627349853516 607.09228515625 695.525726318359 768.882568359375 802.786010742188 867.824432373047 955.085113525391 1023.48785400391 1013.87628173828 951.694213867188 870.215454101562 809.826843261719 773.825653076172 741.784362792969 729.341705322266 764.734985351562 811.166687011719 848.053375244141 885.588684082031 949.610626220703 982.509704589844 990.315551757812 906.129516601562 822.982482910156 759.847381591797 667.820343017578 620.574920654297 580.791442871094 489.21174621582 413.514404296875 378.40901184082 223.930824279785 115.274185180664 89.4194869995117 38.2484226226807 0 0 0 0 0 12.1895279884338 51.4631175994873 101.798473358154 163.86107635498 267.393051147461 362.150970458984
0 0 37.0739040374756 63.6335678100586 97.7569580078125 119.461399078369 144.020294189453 291.994705200195 402.343490600586 473.469589233398 548.228118896484 621.750335693359 738.939178466797 800.684478759766 863.033599853516 942.530029296875 997.6396484375 1012.08911132812 987.429962158203 918.856628417969 838.603393554688 787.162811279297 741.108673095703 708.935211181641 725.044494628906 751.384674072266 804.772369384766 848.400787353516 897.722839355469 959.270690917969 993.808685302734 958.872619628906 846.23291015625 759.557434082031 681.33349609375 624.128143310547 584.173248291016 526.4091796875 457.5107421875 403.45442199707 357.198150634766 208.78653717041 108.666133880615 75.5078277587891 28.4287414550781 0 0 0 0 0 29.1993093490601 59.0881233215332 107.11986541748 214.144264221191 334.81672668457 396.694458007812
0 0 35.820240020752 80.1797676086426 109.71187210083 136.942977905273 172.204666137695 318.277801513672 418.181457519531 477.196853637695 548.225494384766 630.176788330078 753.606872558594 829.559844970703 903.503051757812 955.649047851562 982.805084228516 970.123565673828 933.399078369141 864.592712402344 805.459655761719 754.715270996094 717.707122802734 688.006896972656 703.570343017578 738.963958740234 794.111663818359 849.596282958984 914.966613769531 973.857666015625 978.862182617188 918.646209716797 796.09814453125 702.264007568359 601.393371582031 547.907928466797 499.279846191406 434.123336791992 387.31022644043 366.169296264648 307.808502197266 158.210159301758 105.958225250244 63.6492595672607 32.1933403015137 0 0 0 0 0 31.2765712738037 48.764045715332 91.7172622680664 223.473480224609 355.413345336914 405.545059204102
0 35.8187866210938 56.4492416381836 93.6886100769043 114.944637298584 143.524642944336 206.120010375977 356.627639770508 434.612503051758 496.001098632812 552.083190917969 650.241088867188 776.670440673828 855.116760253906 910.911041259766 943.333435058594 934.1552734375 923.764068603516 878.064483642578 825.682647705078 770.453552246094 719.475250244141 686.292205810547 675.672973632812 687.590515136719 730.931304931641 788.777404785156 849.084075927734 919.379699707031 973.300659179688 942.098999023438 864.191467285156 759.468902587891 655.141387939453 567.303100585938 494.576171875 425.844497680664 379.990737915039 343.981140136719 271.494415283203 177.926834106445 112.135391235352 88.4313659667969 51.5635623931885 22.3829460144043 0 0 0 0 5.91195315122604 15.2755289077759 44.7004947662354 87.8234596252441 188.29817199707 328.078384399414 384.391189575195
0 33.2965564727783 68.6925010681152 101.624824523926 139.687774658203 149.532814025879 258.524963378906 391.597564697266 450.2744140625 513.680450439453 560.316101074219 682.490631103516 799.578216552734 878.047760009766 909.933898925781 895.49560546875 884.276062011719 867.688049316406 835.203887939453 791.939422607422 735.147583007812 677.297271728516 658.911193847656 654.655700683594 677.696685791016 719.117523193359 787.680236816406 850.819183349609 923.187225341797 953.401794433594 912.16650390625 815.034973144531 730.903869628906 619.961730957031 551.232940673828 469.895843505859 397.932159423828 351.725616455078 264.675537109375 140.410949707031 85.6397094726562 81.5400009155273 72.1421127319336 39.1982479095459 0 0 0 0 0 0 0.00083849998190999 51.3857574462891 101.699272155762 186.355842590332 331.868438720703 394.766586303711
27.9223470687866 61.2821407318115 94.2789840698242 111.687957763672 139.568290710449 174.019798278809 313.666702270508 423.541275024414 469.71354675293 535.454498291016 588.199157714844 722.715026855469 830.726043701172 897.811645507812 905.117370605469 875.200866699219 849.997650146484 827.568115234375 805.157318115234 763.549835205078 684.541595458984 635.67578125 639.013092041016 648.192626953125 669.773986816406 728.695983886719 791.050811767578 860.346405029297 937.194732666016 923.386474609375 853.6552734375 749.756683349609 666.379058837891 602.223175048828 539.465881347656 467.437713623047 401.259979248047 329.33137512207 188.95255279541 113.753204345703 85.1665687561035 70.0176620483398 39.7989559173584 25.7963132858276 0 0 0 0 0 0 23.119945526123 56.4193058013916 118.732276916504 218.575729370117 359.649475097656 414.284851074219
61.5218944549561 88.0718116760254 108.222881317139 128.141143798828 149.337783813477 227.8046875 371.617904663086 445.944595336914 501.35676574707 550.723205566406 628.662628173828 765.256988525391 855.468231201172 898.029388427734 900.090179443359 864.221832275391 835.412414550781 808.586975097656 779.376373291016 702.958862304688 634.891265869141 607.538055419922 620.27783203125 642.869140625 674.194976806641 746.698150634766 806.757751464844 878.819244384766 924.272033691406 910.993804931641 804.971466064453 696.603851318359 608.89404296875 550.294250488281 506.545867919922 453.41389465332 402.496398925781 330.416427612305 171.84326171875 128.080295562744 86.9599952697754 74.3018760681152 35.7654228210449 10.9185104370117 0 0 0 0 0 0 33.8891448974609 73.8807487487793 118.094837188721 269.184051513672 383.540145874023 435.110549926758
90.378589630127 108.332077026367 122.184314727783 143.962928771973 168.02628326416 290.17839050293 413.170272827148 462.16340637207 521.459106445312 567.368865966797 677.9248046875 801.950378417969 876.363647460938 904.339477539062 887.694610595703 850.810272216797 818.349670410156 773.572662353516 715.362548828125 642.922149658203 601.963714599609 599.070770263672 615.916778564453 631.635131835938 691.114105224609 769.634735107422 831.296905517578 906.113403320312 943.128601074219 881.014770507812 762.085205078125 653.66064453125 563.552429199219 508.955795288086 458.086868286133 416.209426879883 391.201248168945 331.300750732422 212.307495117188 137.849304199219 111.896438598633 82.6958694458008 33.7276630401611 0 0 0 0 0 0 5.87526148557663 33.6694145202637 91.0443878173828 141.988647460938 306.672790527344 391.000152587891 466.498107910156
116.213031768799 130.522804260254 145.282615661621 155.354904174805 228.354797363281 358.390487670898 443.067626953125 484.96061706543 539.282043457031 596.102783203125 718.866302490234 834.363586425781 887.017761230469 899.055908203125 868.74365234375 836.724945068359 786.417663574219 722.21044921875 656.653900146484 601.669494628906 585.442321777344 594.061828613281 601.576354980469 624.274627685547 701.172973632812 788.635589599609 853.749481201172 939.226501464844 925.861541748047 850.108154296875 743.407836914062 624.028228759766 543.061004638672 471.759582519531 419.537658691406 377.966598510742 344.351684570312 269.603118896484 193.034484863281 128.95580291748 125.677509307861 103.202884674072 43.8892269134521 0 0 0 0 0 0 0 35.7454948425293 97.1976470947266 172.912490844727 333.236267089844 397.077301025391 498.039520263672
149.910888671875 155.205406188965 160.347808837891 211.49186706543 326.889953613281 425.648742675781 476.481750488281 507.766174316406 551.360473632812 612.893981933594 744.358184814453 851.298217773438 877.170959472656 887.884643554688 855.283782958984 812.371490478516 744.564910888672 676.329406738281 609.213043212891 583.451354980469 584.664947509766 579.938903808594 593.789855957031 615.858856201172 710.853424072266 794.285614013672 876.688812255859 940.060028076172 937.287445068359 826.922180175781 720.441101074219 604.746948242188 523.750915527344 450.397384643555 390.017105102539 328.781509399414 230.520210266113 156.228988647461 129.834327697754 117.604614257812 123.875011444092 81.7282600402832 39.6903324127197 0 0 0 0 0 0 0 35.0084819793701 99.2927703857422 196.31175994873 363.678619384766 404.698699951172 491.663024902344
154.56217956543 187.319183349609 232.43977355957 322.625610351562 418.707397460938 473.850234985352 503.999633789062 543.519989013672 579.936645507812 640.377105712891 762.377075195312 865.986968994141 892.646057128906 882.989440917969 844.454650878906 781.367645263672 704.213409423828 643.286315917969 597.967407226562 582.947448730469 570.010223388672 578.318420410156 585.028015136719 610.40869140625 716.34033203125 798.771911621094 884.161865234375 945.226928710938 911.819549560547 800.834777832031 696.698516845703 588.944183349609 508.616836547852 429.7568359375 375.702743530273 263.573684692383 143.463325500488 118.551624298096 88.5350456237793 80.8519554138184 78.3121490478516 58.6813621520996 27.6095666885376 0 0 0 0 0 0 0 29.5626659393311 83.8025817871094 177.661392211914 319.78337097168 380.977554321289 462.17414855957
184.104103088379 270.702865600586 351.951965332031 425.036972045898 472.823257446289 499.312805175781 542.746215820312 582.903045654297 613.687225341797 687.481018066406 795.654083251953 877.07666015625 898.797027587891 878.810211181641 830.235565185547 757.738159179688 676.410217285156 616.671997070312 588.272491455078 569.036407470703 560.19482421875 569.104278564453 580.791778564453 609.693511962891 714.415008544922 796.000793457031 881.955596923828 939.204925537109 902.365936279297 789.054534912109 680.487701416016 566.274719238281 496.158767700195 420.496322631836 363.573822021484 211.295654296875 129.693893432617 92.445484161377 82.3452568054199 69.8956298828125 40.5065402984619 27.9938611984253 0 0 0 0 0 0 0 0 24.9043292999268 66.3873596191406 108.925487518311 271.312133789062 346.211410522461 407.086288452148
225.188125610352 355.470291137695 441.02033996582 481.611175537109 503.915725708008 539.466644287109 582.154876708984 619.434814453125 675.034790039062 756.777526855469 844.174346923828 899.771301269531 898.424774169922 871.375854492188 813.647277832031 729.601470947266 652.58447265625 602.580535888672 578.397003173828 552.402374267578 540.382110595703 557.837005615234 571.99462890625 602.866271972656 699.207153320312 790.289916992188 872.67041015625 924.803741455078 909.085662841797 795.556030273438 680.417510986328 557.042724609375 485.479598999023 406.393081665039 331.074966430664 175.481216430664 113.592136383057 99.0935020446777 81.3788414001465 49.2310791015625 28.636058807373 18.6861505508423 0 0 0 0 0 0 0 0 12.7746367454529 43.3874568939209 89.5247039794922 198.437843322754 329.766479492188 378.408020019531
285.046981811523 416.039855957031 484.233688354492 515.793090820312 544.0244140625 580.385498046875 617.63427734375 681.496856689453 758.670043945312 822.539123535156 881.03857421875 923.142852783203 904.029754638672 858.061920166016 787.094604492188 703.551025390625 629.93896484375 591.849487304688 560.708312988281 536.654754638672 521.743133544922 538.687713623047 561.885437011719 587.646606445312 670.178466796875 765.7685546875 851.007110595703 911.022369384766 929.760101318359 809.153015136719 696.779754638672 555.342163085938 476.864562988281 394.316024780273 313.630584716797 154.896865844727 141.031051635742 109.720748901367 89.2823028564453 66.187614440918 32.8786087036133 0 0 0 0 0 0 0 0 0 0 36.1269626617432 81.7318649291992 165.681396484375 320.322082519531 378.380996704102
330.765365600586 437.105545043945 497.277679443359 545.3681640625 590.75390625 618.223358154297 673.657989501953 753.098358154297 818.941558837891 884.889831542969 941.858489990234 943.666717529297 883.034454345703 840.870239257812 762.255554199219 672.609039306641 607.248931884766 580.070495605469 539.708740234375 519.188537597656 505.002731323242 517.994415283203 541.630676269531 566.276458740234 631.589599609375 736.678802490234 818.543884277344 910.589019775391 917.53955078125 840.294403076172 724.698089599609 567.021362304688 476.63623046875 410.629165649414 320.134643554688 170.365303039551 142.175552368164 127.355014801025 108.833641052246 78.7214431762695 46.1472492218018 39.2136459350586 0 0 0 0 0 0 0 0 0 33.3358097076416 82.076229095459 160.085472106934 307.80778503418 379.113800048828
365.944595336914 448.578277587891 501.059478759766 562.254211425781 609.879058837891 662.404113769531 737.878936767578 810.538909912109 889.282897949219 958.654357910156 978.850769042969 917.954681396484 869.514343261719 816.331420898438 734.664001464844 651.130706787109 596.502471923828 557.735992431641 521.862579345703 503.951583862305 492.534133911133 504.693298339844 524.426208496094 559.313568115234 603.352630615234 706.471984863281 798.745422363281 886.723266601562 937.659973144531 867.639343261719 747.772033691406 597.722076416016 497.195816040039 424.404342651367 369.933319091797 236.177230834961 182.587219238281 156.171112060547 131.094772338867 107.137916564941 78.4539680480957 53.6110382080078 39.1489219665527 0 0 0 0 0 0 0 0 26.2921142578125 65.2306022644043 123.809410095215 313.811508178711 387.890548706055
397.198989868164 469.276107788086 508.872650146484 563.995025634766 622.821655273438 688.947509765625 790.698150634766 855.033447265625 964.579742431641 1001.06985473633 962.658508300781 888.16796875 843.468170166016 784.968933105469 701.475402832031 622.593719482422 576.876068115234 532.956787109375 500.636489868164 490.330825805664 484.040344238281 499.09326171875 519.380645751953 560.406463623047 600.230529785156 696.470642089844 783.879241943359 869.227203369141 931.781463623047 901.487640380859 770.474884033203 640.955017089844 523.57861328125 455.299438476562 414.074691772461 353.825256347656 285.651992797852 236.161247253418 188.382667541504 140.437019348145 118.806251525879 88.2622833251953 58.4954242706299 0 0 0 0 0 0 0 0 9.06690788269043 38.3839778900146 83.9351501464844 230.463417053223 332.928115844727
