Rscript/monthly_maps/SnowDepthMapFile-median-1990-02.asc
ncols 320 
nrows 361 
xllcorner 618410.159 
yllcorner 5088785.286 
cellsize 100 
NODATA_value -9999 
[rows 288 to 311 of 361, columns 212 to 264 of 320]
198.752220153809 205.06583404541 204.44645690918 186.419479370117 182.560668945312 163.917251586914 143.443244934082 127.310333251953 112.286102294922 99.7904434204102 85.1612777709961 69.3702163696289 57.6502857208252 47.6138191223145 36.1513233184814 19.5778965950012 0 0 0 0 0 0 0 0 0 0 0 0 0 0 0 0 0 0 0 0 0 0 0 0 0 0 0 0 0 0 0 0 0 0 0 0 0
206.573150634766 216.745391845703 219.746299743652 219.19263458252 204.386169433594 180.623863220215 164.80118560791 143.434028625488 132.71427154541 114.348438262939 104.559352874756 94.9189643859863 82.6452255249023 60.2411098480225 50.8657932281494 23.1222085952759 0 0 0 0 0 0 0 0 0 0 0 0 0 0 0 0 0 0 0 0 0 0 0 0 0 0 0 0 0 0 0 0 0 0 0 0 0
224.395378112793 224.136772155762 220.875495910645 220.418495178223 219.415321350098 206.74365234375 180.306037902832 165.511070251465 148.64892578125 132.47550201416 114.845512390137 109.562999725342 100.086280822754 85.4007987976074 52.799877166748 27.1012010574341 0 0 0 0 0 0 0 0 0 0 0 0 0 0 0 0 0 0 0 0 0 0 0 0 0 0 0 0 0 0 0 0 0 0 0 0 0
281.060546875 240.185874938965 234.380859375 224.260520935059 219.114044189453 219.098655700684 206.754493713379 182.254997253418 162.817741394043 144.481468200684 132.922874450684 116.80052947998 111.908020019531 100.833847045898 69.9598655700684 34.2509422302246 0 0 0 0 0 0 0 0 0 0 0 0 0 0 0 0 0 0 0 0 0 0 0 0 0 0 0 0 0 0 0 0 0 0 0 0 0
352.528167724609 324.406127929688 279.29216003418 235.376495361328 225.383613586426 220.058944702148 218.261627197266 198.719009399414 179.107460021973 159.351745605469 145.556503295898 137.723876953125 119.589328765869 111.092784881592 92.8406295776367 42.3374767303467 8.08663511276245 0 0 0 0 0 0 0 0 0 0 0 0 0 0 0 0 0 0 0 0 0 0 0 11.3217220306396 11.9998636245728 0 0 0 0 0 0 0 0 0 0 0
445.890731811523 402.816207885742 330.815139770508 257.088775634766 233.136764526367 223.337928771973 215.849838256836 213.115432739258 188.215301513672 168.836395263672 160.068267822266 152.234085083008 143.543464660645 116.645301818848 104.737747192383 52.8708972930908 14.0633249282837 0 0 0 0 0 0 0 0 0 0 0 0 0 0 0 0 0 0 0 0 1.66218650341034 22.8964166641235 32.2463693618774 52.1462364196777 52.4877014160156 22.5939121246338 0 0 0 0 0 0 0 0 0 0
539.305969238281 458.16667175293 377.425476074219 287.962112426758 241.185585021973 227.824745178223 216.061386108398 217.622634887695 205.351470947266 180.171676635742 172.641151428223 162.997215270996 157.402183532715 135.366661071777 111.411708831787 62.0678272247314 20.8438005447388 0 0 0 0 0 0 0 0 0 0 0 0 0 0 0 0 0 0 0 11.0888504981995 29.5682210922241 59.0290107727051 86.1886291503906 109.74772644043 106.675857543945 54.017463684082 0 0 0 0 0 0 0 0 0 0
595.232696533203 491.505081176758 390.434280395508 317.342376708984 238.385925292969 228.342926025391 217.994934082031 216.265235900879 214.154014587402 208.53443145752 193.688049316406 182.022018432617 167.242370605469 154.950080871582 114.494998931885 83.4752349853516 27.1373291015625 0 0 0 0 0 0 0 0 0 0 0 0 0 0 0 0 0 0 14.0660400390625 36.1757717132568 66.5953826904297 106.011253356934 122.20866394043 139.882682800293 125.058044433594 66.9230079650879 0 0 0 0 0 0 0 0 0 0
609.291625976562 484.887710571289 384.527191162109 315.1962890625 238.388786315918 232.720138549805 227.049758911133 226.711059570312 222.687789916992 216.537292480469 214.647026062012 202.514038085938 182.076820373535 160.036125183105 116.191402435303 91.2027015686035 31.7388477325439 0 0 0 0 0 0 0 0 0 0 0 0 0 0 0 0 0 15.1447615623474 42.4311618804932 69.2649230957031 108.708499908447 129.777633666992 168.181221008301 183.335662841797 139.772659301758 69.7165641784668 0 0 0 0 0 0 0 0 0 0
608.216522216797 477.102355957031 380.813766479492 317.710845947266 244.258323669434 237.483924865723 238.596420288086 235.805534362793 232.013404846191 224.941505432129 218.333946228027 215.775497436523 196.049278259277 162.932487487793 115.595947265625 92.349681854248 33.7576999664307 0 0 0 0 0 0 0 0 0 0 0 0 0 0 0 0 11.210259437561 38.9921779632568 72.3505096435547 109.506843566895 134.338897705078 176.911750793457 205.384696960449 206.11247253418 167.166000366211 66.5722007751465 0 0 0 0 0 0 0 0 0 0
604.115234375 479.256683349609 384.680557250977 328.54084777832 285.746185302734 250.136871337891 246.08740234375 241.223754882812 238.755798339844 231.387390136719 223.15665435791 214.651153564453 201.822715759277 164.115867614746 116.72859954834 89.0583763122559 32.6501226425171 0 0 0 0 0 0 0 0 0 0 0 0 0 0 0 10.6057546138763 33.650671005249 63.8630962371826 104.633335113525 126.115997314453 174.379669189453 208.449211120605 218.262809753418 223.062812805176 169.806221008301 64.1967430114746 0 0 0 0 0 0 0 0 0 0
600.318664550781 490.300552368164 402.885467529297 364.659759521484 319.977920532227 281.272384643555 254.205947875977 250.63159942627 243.521766662598 235.363746643066 226.185981750488 215.82430267334 202.363403320312 163.157569885254 111.079139709473 84.7011528015137 29.7806348800659 0 0 0 0 0 0 0 0 0 0 0 0 0 0 11.1795516014099 29.4394578933716 58.2094173431396 96.9921836853027 115.850082397461 162.491722106934 196.838287353516 217.613319396973 230.385643005371 224.664894104004 160.072662353516 52.3133220672607 0 0 0 0 0 0 0 0 0 0
604.953186035156 525.815216064453 451.069961547852 407.791397094727 368.745391845703 333.255081176758 313.61979675293 276.050354003906 249.958152770996 240.157325744629 227.608810424805 216.200546264648 201.635765075684 161.639930725098 108.300281524658 80.2260551452637 21.778359413147 0 0 0 0 0 0 0 0 0 0 0 0 0 11.0816760063171 29.9992637634277 54.4866504669189 91.6780052185059 110.050537109375 131.056137084961 180.631546020508 211.400527954102 227.136207580566 234.336494445801 218.723205566406 139.984672546387 37.4793376922607 0 0 0 0 0 0 0 0 0 0
626.750885009766 587.039947509766 519.253509521484 467.107604980469 432.342742919922 401.155136108398 368.207122802734 327.853500366211 254.998481750488 238.64640045166 229.93049621582 215.52685546875 199.182258605957 158.727806091309 104.714580535889 67.3534202575684 15.8064022064209 0 0 0 0 0 0 0 0 0 0 0 0 10.4593985080719 32.7702484130859 58.8389358520508 93.200008392334 109.238975524902 124.047798156738 167.234336853027 197.996757507324 216.155967712402 238.537963867188 236.59252166748 208.894790649414 119.144069671631 24.1509704589844 0 0 0 0 0 0 0 0 0 0
659.962463378906 629.084503173828 599.223205566406 545.306915283203 503.986343383789 460.467483520508 437.341156005859 365.719787597656 292.157012939453 240.113861083984 232.024635314941 215.271629333496 196.777961730957 155.787590026855 105.454635620117 59.8349895477295 15.6557402610779 0 0 0 0 0 0 0 0 0 0 0 8.95925760269165 31.6633605957031 61.1974983215332 95.9254722595215 111.295307159424 124.620616912842 165.265151977539 192.713600158691 213.720558166504 228.042465209961 255.011711120605 236.79468536377 186.528594970703 102.475261688232 0 0 0 0 0 0 0 0 0 0 0
698.802917480469 662.088531494141 639.625427246094 615.269836425781 580.113220214844 525.612365722656 471.260070800781 392.383575439453 301.779571533203 242.039459228516 233.071029663086 214.025733947754 196.177185058594 157.73461151123 107.38147354126 68.5921020507812 20.2871236801147 0 0 0 0 0 0 0 0 0 0 4.2907018661499 29.6621723175049 63.828369140625 99.6734619140625 114.10710144043 128.009548187256 166.052597045898 191.010711669922 212.248710632324 222.985580444336 238.343574523926 261.22151184082 240.588066101074 176.355926513672 71.3935432434082 0 0 0 0 0 0 0 0 0 0 0
763.105377197266 729.243957519531 705.933959960938 676.813323974609 639.121429443359 581.165863037109 485.478012084961 386.349960327148 298.824752807617 242.788566589355 231.949508666992 218.908233642578 194.709228515625 162.104797363281 112.996700286865 85.6904144287109 31.4412822723389 0 0 0 0 0 0 0 0 0 0 29.0122690200806 64.2419452667236 103.462684631348 118.914047241211 138.442527770996 174.760261535645 195.179695129395 212.534309387207 224.629508972168 239.741317749023 262.080841064453 268.628784179688 236.727966308594 167.636756896973 61.164306640625 0 0 0 0 0 0 0 0 0 0 0
802.395050048828 783.844787597656 773.055206298828 733.746948242188 674.293670654297 585.7333984375 460.557571411133 349.352478027344 286.694885253906 239.102447509766 229.33895111084 213.436111450195 199.045783996582 166.413681030273 118.701923370361 97.4232139587402 49.9102115631104 4.76401376724243 0 0 0 0 0 0 0 0 24.5591650009155 62.2742004394531 103.733875274658 125.419288635254 161.423965454102 182.478576660156 205.017387390137 215.644744873047 223.556037902832 239.345794677734 247.166435241699 271.877197265625 269.449752807617 233.338554382324 153.707626342773 57.0892963409424 0 0 0 0 0 0 0 0 0 0 0
848.435211181641 846.461334228516 812.013885498047 768.671173095703 679.200866699219 536.392608642578 403.217895507812 314.103775024414 281.116744995117 237.938278198242 230.136451721191 213.34154510498 202.56689453125 177.965881347656 127.904201507568 105.680938720703 59.2302951812744 18.5927958488464 0 0 0 0 0 0 0 25.1408910751343 57.3981380462646 99.1806526184082 124.881206512451 169.292007446289 195.418449401855 211.692047119141 220.263481140137 230.878173828125 242.93041229248 247.459655761719 269.775527954102 277.595169067383 276.772888183594 222.598922729492 134.22371673584 37.7183074951172 0 0 0 0 0 0 0 0 0 0 0
908.196136474609 911.937438964844 846.861724853516 741.574615478516 612.730621337891 471.679946899414 346.842086791992 304.998977661133 279.325836181641 237.217842102051 230.164764404297 213.649772644043 205.426963806152 180.108154296875 148.718040466309 110.278575897217 85.0035171508789 28.4045677185059 0 0 0 0 0 5.42490291595459 23.8663911819458 53.0768642425537 94.4781608581543 120.136688232422 166.932403564453 199.165794372559 215.422660827637 225.293441772461 237.82398223877 244.935943603516 250.427375793457 264.222503662109 278.326370239258 287.112060546875 273.227996826172 199.225936889648 120.480880737305 30.573468208313 0 0 0 0 0 0 0 0 0 0 0
956.9560546875 933.365203857422 845.374694824219 687.955810546875 535.698760986328 397.514999389648 310.132171630859 296.863998413086 246.495941162109 234.208374023438 228.014572143555 213.482048034668 205.761299133301 195.867500305176 156.525146484375 111.270614624023 85.2533073425293 31.2464075088501 0 0 0 0 5.6923565864563 26.6533622741699 51.5605926513672 91.3166770935059 114.611625671387 160.350250244141 195.351959228516 215.117889404297 226.636238098145 241.167510986328 248.884147644043 257.247016906738 273.496185302734 281.875473022461 298.018829345703 318.853469848633 252.782981872559 186.773582458496 113.728569030762 26.8020029067993 0 0 0 0 0 0 0 0 0 0 21.025279045105
960.768096923828 912.344421386719 763.424957275391 613.927307128906 463.930297851562 335.23388671875 311.272399902344 284.938278198242 242.793548583984 238.237884521484 223.211036682129 212.613433837891 205.552864074707 189.621894836426 152.688316345215 106.595241546631 89.8457641601562 32.4500541687012 0 0 0 5.59582448005676 26.781831741333 51.5390110015869 86.3616065979004 107.650119781494 135.807205200195 180.646148681641 211.748329162598 223.721733093262 238.919189453125 248.462989807129 264.356918334961 278.391647338867 288.315383911133 328.390640258789 337.755599975586 322.805541992188 249.222259521484 177.293014526367 108.358283996582 23.673357963562 0 0 0 0 0 0 0 0 0 0 41.8234100341797
962.377868652344 854.316375732422 704.959289550781 557.061004638672 416.969390869141 311.935119628906 303.930526733398 274.543975830078 237.493499755859 235.315200805664 219.832962036133 217.937683105469 201.805114746094 178.155731201172 143.279541015625 103.106128692627 81.6885414123535 29.73961353302 2.50842905044556 0 3.26404500007629 22.9443712234497 55.9715557098389 90.6058502197266 106.825839996338 123.703544616699 170.450393676758 203.99137878418 216.24488067627 230.785003662109 243.264785766602 256.088012695312 278.259246826172 315.46125793457 338.312698364258 360.478393554688 373.974914550781 347.728118896484 242.590110778809 168.543197631836 104.600551605225 27.7496614456177 0 0 0 0 0 0 0 0 0 0 64.5108528137207
-9999 797.038116455078 686.232971191406 540.518127441406 393.98942565918 290.19856262207 281.404495239258 260.470748901367 235.98299407959 234.408767700195 218.778251647949 215.261260986328 194.603614807129 159.615303039551 115.927173614502 95.4455261230469 67.7175750732422 30.9343948364258 5.95096397399902 2.87619304656982 19.2700815200806 52.364387512207 89.585334777832 107.557750701904 126.180797576904 166.256202697754 196.555015563965 215.674034118652 223.042091369629 240.201995849609 248.580688476562 275.210052490234 317.914459228516 347.241607666016 366.570373535156 390.06233215332 389.037414550781 329.288055419922 228.226432800293 153.876708984375 98.8484916687012 28.7942228317261 0 0 0 0 0 0 0 0 0 6.85559964179993 98.5284271240234
