Rscript/monthly_maps/SnowDepthMapFile-sd-1990-02.asc
ncols 320 
nrows 361 
xllcorner 618410.159 
yllcorner 5088785.286 
cellsize 100 
NODATA_value -9999 
[rows 138 to 160 of 361, columns 106 to 158 of 320]
109.117527420215 100.282251256162 96.6418230726614 86.6607549010642 89.2009688103352 87.8178245327133 90.0177027985107 102.526051278388 101.403170892566 104.594766743603 104.280073286454 102.834237134375 94.6676619090461 97.5943361628232 95.9066602334013 100.303419924408 106.042808297792 117.400930614438 127.833299144431 129.615699086009 136.239056220301 132.38710428746 121.898602047844 110.112770144808 100.87842562539 110.165289521877 119.309453966123 135.08885919393 136.755220884886 142.297536950742 142.350665633292 145.661556284372 141.690347091455 139.7938636722 136.92696867726 129.704006920919 120.848574568362 117.576363870208 122.016313920414 125.848567464386 131.577278053787 132.567639055629 129.536872184288 129.3664650228 129.490919042311 129.831248815048 127.888934784632 119.880601208186 112.54643322958 106.074807225393 104.241039086479 109.642937353933 108.611109350648
115.232894264716 108.661419002534 100.208949134161 97.2926900059872 91.088696440486 95.6295545883136 94.9091507471344 105.572915296834 110.876699461354 105.739145320723 106.51743884958 98.8348032314304 100.265821896113 95.5338151186509 102.722328531242 104.52980388071 110.012172849977 115.821862868116 129.356112204686 128.466105809073 132.681989821116 132.512940965323 129.90447862753 122.622362422416 103.737145074162 108.673367898899 111.836071132485 124.343730709613 132.843055763474 138.306675217697 142.722191930436 141.601110143927 141.768190613913 144.274519568862 143.277466207457 130.650555767844 126.941575135867 118.122033595431 122.748413383538 125.858062983585 128.702614314181 126.00682443414 125.782107483532 120.763498890998 124.401544709005 120.847023059662 118.232575706124 118.454507595822 112.632115086991 102.993595637643 101.292137690984 103.405512362621 101.571981719294
121.508001481517 114.757395667272 107.954567588127 106.060222588562 111.647008643815 112.128363367961 110.106809419903 109.363842817888 110.353241208147 109.427190270912 108.108583443634 99.895439352675 102.936666117127 99.2576710016059 99.8913222990482 100.671456450449 112.9312901372 118.178526229887 125.52465355785 128.055100031358 133.988392233474 133.99896840403 130.442240018364 119.984197312285 105.376863558017 99.0673122491508 100.823215721502 109.94632424141 123.170168320188 123.51029126404 130.079290508197 136.832252355782 138.3033078797 138.773373934734 138.785966249292 132.564202495665 131.449091865951 119.331933234743 116.243380923579 126.434661071317 126.316206876299 122.783041739979 123.24200298178 108.644863955002 108.341926676308 101.996907945794 98.9196266992993 101.078575886948 98.0399528853969 93.7515218095322 90.565417488783 90.8240872829661 85.8895441018575
125.369310393783 131.865374114188 125.552809369182 121.103161183488 115.564013434132 120.282367573073 120.760573146943 116.230673621432 111.163388885417 109.659943687309 98.5281612615688 101.625583596602 100.876199257176 101.806620187335 101.983346241699 107.064870792855 109.902853693969 120.124379672327 126.919896151289 126.808073629568 127.254946624589 131.56297081165 125.701383864468 120.577849254532 104.902678679424 103.986524045138 98.3650337469524 103.136542617476 113.787464332109 118.209748492834 123.422753952687 126.806773437587 130.858405792657 135.670489074258 138.752238041827 134.650838220175 130.410735619334 124.628427218047 115.97869143593 123.495501126514 118.323192735291 109.734779570625 112.139497121844 105.37993230507 102.69869330161 101.294446941657 102.160036506653 98.2329718831315 92.0654878611233 92.2971187908983 88.0403292683308 89.730323464103 85.4377293604573
133.862107367335 130.476308336069 134.037698035192 138.792910551743 138.557572190047 130.940440464581 125.728743924816 113.866617705576 106.560756115438 103.381276392838 104.371040707452 99.85374344697 102.264214630049 109.129914918672 106.717758831745 107.848923748004 112.280677212938 115.154401884205 124.617417541432 125.427063079631 124.957938030636 131.054643250202 128.134049539422 122.690237928543 106.801184296375 105.67684372834 102.977295626637 99.5429465758876 106.974061383925 108.489075835399 117.501170063694 120.236764049347 124.576447703938 124.077859155343 136.985411038288 127.313335089676 124.290577302875 119.566289149878 107.259472952443 106.6869550288 110.729727231255 109.075321254616 108.016593675889 102.541587679214 93.7462797271728 96.9358093758528 93.5721055096694 93.8920609360088 94.4967040778003 96.741411054788 87.2243667035091 86.7458689091943 87.9153850645944
131.680112394944 138.061160247593 138.529999101639 140.659996536211 135.435771536606 134.875869769551 125.396909231517 115.845578500638 111.732039639062 107.040876247008 108.582037838048 106.636794779899 107.100020806569 104.77118690191 108.942595664483 110.398106009828 112.801134400145 112.82332582446 119.942812036559 121.498520908751 125.283266946601 128.29565958375 131.947368227495 124.863802767494 118.636840082674 106.448790903441 98.3734708873743 88.6158215931631 91.1426608933242 100.724969928437 105.460908937585 119.654189918414 119.041212221755 130.06845471072 115.825567200438 112.017312092296 107.532148396598 107.954837047784 101.39782508131 100.030797705608 103.734876392793 105.676116373345 103.763865368706 97.5689510515243 96.3625290908771 92.9166924347965 98.4710707392772 101.783018785718 101.089581466366 99.1357936523106 101.578492809481 99.204225188307 100.205181819885
130.811890303689 137.743164617183 137.228786961362 138.710343241805 137.74590015759 128.930855166389 134.980851758872 125.266762698943 119.908657731901 116.018345297169 109.90479513579 112.403128767164 110.102072465109 108.685211335227 113.597183437817 112.132529458461 113.995935733364 110.001709941606 111.951265873811 114.23346081015 118.404207965547 130.530786977591 135.306767843036 134.06157828726 122.976391804941 116.251056547663 104.655220170698 96.151242769172 100.529682995124 97.0764774991742 103.817157081762 108.773325847292 114.612175970333 125.690952325513 120.768086961373 105.75828721678 103.676531763218 103.343415396019 102.407286327566 98.1018183121887 99.9853743973956 105.947664589858 104.47539171422 101.088928259381 101.303507104234 101.072309929624 101.122184967171 104.937861812315 104.992016765822 104.125230915001 102.674892001493 105.796888655798 104.033281872643
132.388129128257 139.083253900563 140.172848036954 137.115005309481 134.463074359773 127.268636356371 130.851450638005 120.256866488573 116.868378624579 115.277270327742 111.315458852105 109.96565443994 107.640706438199 111.665700997631 111.089746884539 110.169607875884 109.379534376687 107.548300118776 109.215531044245 115.531797228248 126.800445772011 134.597434129945 141.586265712842 140.906316818201 137.994724475398 115.431485380285 111.889844605496 105.207489889343 101.453296666389 100.577834181206 97.8411647158208 103.675183281155 111.337417354397 110.7794666241 105.210955282969 107.488865949432 111.104513412802 98.2234642855487 102.86700898249 99.9479679299878 110.451609320692 108.504753257336 112.007081102687 104.34151782022 100.909644795502 117.768492741026 107.977875924443 105.258629325107 105.937291842012 106.021855580999 105.299731451612 106.835898799781 107.130554260181
128.824229159905 134.260896559632 140.213014809905 139.093376500538 132.669232672302 128.592422854917 123.915445750405 109.850349015876 109.033589777469 105.142847366571 106.920254037045 107.418044210442 108.050725822761 103.116790270471 108.425456296212 106.665963586336 108.273725346584 107.423078100469 111.096471351164 117.182543093721 123.24942727097 134.081261291854 142.003038392426 146.566234423782 142.532062615966 137.97368893482 123.281330344699 118.390425189649 108.444258585246 101.894081485288 106.18327359975 103.452052702573 112.568287949728 116.61042663028 113.668210714659 115.802052400346 118.509708257045 120.174733888353 123.218837048178 133.482721268601 132.324093552131 133.186110201309 132.065612797994 123.510969762772 124.037416537414 117.311557141662 114.324696974329 109.813311730509 109.231874461238 106.79044470424 104.171436355961 107.002063372935 107.718226947275
126.625004046155 126.566831944283 135.097120896256 136.173217714809 129.081331398549 131.029004047048 128.881908900247 121.201306483798 105.963505078418 101.949343173618 106.762457622566 102.618022685225 101.761995147761 101.589668400732 100.456866823612 99.7310329208062 100.703193297063 103.526069879553 106.655436230186 114.041904014353 122.890469797011 124.701021601275 141.512861712336 142.953979678891 144.592638136151 144.29120854038 142.922337832203 139.81101744482 131.699437829387 112.469524872308 108.150224839728 105.022030190666 116.538729567354 110.497012833544 114.508844965964 124.23467256186 118.713953900825 126.44268593915 133.7514897781 137.099458566359 135.986168702921 139.707003922321 134.247817799632 133.949558749927 129.726667339189 127.397156816201 116.181438325321 109.292130621965 108.470739090581 107.604358452351 109.042338204692 105.250679051697 111.664196659046
126.319194189777 122.484473120612 123.359276650814 127.262999508208 135.632092904758 124.603707560862 123.674319755035 126.778384497901 120.298515266606 107.812268781068 104.79880001027 103.274712604471 98.520546628199 103.055373420003 97.0585495143847 104.456390513519 111.034207018739 108.029934581859 109.834879332988 114.959561224173 115.554992568916 118.404951520156 128.799987458687 141.443505284299 144.2669386844 148.944836778283 148.678519274079 144.448375357487 136.83978957181 128.656161066355 109.722578983734 115.241790124755 109.167534451987 123.934895826435 120.676223249526 118.677459863296 121.618575668022 124.187885404567 129.621552186554 143.551791503842 141.254706619027 142.163157500955 140.835499116037 144.750660254147 135.328788160195 134.140034106291 128.760952196368 115.314694231804 110.624616968036 107.258966491295 106.826580961322 106.262765052897 109.526692677911
112.730168510082 110.244157286206 114.733771737128 120.774816126693 126.392304219773 122.484585974512 130.696319177104 130.778267711982 139.441233051531 122.65364151657 114.043983595798 109.064906037619 106.606793060078 103.48026595732 105.856903160621 109.723075723138 116.911713407904 118.870853929182 114.632538778957 108.22970901136 110.237789316331 113.790241854782 114.958868624921 127.394845403273 142.610726860124 144.301598763533 145.693681881216 142.02409291752 137.191299018954 130.818563185421 133.231516744522 121.531816177153 122.533025111342 115.113224977466 117.195853546162 114.884625955817 115.606302079451 117.412500370643 126.714063524127 131.060358273678 144.588985812868 144.40408906517 139.497256428628 144.027207066594 144.151185583946 136.582815108724 131.831996398251 121.610746025038 114.300904676609 110.514039185662 108.591174082885 107.119024520103 110.620081702448
97.891379175793 105.114902112506 106.086247510193 113.237599225325 109.386628960014 115.970575028641 131.483049104476 136.82006735683 141.533646147278 129.614625340459 128.389495211772 127.168636759101 112.684715238055 115.842163571891 112.647639624155 116.100773005509 118.335124421084 117.29546312947 114.599034143717 109.253025312599 105.559984385277 104.654718212712 111.439763261432 116.777513316511 126.531767141065 122.123064724259 128.196853379133 127.040212201631 128.568907955366 130.949514133957 129.971594014936 145.323497733188 136.806749096212 130.474070428362 123.558534230421 114.117761635124 111.460320725899 111.717821173965 117.254431908111 123.054714168767 129.103121965771 135.840582916319 145.553974443615 145.263372433007 148.169674969595 141.989712374397 137.603744531671 126.952984895395 120.178720664982 114.809528118623 108.48740146999 107.001607271735 105.383284231647
92.0484962881702 94.5826596377427 107.738729866621 111.37622303783 109.417130042118 121.433477672077 132.326862450425 142.01773649791 134.996170993424 134.755889011534 136.616806212601 135.180018198074 128.252204816281 126.691212365285 121.959033495752 119.287812039106 121.297142926363 122.388686317604 115.636216264073 114.786236204901 107.065749473974 106.040882111294 107.968289232561 111.398607437966 114.971455534041 118.27295869679 117.666678505345 122.375386554247 127.539748980494 131.967853117621 143.482323064765 142.066683289312 140.460944416108 136.489878224961 124.962260133571 120.476873659626 109.474487974805 105.592105615638 108.942472447895 112.8660986895 121.980860456812 123.036847590163 129.004163603379 134.832475666261 144.288878427122 144.526773224135 139.229716060591 132.690465365569 125.45267783692 115.788693463547 113.805914287277 110.896759619453 106.19440235827
93.7115194452433 97.4463187691408 101.642378476106 108.047701688225 116.438669212795 123.123237640521 131.035605213097 133.029772874457 136.919018267039 138.248373850204 137.684287766487 136.51561883166 134.244219146761 131.959899621959 125.436967974113 123.002440298333 119.893577857474 117.41770443551 117.614213354981 113.256861382054 108.468479510845 101.943034509948 108.620916351546 108.6111162877 108.997111788943 108.067029923293 112.95921982916 116.86053113106 122.351583245391 134.262637888773 144.758309654218 140.201186884251 141.883987074117 141.366019494827 141.483098911506 128.175201284268 113.69375424825 103.891882578437 99.2769632078542 93.4626579513371 94.0975113013621 113.910466160622 112.289219950158 123.292208149405 130.534676251762 139.473372542181 139.405288951138 135.581761552891 131.1513697735 121.098019763081 117.361410989171 113.541895107859 106.578240337798
95.2017380025101 96.381923151125 99.7737415002604 109.235195706239 118.620770316236 125.561002152794 129.398895564268 127.009293406632 130.327803307674 135.115359732583 131.778653586982 135.702109536951 129.159706522834 130.359189050574 123.892649653063 119.529102388124 119.514774355459 115.439006912331 117.169248059744 112.500416838061 110.449448710543 101.715238208698 98.3904536416998 105.311855447082 99.3558062000857 104.23590100029 109.745971763236 114.323915126437 117.78182930152 135.984118870987 139.366634181457 141.182016276001 140.746164519868 146.4703119933 148.461821007944 139.107210999075 122.676277133564 105.790295320194 98.058222088254 91.7217917504676 94.0054915264655 93.9347922506324 93.0126924767935 107.807557603561 113.783475112827 124.971951256494 131.353512751533 135.528149803799 133.063920381811 128.162701694792 125.196112982616 116.77095395842 110.419568881801
104.759358881765 101.485724298252 108.805979499984 111.400324545173 117.348815738605 120.005587952387 110.155509570884 128.990784546005 126.684790752451 130.307212009081 132.962186046407 124.958353667369 121.325795747478 121.751507483869 123.069840112184 119.615180060305 113.456286223299 111.536533462584 113.379791640416 110.476947662182 113.44161759503 106.56493179129 99.9228224979663 102.414558493851 97.564791926912 100.956574339171 105.482967320052 109.656268718769 118.226961456081 136.466805110013 134.649433009643 136.248948999159 144.522616075757 146.175556857778 146.691925631222 145.323775065683 136.387849107399 125.401262683703 114.887457120111 94.9445888694993 90.4634886207913 95.3655680110078 91.5829750386729 94.2976111881947 94.219214221836 107.007560128994 112.720850711238 125.25020629756 128.275344995682 125.314752087591 122.644205219326 122.228187956574 115.468686335862
109.665015500495 112.839421200431 116.675342094339 112.461260349141 111.440157407557 112.844614040595 114.061424775124 108.367848725685 113.494085832105 121.674146204263 129.197883954908 127.574912657459 122.359033529516 118.221458366218 120.046300994351 117.813848657739 111.906731984708 111.414888615634 111.547562803138 114.547542553971 115.738671500142 115.510495763143 104.191118179873 107.863851824181 108.92864247406 105.946713137085 104.088099082861 109.750720250114 119.062405809963 120.411077602113 126.811079980225 131.843923018844 137.514031101812 141.120029639893 147.078353693904 147.69896086504 142.87028789671 137.851714732374 128.723413590579 119.837120668838 113.009654676618 110.710150478086 108.315893783241 100.998997488788 91.4711893424826 95.5092595142548 100.466599410588 108.45367482268 114.534715425806 118.152464162007 119.924887442228 121.780008528428 121.145205681973
109.65787885852 124.790751076204 120.087548104178 121.599872446609 122.439476559976 119.849940117153 107.988555045742 112.671294501864 110.795912108657 108.78910166563 111.539697668735 116.015788973428 112.025096347278 116.356684613037 114.231891337934 114.079053221897 111.199757622215 114.445968483614 117.674297518435 123.788877728542 119.526183302451 124.284741525525 108.921480794755 106.03598892544 119.289302730843 125.022195750306 120.071045902026 118.800640417027 116.847598500779 119.177210674151 119.022516480263 124.255678568671 131.165041263132 135.557639617316 142.397692962244 146.024076500408 146.952143380129 146.200174371497 136.765404803496 132.364902812043 123.047265865609 118.9376615894 113.802443340144 109.828555008765 103.677439376654 104.139502591036 92.7758000936725 98.0621197088198 96.8476957937528 105.579562319271 115.285937939115 119.637307793254 120.752383134382
127.505571779383 125.941386234832 145.409197167184 158.10120148036 153.521699295198 147.358641935455 110.518051693471 108.751021207943 112.796927088455 107.770802560256 104.271112403912 112.209754669191 109.627143563887 109.09009110736 109.579997687593 111.451113149957 116.916292492668 119.698498476501 124.053333877482 144.130837164097 144.014313325547 148.207624109014 153.582626385199 152.446028148277 153.657784678271 158.2049640753 156.510947608259 150.365849859972 137.883811020456 122.055344643455 119.873030762685 115.034304936297 120.348188948869 128.092941001076 132.123005685234 139.488423266825 144.368711204946 144.58248028671 142.670934241329 139.784201329834 134.454312038175 130.10124332463 128.319598479882 124.405701312947 118.142867019098 111.852342886724 102.336561305355 95.375527954507 88.8242774792264 93.6201440387462 102.687028395902 116.148150589188 112.771570786767
140.05076060615 138.765719004547 155.064179138561 155.749218369552 161.42643281004 148.135106706 143.189686236771 145.01522569213 116.588823166909 115.939693904536 115.64999446557 111.908564306802 104.302003890457 104.514162785578 104.554376389622 109.612739565196 117.600287009747 124.294696090167 135.155228754048 144.83758139796 150.253250590968 153.491496306103 155.330726409927 155.725084613487 162.586574644915 162.778955970007 154.721258228492 151.503879506461 144.081807092214 134.765154886292 128.646273902178 117.487800617207 116.422374412952 122.12181218018 123.981145405332 129.276976891953 137.609931373908 137.838523305913 143.731331454845 145.006835193866 139.171478450736 132.7927088833 131.177126203704 130.093093125786 130.76707551245 124.09773336041 115.984588362299 104.466407472772 90.8408161240337 85.8549036423051 90.8240235195888 97.9545639561834 106.245629716803
145.521603276767 150.74739862175 152.255594740963 158.631541521804 161.013135603069 159.540412067275 153.972405862205 149.014746088653 143.28294993717 150.369322377635 123.274586783664 124.556583211898 115.355943475821 107.166558550586 107.716122344719 119.751766598364 128.574017044059 129.936237116421 135.136997726944 146.451718995336 153.287784769986 154.079433742277 159.729545792424 166.14957527166 166.176162597853 161.160670262384 160.383623676875 154.366423327956 150.383215163101 146.201377953119 137.685942316443 129.579731218302 123.583846614691 119.110145218607 119.233806662529 121.879301592408 123.820265201112 129.432569250439 134.127255646845 138.203576320483 139.002040409238 134.572593285319 132.895215666629 131.15684912904 131.519801249785 131.083650113765 126.91596774748 111.020639186789 96.2483798836374 86.5138936142257 81.0579807540702 89.860784010834 94.3691910779595
142.469802959933 145.196802387083 146.549086638749 158.095469814945 156.089207177421 161.883188187416 161.095051314524 157.883538648492 160.850335441451 155.16753695366 151.454490365842 150.386752116636 143.059078669729 123.054438043639 114.655823358144 126.110772093866 130.47600271707 126.052061968491 133.970573096722 139.075004584838 144.51907068036 151.126418994833 157.232985962575 162.322807177784 164.759161294722 163.601528437141 161.590978440574 157.276814658084 156.070515204989 149.015635938285 141.958112575964 137.686568463493 133.955096849673 123.526440928926 119.516437060112 119.501814197867 117.977747319393 118.148779941308 126.193551053836 129.87357898184 134.485355162545 134.272368886019 131.348908307536 128.983494132043 126.517223728569 129.581321858546 127.736432911198 120.974090449006 111.041011726017 99.5506199980835 88.1001133911059 86.3174928581801 87.3199587371996
