Rscript/monthly_maps/SnowDepthMapFile-sd-1989-10.asc
ncols 320 
nrows 361 
xllcorner 618410.159 
yllcorner 5088785.286 
cellsize 100 
NODATA_value -9999 
[rows 56 to 83 of 361, columns 252 to 314 of 320]
21.5784482703791 21.8439103570236 22.0302506652343 21.8717303258024 21.6902874659824 21.3960887851315 20.8614482392079 19.9949902253488 19.0527131740912 18.5458675238049 18.727240357379 19.3475953546307 20.0980790164253 20.7172200809453 21.1998233572255 21.7891433155243 22.0721135153702 21.8064058052335 21.8030211866035 24.0115224462011 29.314990910678 33.2810080710002 37.1576584906166 40.6737349493505 43.5229787402593 45.2817156208325 46.1455540309524 45.9267825387728 46.4920220153535 47.4935603471518 48.1761909528826 -9999 -9999 -9999 -9999 -9999 -9999 -9999 -9999 -9999 -9999 -9999 -9999 -9999 -9999 -9999 -9999 -9999 -9999 -9999 -9999 -9999 -9999 -9999 -9999 -9999 -9999 -9999 -9999 -9999 -9999 -9999 -9999
18.0748336410553 18.5958860766466 18.7166520979513 18.4954690842513 18.1706727165698 17.8811788778758 17.562541024002 17.2460028083707 17.1478486275726 17.5270051942847 18.2973630872294 19.3584170895916 20.3584538032005 21.0555170006434 21.6871877870555 21.9175227445349 22.8420713212697 22.8617434652279 23.0597944088036 24.9491586973489 29.1762792940992 32.259191337485 34.9305223681131 38.159587870138 41.6433392356824 44.1520239099169 45.927372835552 46.4023468169478 46.5165015248672 47.5492637999027 48.3300158980276 -9999 -9999 -9999 -9999 -9999 -9999 -9999 -9999 -9999 -9999 -9999 -9999 -9999 -9999 -9999 -9999 -9999 -9999 -9999 -9999 -9999 -9999 -9999 -9999 -9999 -9999 -9999 -9999 -9999 -9999 -9999 -9999
15.0891265362632 15.5175509511403 15.7288533368662 15.602425027813 15.4623659808701 15.5016422706574 15.7388785512609 16.1122711017141 16.7935193945956 17.6426730678493 18.6677559088678 19.629700734516 20.2465145217291 21.8798926856007 22.5815258489961 22.9898585190281 23.5031089445958 23.8117880016529 24.8794336672107 26.1204106633835 29.0849917499263 33.3548774152943 35.003284188811 37.2098451264845 39.9489117720326 42.8427705946792 45.100328799174 46.4859681805156 46.6202552076484 47.4365995698993 48.5069860732349 49.1453039440092 -9999 -9999 -9999 -9999 -9999 -9999 -9999 -9999 -9999 -9999 -9999 -9999 -9999 -9999 -9999 -9999 -9999 -9999 -9999 -9999 -9999 -9999 -9999 -9999 -9999 -9999 -9999 -9999 -9999 -9999 -9999
12.4882129936048 13.0201574625945 13.4013742454669 13.6589764239925 13.8703479399154 14.2238314857536 14.7814738847628 15.5646937728203 16.5804792872958 17.751400685078 18.6029316855271 20.2626767042274 21.2657258013313 22.3637999713274 23.2387997380015 24.0356398858116 24.6411265768443 25.3123524443685 26.243899381106 28.9468866222438 32.3243746835026 34.3029108739685 35.6004411280819 37.2762872107708 39.9499817452055 42.2457671399756 44.6307555378222 46.2506998860161 46.4931508369955 47.6377191037561 48.3710516629222 49.500068014152 49.8966257678538 -9999 -9999 -9999 -9999 -9999 -9999 -9999 -9999 -9999 -9999 -9999 -9999 -9999 -9999 -9999 -9999 -9999 -9999 -9999 -9999 -9999 -9999 -9999 -9999 -9999 -9999 -9999 -9999 -9999 -9999
9.73108132234465 10.3917239466442 11.268033307018 12.1366685245209 12.8623383010624 13.5108133530231 14.2524583999783 15.1086870549229 16.3421653665491 17.4866203801411 19.1463542489285 20.596943542089 22.0934065984971 23.4209191858269 24.3626193739247 25.3756691260323 26.15344243923 27.012362892557 28.4539379544107 30.5410878076671 32.6757068806687 35.212799988752 37.1455930703162 38.9474204839473 40.6245199804052 42.3694710174856 44.5116134679115 46.0282320736036 46.6913352522521 47.3836323205695 48.4032364592641 49.5713255644566 50.1179794811528 -9999 -9999 -9999 -9999 -9999 -9999 -9999 -9999 -9999 -9999 -9999 -9999 -9999 -9999 -9999 -9999 -9999 -9999 -9999 -9999 -9999 -9999 -9999 -9999 -9999 -9999 -9999 -9999 -9999 -9999
8.47484839288721 8.85134605983075 9.26635140947424 10.4589026427427 11.689611344831 12.7683559132142 13.8572599279354 14.9122130372523 15.9534324567152 17.6004813829227 19.4105756106488 21.3278834717325 23.1088822819052 24.5974542574178 25.9609162760853 27.2681913002444 28.4538826517414 29.101747519417 30.5078902941298 32.2362997932825 34.4012402696653 36.425301947481 38.4715568519942 39.991263641087 41.5251825131385 43.0799068064224 44.7987440916265 45.9484397900935 46.9452135301467 47.5858680669382 48.6586939241219 49.6171165804415 50.2494047527117 -9999 -9999 -9999 -9999 -9999 -9999 -9999 -9999 -9999 -9999 -9999 -9999 -9999 -9999 -9999 -9999 -9999 -9999 -9999 -9999 -9999 -9999 -9999 -9999 -9999 -9999 -9999 -9999 -9999 -9999
8.69483104196119 8.76482904033944 9.09557139829728 9.80448869239446 10.6881104617822 12.3092848204564 13.4208183894985 15.013427532373 16.1230431913871 17.7191939562882 19.8037890283897 22.149055385789 24.2422979059587 26.0957990990545 27.9116174977635 28.8426490539072 29.617623284756 31.1190538927672 32.2967158731026 33.7496107763296 36.3784311316196 38.2906122869235 39.7001648357933 41.1496553215987 42.3044504045368 43.7248419313576 44.6819950504471 46.1452322935983 46.6940921406645 47.9290303961932 48.9716489023337 49.8368287470408 50.2771044012428 -9999 -9999 -9999 -9999 -9999 -9999 -9999 -9999 -9999 -9999 -9999 -9999 -9999 -9999 -9999 -9999 -9999 -9999 -9999 -9999 -9999 -9999 -9999 -9999 -9999 -9999 -9999 -9999 -9999 -9999
8.62287696929825 8.81857689164787 9.10552099926481 9.55654925064393 10.6136666942695 12.4616880693313 13.9871355030308 15.2397874475888 16.4266835325208 18.2431314058599 20.5422613706614 23.0759235218767 25.3839980254858 27.6586328368221 29.1920779244558 30.2254479361623 31.386964997806 32.3346977551481 33.8993357227175 36.3149398323386 38.2877719563476 39.5417950861162 40.828502858055 41.7701533753733 42.9107804784493 43.8858140550854 45.1521946871769 46.5759250860362 46.9292573800811 48.249236938767 49.0316869151387 49.6217944737214 50.1671157407512 50.4883357443358 -9999 -9999 -9999 -9999 -9999 -9999 -9999 -9999 -9999 -9999 -9999 -9999 -9999 -9999 -9999 -9999 -9999 -9999 -9999 -9999 -9999 -9999 -9999 -9999 -9999 -9999 -9999 -9999 -9999
9.32976521823399 9.4421425423144 9.68024714054079 10.1205438274044 11.2935325015399 13.3587094622131 14.9806228590222 16.1798804486 17.4849472404755 19.201347952395 21.5897820411406 24.2888741345872 26.654786871254 28.8423638006141 30.4700489725628 31.9228456370826 33.0178992624401 34.253953184897 35.9983063455431 38.2787988945465 39.6989947455663 40.8046362923169 41.3365143871361 42.184588340471 43.2597802948953 44.1801063495152 45.0640083919923 46.6663268300773 47.4400410076887 48.0985495372199 48.7387707097046 49.445678596217 50.6363850325886 51.3882469361911 -9999 -9999 -9999 -9999 -9999 -9999 -9999 -9999 -9999 -9999 -9999 -9999 -9999 -9999 -9999 -9999 -9999 -9999 -9999 -9999 -9999 -9999 -9999 -9999 -9999 -9999 -9999 -9999 -9999
9.81970310065968 9.99373999008672 10.4186854478251 11.8235388434972 13.6805707509643 15.483471252048 16.8281837661875 17.9736237663473 19.2622559901055 20.7934918594851 22.9248937491792 25.347172634166 27.4656142603767 29.8169626264376 31.5101225596512 33.2995312749701 34.1266454181861 35.7029911759003 37.6341599772256 39.368564140062 40.6749085988405 41.4729583852675 42.0755442942252 42.5352652221788 43.3041280281768 44.2311009638901 45.9065272738749 47.3852001299522 47.5919555134748 48.1015189883467 47.9678314999778 49.0518184615808 51.1218863932255 51.7823667183233 -9999 -9999 -9999 -9999 -9999 -9999 -9999 -9999 -9999 -9999 -9999 -9999 -9999 -9999 -9999 -9999 -9999 -9999 -9999 -9999 -9999 -9999 -9999 -9999 -9999 -9999 -9999 -9999 -9999
12.9392357379491 13.4830993979044 14.5523395893449 15.6704693805885 16.9452902562736 18.1579028473176 19.3006688737476 20.2807886913555 21.3003124765142 22.6649921464959 24.642908585907 26.641822572216 28.7551117626415 30.6659294055682 32.8824047260556 33.9812245330922 35.4123813748036 36.951258275563 38.3111197682193 39.9682191974259 41.0204966160196 41.7898722435043 42.4049193501517 43.0685149394773 43.4385433811934 44.3903673502033 45.7451031804829 48.1632372586317 48.4246608917091 48.768312539472 47.9851470736047 51.2630599628587 -9999 -9999 -9999 -9999 -9999 -9999 -9999 -9999 -9999 -9999 -9999 -9999 -9999 -9999 -9999 -9999 -9999 -9999 -9999 -9999 -9999 -9999 -9999 -9999 -9999 -9999 -9999 -9999 -9999 -9999 -9999
17.0573241746519 17.6976518028952 18.4648945387655 19.2692451799666 20.2048012638851 20.9738775071393 21.7077490363986 22.483633864827 23.3189394747319 24.7223121379798 26.2799202941439 28.0250947798426 29.9666880104867 31.5403564533338 33.3561396245508 34.6399643582287 36.4584651533362 38.0167590050147 39.1338975611976 40.3629400054322 41.4166122484068 42.3648884709065 42.9253940695507 43.6001661414982 44.1447361842868 44.2978277050547 44.9419268909791 46.1903851961013 48.2912226428097 49.2400442182327 50.5017153104024 51.1942367515255 -9999 -9999 -9999 -9999 -9999 -9999 -9999 -9999 -9999 -9999 -9999 -9999 -9999 -9999 -9999 -9999 -9999 -9999 -9999 -9999 -9999 -9999 -9999 -9999 -9999 -9999 -9999 -9999 -9999 -9999 -9999
21.5322166884014 21.8661136163409 22.2405457617133 22.7194566663289 23.1447161411877 23.5539406333588 24.0717762867419 24.8959080197916 25.5323791686803 26.698674039131 28.1311351431616 29.7598120231791 31.1379299861662 33.0623758847931 33.8392996527283 35.2867710026474 37.1026804872404 38.5958978577549 39.5437959127361 40.7755734973615 41.638975313745 42.6456806453272 43.3224416138915 44.0373030929311 44.6269282948149 45.4390137683839 45.2932462369121 44.9117777460454 45.8952480946496 47.5772984904418 50.0982673846554 52.409536906786 -9999 -9999 -9999 -9999 -9999 -9999 -9999 -9999 -9999 -9999 -9999 -9999 -9999 -9999 -9999 -9999 -9999 -9999 -9999 -9999 -9999 -9999 -9999 -9999 -9999 -9999 -9999 -9999 -9999 -9999 -9999
25.3696128378283 25.4875292620788 25.5627467606231 25.2186093509624 25.5427121223862 25.7739134277692 26.1957807638317 26.9372548633154 27.6772932120211 28.804773587384 29.9983515992479 31.0981330730677 32.3237092452039 33.6995601436798 34.561953775255 35.7046928655735 37.572941060593 39.234143377728 40.6444677766494 41.6432867265786 42.3611016472138 42.8068776060397 42.8948562266716 42.9007148903406 43.3500923279239 46.520882859697 46.8654572630859 45.9637324269632 44.3080253314687 44.7533380586665 48.6850244831556 54.0961351116345 56.6777370586145 -9999 -9999 -9999 -9999 -9999 -9999 -9999 -9999 -9999 -9999 -9999 -9999 -9999 -9999 -9999 -9999 -9999 -9999 -9999 -9999 -9999 -9999 -9999 -9999 -9999 -9999 -9999 -9999 -9999 -9999
27.8173019940835 28.0014849374418 27.8930697419711 27.6168364164016 27.5657057701516 27.718772508915 28.112181870591 28.785354949853 29.6854996122288 30.6121815012824 31.3234915340212 32.2507239165428 33.7308554827067 34.3972630774201 35.5024048198876 36.4220261059143 38.125212943279 40.0915584910551 41.9272558807733 43.5075118798178 43.952687925238 43.1705970353672 41.898252776585 42.9026102866974 43.4094719811742 44.7249703535193 46.5549157586603 46.5626314054055 47.0446528467665 44.0569890941905 45.0945038281549 50.0585681189087 55.5994702715868 59.0255627118349 61.6446453635697 -9999 -9999 -9999 -9999 -9999 -9999 -9999 -9999 -9999 -9999 -9999 -9999 -9999 -9999 -9999 -9999 -9999 -9999 -9999 -9999 -9999 -9999 -9999 -9999 -9999 -9999 -9999 -9999
29.663207651542 30.225823060679 30.0960507395154 29.7240500689468 29.61912340609 29.6356960124072 30.1256312120884 30.6145019985345 31.3685974434217 32.0085676500096 32.9074233457263 33.8646964477953 34.5720369314049 35.4702133046654 36.3181719847904 37.2356477237617 38.985838598737 40.7507522883511 42.9061159993719 44.7013017850362 45.8528907944269 45.5368177867457 44.2254638448976 44.9858567946921 45.1895468407863 44.250333010482 43.7522308974795 46.2242100967347 47.0436185285167 46.4787848275946 45.496626408339 47.6059137919767 52.914350199223 56.4609467971867 -9999 -9999 -9999 -9999 -9999 -9999 -9999 -9999 -9999 -9999 -9999 -9999 -9999 -9999 -9999 -9999 -9999 -9999 -9999 -9999 -9999 -9999 -9999 -9999 -9999 -9999 -9999 -9999 -9999
29.4621944724878 31.7928115438339 32.5317718317432 32.1876889240741 31.7887089119923 31.7536517296595 31.990281837562 32.0950309062659 32.6671307063299 33.671825602322 34.3341384244017 34.2270584686368 35.1190650598332 36.0854739113872 37.0764231326062 37.9800235277317 39.680168413647 41.4184423787005 43.7994053508606 45.2507745165572 46.2563464918768 46.7342126413042 47.8969047444766 48.6009751128262 51.1337962755741 49.6126166531322 45.6639655731709 44.3151648096465 47.3502099189052 48.7507892704183 46.9835133710503 47.9637650307441 52.9929993078844 57.3769077238971 59.8869033262789 -9999 -9999 -9999 -9999 -9999 -9999 -9999 -9999 -9999 -9999 -9999 -9999 -9999 -9999 -9999 -9999 -9999 -9999 -9999 -9999 -9999 -9999 -9999 -9999 -9999 -9999 -9999 -9999
26.873229207725 31.587482561402 33.9782260127692 34.6383339513252 34.2359450188335 33.9410347620782 33.7939923762856 34.0012631556525 33.7008672117948 34.298361630214 35.0126927348922 35.8806427358482 36.7216125431732 37.1415405687282 37.4695722596382 38.3721661191712 40.1103790101505 42.0627112679718 44.451910933247 46.3305512110206 46.5890207500209 47.4385963272523 48.4520666466605 49.9803267319266 52.3663753033708 53.2854121757143 53.0895456721996 47.2283350418576 46.1482599967146 47.2598953051612 49.2059244712695 49.4685478516601 52.9546716281054 56.9085326036148 -9999 -9999 -9999 -9999 -9999 -9999 -9999 -9999 -9999 -9999 -9999 -9999 -9999 -9999 -9999 -9999 -9999 -9999 -9999 -9999 -9999 -9999 -9999 -9999 -9999 -9999 -9999 -9999 -9999
25.3854650004846 29.5253432612843 33.7628037651285 35.5777345249989 36.0420429908683 36.3098856343765 35.7169240199073 35.0265378808428 35.3921245640355 35.8969160944071 36.612263503086 37.1785759118954 37.8359811010738 38.5548515181766 38.4711480009815 38.7561894591908 40.084367543463 42.7193638564668 45.7834544335013 47.4267373068608 48.0583190570925 47.9393279947574 48.039211560782 49.8270445982975 52.8637680068958 55.5678611641643 54.9359630040347 52.602625513294 48.9314851343595 48.1575826211216 51.5718171404106 50.7891243663429 53.4024188443963 57.1282199444113 -9999 -9999 -9999 -9999 -9999 -9999 -9999 -9999 -9999 -9999 -9999 -9999 -9999 -9999 -9999 -9999 -9999 -9999 -9999 -9999 -9999 -9999 -9999 -9999 -9999 -9999 -9999 -9999 -9999
23.8376384764711 27.0615032840438 31.5233159327941 35.1237853145418 37.3176150293088 37.8501441508696 37.3157198485629 37.0730013762567 36.915640493257 37.2095774970342 37.7095931932184 38.315446575266 39.0465479745567 39.5211446660834 39.7053922854177 39.3649728892282 39.7620645329133 42.1743155385611 45.5443537979987 47.2888229640626 48.101866657261 48.2848418911716 48.4763178819414 49.4555621464258 50.9836313324682 53.8737044559892 56.9976916817144 53.8334609833304 52.4294144717866 50.9386363579039 51.3055891027756 51.5747308273769 54.0476139256835 57.4860286033011 -9999 -9999 -9999 -9999 -9999 -9999 -9999 -9999 -9999 -9999 -9999 -9999 -9999 -9999 -9999 -9999 -9999 -9999 -9999 -9999 -9999 -9999 -9999 -9999 -9999 -9999 -9999 -9999 -9999
22.3255800569471 25.6433950287042 29.5055770360749 33.9155124122627 36.6807948248212 38.7766562600049 39.0316722224163 38.1445134162455 37.7988571764097 38.1975603114026 38.6627549069242 39.4468768338036 39.9724051070115 40.756910468703 41.1296238083287 40.4680120171761 40.5054764767216 41.4869299158401 43.4582359870453 45.4300875701971 45.8332852566807 46.3391815089663 47.0493954594173 48.077756193702 49.7763304830095 51.6617959067507 54.5915024054008 56.5554477268278 55.7105772916923 53.034020939408 52.4712726592122 52.8857156611846 55.061923996022 57.9642802438475 -9999 -9999 -9999 -9999 -9999 -9999 -9999 -9999 -9999 -9999 -9999 -9999 -9999 -9999 -9999 -9999 -9999 -9999 -9999 -9999 -9999 -9999 -9999 -9999 -9999 -9999 -9999 -9999 -9999
20.8051487831987 24.3333753562513 27.7684385507084 31.6996362992835 34.7179732752716 37.3528107346185 38.7485951795939 39.0254422332645 38.787319915548 38.9739928197745 39.4187696161958 40.1603947512297 40.9557354206339 41.8385232430661 41.9276586090716 41.81795669341 41.0012250609621 40.6042154964442 40.7380390708528 41.6360081988307 42.6468177872676 43.4765677288346 44.3645049814528 45.9119006424943 47.8001053665427 49.7693375825603 52.3251884308753 55.2862793395951 57.3369436324705 55.7674073537071 53.4547001993118 53.2712994450332 55.289620771528 57.2281685420075 -9999 -9999 -9999 -9999 -9999 -9999 -9999 -9999 -9999 -9999 -9999 -9999 -9999 -9999 -9999 -9999 -9999 -9999 -9999 -9999 -9999 -9999 -9999 -9999 -9999 -9999 -9999 -9999 -9999
19.2026438823463 23.0734685616101 27.0503504502415 31.1516893015489 33.6205511177441 36.4051492568686 38.2783639182439 39.1838798842892 39.4281974511619 39.8021983245985 40.3282692387594 41.0550913829859 41.74651718306 42.1447353518022 42.5155715960129 42.7068881668449 41.7174594615581 41.9162628226009 41.7412752011996 41.8251082747331 42.2511941615909 42.4843048211615 42.6208759832161 43.3244458400017 45.6711218465357 48.2945599647763 50.9918954586598 54.0946339107606 56.2213029426216 56.5391447431861 55.8045777331463 54.4656259390998 59.9643390914396 61.1454284488999 -9999 -9999 -9999 -9999 -9999 -9999 -9999 -9999 -9999 -9999 -9999 -9999 -9999 -9999 -9999 -9999 -9999 -9999 -9999 -9999 -9999 -9999 -9999 -9999 -9999 -9999 -9999 -9999 -9999
17.7279404651771 22.0480922940023 26.4962368220223 31.5912737973135 34.0707291019843 36.75031569485 38.1228283395796 39.4073042961496 39.8793005113356 40.7247064411267 41.4015509137315 41.9595527756506 42.4054693941106 42.5854295289665 42.7221077101706 42.7452370998367 42.8869860461423 42.9403634663769 42.9874793789937 43.1280702229035 43.3182238481163 43.4380924674194 44.6067878855921 43.8744346113426 44.3454512622634 46.4433990969585 49.1579722479084 52.925861085163 55.3391724548241 56.7851209704635 57.222527511566 57.5691035529991 59.3313934600905 62.4245233253308 -9999 -9999 -9999 -9999 -9999 -9999 -9999 -9999 -9999 -9999 -9999 -9999 -9999 -9999 -9999 -9999 -9999 -9999 -9999 -9999 -9999 -9999 -9999 -9999 -9999 -9999 -9999 -9999 -9999
16.6417566093331 20.9699020930063 26.242212158062 31.4416334809782 34.8761864489222 37.2104740010982 38.4137098460399 39.7277610154197 40.7778288809742 41.4995834794743 42.2467747819635 42.3543041030338 42.462006848757 42.2338448369517 42.4278797929029 42.3958912114365 42.6733164609157 42.6262295296914 43.1736822932859 43.169462038536 44.2928437966988 44.3515769128744 43.9806864166492 46.2657452440655 45.9932014715166 45.6740040117067 47.7128988186598 50.3613911909614 53.8858864596362 56.2535830496115 57.9313755598483 59.929894224492 61.1699590463926 62.2131719074887 -9999 -9999 -9999 -9999 -9999 -9999 -9999 -9999 -9999 -9999 -9999 -9999 -9999 -9999 -9999 -9999 -9999 -9999 -9999 -9999 -9999 -9999 -9999 -9999 -9999 -9999 -9999 -9999 -9999
15.7589078680794 19.8208500677006 24.8403799389135 30.9876033316798 34.7645863049302 37.8520007470767 39.3698828885819 40.8934593028614 41.7835493335841 42.4646500270455 43.3896487065664 43.6533989218614 43.5161052620112 42.9207157017995 42.5661248691048 42.5194086233615 42.3970152140544 42.1468466980333 41.6678907998664 41.6428829547045 42.4986975217168 43.9650364344004 46.0232333537098 47.8977051995023 46.1553697298333 47.3206550341742 47.5385932690306 48.3881778038169 50.9967880259041 54.6325204783352 57.7829189328114 60.880799001317 61.8770352905851 -9999 -9999 -9999 -9999 -9999 -9999 -9999 -9999 -9999 -9999 -9999 -9999 -9999 -9999 -9999 -9999 -9999 -9999 -9999 -9999 -9999 -9999 -9999 -9999 -9999 -9999 -9999 -9999 -9999 -9999
15.5675502182143 19.0075109309742 23.3047564917639 29.405422956518 33.6327231928712 37.245974414821 40.0708141058777 41.7581212993407 43.0033622201294 43.7445306081769 44.6576342752179 45.1797133485527 45.6068356309385 45.1878093150593 44.6918011862042 44.8963150826342 44.0410949335728 43.0838876123978 42.7832026462497 42.3058643688877 42.2419117175426 42.6726849958195 43.909664378638 46.4776625015529 50.6236012435882 49.5878870882209 50.6126525784458 49.2561923302928 49.6929947429658 51.9650103462849 56.1220353215594 59.6494677982828 -9999 -9999 -9999 -9999 -9999 -9999 -9999 -9999 -9999 -9999 -9999 -9999 -9999 -9999 -9999 -9999 -9999 -9999 -9999 -9999 -9999 -9999 -9999 -9999 -9999 -9999 -9999 -9999 -9999 -9999 -9999
15.988631930346 18.2596250610307 21.3932947268572 26.0006197017305 31.968974031146 34.9468196812025 38.5148490209703 42.1830064395428 43.7155369076521 44.6717579151622 45.4598355673568 46.6762743214748 47.3439033163682 46.9818700267936 45.6304617028278 45.9007379904109 45.7755212737589 45.3341790616772 44.9109291171736 45.3042534143118 45.739765687546 44.4920150714609 44.3919926986581 45.5297989206628 48.7067922494525 50.8474929726111 53.7679652935598 50.5616440013555 51.5154815865213 52.8643395409636 53.6312667137093 -9999 -9999 -9999 -9999 -9999 -9999 -9999 -9999 -9999 -9999 -9999 -9999 -9999 -9999 -9999 -9999 -9999 -9999 -9999 -9999 -9999 -9999 -9999 -9999 -9999 -9999 -9999 -9999 -9999 -9999 -9999 -9999
