Rscript/monthly_maps/SnowDepthMapFile-mean-1989-06.asc
ncols 320 
nrows 361 
xllcorner 618410.159 
yllcorner 5088785.286 
cellsize 100 
NODATA_value -9999 
[rows 87 to 115 of 361, columns 66 to 131 of 320]
9.46397518700567 6.74198441669859 2.77377838924013 0.307350651971225 0 0.00136537926978078 0 0 0 0 0.00191727588916647 0.00448106897288355 0.443944733718346 3.94307666092083 6.74530190434949 9.82199079414894 16.0851978433543 36.8209814203197 51.0641142746498 72.7964894196083 94.8598355589242 107.252879175647 115.046853427229 116.572643280029 119.585987946083 121.577652701016 123.968692911082 125.586174389412 125.268319688994 127.420201646871 142.967435655923 166.893388295996 193.317337085461 225.994448809788 238.337521709245 239.13661844977 213.933417591555 206.85390317029 206.021788079163 221.112360518554 237.817076329527 234.030944881768 230.505934271319 213.015624120318 200.245954036713 180.811248919059 165.472004372498 151.645977490935 137.130647889499 127.513144197135 118.40058208334 113.42862806649 105.300626031284 98.7102738084464 89.1641802952207 81.8506134296286 70.7502243107763 62.4022794263116 53.4653921127319 38.2877737078173 30.7834027389 27.2245402171694 22.603514802867 19.7491226196289 17.5982943567736 16.3437070846558
10.5964477637718 8.16354909436456 4.16030048604669 0.613148195990201 0.0702690338266307 0.00229396542598461 0 0 0 0 0.000210206891442167 0 0.136181518949311 1.48367424668937 5.37729243574471 7.83912189253445 13.2505485271585 24.0506985845237 41.7871161329335 58.0456885633797 80.9695457590037 96.8324121606761 105.307068824768 108.005241525584 109.067236078197 110.398255644173 113.594493405572 114.682984121915 115.919088758271 124.043295149145 135.965087841297 157.342166801979 179.718600897953 206.64722152414 217.72826088708 213.71976456971 192.991904694459 179.135517531428 172.764700404529 176.845377478106 194.71271777153 218.039175107561 225.878657826062 215.017474585566 209.04377536116 194.091703965746 177.497553882928 162.862372686123 146.5338557342 130.435165339503 117.166597300562 110.619774851306 104.349296010774 95.0036156753014 86.1188709653657 79.5375594435067 67.1342447708393 59.7318587467588 46.5597208779434 32.3007012893414 28.183854168859 23.495803438384 20.2684501450637 18.3040893488917 16.5577132784087 14.5979056522764
11.9394073815181 8.36169713016214 5.153484582901 1.17777380450019 0.139038924513192 0 0.000434034471881801 0 0 0 0 0.000918517210360231 0 0.421928767500253 3.8288521602236 6.84883683303307 9.78354506657041 15.7625012562193 33.6121364133111 49.7220226156301 67.9511332347475 85.892219740769 93.6359431496982 97.8401851325199 99.6508982757042 101.140851135912 103.935045340966 104.732053723829 105.672481273783 117.132953051863 129.768282540913 151.403699373377 167.3380215168 187.156519832282 195.157453290347 195.086075643013 177.80794145321 166.878333585016 155.963671618494 154.293593431341 157.820796982995 174.073581481802 193.053467643672 201.269038175714 205.234698657332 191.815461224523 191.668606174403 176.92055643838 162.149239527768 140.808207084393 120.088765637628 109.256660066802 103.169416493383 93.848894152148 85.2519168031627 75.9508854438519 64.7604647669299 55.1457693823453 40.7519727986434 31.019626551661 26.7366858515246 21.227683494831 18.5684404373169 16.8168697357178 15.2999946002302 11.9615179423628
13.1301314255287 8.31456655469434 5.82526254653931 2.0902257458917 0.274140275757888 0 0.00113427587624254 0 0 0 0 0 0 0.154494006058265 1.87260292316305 5.30366223433922 8.39214741772619 13.5747452768786 19.8804214740622 41.3007698716788 57.9403353395133 73.2022034875278 81.0428059018891 82.5644324401329 84.0889438102985 86.6986001771072 91.2745101534087 94.6879199126671 98.6544751134412 106.962928771973 125.566835432217 138.476493317505 155.61666764062 163.065077822784 167.435994353788 172.309889933159 164.771264594177 152.978500785499 146.08116487799 137.331991154572 135.394996084016 143.850950347966 157.15968898247 165.647814857549 168.912992329433 174.99858200139 183.458019947184 175.302267954267 175.604396737855 158.866088661654 135.747433432217 116.055535020499 105.058874130249 97.296162638171 85.754762123371 74.8687731150923 63.3308907212882 53.2107014820494 37.6098110100319 30.2149968640558 25.6183185248539 20.5310360480999 17.5442874842677 16.0791534555369 13.6717929511235 9.71222702388106
15.4961290359497 8.87324718360243 6.47474476386761 3.2671416710163 0.399031408901872 0.0449655878132787 0.00205717235803604 0 0 0 0 0 0.00129593099499571 0.0292325513116245 0.561402287976495 4.23484221820174 7.90486119944474 11.2553027416098 17.3625512616388 31.8598383459552 49.6995202631786 62.119046342784 67.9748725233407 68.8717724372601 71.031908824526 73.2890927216102 76.4668976356243 84.9774522452519 91.7176316359947 99.9615853737141 116.991927640191 127.48303048364 135.854700055616 139.174052189136 143.071231718721 147.503233967156 142.326297603804 138.921398758888 134.557913866536 130.36821930984 125.709322863612 127.615115198596 133.333084702492 132.147688631354 132.15094082931 137.595065589609 146.357781558201 162.105647498164 175.243272653941 172.32022672275 156.888145874287 133.685816172896 116.211648480646 103.961540139955 90.257747189752 75.1229548618711 64.0261481712604 52.8622672804471 39.8622543071878 30.7861656320506 25.5792325447346 19.449004502132 16.7164401679203 15.19519990066 11.7220883862726 7.82226108682567
17.6283183262266 10.1013117453148 7.75018264507425 5.02817221859406 0.768792119519464 0.137227757223721 0 0.000517344840898596 0 0 0 0 0.000252724143451658 0 0.378166198730469 3.17329459354795 6.91533299150138 9.90921392934076 14.0255000673491 19.795026285895 38.0224028784653 50.6459858335298 54.1744523706107 54.3897287105692 55.2421379089355 59.4642318199421 67.0881456835517 72.8543109071666 85.8447071601605 94.2311123486223 100.508634665917 109.148035049438 118.153694678997 123.720905928776 125.943763589037 126.195534677341 123.210340547151 118.866555624995 115.994294363877 114.737261410417 114.068923983081 115.174230904415 115.712606561595 110.511907906368 104.854568415675 104.196844824429 114.088281565699 126.296932088918 146.39863297035 163.230718834647 157.551218032837 144.920477686257 129.445997961636 113.566445778156 101.810791377364 83.4769770523597 68.936193926581 56.8263164470936 45.7804035647162 29.8545682841334 25.9473480685004 19.1878596667586 16.5120335611804 14.7751954506183 10.7777638764217 7.12312793783073
23.7158797033902 13.4048407982136 8.5149641838567 5.5699354944558 2.11498648544838 0.309387963393639 0.0116129651151854 0.00162358620557292 0 0 0 0 0 0.00189920694663607 0.109919375386731 1.40321938744907 5.26953382327639 9.14364744440235 11.187441957408 15.9355642713349 22.9588533598801 33.2120319234914 39.5943137366196 39.4913771070283 41.7151141824393 48.1991109848022 53.9583240706345 64.281664683901 72.0280603869208 81.5022174243269 89.7684454424628 92.662305305744 98.9100921893942 106.759074605744 111.687834575258 107.569312194298 101.887920905804 98.2769633161611 98.752506815154 99.4380550055668 99.2301241118332 100.24019111436 100.412827557531 96.5657627500337 92.4770545630619 90.3808622689083 92.6134257809869 99.329832142797 115.188703175249 132.902736400736 138.993554279722 135.591321287484 126.551058078634 117.427913978182 105.584838801417 95.1395408367289 79.8568601279423 65.3790735376292 52.8372505122218 35.3018064827755 27.2628510573815 20.6742905912728 16.7563193091031 14.9230210863311 11.5720377297237 7.21004896893584
31.5638536913642 18.203912899412 10.1029487560535 7.26152628865735 3.89878896366933 0.577733204282563 0.100164273689533 0 0.000530724124661807 0 0 0 0 0.000555931044549778 0 0.37860212654903 3.92537860212655 6.94082151610276 9.90520094180929 11.7469352771496 17.1715428911406 23.771199390806 25.9708246691474 26.4095570465614 26.9451566235773 31.6858825519167 44.6723417413646 51.7692603571662 58.8513150708429 62.2661322396377 70.1046406976108 78.4497692173925 87.3627301577864 96.2227395485187 99.5408950674123 97.3136398052347 90.3627008569652 86.0062639959927 86.500837654903 85.8802901958597 86.0712533819264 88.2956733703613 89.900924255108 87.073495437359 79.8470699376073 76.5667732830705 80.1099960392919 86.6648396459119 95.7126344812327 108.867788183278 113.194062528939 110.189314085862 104.570205984444 102.242730305113 101.431194108108 97.1789538284828 83.3392158047906 72.9231234912215 56.2784096454752 43.1345218954415 27.8316049904659 22.8972387642696 17.6950006156132 15.5596309530324 13.0746176489468 8.09482708470575
38.3390877164643 23.620135307312 12.4852380094857 8.90362793592544 5.24913916916683 1.60221889101226 0.299798176206391 0.0111461035136519 0.00170468962911902 0 0 0 0 0 0.00206241384148598 0.116094169945552 1.09493331251473 4.93109752340563 7.69847118443456 10.4214806248402 12.3701423365494 16.0012360276847 18.7606300485545 20.5059487244179 22.6813209796774 24.0269945407736 27.9689381698082 38.8629936185376 42.3289235213707 46.7499407735364 55.2340137876313 60.7373644072434 70.4965032380203 81.4258855951243 87.4377745266618 86.5124956657147 76.5446542871409 70.1709043239725 66.6572966082343 66.4179594105688 66.5266310922031 69.0217470629462 71.36493853865 69.9797079809781 66.9830088944271 65.0734268385789 65.4843299799952 71.913409002896 84.6010835252959 95.5693748079497 98.6293096213505 94.0808796060496 87.9645507746729 81.3664020012165 77.5361886188902 76.4759741816027 78.829266778354 72.7482445486661 61.2500187775184 46.3346478856843 29.6123156711973 24.8556073287438 19.7880512763714 17.086604611627 14.8536237519363 10.2969741985716
40.5085336750951 26.7892311688127 15.7887963919804 10.4139893877095 7.40008270329442 3.53102835293474 0.572635979487978 0.110924071279065 0 0.000906827570549373 0 0 0 0 0.000300137936298189 0 0.244575697800209 1.66454739406191 5.13823712694234 7.94421388363016 10.5796205822764 11.9668949924666 13.5047744307025 14.9664544072644 16.2582883505986 18.2410029707284 21.21438259914 21.1353552094821 23.5186793886382 31.2185900540187 41.8045392200865 48.044150500462 55.4535194265431 59.73949914143 63.1523096643645 65.7143389767614 61.4661129425312 55.5843703500156 51.2345532384412 50.5104476172349 50.9398963040319 52.6690178246334 54.178390437159 54.1947944575343 52.9783649280153 51.3673019080326 53.4165618173007 59.079950069559 68.0769784532744 81.2173600361265 87.0686545207583 82.3540187704152 71.8959941864014 66.296541953909 61.249942056064 57.7138456147293 57.5019217030755 58.9424473088363 56.0152807564571 44.6213265862958 30.8011893568368 26.9774396501738 22.1902646689579 18.97146728121 16.3918683939967 12.8042907714844
40.8956568487759 28.0993627350906 18.5338934207785 12.7186257592563 9.92142489860798 5.66959118020946 1.90472346338732 0.285538640515558 0.0612978277535274 0 0.000323000010745279 0 0 0 0 0.00101696552130683 0 0.325911061517124 1.65670746770398 5.02515089100805 6.97727427811458 9.49074071029137 11.2061396302848 12.5397038809184 13.0907900292298 14.0101491007312 14.9298600492806 16.1304411723696 17.8045932506693 19.7070297372752 22.4635878924666 31.9572450539161 39.2712999212331 40.7576879180711 42.3349773801606 45.3296702812458 45.6451419098624 42.2159184751839 35.7353985391814 32.910241620294 33.4192155394061 35.5313265076999 38.5843435155934 36.9690804974786 36.5295872523867 35.8703190129379 40.9959972151395 45.0644081029399 53.2180692409647 66.2928833468207 72.6355389068867 72.2594640337188 62.3304559608986 54.2292950564417 48.5159214282858 44.0141182274654 39.9292008136881 40.7692618534483 39.5527074254792 33.0813578243913 30.0314753959919 27.2165778916458 23.1354211281086 19.6680882223721 17.1645653823326 13.6265399209384
38.906896229448 28.1277018579943 19.6001571786815 14.5837921931826 12.5215980266703 8.45339735623064 4.70988240735284 1.32582463889286 0.269758750652445 0.0358768948193254 0.0018478276143814 0 0 0 0 0 0.00113737929997773 0 0.201102240332242 1.04065829309924 3.66657322850721 5.52474027872086 6.9048834422539 9.11192611168171 10.9750934469289 11.4118473812424 11.6874594935055 12.5695074837783 13.349414143069 14.6849280061393 17.3310982605507 18.7475873026355 18.4774747716969 17.9939369990908 20.0468659236513 24.2827725246035 24.6516014625286 21.9900576163983 21.0880706063632 20.5653915734127 20.4338366738681 20.6635077246304 20.906631206644 21.5853419797174 21.9522266881219 22.6879182355157 23.6488140040431 28.6983618242987 41.459101380973 49.4848499709162 56.621344336148 61.0760391991714 54.6214666037724 45.1095662281431 31.0217808032858 26.2331234504437 24.4802366454026 23.4356551992482 24.1027117104366 25.8393320872866 25.114881318191 22.6027647873451 20.2794913259046 19.0095612427284 16.9990432015781 13.57649125724
34.1645111873232 27.6882029895125 20.651181089467 16.2157681234952 14.6797694502206 11.7007672704499 7.26586935026892 4.32381439208984 1.14510519751187 0.225879521205507 0 0.00030755171359613 0 0 0 0 0 0.000573965496030347 0 0.102836411574791 0.335279333180395 1.45013306058686 3.52074695455617 5.01174621027091 5.95576189509754 7.68258646438862 9.25732435029128 11.2149010033443 12.1461637122878 12.360485927812 12.775032216105 13.2523315774983 13.2377586611386 13.4619387758189 14.5246674767856 15.6418962478638 16.2580482877534 15.5428910091006 14.5369990118619 14.4981093899957 14.5673659423302 15.1878712423917 15.5555405781187 15.1806443313072 15.2677078575924 15.6033082830495 16.9797893063775 19.3798349643576 21.1820567229698 30.1916424940372 41.2738796431443 46.6675600841128 43.1081837456802 30.5574146796917 26.1624551312677 22.4421416644392 18.5101148671117 16.0756853695573 15.4397795775841 15.3802407363365 16.197143916426 15.3723408929233 15.140998116855 15.0106979896282 14.5057304316554 10.8086897915807
32.7117889009673 27.8757947395588 21.8828822826517 17.8505962634909 16.3699319444854 14.6931591033936 11.2108116314329 6.90304017066956 3.45735365768959 0.504390749438056 0.0507168605409819 0.00128541372973343 0 0 0 0 0 0 0 0.00187851719815156 0 0.158350681436473 0.305750057615083 0.70381079048946 2.29715248634075 4.16378810487944 5.62628584946024 6.96373740557967 9.64242090027908 11.1067879117768 11.2770164259549 11.3922988792946 11.4376064826702 11.4706759411713 11.6099041042657 11.4028190251054 11.1328743531786 10.985547702888 11.2936321928583 11.6861580014229 11.9223363132312 12.1922400038818 12.6410657784034 12.6714980314518 12.1702833093446 12.36068021429 12.8521080345943 14.441887263594 15.9639185872571 18.2175215359392 20.0424023332267 24.1280069022343 26.854731921492 26.155189908784 21.5815808526401 16.9784403504996 14.7673809117284 12.9884549708202 11.921148090527 11.2787383280951 11.671078096176 11.5413382032822 11.1929720845716 10.0779295625358 8.74307878264066 6.11803078445895
34.3002734348692 29.6991077949261 24.8244861076618 20.1583701166613 17.4101496729357 15.820984939049 13.9740299027542 10.0950254571849 5.52139304681071 1.15231352838977 0.135078726143673 0.00219713793746356 0 0 0 0 0 0 0 0 0.000929586203961537 0 0.0147076208015968 0.111690348592298 0.279809886011584 0.479670952106344 1.60983592066272 3.97986839557516 5.6400570206601 6.53082486678814 7.69670481517397 8.23717362305214 8.89261225996346 9.23637866973877 9.71276289841224 9.37854036791571 8.70395566677225 8.21271820726066 8.03757327178429 8.09401327988197 8.41589832305908 9.15167009419408 10.1504818324385 10.0609499503826 9.82689633862726 10.6336841583252 11.45792796694 12.0300290214604 12.4377140423347 12.2800831548099 13.0146298244082 15.3985676929869 17.3556818139964 17.4465463572535 14.9118391892006 13.7856271678004 12.3870037799251 11.0982596298744 9.13067416487069 7.94252081575065 7.21772436437936 6.02775987263384 5.29990452733533 4.68564344993953 3.15632675433981 1.51101569471688
41.750086291083 31.1012420654297 28.2847522867137 23.4629654719912 19.4153894884833 17.1482339069761 15.0678908578281 12.2790955017353 6.8465784993665 2.3200688197695 0.353082426663103 0 0 0 0 0 0 0 0 0 0 0 0.00113958621333385 0 0.00846303434207522 0.0700116239745041 0.231942028834902 0.508315612529886 1.48909789118274 2.87418102395946 3.94903288216426 4.33712268697804 4.65342370395003 4.95104420544772 5.10512778085881 4.91338064829851 4.51143153525632 3.82100743260877 3.43353021555933 3.37994226916083 3.87295453301791 4.57776483996161 4.83986024224553 5.11682759687818 5.02572970015222 6.08061954892915 7.88515918008212 10.1568057783719 10.9654132579935 10.7877639490983 10.3583977058016 10.6536554180343 11.2504064625707 11.5738599423704 11.3533536586268 10.5845093233832 8.36020938281355 5.72261992199668 4.88117967802903 3.81221218766837 2.77624143403152 1.74966838442046 0.651914004621835 0.285168516224828 0.147293616985453 0.0434872775242246
51.1321176002766 39.0404640066213 30.6284040253738 28.5394703766395 25.0685430066339 20.5711004487399 16.646373617238 13.2947729702654 9.08138245549695 4.29543901543165 0.562806030799603 0.0466374487712466 0.00116034481545974 0 0 0 0 0 0 0 0 0 0 0 0.000786034454559458 0.00221334474867788 0.0089575864117721 0.0772114128902041 0.172522100909003 0.297092273317534 0.30621311582368 0.3708564166365 0.410722633887982 0.446245686761264 0.448017153246649 0.386325934837604 0.270036384977143 0.339599905342891 0.232568477762157 0.216508421404608 0.331381172969423 0.289485175034095 0.40220517125623 0.46763433259109 0.583079305188409 1.58994187979863 3.96006038271148 5.50999271818276 5.88593876772913 6.17327024196756 7.13986053960077 7.83272246656747 8.17265503982018 7.8374745928008 6.66227598848014 5.11348947985419 3.83000511958681 1.6945629119873 0.538527192740605 0.33033509090029 0.164783938177701 0.0835942071059654 0 0.00181062069946322 0.000214068957700812 0
61.3561404244653 51.2591134104235 41.0752628589499 32.2208280070075 29.9485620301345 26.5614451704354 19.1216189943511 14.2900034805824 11.0946440861143 5.5903222273136 1.56043388103617 0.233565544259959 0 0 0 0 0 0 0 0 0 0 0 0 0 0 0.000828620688668613 0.00196734481844409 0 0 0 0 0 0 0 0 0.00157072407932117 0.0010648620925073 0.000750965535126883 0.00073689652671074 0.00109024140341529 0.00164665512997529 0 0 0 0.110340274613479 0.312608817528034 0.642767939074286 1.4624097758326 2.13589898471175 3.03868898852118 3.96214189200566 4.19454548276704 3.57136522490403 2.14216949199808 0.666246874579068 0.288198668381263 0.110104445753426 0.00970337925286129 0 0.00121713789372609 0.000037620691100842 0 0 0 0
69.88602523146 61.7765411755134 53.3082677578104 45.7612113377144 35.4689792435745 30.2911305263125 24.0269580709523 16.3849043681704 11.957803693311 8.47820459563157 4.06144224569715 0.634565682246767 0.091760306522764 0.00180317243111545 0 0 0 0 0 0 0 0 0 0 0 0 0 0 0 0 0 0 0 0 0 0 0 0 0 0 0 0 0 0 0 0.000462275865519869 0 0.00873696598513373 0.0621482051652053 0.124173550770201 0.244466830944193 0.29226697724441 0.277235524407749 0.344765564491009 0.121793656513609 0 0 0.000590896555061998 0 0 0 0 0 0 0 0
79.2092771859005 68.9195890097782 62.4148668338513 57.2264350693801 50.7214971081964 37.9334612221553 27.4073412665005 18.9758793732216 13.1724769986909 10.3637125379053 6.20558356416637 2.4464471751246 0.411841030778556 0.0502131026366661 0.00133800005604481 0 0 0 0 0 0 0 0 0 0 0 0 0 0 0 0 0 0 0 0 0 0 0 0 0 0 0 0 0 0 0 0 0 0 0.000607724140944152 0.00146417242699656 0 0 0.00183741375803947 0.000716620670824215 0 0 0 0 0 0 0 0 0 0 0
86.1452766615769 78.3234685700515 71.3624164318216 65.0912299978322 58.8205651003739 49.8866899753439 33.6155834526851 24.003214573038 16.2141536186481 11.7151008145563 9.58307562203243 5.31268033488043 1.82115232533422 0.361548719734981 0.0447198974675146 0.0011906206350902 0 0 0 0 0 0 0 0 0 0 0 0 0 0 0 0 0 0 0 0 0 0 0 0 0 0 0 0 0 0 0 0 0 0 0 0 0 0 0 0 0 0 0 0 0 0 0 0 0 0
99.5118435169088 90.9540322731281 82.5221601683518 76.971511906591 71.882325040883 61.7365183336981 49.3878649678724 29.7791663202746 21.0004763767637 14.6292087291849 11.1832042233697 9.11762073122222 5.37235703961603 1.8437600629083 0.358198955141265 0.0401709655235554 0.00115151729049354 0 0 0 0 0 0 0 0 0 0 0 0 0 0 0 0 0 0 0 0 0 0 0 0 0 0 0 0 0 0 0 0 0 0 0 0 0 0 0 0 0 0 0 0 0 0 0 0 0
116.042900019679 112.049904231367 106.108809635557 97.319385890303 86.1437890282993 76.8839317847942 63.0265960035653 48.6530021799022 27.7033838732489 20.3195378204872 14.1829444951025 11.7682913089621 9.17182838505712 5.55828529801862 1.71587299478465 0.28715025145432 0 0.000959758614671641 0 0 0 0 0 0 0 0 0 0 0 0 0 0 0 0 0 0 0 0 0 0 0 0 0 0 0 0 0 0 0 0 0 0 0 0 0 0 0 0 0 0 0 0 0 0 0 0
134.289076048752 124.215444367507 115.962761352802 104.365767840681 94.0455940509665 83.9494299888611 70.7168288066469 57.9605287683421 40.6832193177322 27.1852286766315 18.6187336691495 14.1408561509231 12.0617430950033 7.90822905507581 4.2083766542632 0.749126565867457 0.169383410749764 0.00848817260100924 0.00132006894925545 0 0 0 0 0 0 0 0 0 0 0 0 0 0 0 0 0 0 0 0 0 0 0 0 0 0 0 0 0 0 0 0 0 0 0 0 0 0 0 0 0 0 0 0 0 0 0
132.45980742882 122.021904254782 110.830792525719 99.8292698038035 88.8951897456728 80.491866276182 69.098905004304 60.1931991906002 43.457329737729 29.7576160430908 22.6934324461838 15.8282978781338 13.4391643589941 9.86773760565396 5.46609303201067 1.78075310279583 0.343676797274885 0.123551105630809 0 0 0 0.00121486212672858 0.000107034478850406 0 0 0 0 0 0 0 0 0 0 0 0 0 0 0 0 0 0 0 0 0 0 0 0 0 0 0 0 0 0 0 0 0 0 0 0 0 0 0 0 0 0 0
125.660280753826 114.557017030387 104.482377578472 92.4866462247125 83.122216389097 73.6162235654634 63.4618202571211 53.1651789566566 38.3454396806914 29.7573739413557 23.309919784809 17.1030427669657 14.3884043529116 10.8224202846659 6.58636237321229 2.83366065189756 0.712259095290611 0.317989546677162 0.300601268636769 0.217051210074589 0.168778041313434 0.120891965668777 0.0412817576835895 0 0.00109027583023597 0 0 0 0 0 0 0 0 0 0 0 0 0 0 0 0 0 0 0 0 0 0 0 0 0 0 0 0 0 0 0 0 0 0 0 0 0 0 0 0 0
124.138383010338 112.57000640343 101.962327529644 90.3813638687134 82.3172102632194 70.7373407626974 62.2456540403695 49.897754060811 34.7688765032538 28.8929731434789 22.7452928937715 17.4506443944471 15.0599714147634 11.7450127930477 7.72731960950227 4.39049806265995 2.04888054420208 0.856407889004411 0.791020557798188 0.841941241560311 1.13938938338181 0.814212667530981 0.60879792838261 0.295978315945329 0.142003108715189 0.0498829299005969 0 0.00128531032081308 0 0 0 0 0 0 0 0 0 0 0 0 0 0 0 0 0 0 0 0 0 0 0 0 0 0 0 0 0 0 0 0 0 0 0 0 0 0
125.704567744814 114.580634741948 103.715776180399 90.559692021074 81.906250920789 69.7112223526527 60.4595256016172 46.1958480045713 33.0480436127761 28.5463661983095 22.0614959782568 17.8910259378367 15.9234004842824 13.2088745709123 8.8120526568643 6.08405849851411 4.51757786191743 3.49856909390154 3.60520119502627 4.21314278964339 4.70653691785089 4.6196728410392 3.90998985027445 2.60265777850973 1.50348725812188 0.75541483122727 0.384299968851024 0.119204759597778 0 0 0 0 0 0 0 0 0 0 0 0 0 0 0 0 0 0 0 0 0 0 0 0 0 0 0 0 0 0 0 0 0 0 0 0 0 0
128.086353367773 116.018066143167 104.480082709214 91.4415344369823 81.3229229368012 68.7249696336944 59.5794238386483 45.2825923788136 33.1396141709953 28.9024997250787 22.5252843067564 18.7889372726967 17.2329193312546 15.2648641980928 11.7871958798376 8.26151492883419 7.31092462406076 6.31098312653344 6.5829745931872 7.1290027144654 7.62940214420187 8.3748887242942 8.37381580780292 7.63763227133915 6.36012089663538 5.3850158116427 2.92586010900037 0.700505947244578 0.145062068413044 0 0.0000148620687280621 0 0 0 0 0 0 0 0 0 0 0 0 0 0 0 0 0 0 0 0 0 0 0 0 0 0 0 0 0 0 0 0 0 0.000301172410876586 0.0012622758232314
