Rscript/monthly_maps/SnowDepthMapFile-median-1990-01.asc
ncols 320 
nrows 361 
xllcorner 618410.159 
yllcorner 5088785.286 
cellsize 100 
NODATA_value -9999 
[rows 200 to 224 of 361, columns 56 to 111 of 320]
1247.43273925781 1264.93481445312 1246.375 1218.31762695312 1149.86596679688 1080.91369628906 1039.81909179688 989.752807617188 938.2177734375 880.304443359375 843.585571289062 834.758483886719 833.897094726562 830.226745605469 817.028503417969 808.361755371094 787.3251953125 750.5078125 712.178466796875 699.634338378906 686.990905761719 673.222900390625 664.068908691406 639.892211914062 584.868286132812 508.823699951172 464.775421142578 438.915161132812 434.705139160156 434.694244384766 436.4248046875 434.281555175781 432.477172851562 438.463592529297 455.992218017578 464.828063964844 482.271911621094 481.614379882812 468.419982910156 454.179016113281 441.692657470703 421.660583496094 406.257507324219 406.253936767578 416.361267089844 431.969757080078 439.181945800781 453.774780273438 466.450256347656 473.257965087891 475.421356201172 479.148803710938 485.351501464844 495.512237548828 500.895660400391 503.019592285156
1251.85766601562 1260.34069824219 1248.89611816406 1199.65795898438 1141.76611328125 1068.93823242188 1037.50354003906 1022.36651611328 991.808715820312 934.175476074219 878.09765625 829.381042480469 803.728088378906 793.211791992188 802.114990234375 808.326232910156 802.207763671875 772.3232421875 753.373413085938 723.089477539062 715.108642578125 706.258911132812 699.796447753906 641.555541992188 554.3203125 507.870758056641 481.385192871094 437.963989257812 419.558715820312 413.894989013672 416.519775390625 408.149017333984 400.49755859375 397.453155517578 401.134765625 414.973907470703 423.877380371094 425.952087402344 419.07861328125 411.151123046875 391.701751708984 377.120208740234 358.297027587891 353.914520263672 360.073028564453 371.764190673828 389.426300048828 409.797241210938 415.702880859375 438.685974121094 440.105285644531 435.057556152344 440.820281982422 448.134216308594 453.160552978516 453.617370605469
1250.26733398438 1250.76452636719 1239.24450683594 1204.6591796875 1146.29602050781 1079.01525878906 1037.43713378906 1028.72180175781 978.647644042969 974.831909179688 923.282958984375 866.66650390625 837.166076660156 828.431396484375 837.877319335938 845.069030761719 838.862060546875 815.23486328125 787.414306640625 774.615173339844 752.167236328125 729.305053710938 705.174377441406 664.010986328125 571.64306640625 505.194244384766 464.460906982422 448.5810546875 434.217376708984 425.904968261719 417.554809570312 406.455963134766 397.567626953125 389.697326660156 377.488067626953 379.925964355469 381.834930419922 384.765228271484 380.597534179688 369.299468994141 344.940368652344 312.637603759766 275.054656982422 256.277496337891 276.818786621094 297.229217529297 331.537200927734 361.699645996094 379.072448730469 387.715362548828 393.689392089844 396.963134765625 397.344848632812 399.464233398438 403.812744140625 406.522888183594
1250.7197265625 1238.15148925781 1226.13708496094 1194.04626464844 1148.4755859375 1100.8984375 1062.666015625 1032.23022460938 993.394653320312 946.464294433594 918.075317382812 907.479675292969 878.274963378906 879.813781738281 852.078247070312 879.72607421875 856.22265625 845.105651855469 806.269897460938 778.050048828125 755.18212890625 741.454162597656 713.266784667969 671.019714355469 596.118041992188 493.872344970703 467.778869628906 438.773468017578 435.382934570312 423.865539550781 411.877166748047 407.191558837891 390.237518310547 373.109405517578 354.790435791016 350.690826416016 347.452880859375 341.024749755859 319.067413330078 282.972290039062 234.672439575195 185.969635009766 144.057388305664 138.819091796875 139.293762207031 167.065200805664 206.520233154297 244.066604614258 281.001129150391 311.626708984375 323.745086669922 329.193237304688 328.780456542969 334.158752441406 344.443695068359 360.247833251953
1236.10205078125 1207.82897949219 1194.72326660156 1158.39233398438 1139.67138671875 1116.66857910156 1089.00549316406 1033.19311523438 990.401489257812 936.258056640625 907.283264160156 907.479064941406 902.430541992188 885.5615234375 901.051025390625 888.682739257812 873.686462402344 850.129333496094 822.253112792969 798.511169433594 787.071411132812 788.913696289062 763.753784179688 697.137023925781 627.769897460938 507.151306152344 467.246215820312 439.939331054688 432.211364746094 416.682983398438 401.957702636719 385.463012695312 354.419097900391 331.962127685547 311.152557373047 293.572570800781 296.812347412109 276.859802246094 247.61962890625 205.813095092773 177.863204956055 160.113265991211 140.015930175781 123.142097473145 115.540260314941 116.910354614258 124.382659912109 127.667991638184 140.929489135742 173.933563232422 187.328674316406 191.938537597656 190.300033569336 197.39143371582 218.14143371582 246.749633789062
1208.25073242188 1179.41162109375 1152.57165527344 1121.3935546875 1112.17309570312 1095.74951171875 1084.56518554688 1049.74853515625 993.643188476562 954.583557128906 934.333312988281 940.6533203125 916.8681640625 910.21240234375 894.44775390625 888.391479492188 888.923828125 887.178466796875 887.490051269531 885.086120605469 882.262145996094 845.236083984375 801.146240234375 724.829528808594 647.220275878906 556.561950683594 480.261383056641 452.928894042969 438.784881591797 429.388000488281 415.736145019531 398.792327880859 375.477355957031 351.787750244141 339.447540283203 326.67919921875 297.816711425781 268.574981689453 235.942031860352 200.597671508789 185.888427734375 159.565948486328 148.491333007812 135.035446166992 124.962120056152 122.342903137207 114.822769165039 115.18367767334 117.576080322266 117.90633392334 111.179626464844 111.000732421875 110.991767883301 115.217132568359 120.90446472168 120.361419677734
1156.84375 1136.30163574219 1117.88134765625 1107.123046875 1111.314453125 1108.67407226562 1099.96838378906 1063.98181152344 1027.63818359375 995.728759765625 968.956176757812 957.07568359375 919.388427734375 897.50146484375 889.822326660156 907.1396484375 920.432373046875 944.026611328125 947.166442871094 962.509765625 939.305786132812 888.006103515625 798.859436035156 732.822326660156 665.933715820312 597.258117675781 497.820129394531 475.716857910156 450.919677734375 446.013305664062 434.718048095703 426.458557128906 420.235260009766 412.852691650391 400.470031738281 395.042938232422 378.268463134766 341.672760009766 301.784088134766 248.605285644531 201.086318969727 184.20458984375 171.548767089844 160.121673583984 152.784713745117 141.360809326172 124.664192199707 116.563606262207 121.28352355957 114.913696289062 111.58260345459 108.484550476074 103.91276550293 103.786979675293 99.5695724487305 98.7513275146484
1107.47790527344 1107.46301269531 1126.68005371094 1134.59094238281 1130.75073242188 1128.24133300781 1105.84936523438 1101.17614746094 1053.79406738281 1016.49163818359 966.173706054688 924.498901367188 911.3828125 901.296752929688 913.709411621094 955.873107910156 994.819946289062 1016.15246582031 1002.46069335938 984.9990234375 929.136840820312 873.808044433594 798.882568359375 750.399963378906 689.66943359375 636.0927734375 526.514892578125 499.429107666016 480.161468505859 463.330932617188 457.790863037109 448.357421875 441.651123046875 439.847198486328 437.089813232422 429.915893554688 416.233825683594 403.813781738281 392.457153320312 361.349975585938 305.411285400391 250.9462890625 197.106231689453 179.706726074219 157.250091552734 151.686630249023 147.195053100586 142.704223632812 138.786163330078 134.884124755859 116.907859802246 111.681076049805 108.496047973633 85.5757141113281 81.2324295043945 77.8037796020508
1116.29675292969 1144.04748535156 1159.20764160156 1154.1845703125 1145.60668945312 1140.55981445312 1114.16906738281 1084.86889648438 1055.13928222656 1003.68914794922 949.227233886719 916.688720703125 913.176696777344 930.723999023438 982.260498046875 1058.25720214844 1083.51611328125 1072.55651855469 1012.65594482422 964.640380859375 925.318359375 878.923950195312 820.657470703125 770.911315917969 710.552612304688 663.169677734375 580.27783203125 517.429443359375 509.188018798828 500.048156738281 487.351013183594 482.693481445312 478.300750732422 477.399169921875 479.800201416016 479.569183349609 469.334075927734 454.871215820312 433.048736572266 414.959747314453 401.586578369141 379.059265136719 337.694915771484 282.325988769531 225.447830200195 184.458923339844 163.399963378906 156.313018798828 159.738616943359 147.509918212891 135.907272338867 129.969421386719 125.832649230957 89.636604309082 79.7390823364258 78.6232147216797
1172.80810546875 1171.99035644531 1174.501953125 1175.90893554688 1150.25842285156 1129.57165527344 1112.35388183594 1086.54956054688 1037.70043945312 988.454650878906 952.117309570312 937.239929199219 960.834228515625 1010.21630859375 1094.13415527344 1142.07006835938 1123.23669433594 1060.76000976562 985.758911132812 961.078552246094 929.389770507812 905.23046875 843.508422851562 801.274536132812 741.165466308594 688.419006347656 644.263549804688 565.629699707031 530.273620605469 526.735473632812 524.020874023438 516.903564453125 513.336669921875 520.170471191406 533.817443847656 544.001770019531 547.553344726562 533.48779296875 504.116241455078 474.434936523438 454.429077148438 428.703765869141 417.976837158203 403.45458984375 381.412902832031 340.714935302734 270.438507080078 215.619766235352 190.563659667969 176.370071411133 150.831741333008 139.100250244141 137.621566772461 116.431716918945 102.388847351074 89.9307250976562
1172.27722167969 1183.93383789062 1161.53564453125 1136.69250488281 1135.77758789062 1136.48071289062 1117.95642089844 1098.08129882812 1062.24230957031 1017.14300537109 1003.34545898438 1017.74157714844 1074.41027832031 1125.51477050781 1187.04113769531 1160.57214355469 1112.24145507812 1035.77600097656 996.138610839844 983.846008300781 963.471496582031 940.786254882812 878.251953125 823.42919921875 778.4013671875 720.973999023438 685.665710449219 644.257141113281 585.387817382812 557.604797363281 549.123840332031 564.37109375 597.545837402344 630.15185546875 646.525939941406 660.893188476562 671.175109863281 665.569702148438 631.155700683594 573.078125 522.039611816406 499.907409667969 483.397796630859 463.544891357422 442.959197998047 418.400482177734 398.756439208984 352.809783935547 288.019927978516 227.312484741211 195.055694580078 165.284561157227 151.032272338867 149.040130615234 123.915481567383 109.688232421875
1162.4912109375 1142.76745605469 1133.63232421875 1129.94079589844 1142.64587402344 1150.41430664062 1143.48071289062 1122.79895019531 1102.64978027344 1090.75720214844 1117.72888183594 1150.73767089844 1179.94921875 1170.30310058594 1174.15979003906 1138.72290039062 1086.296875 1048.4765625 1030.34936523438 1014.47650146484 999.385803222656 962.465087890625 918.257568359375 852.805236816406 812.589538574219 770.99072265625 721.104370117188 694.889343261719 667.173645019531 642.039001464844 636.106140136719 653.571228027344 683.225158691406 694.175415039062 702.073303222656 715.547424316406 724.150634765625 728.123962402344 704.891845703125 676.540954589844 629.840393066406 589.139221191406 556.279907226562 534.639099121094 509.56982421875 483.741271972656 453.153961181641 431.638488769531 393.186798095703 338.181671142578 305.879486083984 273.759429931641 236.180450439453 192.775024414062 167.781753540039 149.570510864258
1125.64636230469 1132.95593261719 1153.40734863281 1170.4169921875 1180.33923339844 1186.64086914062 1182.79760742188 1163.15026855469 1168.37561035156 1198.97692871094 1241.27355957031 1243.86450195312 1194.857421875 1174.42504882812 1145.02856445312 1116.37939453125 1085.84338378906 1078.12255859375 1057.59387207031 1038.98059082031 1015.80902099609 977.221862792969 945.891357421875 892.930847167969 846.647705078125 807.563354492188 773.898193359375 731.829956054688 708.371887207031 704.227233886719 694.767517089844 702.647827148438 713.963134765625 745.605529785156 767.280822753906 782.549499511719 806.142822265625 808.231262207031 784.802001953125 730.009948730469 701.956176757812 692.954650878906 668.168273925781 634.963500976562 583.977844238281 534.413208007812 495.821319580078 461.136322021484 446.288696289062 429.294586181641 414.17138671875 403.847412109375 390.087280273438 349.079376220703 290.635437011719 221.979202270508
1161.61157226562 1188.8330078125 1191.95983886719 1193.83801269531 1199.32531738281 1198.82067871094 1203.96667480469 1217.98864746094 1259.328125 1307.416015625 1331.67419433594 1235.42810058594 1186.12524414062 1153.41076660156 1141.52575683594 1119.0498046875 1110.98791503906 1086.28881835938 1078.34753417969 1054.00610351562 1034.25231933594 1002.14862060547 969.29248046875 927.608581542969 872.198181152344 847.604919433594 815.8671875 788.393371582031 765.438903808594 746.859680175781 744.544189453125 753.834228515625 774.373168945312 803.394470214844 825.229064941406 837.702575683594 852.472778320312 862.56787109375 839.3828125 806.787475585938 770.425598144531 742.033020019531 736.873840332031 717.220642089844 649.10205078125 578.125793457031 533.110290527344 505.370635986328 485.901580810547 471.330444335938 460.851257324219 460.809326171875 458.497955322266 449.481170654297 415.525512695312 381.612487792969
1207.8232421875 1217.1181640625 1224.01232910156 1228.45751953125 1233.0390625 1243.00561523438 1263.59338378906 1310.16418457031 1360.71166992188 1343.80529785156 1290.47644042969 1216.15295410156 1176.609375 1162.197265625 1146.75537109375 1142.15441894531 1114.69677734375 1097.34558105469 1081.82946777344 1060.41760253906 1038.46691894531 1006.64172363281 972.841552734375 965.658386230469 920.482604980469 876.758483886719 852.845764160156 823.19775390625 815.545349121094 805.165466308594 804.421020507812 808.955200195312 817.543029785156 851.975219726562 885.729553222656 903.202819824219 906.055908203125 912.338623046875 892.8056640625 856.841857910156 831.660583496094 808.596923828125 778.154235839844 745.934448242188 702.22314453125 623.218322753906 570.992919921875 542.485412597656 530.282592773438 519.076599121094 520.735534667969 525.649719238281 521.093688964844 500.867980957031 479.895904541016 457.028076171875
1264.38928222656 1265.23474121094 1264.54931640625 1279.52307128906 1317.2685546875 1318.47021484375 1341.84509277344 1361.3994140625 1352.00317382812 1317.0390625 1264.42028808594 1236.28137207031 1207.77880859375 1193.88195800781 1179.02746582031 1158.89208984375 1139.17590332031 1113.359375 1083.47326660156 1060.88977050781 1043.41357421875 1010.53289794922 1000.63684082031 976.134094238281 969.746276855469 933.719848632812 897.813537597656 869.091369628906 853.218139648438 851.237670898438 849.884948730469 848.298583984375 880.692077636719 929.335144042969 950.453125 966.238525390625 970.701965332031 972.192260742188 949.066711425781 895.746887207031 863.141052246094 839.793518066406 804.533813476562 764.809936523438 735.50048828125 676.059448242188 623.015991210938 586.933898925781 574.388793945312 570.634155273438 574.777893066406 580.631652832031 576.027465820312 555.815124511719 532.845703125 504.811279296875
1297.24780273438 1320.80041503906 1334.96533203125 1385.47827148438 1423.56506347656 1407.69812011719 1358.68957519531 1320.20007324219 1293.15734863281 1262.61535644531 1238.09936523438 1234.37182617188 1230.53979492188 1228.65258789062 1201.85180664062 1188.94006347656 1156.36120605469 1123.98364257812 1095.66455078125 1066.5966796875 1046.06628417969 1033.13928222656 1010.78424072266 1006.61138916016 981.166381835938 978.200378417969 958.049133300781 936.467956542969 921.740234375 904.211669921875 902.553894042969 908.392761230469 923.102233886719 964.787475585938 993.323181152344 997.302734375 990.524230957031 987.379333496094 977.409545898438 918.783874511719 873.5693359375 853.589233398438 822.494750976562 777.997741699219 752.874572753906 724.201538085938 681.768005371094 643.729797363281 628.341491699219 627.081481933594 632.750854492188 633.112670898438 624.46484375 600.055053710938 567.021667480469 533.142028808594
1367.43383789062 1395.93701171875 1430.94750976562 1456.02502441406 1455.17053222656 1363.12915039062 1296.83203125 1271.6337890625 1244.966796875 1237.05822753906 1234.9462890625 1249.63134765625 1247.44348144531 1241.38220214844 1236.07409667969 1205.16516113281 1166.48571777344 1141.64501953125 1114.86108398438 1084.00817871094 1058.1494140625 1045.41418457031 1040.58679199219 1025.82702636719 1015.34527587891 1013.55517578125 989.600769042969 969.212524414062 958.978698730469 939.311889648438 937.932434082031 929.421813964844 944.1796875 989.004028320312 1026.67150878906 1024.89978027344 1009.76959228516 991.432250976562 981.854675292969 949.855346679688 890.577270507812 853.142639160156 832.823791503906 801.87744140625 767.575927734375 741.076110839844 721.879821777344 710.362426757812 705.155639648438 704.437255859375 708.646057128906 702.203674316406 672.800903320312 634.046020507812 597.189270019531 561.647155761719
1436.81494140625 1469.17053222656 1472.91931152344 1403.20751953125 1383.20825195312 1323.31408691406 1272.57885742188 1246.04138183594 1242.12145996094 1241.24487304688 1248.32971191406 1247.47082519531 1265.27307128906 1262.07849121094 1246.21118164062 1217.77966308594 1195.04089355469 1158.91589355469 1120.12353515625 1097.08569335938 1084.64404296875 1061.28076171875 1050.7060546875 1046.73999023438 1044.31921386719 1041.38928222656 1021.23999023438 995.09326171875 973.471313476562 956.28515625 946.131225585938 950.328491210938 981.721496582031 1033.689453125 1056.87231445312 1043.67529296875 1011.23358154297 996.090576171875 980.308471679688 960.700805664062 920.153259277344 874.201477050781 841.878723144531 822.00830078125 796.956665039062 773.419311523438 754.433959960938 742.896240234375 736.649841308594 737.259216308594 742.242919921875 741.6513671875 723.496520996094 680.069458007812 627.252624511719 594.22265625
1484.08288574219 1423.85852050781 1402.56726074219 1355.474609375 1304.103515625 1270.08459472656 1252.23803710938 1244.71313476562 1249.62915039062 1262.35620117188 1273.85070800781 1270.42639160156 1264.751953125 1248.99731445312 1248.23120117188 1225.47473144531 1197.88122558594 1170.42370605469 1146.12512207031 1116.79797363281 1108.72912597656 1085.8359375 1083.19616699219 1077.96740722656 1062.7587890625 1051.04370117188 1035.63745117188 1013.98449707031 983.430969238281 963.752563476562 965.471313476562 999.624694824219 1061.30151367188 1117.88464355469 1120.6943359375 1092.71533203125 1036.88391113281 1005.38146972656 988.825805664062 968.681640625 940.929321289062 916.892883300781 883.715698242188 850.028137207031 832.535400390625 816.204528808594 810.09716796875 806.369323730469 804.119873046875 798.966552734375 794.805908203125 779.635437011719 746.838073730469 723.534912109375 679.097106933594 633.059326171875
1436.31066894531 1371.54711914062 1310.28295898438 1277.31140136719 1254.57019042969 1249.86108398438 1247.87634277344 1254.91284179688 1273.4169921875 1287.33618164062 1283.55151367188 1262.20397949219 1247.60083007812 1254.82458496094 1253.18090820312 1248.79479980469 1219.75744628906 1199.55505371094 1170.57580566406 1141.00439453125 1138.44091796875 1117.89184570312 1113.76977539062 1106.47473144531 1087.13012695312 1070.33068847656 1055.01635742188 1032.73669433594 1008.90344238281 1003.63751220703 1038.94287109375 1103.72631835938 1178.72912597656 1177.55456542969 1186.41223144531 1181.53210449219 1116.73901367188 1063.05102539062 1031.34484863281 1004.09783935547 979.735961914062 955.06005859375 938.899047851562 931.480102539062 914.93701171875 894.630798339844 883.573120117188 871.212219238281 865.517456054688 863.65673828125 859.66796875 834.122985839844 796.035217285156 756.043762207031 729.555847167969 706.255737304688
1382.44641113281 1303.81909179688 1272.640625 1258.9091796875 1258.8095703125 1262.13671875 1263.30651855469 1276.58020019531 1292.34985351562 1294.12182617188 1273.3583984375 1249.73022460938 1261.58654785156 1278.9990234375 1284.13342285156 1273.07543945312 1246.2265625 1204.72802734375 1199.89331054688 1170.77160644531 1164.44104003906 1141.8857421875 1137.98107910156 1134.30322265625 1114.00366210938 1090.58190917969 1065.2080078125 1043.16357421875 1049.70812988281 1100.732421875 1151.47131347656 1191.36694335938 1217.79553222656 1216.05212402344 1215.24755859375 1206.70422363281 1182.58813476562 1165.49438476562 1111.54626464844 1082.65222167969 1052.57348632812 1035.34655761719 1021.02728271484 1005.818359375 996.655090332031 993.037963867188 987.255798339844 982.736450195312 974.207092285156 963.990051269531 932.715942382812 883.315856933594 840.748596191406 809.800537109375 780.995239257812 751.560974121094
1334.99755859375 1285.66796875 1271.30627441406 1282.06005859375 1290.88732910156 1280.83666992188 1285.533203125 1290.87805175781 1293.45837402344 1279.80517578125 1262.94604492188 1287.95935058594 1294.89025878906 1304.1201171875 1304.07275390625 1285.880859375 1258.6328125 1229.55236816406 1203.5927734375 1202.01318359375 1178.11437988281 1168.720703125 1153.56665039062 1144.51391601562 1121.86938476562 1099.15649414062 1083.18774414062 1087.74658203125 1142.044921875 1201.11755371094 1201.49304199219 1181.89489746094 1178.96838378906 1190.54699707031 1186.37060546875 1192.16491699219 1212.53247070312 1204.64050292969 1166.09716796875 1154.65844726562 1117.9931640625 1107.34008789062 1104.49084472656 1070.53979492188 1054.68676757812 1062.57580566406 1058.29528808594 1058.65734863281 1059.34155273438 1044.33093261719 1008.89013671875 934.635192871094 891.775573730469 864.925476074219 835.8330078125 809.712158203125
1338.88708496094 1296.64404296875 1288.54675292969 1303.21276855469 1302.73950195312 1299.25610351562 1299.98559570312 1299.1044921875 1290.30554199219 1292.81225585938 1296.54284667969 1319.3046875 1345.60876464844 1363.04479980469 1333.57507324219 1290.98669433594 1269.40393066406 1248.71716308594 1237.81909179688 1222.03125 1200.7041015625 1197.34973144531 1176.31787109375 1174.18200683594 1148.99194335938 1129.50610351562 1140.88037109375 1194.56762695312 1242.8447265625 1256.22668457031 1186.44372558594 1148.39099121094 1139.783203125 1163.34289550781 1186.33276367188 1171.83862304688 1176.24841308594 1191.96997070312 1188.1650390625 1158.33837890625 1121.85888671875 1097.7783203125 1086.51635742188 1084.46813964844 1074.43640136719 1033.24365234375 1038.25598144531 1041.79272460938 1044.64562988281 1043.05090332031 1032.34790039062 979.709167480469 946.309387207031 918.094970703125 893.031311035156 857.133850097656
1351.95300292969 1328.03625488281 1332.39343261719 1338.06213378906 1333.40270996094 1334.49169921875 1311.61962890625 1296.69396972656 1302.13098144531 1312.63720703125 1337.88391113281 1361.58715820312 1386.25817871094 1395.95007324219 1386.07727050781 1325.72863769531 1295.12377929688 1268.19946289062 1258.78161621094 1236.18371582031 1243.97351074219 1234.65783691406 1226.59350585938 1224.95837402344 1208.24670410156 1213.61706542969 1260.74304199219 1302.07348632812 1325.47619628906 1259.59631347656 1187.77575683594 1137.85925292969 1120.3779296875 1138.32995605469 1161.86511230469 1176.01379394531 1168.24914550781 1159.19897460938 1160.03332519531 1138.16809082031 1102.33618164062 1075.36901855469 1047.62561035156 1026.90625 1011.01434326172 1005.39636230469 1004.14605712891 1003.96032714844 1006.27990722656 1004.02691650391 1002.63708496094 981.034973144531 932.364990234375 910.556091308594 887.74462890625 854.377014160156
