Rscript/monthly_maps/SnowDepthMapFile-sd-1989-11.asc
ncols 320 
nrows 361 
xllcorner 618410.159 
yllcorner 5088785.286 
cellsize 100 
NODATA_value -9999 
[rows 138 to 160 of 361, columns 106 to 158 of 320]
164.222849062791 164.51413141423 169.56935266678 175.810860182856 179.146233242921 183.329820982469 196.232933069427 211.119090889652 217.537397042086 212.802690118376 199.572695290357 191.713416107942 178.009505417924 173.338771219364 166.355381105174 160.653081517837 160.815043718138 167.168243673291 169.040004783511 178.295873633037 182.713584912113 189.9575511375 209.484613928351 213.314542662842 206.101086545027 201.610959379897 198.176080408223 198.461714184181 198.731285952447 199.163511549382 199.886809033318 202.03737495358 208.157112450936 218.665254411689 235.436819879461 240.980914254173 229.412494462786 206.289646445998 192.385637833623 184.499761419982 184.963666672087 178.383427764353 174.936922622154 157.205490798208 151.298936162594 151.179595812706 144.197383764064 142.275280512111 137.092118913419 125.871071969376 118.779840312299 112.003081579918 106.906001608017
167.487069487272 172.936061269028 176.986538155242 182.047382569391 191.33644731006 200.292449535512 216.786381628112 225.893952566519 225.24483885172 213.966025726327 204.761639981802 193.502292860796 189.978063469191 182.991610677988 176.16261311533 168.107365339655 168.655158927205 169.395406791768 173.626683377344 178.155921905108 184.143389891522 188.980360637049 203.649145268264 214.332781498059 212.105577058804 202.776066939754 199.301208752907 198.78247059555 199.004314158446 199.56051096913 200.686655275607 202.494541177233 206.976676106333 215.73461210177 229.590643461651 230.452451807502 218.010760346968 198.870372582934 183.808462226998 185.825340887743 186.07458255632 181.015036064773 168.02051601488 157.890300336704 153.520344747308 152.577861935578 148.129403370752 142.331505654169 138.152854241928 125.358891776742 117.77332970366 110.398620676874 105.34764683536
175.052851056229 175.906639449755 179.27416366761 192.027363678035 203.504207616715 221.461831640415 228.287604915409 234.383910129991 225.666682978307 216.960362715742 208.181307799965 198.743968862932 191.70068933783 189.565734578681 186.105519047594 176.199282638761 176.800309121546 175.852578070287 177.150963338619 178.27909731181 184.632312311625 189.075135866107 201.771058312696 210.599739009502 217.148240322247 206.412556541595 201.848177759536 199.761861209654 203.832764897531 201.71693267696 201.635664008052 203.622221692035 207.341227660029 220.021124937331 228.240238611548 225.593625327244 212.877200033667 196.324993111461 186.919353701987 188.116987101597 188.567150818046 180.959183038806 167.984988329196 159.988133683213 152.396164105835 153.115807869005 150.912413505223 143.325015598881 139.606803251749 128.97980550636 120.596004033735 111.783920102971 105.036990073167
177.067701143637 177.684630742405 183.558930623492 195.18547991277 211.080965318586 228.117255350718 238.660969238553 237.236682247424 226.124241199038 218.651018818406 209.743013537317 204.231911070326 198.379640177146 192.081269900482 188.983281814056 185.798377035078 177.542917394985 177.287476103858 177.681494393367 178.132957909806 184.384763063724 188.53354892702 198.804253979397 218.9492942575 218.054372934161 208.919881984685 205.159346319909 205.197532428508 203.795115429552 204.814311661345 203.522195733247 206.717095002374 213.041979548778 224.869317120167 226.888861731366 226.232317781022 210.801205221804 195.711798171814 190.232351287653 188.361370755628 188.860892947425 183.346003019721 171.624429639546 159.391096528704 153.316351707916 153.179893002607 151.999549874997 146.8560495039 139.468353159411 130.664154608143 122.299253420638 113.167493893077 105.750675066446
186.225860938033 184.570323947543 186.73284330054 193.790890006526 211.472664242558 228.502233660711 239.04979531235 238.573889135543 227.457058046379 223.819042220969 212.5782989401 207.9283223774 202.617706104201 198.612897702113 190.00990839288 187.843501023916 182.59591106508 177.9392121672 177.359544109016 180.680479061396 186.421207163081 188.476309375983 197.351726297416 217.957858512087 222.114527827662 215.157987788894 206.786153863722 205.616632468177 205.059250830173 206.830849918822 206.697328246524 210.613389525095 220.032433839464 226.279183753874 231.252998986328 224.921357233973 213.712450963169 202.221308464931 193.879722852642 188.846281820623 188.271967508298 185.478962391249 176.597035138053 167.971212545354 159.467787069578 152.932505253605 151.71498066863 148.948149638727 139.169190442084 130.689342738276 123.113845278812 115.178412091769 108.356477130358
187.513303630401 188.007298585937 188.903823561857 192.440135427068 208.21848159512 227.804976669746 237.703162168304 240.174035107507 233.406405230022 226.02487581598 217.524166719661 209.54137084702 204.975054870708 200.762913257044 193.394093455602 188.651875548911 184.582413032898 180.806508811887 181.490467476591 184.97881598006 188.289313180311 188.851918839663 196.998010267547 215.566492235356 222.711328491141 221.448751163687 210.093641303123 206.957491670191 206.969352581012 208.733449765348 211.212767962314 216.942151468005 223.648762833526 230.529387261135 229.603215336699 225.06029744773 216.983901322923 208.165508070702 199.543938325812 191.992816695214 189.204931841507 188.346592798174 185.003064703018 175.951132743008 166.117909382095 159.686035607035 148.926671199329 147.322774228343 136.688926251761 126.475330325733 122.11824438802 115.456320221685 109.872840485447
188.918052923514 189.887962377208 188.763150509158 192.224070859562 207.007426345535 226.986405627349 240.117597009686 240.49472616584 237.963700264805 226.967634120006 221.838081089499 211.821382809718 206.774856713724 201.795499646274 194.7057758012 188.768404942589 186.778664791828 185.77356399795 186.212488484959 188.450939938102 189.730182907584 194.949245174907 199.462103243634 209.473860307535 223.232245486796 224.433202211247 218.384011719179 209.897993480739 209.502045221007 210.948546905274 215.87159584141 222.546655321668 224.946586305939 230.734799484822 230.769896466428 226.114729398787 221.113789097311 211.292479619657 205.583591804534 198.419685554167 194.96877818913 191.037778461733 188.968199146895 185.904284559096 177.046497154742 162.692035079081 149.706252479798 141.858667865143 131.380022961839 124.874943651262 119.212969327345 114.223968026844 110.241133526544
189.595608457302 189.810183621415 188.618038955865 192.012782569521 204.25222301203 225.452025494757 240.537573143748 241.125678992787 238.456136814451 226.92666022401 223.680883922082 213.614450348814 208.191905466627 202.860492804448 198.643504177152 194.292501141842 192.397123679552 188.982975663058 191.986067274117 196.107347091914 198.740592423178 199.09754005635 200.467738064706 204.599516129194 219.716291391901 225.584482279927 226.551878374471 224.963081317963 218.635559975666 218.007366064738 221.506706145031 225.167074963116 226.766210021033 231.850402701899 232.317121704091 227.556504131693 224.186577979475 213.446148145932 208.608517966963 206.100900058388 202.253238508376 200.644163961329 196.479463638032 189.515455271785 179.797003678034 160.184246708227 150.905985314263 139.364499462033 127.776446164422 123.241812844308 116.479317204665 112.017042878703 108.556602479531
193.215651474011 189.77798472819 188.714416724522 192.315577759597 203.568502828604 222.318006005717 241.088023754579 241.729330708891 237.890285080726 227.285368513118 220.5272793095 213.944486367493 208.836169283403 204.843827803925 201.518113219737 200.084575939815 198.902218173145 198.313798890089 199.123578783238 198.818658625213 200.213565169391 200.791446099237 200.324239381588 202.100576260835 208.949170203107 223.744460688134 230.533453803305 236.677023598117 232.088497577197 227.687290175371 227.139081358785 227.890687119979 231.925611825023 238.078165279011 238.306488715519 229.320199117071 221.042825879155 212.480393767803 208.584765053995 201.40692246453 199.141909658383 194.417425358385 189.708718494201 187.33985568334 173.937241453608 156.421173989157 141.546680966774 132.336937801215 125.818302364735 120.588084131536 114.212335915337 109.687646228783 105.925668528193
195.593518229015 189.373553344551 189.256339177841 192.78506387875 201.141541155153 218.840995296411 240.623916580382 243.751082980373 240.271915043609 228.124313483004 219.492643797064 214.090305617496 210.351573509593 206.865088984945 205.434206210705 204.53136868914 203.174369472567 203.513163589359 203.548107452552 205.036906620491 204.91454196832 205.431296743073 202.16758345671 202.274750286415 205.999435318661 212.844707816253 225.312410767447 231.575233441787 239.191198849722 239.218638064024 237.164658753153 234.385909025966 238.990719494164 241.045815036092 240.904752073289 227.999011014818 212.316819712948 201.688790366815 193.55106252951 190.595475786908 189.912160903932 186.125350772235 178.445998895194 167.709662303525 157.266986637338 150.550444785422 140.387364044907 128.019082522687 125.407358447099 118.405114477557 111.97142831026 107.188856064416 103.290693761526
196.817745267964 192.785640077209 190.658852697346 195.229616422706 204.50218591472 217.842384152492 238.21053632106 247.801396532044 243.922506328309 230.658934031248 224.54292150148 216.313802538969 213.171862965142 210.63190506373 209.886750728515 209.156576583955 211.297961217205 211.330492161654 210.596098984495 208.867054545773 207.705817106005 207.571674368906 208.246673041576 208.115182292042 209.934646833955 209.777204007703 216.320914301326 225.644625894213 233.84420051268 241.293124421616 241.878644704098 242.079480794314 243.064355593924 246.124101354691 238.192501722929 216.458777229245 199.348769209936 192.287298435965 185.812846766248 178.775320737142 169.871101108661 164.312934784082 152.837964820949 146.32897111456 143.364921445004 141.13204693264 135.434558398325 127.018159079036 123.173406256465 115.327526296022 109.342427319817 104.401309191108 100.526922323205
196.96250942222 194.455909286273 194.435986601454 199.228999619577 211.18160393978 220.046809588981 241.835799823076 249.927372606647 248.464319193811 237.693065348173 228.741262679606 226.334201275296 223.178303950433 218.60580393369 217.977331977992 218.022625017281 216.673347550368 215.508750540209 215.134614306097 212.112722081492 210.656859704416 210.425156412355 212.638207761073 214.29235736242 214.669028426591 214.557596248795 214.81495922884 219.278338894403 228.595108207958 240.551518427399 247.564933780496 251.446423212124 252.365966225538 243.752921321502 229.771392239319 208.141270059947 195.846563196725 181.953106145255 176.844570410881 166.152946797343 147.888866905956 141.666992354729 133.71864960113 133.875259719595 133.218906931676 134.064593377064 131.720805458967 125.392057121185 120.045958858964 112.792835067671 106.537137142224 101.793604912619 97.6755545166071
196.476078353597 195.462499799039 200.819833943954 209.195412081842 215.50913312666 230.099369499628 247.508257566126 252.511052009538 243.99147349864 235.351579473142 230.050838021961 227.890018339011 225.70314109148 223.564644233254 221.649178031472 219.396593719049 217.348501625106 216.533249856532 217.055202300261 217.209085678421 213.581627667821 213.730807398629 217.381015933172 217.42429918009 217.28694157606 218.506087736355 216.942121089105 219.011002328368 227.062945641103 236.339256139902 249.154249646519 254.216628667576 248.364210529502 241.559115374488 222.776909630305 201.585311725516 188.997750834091 178.602147571398 168.28881270934 151.037218641665 143.112440238234 137.760076964365 133.04161985467 126.182486103753 125.096056815134 124.465339304964 123.536912924137 121.099090667563 116.016223532684 109.769471822155 103.907150551593 99.1414521026768 95.5228915681124
196.515112538601 201.177242464486 207.994636926304 213.588632948679 223.913659233114 241.724112559474 250.102673854362 248.314141529469 236.082402021018 230.041225521071 228.575772278397 227.675315234838 225.712976729379 223.227729217327 221.502213706132 219.660168201039 217.501991645548 216.805356883312 218.154783846873 219.255684426767 219.947573436624 220.189123753065 219.594770516047 219.773294763444 220.14416005349 220.520743356445 220.767881418822 223.511837541815 228.735186098959 241.611149475313 253.141430889881 248.567112143979 242.209960034093 230.72327160132 219.03552447545 204.419958252454 188.642208896135 177.603473250528 165.290359675332 145.853704858862 142.406294138861 138.799092911083 132.993742945268 127.867698651799 121.469717218734 119.021360891157 117.010209602428 114.769095973923 110.996293916253 106.088651538446 101.460410181195 97.3572482517905 93.5973596214501
202.846088168001 210.264404590723 215.018331229581 221.674243550048 232.32573246516 251.165601734502 249.133053982855 242.115389412223 230.637325773846 228.495943735773 227.521819156044 228.738657283964 224.630769506195 222.705504912131 220.582903699253 219.645343357347 218.554619039712 218.294056116155 219.656634898603 221.683086536814 222.966148934703 222.582544299405 221.545432873889 221.299060931827 221.650809696935 220.551052701969 224.101614347885 227.152373382685 235.064784536436 243.380079266203 248.736908918803 242.72646337096 230.516717552023 219.331895928989 215.494825444206 208.121807625791 194.976228708208 179.361615927891 165.040806814077 145.001171598853 141.433312151168 133.994283481443 133.191306497885 127.753687873639 119.205312234519 114.17963399122 111.083963018223 108.211580265645 105.015213322089 101.597151708121 98.0527765431015 95.6262230211629 92.7359410129558
214.933212578753 217.778107825427 223.044586066364 230.98586030424 243.435529799873 252.932332795393 247.410841985479 236.522092887893 229.852253821256 231.254060521396 231.879075221603 229.253521306426 224.477949634755 222.568668073679 221.760003992968 220.538133970884 219.664511350906 220.172213579864 220.655406272819 223.193207193727 224.595775550771 224.548806789713 221.059562886692 217.969175918478 219.032936791542 222.563194062207 226.766465327934 232.670447316354 241.379339450844 247.669866161779 243.581776006299 230.318664896718 218.574007532654 211.703795015761 208.107350596257 204.982899039568 194.439860560294 184.630318386629 169.799512816981 147.773169440184 140.752876509518 133.017321694263 127.301842739983 122.341973628517 118.081981206105 112.357577271801 107.944411140147 103.289439369205 98.4513053804985 94.8115767465508 92.9419915651662 92.222629558837 90.1009650039912
228.212107573555 230.121797383269 231.872147942783 241.526231178258 246.233117522283 249.687248908734 241.434108523325 231.331984071057 232.369099836038 234.760847297459 234.847282410656 229.946003876577 225.347886351008 223.096571184078 222.318317547634 221.801380111868 221.642668732482 221.967298063949 222.43349508795 224.542260212371 226.610126884492 226.631144780659 223.332613824996 219.92788914897 221.721378850091 227.450093539514 229.565201687807 239.638299063265 246.105173465322 249.967028177392 236.163577207526 219.025345198908 210.405741189351 201.90802215168 197.734390307229 193.077755604851 191.638762697827 189.197972394799 176.166836183509 154.387345951385 143.595718391496 134.076851694822 127.611579382596 123.01643144253 116.105715651799 110.970472172662 105.99560376422 100.666570841477 94.7211192210746 89.3992299546833 85.455965261538 85.0313497583461 82.8154184770971
233.656106464569 242.765178705121 245.262395575003 251.359800427157 252.009425789506 246.936918881 233.767202763572 230.30473150546 231.941097828875 236.001681003547 235.140079823858 232.323176171755 228.308855901385 224.608738662717 223.747415106656 223.2203300804 223.607258953188 223.754890022402 224.885203274019 226.963941024597 229.903321661824 236.913933506323 233.873969753046 230.759028793827 230.912304777531 234.681862235958 240.887323278281 244.025933363086 247.861665780316 241.457136206559 228.011862472691 212.868919918384 201.383314558458 193.210710403718 191.230514934054 190.411630579397 185.149427808007 179.451662704294 175.411036399367 157.637111935038 147.151117532025 134.384506665231 126.825268092504 123.119899455351 115.974638696016 109.50956595698 103.95206446862 98.2595213415649 91.5937079645262 84.2929803623132 80.2080198951255 77.921708246006 73.1036926724011
246.949218718706 256.431781080603 259.731007489239 266.356020456841 260.453591620671 255.075528773511 237.558488170261 231.07756936456 229.588650787764 231.712572106553 231.931309652973 230.273676093948 228.77538261161 225.557186433467 224.893487791435 224.813821907776 225.570540477253 226.527370448106 231.253444628582 237.480282132035 238.921527298125 241.345825715692 242.844470377796 243.439134474947 252.778633007088 253.061762866832 254.470007552637 254.724540891441 248.407054222177 231.256695025102 216.082734563443 204.573323739249 195.020052201276 189.583038988248 185.532170169534 179.035305816762 169.584799392567 165.979348124451 149.701895599669 145.758663913471 138.457570793179 132.464474380806 126.981556205021 122.812744998163 116.562738565195 109.252086036118 102.845962112515 93.6312036224212 83.7744538444427 79.9353918192255 73.339942444836 67.768311401047 59.6009739330762
261.974544388593 259.517411646161 261.43661439228 261.38811309698 260.123739630904 258.576714316816 245.926305374056 242.135238160964 238.071015023619 233.69083373767 231.759469360344 228.003246135265 227.06512781473 226.493601037686 226.312570809943 226.974234634906 232.696864705327 237.120393756636 238.066740407511 238.903997431408 240.092737675599 241.618189324871 243.265179353061 248.18607051328 244.864056032982 247.74129327571 251.127114038443 246.759762715213 240.290915967125 230.068045111375 212.419022841237 199.162220519726 193.01207249246 187.995452491564 178.365734634685 167.692941468046 149.724290107155 142.658080601505 135.641767413337 129.507641793745 127.500842760858 123.979264500787 120.175357715576 116.205273438595 113.010283362143 108.659030714476 102.292370113721 91.4691846956333 81.0924865813951 75.4152074792457 64.3662849662562 54.3188772220979 41.2956763361376
261.826928535729 260.337292820571 257.968465091921 249.36898941772 249.043293611463 249.163598881276 250.750359882367 245.165621903668 243.414821770592 242.664782226804 240.304700067074 236.968161336653 231.744357723231 228.405675605748 231.290102407419 236.584313901873 237.972984324027 238.442496416374 238.590387329918 237.671771710533 228.644888477761 228.638021727029 227.318999034124 228.416844867389 232.026322753109 233.548962876638 235.478916603521 234.276653649713 232.378766469113 220.465899193716 210.75396168787 198.503617265898 192.555872206193 178.337651751666 174.417975204651 153.121984219317 143.681926319767 136.571925213968 128.877531339726 123.873138781851 120.690609963726 117.76955068056 112.943679581312 109.272130821734 106.353415765876 103.671168840685 99.6934665904154 90.9744784301764 80.6682324283528 71.9905281331027 56.4267795605059 37.434437764647 26.2851282409637
254.141098032947 248.774773945936 245.707742263087 242.658405550886 235.586859403672 235.649481819894 238.532878955092 243.524241649839 246.661414430752 243.388408594504 249.098071826756 248.776633310398 241.814185836995 240.617735838014 240.103729476358 240.351443339583 240.222622342091 238.258728830304 236.990941320212 230.595627811286 225.145889126988 221.982474306484 213.668717248904 212.071975432229 212.307173690951 214.860020137809 216.725510322383 215.309957947898 214.319879711718 210.803280577749 204.687869155941 196.488972076167 191.212930802838 177.278857205041 165.655208684802 148.747365036222 140.6558572665 133.403194686574 125.121777508112 120.216620930946 115.955768044923 111.438395769692 106.9588508804 103.121543593372 98.8212664713346 96.6134474474992 94.4938960655201 90.9797253656756 83.0536959902939 72.8986915375825 55.5081459784971 33.3975677629758 23.4770272776675
247.294029849531 244.961348421564 242.568991007653 240.083287115812 232.535110013367 231.776113457373 230.411643134064 229.89082485468 229.809480447299 231.43867976276 241.822155838535 242.040564021573 243.631288889585 246.459749528785 244.219918519951 241.268322974666 238.975160830019 236.729138009613 231.374332397438 225.560666528581 222.735080647159 220.63377894991 211.779372620641 207.137975594135 205.828676087514 203.238619210221 199.381991267329 199.367828025185 198.078888733141 196.918289237426 194.699106679085 190.600743045151 184.156952191659 175.690843272872 155.32564036128 142.713429019603 134.859094817431 127.033971167489 122.333444807344 116.151586243028 110.640177588586 106.358069446375 101.388077680013 94.776121274395 88.6326934596709 85.1809946524201 85.4427117397509 85.1737417672663 82.7282922642622 72.9534218811068 56.7669007902571 33.9016259732593 22.6318087323396
