Rscript/monthly_maps/SnowDepthMapFile-median-1990-01.asc
ncols 320 
nrows 361 
xllcorner 618410.159 
yllcorner 5088785.286 
cellsize 100 
NODATA_value -9999 
[rows 250 to 274 of 361, columns 56 to 111 of 320]
1085.26037597656 1067.59069824219 1061.85595703125 1035.42651367188 1036.23742675781 1050.8369140625 1091.51147460938 1089.16748046875 1007.62805175781 936.842712402344 863.352233886719 774.65283203125 725.303344726562 695.243591308594 675.411315917969 617.975830078125 527.999328613281 478.300720214844 422.538482666016 390.127838134766 318.143371582031 234.699279785156 178.098388671875 162.743255615234 192.180694580078 285.638549804688 352.940460205078 388.664978027344 440.35693359375 467.9326171875 499.998687744141 547.085571289062 602.086059570312 654.481201171875 688.576721191406 716.593688964844 736.983947753906 749.042053222656 778.053100585938 820.1357421875 851.570007324219 906.638732910156 973.313903808594 1007.15002441406 1039.12414550781 1067.30041503906 1098.90283203125 1143.98083496094 1152.86755371094 1133.98205566406 1094.27990722656 1037.95068359375 998.567138671875 946.135192871094 903.581909179688 867.355590820312
1112.6669921875 1098.33422851562 1090.72045898438 1078.76232910156 1074.69665527344 1098.29736328125 1117.91149902344 1069.21276855469 995.808776855469 928.407531738281 863.883483886719 801.69921875 763.097900390625 741.8525390625 707.50439453125 677.643005371094 626.195495605469 515.787658691406 462.451538085938 404.207122802734 364.646118164062 266.096343994141 195.041839599609 157.424667358398 150.957885742188 181.489593505859 283.828063964844 355.68017578125 387.444885253906 436.074829101562 466.403228759766 494.441802978516 539.527404785156 596.206726074219 647.856140136719 679.16064453125 693.220153808594 721.4404296875 746.847412109375 776.167785644531 832.547302246094 880.105285644531 955.884643554688 983.847351074219 1004.31945800781 1025.34020996094 1042.91479492188 1075.49572753906 1098.29113769531 1121.20031738281 1104.46276855469 1044.48522949219 993.487487792969 937.784606933594 888.877258300781 862.914855957031
1122.98950195312 1121.09814453125 1129.29541015625 1126.53784179688 1145.53247070312 1163.66833496094 1124.43298339844 1044.66430664062 974.205200195312 921.609191894531 876.212951660156 841.879455566406 805.332275390625 786.620544433594 761.781860351562 717.429443359375 675.640441894531 597.458862304688 488.255706787109 438.597320556641 393.07421875 320.156066894531 216.485366821289 178.159683227539 137.615921020508 118.725242614746 181.808624267578 275.189971923828 348.08544921875 384.891021728516 430.05517578125 461.212036132812 488.25244140625 530.847534179688 577.45263671875 607.112731933594 646.624694824219 684.209655761719 717.762268066406 745.869995117188 799.9892578125 855.7939453125 904.927612304688 948.062255859375 974.950805664062 991.40966796875 1010.21813964844 1025.44348144531 1038.87646484375 1074.52868652344 1095.21643066406 1064.27197265625 1012.75689697266 956.557861328125 901.217346191406 866.419006347656
1145.69873046875 1148.15844726562 1159.57983398438 1186.12414550781 1215.93737792969 1215.794921875 1125.80078125 1018.73541259766 958.976196289062 927.814147949219 905.941955566406 898.003112792969 855.624328613281 829.148132324219 808.661315917969 771.790832519531 696.8759765625 631.426940917969 508.557312011719 465.584655761719 413.927337646484 372.081298828125 271.182159423828 186.600189208984 139.408493041992 123.655029296875 113.930488586426 162.933517456055 261.330963134766 337.377777099609 382.905059814453 424.614715576172 455.746795654297 483.225311279297 520.103515625 542.300170898438 583.572265625 628.375 684.375366210938 721.640747070312 750.34521484375 807.30859375 838.811584472656 881.996765136719 929.773986816406 974.961547851562 983.571350097656 984.646484375 988.449768066406 1022.43579101562 1058.44177246094 1063.80480957031 1034.83483886719 989.218078613281 928.868896484375 888.248168945312
1185.15270996094 1185.18762207031 1203.46545410156 1241.18823242188 1246.93896484375 1201.39868164062 1101.14514160156 1018.15032958984 966.184204101562 950.898803710938 954.696655273438 948.771850585938 923.019287109375 894.4677734375 846.471069335938 778.690490722656 696.670104980469 641.750732421875 534.532348632812 487.887145996094 443.536407470703 403.909301757812 325.320251464844 209.383926391602 156.28125 116.461280822754 109.625564575195 105.907470703125 148.63835144043 244.158905029297 332.450927734375 378.361419677734 416.669738769531 446.708587646484 478.495330810547 507.489044189453 534.066955566406 578.37548828125 637.568603515625 689.2138671875 711.930053710938 737.343078613281 773.910095214844 838.384460449219 882.16357421875 927.044677734375 944.509704589844 942.745361328125 954.149291992188 976.899658203125 1016.17462158203 1038.46594238281 1051.75134277344 1025.53527832031 974.994140625 915.384399414062
1259.28674316406 1246.55541992188 1257.34301757812 1259.77136230469 1224.33154296875 1155.904296875 1076.458984375 1016.3046875 989.785217285156 993.678405761719 1010.94934082031 983.700134277344 964.692260742188 937.892761230469 864.392517089844 773.681762695312 696.904357910156 655.762939453125 572.213928222656 500.496368408203 464.937957763672 422.147888183594 376.902648925781 267.413421630859 175.279876708984 134.029602050781 120.03630065918 98.6253890991211 102.531875610352 137.229949951172 219.300857543945 311.061248779297 358.977630615234 396.28759765625 427.4794921875 465.152526855469 504.658996582031 539.760925292969 578.878967285156 628.958190917969 667.779418945312 696.293701171875 741.690979003906 784.44873046875 844.074401855469 866.532531738281 860.5 865.712768554688 884.295715332031 918.299499511719 967.7177734375 1006.40985107422 1030.68920898438 1019.31518554688 977.152099609375 927.7509765625
1317.19323730469 1291.6630859375 1253.19091796875 1212.38720703125 1170.95202636719 1123.13061523438 1073.12451171875 1037.78955078125 1029.79174804688 1045.90466308594 1052.31262207031 1040.84033203125 1017.83642578125 960.661926269531 879.47021484375 777.280700683594 716.007873535156 667.019409179688 622.876708984375 535.692138671875 492.765350341797 451.614196777344 403.341949462891 335.455413818359 203.788818359375 142.990264892578 117.719451904297 102.014129638672 91.9238815307617 88.0299911499023 109.913787841797 184.587432861328 278.829040527344 343.482482910156 384.685791015625 413.600311279297 454.528442382812 482.586669921875 522.157165527344 552.180908203125 605.203979492188 662.652893066406 708.34033203125 746.508666992188 790.29833984375 813.845520019531 815.426940917969 817.568054199219 836.335083007812 864.790954589844 911.660766601562 966.03759765625 998.009826660156 994.406860351562 958.208618164062 926.044006347656
1285.13720703125 1260.55212402344 1212.16552734375 1172.52355957031 1147.48669433594 1123.69177246094 1094.34582519531 1067.38232421875 1077.37963867188 1083.17504882812 1083.80212402344 1074.78491210938 1047.94470214844 982.370727539062 905.118103027344 813.279602050781 754.582702636719 698.28271484375 666.530883789062 618.397399902344 528.66748046875 484.494964599609 429.089477539062 382.636566162109 286.778198242188 160.772964477539 123.31770324707 105.988609313965 89.0224380493164 81.9289855957031 73.788200378418 82.5894012451172 118.990196228027 228.38313293457 315.430023193359 360.710632324219 394.309112548828 438.051788330078 463.454956054688 497.082824707031 548.099792480469 604.952819824219 679.927917480469 725.06298828125 753.930053710938 755.026733398438 759.165893554688 766.617126464844 785.028930664062 833.115844726562 869.466735839844 925.689819335938 944.414489746094 950.690612792969 923.728637695312 903.90380859375
1166.95153808594 1163.33435058594 1143.84399414062 1137.8369140625 1144.64587402344 1144.12719726562 1125.22595214844 1105.27819824219 1101.19018554688 1102.9052734375 1107.73840332031 1101.28588867188 1071.35986328125 1010.48284912109 940.593688964844 877.958129882812 806.575134277344 760.955932617188 713.9189453125 686.35205078125 625.496704101562 527.343627929688 476.512329101562 409.103240966797 363.630187988281 207.06867980957 124.290878295898 108.112907409668 90.7252807617188 79.2524032592773 72.3090438842773 72.1596374511719 72.7247543334961 99.2299957275391 167.891326904297 273.65478515625 333.3837890625 365.451812744141 403.114105224609 452.144805908203 499.189575195312 558.591674804688 614.921508789062 685.516174316406 719.285522460938 735.328002929688 748.414916992188 757.461975097656 769.786926269531 784.36962890625 841.567749023438 884.738403320312 900.567687988281 913.364379882812 895.302490234375 882.841674804688
1089.09240722656 1085.55419921875 1084.83093261719 1094.63623046875 1125.51159667969 1142.68103027344 1149.47900390625 1123.73901367188 1110.56103515625 1120.76098632812 1123.54870605469 1093.72814941406 1039.91320800781 1002.48236083984 950.666625976562 921.412719726562 847.087158203125 801.994018554688 754.330383300781 713.392761230469 688.44873046875 597.360656738281 506.847503662109 451.065246582031 385.820281982422 266.983642578125 141.782577514648 122.102279663086 109.445098876953 87.6373825073242 83.7536468505859 80.0287017822266 77.3757400512695 83.9633407592773 93.0695114135742 114.467155456543 193.445693969727 300.069976806641 357.236267089844 399.192352294922 453.303741455078 504.575592041016 561.088500976562 609.721801757812 652.9482421875 691.744201660156 712.53369140625 737.270202636719 754.47216796875 766.544555664062 793.924987792969 837.964416503906 858.695739746094 868.774780273438 869.177001953125 850.05517578125
1035.78430175781 1035.20056152344 1034.01953125 1047.26782226562 1070.69592285156 1093.79382324219 1120.00073242188 1131.30944824219 1125.84924316406 1105.77429199219 1096.13854980469 1062.79309082031 1010.81494140625 977.702392578125 945.76025390625 899.254699707031 829.186279296875 792.958801269531 753.0107421875 719.559387207031 671.805786132812 597.262145996094 504.323303222656 446.228515625 397.25830078125 295.770050048828 151.147689819336 123.111190795898 126.820434570312 102.955574035645 86.0264205932617 85.0672454833984 83.914924621582 81.4183654785156 82.0206069946289 76.2007675170898 80.6586380004883 140.868698120117 251.88459777832 349.825256347656 398.2880859375 451.718231201172 498.571685791016 547.711303710938 578.025756835938 612.936340332031 646.56591796875 698.674743652344 726.860778808594 756.940795898438 770.242431640625 777.471313476562 804.402893066406 819.103698730469 828.169616699219 813.443725585938
987.822631835938 987.065002441406 988.063659667969 985.258117675781 1003.9912109375 1029.49169921875 1059.07263183594 1081.64709472656 1080.51135253906 1070.04309082031 1039.03332519531 1002.63391113281 957.231567382812 928.310791015625 894.813903808594 831.46875 786.227722167969 743.071350097656 703.1337890625 672.11767578125 621.592224121094 536.037048339844 473.8798828125 425.894012451172 374.618072509766 288.028472900391 173.199111938477 138.435272216797 123.459480285645 129.301559448242 103.319541931152 92.1725845336914 83.0972518920898 78.0746002197266 75.4668273925781 71.6981811523438 73.079345703125 72.217887878418 113.369125366211 241.563812255859 344.739105224609 396.915069580078 444.008117675781 479.977752685547 524.255615234375 547.634643554688 585.386474609375 626.425415039062 676.76513671875 714.59716796875 740.244445800781 755.860290527344 771.595031738281 785.423278808594 798.16064453125 795.768676757812
924.581970214844 935.381103515625 939.004333496094 943.71044921875 957.963317871094 966.529479980469 992.029968261719 1018.42510986328 1022.98626708984 1012.21392822266 981.440185546875 951.268188476562 907.505798339844 877.587463378906 821.598815917969 783.669982910156 730.606384277344 699.783569335938 666.866271972656 614.387878417969 513.7958984375 460.700927734375 424.685455322266 377.658050537109 356.440826416016 276.026123046875 195.629699707031 165.53742980957 150.350204467773 135.861862182617 117.358757019043 102.354705810547 90.5851821899414 76.5507125854492 73.6360855102539 66.7213363647461 67.1083450317383 64.3566055297852 64.6053695678711 101.18879699707 236.04768371582 348.494262695312 394.688690185547 431.433410644531 465.773315429688 506.006469726562 532.854858398438 569.096252441406 613.782409667969 653.230041503906 691.522705078125 716.866027832031 743.397094726562 753.92333984375 763.301391601562 760.988830566406
873.123107910156 886.136840820312 889.225036621094 903.130249023438 905.293762207031 931.6923828125 953.269714355469 962.536254882812 976.534484863281 961.994201660156 943.41943359375 901.649353027344 874.161865234375 811.710632324219 781.95263671875 727.656616210938 701.274169921875 667.734008789062 622.024719238281 514.817749023438 454.032165527344 420.426147460938 381.797088623047 364.608581542969 323.901428222656 262.371734619141 228.570281982422 199.008972167969 180.150390625 152.924758911133 142.070251464844 115.491851806641 101.885902404785 87.1960372924805 74.4576568603516 70.4205856323242 60.2322540283203 59.2326545715332 60.0198783874512 64.9257965087891 105.56755065918 231.698806762695 344.224456787109 395.568115234375 422.178070068359 460.902496337891 504.696716308594 525.789855957031 564.524230957031 593.302673339844 625.610961914062 665.966064453125 699.191711425781 725.620178222656 739.025939941406 735.949584960938
820.196533203125 832.726928710938 834.902770996094 847.312255859375 859.149841308594 878.525817871094 895.764831542969 913.23779296875 920.433959960938 907.802551269531 898.080444335938 856.513854980469 806.224670410156 770.625854492188 727.467224121094 699.172424316406 666.502075195312 625.932373046875 525.87158203125 458.553314208984 424.051452636719 388.071044921875 370.637145996094 349.082275390625 297.341766357422 293.522796630859 288.840972900391 293.90234375 284.135162353516 246.153778076172 183.502944946289 134.840377807617 113.580268859863 99.9708404541016 85.3874130249023 76.9304733276367 58.880069732666 55.2114868164062 58.3504104614258 56.4794921875 65.7627868652344 109.479598999023 236.99836730957 340.090057373047 387.977386474609 423.513031005859 464.556762695312 496.932373046875 518.281616210938 549.714233398438 580.33154296875 612.000061035156 650.893249511719 678.951171875 693.313110351562 694.63037109375
749.390380859375 753.815795898438 760.857788085938 775.786926269531 790.210021972656 813.339416503906 841.545104980469 857.503295898438 862.3671875 854.2216796875 824.796691894531 779.955749511719 756.618225097656 722.778564453125 689.452941894531 663.973388671875 625.312622070312 535.829040527344 461.200958251953 427.565979003906 390.260772705078 375.687255859375 363.870178222656 329.378631591797 330.403930664062 345.638854980469 375.384490966797 399.894287109375 403.178741455078 395.228515625 351.209503173828 243.830764770508 145.369750976562 114.639831542969 98.9475555419922 83.2093048095703 71.5163345336914 52.0836944580078 55.2417488098145 55.6418037414551 55.6506614685059 66.775993347168 110.741790771484 226.843795776367 337.673583984375 389.288482666016 422.382202148438 452.393859863281 484.649505615234 500.557525634766 530.019775390625 566.981689453125 607.538269042969 638.224304199219 656.089721679688 658.495300292969
686.702270507812 688.443298339844 690.936096191406 702.010070800781 717.339721679688 731.329711914062 753.330505371094 761.504150390625 763.797668457031 761.88623046875 736.5478515625 714.839233398438 701.561706542969 679.090454101562 649.15380859375 611.691650390625 519.498229980469 461.263488769531 428.455688476562 395.972564697266 384.798522949219 382.646850585938 362.102325439453 357.681488037109 377.917205810547 401.954498291016 419.477416992188 441.26953125 465.245544433594 460.377868652344 421.702301025391 384.398742675781 271.533172607422 163.133911132812 117.297981262207 96.9535064697266 81.983283996582 68.690559387207 44.6154098510742 49.5331535339355 53.5652961730957 56.3216400146484 72.1939544677734 97.6470947265625 219.226623535156 329.281768798828 371.701538085938 407.958831787109 423.727691650391 454.688812255859 495.234130859375 521.24951171875 562.272033691406 602.015441894531 620.802917480469 627.124389648438
682.913879394531 675.960693359375 675.516784667969 685.191833496094 691.725891113281 697.736328125 707.635986328125 697.853759765625 698.761047363281 699.649841308594 696.884948730469 676.693786621094 665.099487304688 630.320007324219 590.361877441406 510.431335449219 459.044708251953 429.340423583984 402.375610351562 397.511138916016 399.6318359375 391.256683349609 385.368286132812 404.5380859375 414.083587646484 428.5107421875 454.549072265625 490.335388183594 521.387084960938 518.989074707031 496.283264160156 433.858764648438 386.643035888672 287.414916992188 167.035903930664 115.415496826172 92.6650466918945 77.9518203735352 59.3635063171387 46.8184547424316 42.8715934753418 43.3605346679688 55.4627494812012 67.3607864379883 105.421752929688 202.189453125 285.057403564453 344.720794677734 380.560607910156 406.79833984375 431.117858886719 473.088165283203 509.632537841797 546.118286132812 566.594787597656 583.486267089844
683.884765625 672.911865234375 664.357421875 662.750183105469 665.237854003906 667.847961425781 668.286499023438 669.134704589844 668.136596679688 663.57177734375 652.168090820312 646.120910644531 622.47412109375 570.080505371094 498.861114501953 458.080291748047 433.915466308594 408.169769287109 406.469512939453 418.370086669922 407.628814697266 413.368499755859 420.285522460938 425.341522216797 438.406188964844 464.797027587891 495.090087890625 530.187316894531 577.367248535156 587.98876953125 541.884643554688 495.424987792969 433.0859375 388.905578613281 287.595611572266 162.458419799805 109.915565490723 90.5536270141602 77.7475738525391 55.058780670166 42.137752532959 35.7413520812988 31.0320339202881 52.9302368164062 59.9961128234863 83.4663314819336 151.725082397461 208.062088012695 285.673431396484 345.944091796875 379.033447265625 420.690124511719 459.479919433594 487.646636962891 521.550537109375 532.986206054688
698.237548828125 679.915466308594 662.86572265625 647.317199707031 646.342834472656 645.274536132812 644.048645019531 648.629089355469 646.461669921875 641.4716796875 623.87158203125 594.546691894531 547.432189941406 493.340148925781 462.519195556641 439.827270507812 417.965026855469 415.13037109375 422.546508789062 423.749816894531 425.545013427734 429.19384765625 432.312469482422 454.8095703125 480.85009765625 501.366485595703 548.615539550781 630.330200195312 669.674072265625 669.568786621094 603.409973144531 533.696350097656 494.202087402344 426.479705810547 384.474029541016 264.189178466797 141.407821655273 103.717552185059 84.6866226196289 63.4722175598145 49.2862968444824 35.8876876831055 28.2317161560059 29.3616771697998 37.283317565918 55.9665336608887 72.0835418701172 104.713768005371 149.621154785156 217.952453613281 310.719329833984 374.530456542969 411.078552246094 441.758117675781 475.028686523438 495.567993164062
701.743713378906 675.542114257812 650.106018066406 629.705322265625 616.199096679688 609.804870605469 612.956726074219 615.087158203125 611.275512695312 597.545715332031 565.982788085938 528.265197753906 505.145294189453 478.264892578125 453.132629394531 433.425872802734 434.060272216797 421.925109863281 432.707916259766 433.465240478516 436.034851074219 445.9052734375 466.803985595703 489.815002441406 528.38330078125 595.398132324219 655.748474121094 691.481323242188 715.55615234375 713.91552734375 677.905944824219 614.114318847656 536.778991699219 487.571258544922 424.270568847656 374.61767578125 239.163131713867 129.593185424805 104.929130554199 80.0460586547852 57.5887145996094 42.2690887451172 30.5787982940674 18.9700756072998 21.7544078826904 31.6233711242676 46.3035049438477 57.8135261535645 77.952880859375 108.549179077148 180.922592163086 274.730773925781 350.030944824219 387.507049560547 425.047332763672 452.802490234375
711.101501464844 675.090209960938 636.434204101562 603.125610351562 581.970153808594 575.9287109375 575.42919921875 568.513427734375 564.105529785156 550.93115234375 527.620666503906 502.454742431641 492.199645996094 474.851379394531 454.561584472656 444.174621582031 439.992279052734 441.491607666016 439.924865722656 443.69775390625 456.665069580078 481.020568847656 502.053558349609 571.958862304688 634.064636230469 667.782836914062 697.24560546875 739.495056152344 753.465698242188 739.530517578125 706.824340820312 683.565124511719 618.386169433594 525.065124511719 472.998657226562 414.968811035156 360.674835205078 213.446304321289 123.722480773926 98.7554931640625 74.1869659423828 52.8442535400391 34.8103523254395 15.5907249450684 17.7409992218018 16.8885803222656 20.6067905426025 33.2494735717773 52.0392265319824 65.4835586547852 89.6893920898438 148.781677246094 235.257751464844 319.470916748047 368.328125 402.832641601562
719.681640625 669.350402832031 625.264526367188 589.973876953125 570.604919433594 556.501953125 551.913635253906 547.61181640625 541.159484863281 526.192687988281 508.118133544922 496.671173095703 481.446533203125 470.984344482422 458.584533691406 456.412780761719 453.579315185547 450.669708251953 448.741119384766 467.7841796875 489.515197753906 509.361938476562 592.507263183594 658.802551269531 685.951416015625 727.882690429688 773.923828125 804.214965820312 808.836608886719 800.500427246094 762.943603515625 710.990966796875 680.525024414062 595.647583007812 510.732482910156 463.924713134766 411.518218994141 339.032653808594 192.505889892578 118.423637390137 95.0174865722656 71.1419067382812 50.3805961608887 31.0334873199463 20.7703628540039 16.072452545166 12.0902948379517 13.6225090026855 26.4064483642578 43.9908638000488 59.9837493896484 79.7111358642578 132.378662109375 194.97834777832 278.475799560547 330.251831054688
717.510925292969 667.135375976562 616.255432128906 579.39453125 557.099243164062 543.121704101562 538.602355957031 533.081726074219 523.935729980469 511.243011474609 498.523468017578 488.741363525391 483.811462402344 469.690399169922 467.415496826172 464.355346679688 460.920013427734 466.556976318359 480.205902099609 495.854309082031 515.623229980469 596.285705566406 662.724670410156 697.538269042969 748.314758300781 794.708190917969 845.025573730469 873.495849609375 894.442749023438 868.174926757812 831.773315429688 775.5205078125 713.090637207031 673.83154296875 582.298156738281 507.74072265625 459.131103515625 408.060729980469 319.244995117188 178.099365234375 116.459625244141 95.1134872436523 71.1069869995117 49.7133941650391 26.2478275299072 16.8414039611816 6.70925092697144 0 6.63833522796631 17.5000743865967 35.5638618469238 58.1810150146484 77.301628112793 121.716415405273 173.620513916016 223.085494995117
715.158020019531 666.218566894531 614.763488769531 578.729370117188 551.021850585938 538.795227050781 529.927612304688 520.708129882812 512.481567382812 500.915130615234 495.764984130859 492.556549072266 483.623443603516 481.628662109375 475.029968261719 474.515991210938 482.560974121094 490.732116699219 502.874603271484 521.976745605469 591.9345703125 659.060668945312 694.820373535156 747.159790039062 803.119506835938 863.281555175781 938.308471679688 971.818237304688 954.854309082031 897.004638671875 854.010803222656 809.561279296875 751.069396972656 722.013000488281 668.463806152344 576.569091796875 508.215209960938 455.764923095703 400.36181640625 299.241302490234 173.874069213867 117.816444396973 96.9489974975586 71.6847381591797 48.9904098510742 21.5112171173096 24.0082244873047 0 0 0 15.4042739868164 35.5695343017578 60.0244941711426 80.8356094360352 116.764358520508 153.293014526367
