Rscript/monthly_maps/SnowDepthMapFile-median-1989-12.asc
ncols 320 
nrows 361 
xllcorner 618410.159 
yllcorner 5088785.286 
cellsize 100 
NODATA_value -9999 
[rows 175 to 199 of 361, columns 112 to 167 of 320]
197.295059204102 200.10319519043 201.131225585938 203.73454284668 205.902236938477 206.58056640625 203.861312866211 204.348648071289 204.043609619141 205.360198974609 210.764175415039 199.185546875 205.264297485352 212.867446899414 227.479156494141 228.197082519531 235.091491699219 230.063537597656 222.514236450195 230.106155395508 234.206329345703 244.603713989258 246.240982055664 242.014221191406 243.453598022461 246.122497558594 252.639633178711 254.75032043457 257.970336914062 267.114593505859 232.823760986328 209.576919555664 192.051315307617 178.517135620117 165.238632202148 166.559356689453 132.369064331055 91.4915924072266 47.9434356689453 18.0444087982178 0 0 0 0 0 0 0 0 0 0 0 0 0 0 0 0
180.367599487305 180.099227905273 180.638626098633 181.48649597168 182.623062133789 181.263656616211 181.172256469727 181.505416870117 181.618240356445 182.491363525391 183.106658935547 189.3310546875 193.743850708008 199.492660522461 202.634078979492 209.453826904297 195.209228515625 198.952438354492 207.936798095703 218.532684326172 219.939086914062 223.191848754883 227.124938964844 215.597061157227 211.910385131836 215.241683959961 230.230606079102 237.068222045898 242.231979370117 256.875518798828 216.650238037109 195.669738769531 177.044403076172 170.987594604492 165.705474853516 141.826751708984 95.854621887207 61.9619941711426 29.3805561065674 0 0 0 0 0 0 0 0 0 0 0 0 0 0 0 0 0
162.97135925293 164.715667724609 161.448516845703 160.267013549805 159.453552246094 158.201202392578 157.554992675781 158.577972412109 158.928863525391 161.005645751953 158.886596679688 162.257446289062 169.043884277344 172.484649658203 175.904388427734 180.262619018555 187.470108032227 193.38215637207 189.119232177734 195.704071044922 198.152954101562 198.306457519531 212.024322509766 209.384826660156 211.433410644531 197.144927978516 207.189849853516 223.154449462891 233.539733886719 231.222732543945 216.893356323242 192.964935302734 169.217575073242 160.966690063477 139.967971801758 93.0563507080078 77.6446990966797 38.361442565918 5.70320892333984 0 0 0 0 0 0 0 0 0 0 0 0 0 0 0 0 0
149.717163085938 146.537628173828 148.689971923828 151.588943481445 150.718963623047 150.038436889648 150.351043701172 148.708053588867 148.572769165039 148.482284545898 147.164031982422 153.857788085938 154.775985717773 153.58967590332 157.246658325195 165.091262817383 158.939758300781 171.524917602539 180.363479614258 185.253524780273 188.859283447266 190.325134277344 190.376800537109 192.199234008789 199.309463500977 200.51823425293 198.414993286133 218.650253295898 235.509292602539 236.282684326172 234.475173950195 195.673751831055 168.276458740234 142.021240234375 103.731575012207 77.9920501708984 38.3928070068359 21.0792579650879 0 0 0 0 0 0 0 0 0 0 0 0 0 0 0 0 0 0
140.214004516602 141.815338134766 141.433135986328 139.489944458008 139.796005249023 132.224319458008 131.525894165039 123.29027557373 120.748062133789 120.882759094238 120.985984802246 118.181373596191 116.321517944336 115.681243896484 116.47518157959 118.596778869629 135.122009277344 151.911148071289 158.306930541992 155.873229980469 164.189422607422 170.180221557617 174.370101928711 180.818969726562 189.4306640625 189.287399291992 195.386749267578 216.440811157227 232.101547241211 238.289291381836 233.550399780273 198.573257446289 169.366561889648 134.334228515625 92.5747985839844 48.3176574707031 13.1910352706909 0 0 0 0 0 0 0 0 0 0 0 0 0 0 0 0 0 0 0
111.493827819824 112.230461120605 115.082595825195 115.342994689941 105.500381469727 100.228416442871 80.6436767578125 82.300651550293 80.9510498046875 78.5308380126953 78.6776809692383 79.9317855834961 73.3035736083984 71.7620849609375 73.641716003418 77.5009078979492 90.9538269042969 115.752243041992 127.972785949707 146.558959960938 153.321716308594 160.412704467773 160.258880615234 170.623428344727 180.608520507812 182.813995361328 190.978927612305 209.836334228516 221.094650268555 226.822982788086 223.013793945312 194.523193359375 166.254470825195 117.090393066406 88.0449600219727 39.9092864990234 0 0 0 0 0 0 0 0 0 0 0 0 0 0 0 0 0 0 0 0
128.496597290039 124.797874450684 119.407928466797 128.986145019531 100.872596740723 94.8696670532227 91.8473892211914 89.0457000732422 80.5481491088867 81.117431640625 75.9082794189453 74.0199203491211 64.8756637573242 58.8572807312012 58.2713661193848 61.0436172485352 67.4365158081055 71.630973815918 80.5050888061523 98.1815643310547 139.957275390625 143.273086547852 151.858444213867 152.952438354492 166.206329345703 180.013778686523 176.581832885742 191.933135986328 197.911880493164 201.45735168457 196.045684814453 179.457901000977 158.386444091797 111.581886291504 72.5108413696289 21.7640647888184 0 0 0 0 0 0 0 0 0 0 0 0 0 0 0 0 0 0 0 0
123.255592346191 122.578269958496 130.431427001953 113.148330688477 104.336196899414 98.2797470092773 92.416748046875 84.3564071655273 80.9779586791992 75.5500411987305 67.7760620117188 65.0719985961914 51.3779296875 41.3124771118164 34.73291015625 38.741382598877 43.5316200256348 61.1798286437988 66.2883224487305 74.1815414428711 81.1530685424805 104.054168701172 112.73656463623 145.664810180664 152.719223022461 151.436752319336 164.567367553711 175.909545898438 180.774124145508 181.605285644531 178.963653564453 167.309829711914 140.911758422852 101.551139831543 55.9515190124512 19.6919574737549 0 0 0 0 0 0 0 0 0 0 0 0 0 0 0 0 0 0 0 0
130.487167358398 136.489379882812 118.212379455566 108.905952453613 99.9276428222656 95.6214981079102 91.4261016845703 92.1888732910156 85.9873046875 65.7791213989258 60.1433296203613 50.3287773132324 38.5961647033691 34.8984298706055 31.1162929534912 31.1155796051025 25.6504745483398 29.4699001312256 43.9731407165527 63.329704284668 66.6224212646484 75.9263534545898 81.0525817871094 81.1606597900391 86.4430236816406 96.8871917724609 124.669853210449 130.056793212891 152.528701782227 150.244750976562 149.645172119141 130.385925292969 97.115234375 83.4503173828125 39.4555969238281 0 0 0 0 0 0 0 0 0 0 0 0 0 0 0 0 0 0 0 0 0
138.472900390625 137.12565612793 130.135314941406 117.107788085938 105.969009399414 97.1616439819336 99.7359008789062 86.2605438232422 76.940055847168 70.7179183959961 58.8909721374512 55.1953735351562 37.2829437255859 24.9355010986328 20.5978622436523 25.3927192687988 28.8467655181885 21.0306930541992 24.275972366333 28.4036083221436 42.0330390930176 50.4856643676758 60.9728164672852 61.4239883422852 60.1205635070801 61.0954093933105 64.7237014770508 71.4018173217773 77.040153503418 82.0870056152344 83.1716537475586 80.8679046630859 73.3793182373047 40.9628715515137 22.05322265625 0 0 0 0 0 0 0 0 0 0 0 0 0 0 0 0 0 0 0 0 0
153.124969482422 141.645065307617 147.183959960938 128.583724975586 116.752883911133 107.701805114746 103.072257995605 97.1038055419922 102.070381164551 87.7382202148438 75.9233322143555 64.1440887451172 69.4308700561523 50.1483268737793 37.8468246459961 34.6829147338867 30.508638381958 26.8443717956543 22.834020614624 18.2730693817139 19.298828125 23.8873901367188 24.8822994232178 22.0697708129883 18.8565368652344 16.2493629455566 15.8423528671265 19.7261142730713 24.1795959472656 29.6440353393555 31.8090934753418 27.7944793701172 27.6671886444092 17.1857452392578 0 0 0 0 0 0 0 0 0 0 0 0 0 0 0 0 0 0 0 0 0 0
175.81901550293 175.138900756836 171.144821166992 160.637969970703 139.248901367188 128.53076171875 121.329238891602 114.400756835938 107.477401733398 104.846496582031 104.870109558105 91.7338562011719 84.8346176147461 77.4609298706055 68.7956237792969 58.9780807495117 51.0846176147461 33.7314033508301 37.0095443725586 15.2620906829834 17.2140121459961 9.29038715362549 0 0 0 0 0 0 0 0 0 0 0 0 0 0 0 0 0 0 0 0 0 0 0 0 0 0 0 0 0 0 0 0 0 0
194.404800415039 191.767959594727 188.604293823242 177.701904296875 168.56184387207 162.139755249023 157.406433105469 154.788681030273 142.430282592773 132.991058349609 123.393539428711 115.556846618652 110.151107788086 110.046730041504 101.485160827637 103.656402587891 84.2419815063477 64.5269622802734 49.3843078613281 37.4718742370605 36.2679100036621 0 0 0 0 0 0 0 0 0 0 0 0 0 0 0 0 0 0 0 0 0 0 0 0 0 0 0 0 0 0 0 0 0 0 0
215.287811279297 207.155548095703 209.588577270508 206.36018371582 202.640731811523 197.228302001953 196.660278320312 185.764801025391 179.461700439453 174.369720458984 171.048858642578 166.148193359375 155.362823486328 150.498840332031 138.762725830078 124.72142791748 111.672325134277 100.122077941895 81.476921081543 65.0263366699219 29.9791393280029 26.8409099578857 3.86867308616638 0 0 0 0 0 0 0 0 0 0 0 0 0 0 0 0 0 0 0 0 0 0 0 0 0 0 0 0 0 0 0 0 0
246.229309082031 234.232131958008 229.730621337891 226.813980102539 227.031112670898 223.653610229492 216.613418579102 208.303283691406 200.844451904297 194.505950927734 189.903564453125 185.819000244141 180.758224487305 172.930130004883 156.442962646484 148.443649291992 139.923049926758 127.985595703125 108.930313110352 93.0700531005859 65.9849166870117 31.7565689086914 3.99294090270996 3.96645998954773 0 0 0 0 0 0 0 0 0 0 0 0 0 0 0 0 0 0 0 0 0 0 0 0 0 0 0 0 0 0 0 41.5754165649414
267.376739501953 266.08544921875 265.116119384766 263.992584228516 258.221374511719 255.426834106445 251.121383666992 244.70491027832 230.985198974609 223.677093505859 217.162109375 209.061096191406 202.531723022461 196.448303222656 191.510299682617 185.135635375977 160.123916625977 147.727813720703 145.181732177734 116.666961669922 108.832252502441 70.6483612060547 38.8363037109375 38.7844276428223 4.10294008255005 4.09108018875122 0 0 0 0 0 0 0 0 0 0 0 0 0 0 0 0 0 0 0 0 0 0 0 0 0 0 0 0 37.5528984069824 65.2940292358398
309.948547363281 308.282745361328 299.482299804688 298.037628173828 290.965576171875 283.148895263672 272.573059082031 257.435333251953 249.468887329102 242.844589233398 235.938858032227 233.289154052734 224.516571044922 215.160202026367 204.844711303711 199.641784667969 193.205627441406 176.646560668945 152.139572143555 138.312637329102 122.610649108887 105.061073303223 82.8122711181641 58.8461036682129 31.4586124420166 0 4.08544492721558 0 0 0 0 0 0 0 0 0 0 0 0 0 0 0 0 0 0 0 0 0 0 0 0 0 0 36.5623664855957 67.1356582641602 98.9583206176758
354.766082763672 351.911651611328 351.260284423828 344.220245361328 320.386932373047 309.526184082031 300.432769775391 286.088836669922 273.675048828125 254.567749023438 242.607528686523 234.24104309082 227.393951416016 220.056259155273 217.123031616211 213.344863891602 207.005661010742 196.756927490234 182.794662475586 155.920715332031 144.18879699707 128.236328125 109.676300048828 102.888534545898 71.0309219360352 44.1117515563965 42.9717483520508 4.21815490722656 4.07762384414673 0 0 0 0 0 0 0 0 0 0 0 0 0 0 0 0 0 0 0 0 0 0 0 0 55.1298637390137 97.1472244262695 118.526191711426
338.819305419922 346.0185546875 381.372100830078 380.046142578125 379.464172363281 352.297515869141 325.128448486328 310.674224853516 294.697082519531 277.096008300781 254.845901489258 241.835952758789 234.693359375 235.977722167969 230.602310180664 224.763076782227 215.022567749023 211.954864501953 199.899108886719 192.138549804688 164.400756835938 153.006088256836 142.115447998047 114.714149475098 100.440689086914 73.6729888916016 42.3645935058594 39.8919143676758 3.70132303237915 0 0 0 0 0 0 0 0 0 0 0 0 0 0 0 0 0 0 0 0 0 0 0 36.9841804504395 67.9669418334961 105.266189575195 142.755004882812
318.638854980469 323.027984619141 329.347991943359 342.950775146484 349.769409179688 380.625854492188 369.135986328125 335.950805664062 313.773376464844 300.947021484375 275.097045898438 252.836456298828 241.62873840332 243.632583618164 239.95947265625 233.877197265625 227.841888427734 220.162368774414 216.817092895508 208.540435791016 197.920272827148 178.374954223633 149.677688598633 133.784057617188 110.064933776855 100.200157165527 59.9554328918457 36.1702613830566 0 0 0 0 0 0 0 0 0 0 0 0 0 0 0 0 0 0 0 0 0 0 0 0 34.490909576416 81.5438919067383 112.06143951416 142.209762573242
298.947937011719 304.243591308594 304.341766357422 313.64306640625 327.336242675781 346.201324462891 346.305084228516 360.814514160156 345.435760498047 318.771331787109 297.881652832031 276.169830322266 261.577667236328 252.408874511719 248.001754760742 244.863433837891 238.667526245117 233.16162109375 226.31037902832 221.245422363281 214.655258178711 198.213516235352 161.070114135742 140.889297485352 118.563209533691 100.934104919434 66.4404830932617 28.0864925384521 0 0 0 0 0 0 0 0 0 0 0 0 0 0 0 0 0 0 0 0 0 0 0 33.1350860595703 57.8714294433594 97.8812789916992 119.234375 145.498840332031
259.233459472656 278.607055664062 296.626892089844 302.063629150391 307.627288818359 319.566345214844 340.496612548828 344.852661132812 339.335083007812 344.483612060547 323.017730712891 293.037414550781 277.904388427734 268.860748291016 262.412292480469 256.491302490234 251.733688354492 245.091094970703 237.844192504883 228.948013305664 222.189041137695 207.374298095703 183.149948120117 144.399383544922 119.994964599609 100.911804199219 68.7051391601562 25.8603401184082 0 0 0 0 0 0 0 0 0 0 0 0 0 0 0 0 0 0 0 0 0 0 0 31.4974613189697 75.3706817626953 106.600982666016 134.689468383789 158.094161987305
254.883148193359 271.881286621094 287.519256591797 293.755798339844 301.385345458984 302.652770996094 312.538177490234 318.338012695312 335.920501708984 334.310913085938 339.316345214844 323.053466796875 302.5830078125 287.826293945312 280.349456787109 274.755065917969 265.643676757812 253.838943481445 238.200698852539 232.740600585938 223.159576416016 204.545394897461 184.240432739258 144.023559570312 122.677536010742 97.2080230712891 62.3309669494629 37.7423706054688 0 0 0 0 0 0 0 0 0 0 0 0 0 0 0 0 0 0 0 0 0 0 36.4796676635742 61.2631034851074 98.0257263183594 117.362121582031 146.110778808594 179.47883605957
250.297256469727 252.144714355469 255.405410766602 261.697174072266 291.451629638672 286.22900390625 291.486907958984 296.682586669922 307.302581787109 316.140380859375 324.344665527344 316.416229248047 320.758880615234 308.113403320312 288.487487792969 277.478271484375 270.3486328125 257.950622558594 240.760314941406 226.919250488281 225.189468383789 202.797958374023 171.971130371094 139.96044921875 113.094604492188 95.3882369995117 54.8167304992676 31.2694416046143 0 0 0 0 0 0 0 0 0 0 0 0 0 0 0 0 0 0 0 0 0 0 32.2244262695312 75.4972229003906 107.96826171875 133.199905395508 151.942474365234 187.006210327148
240.343688964844 238.714935302734 237.534851074219 239.75749206543 244.964401245117 250.913040161133 257.155975341797 262.391448974609 296.189239501953 289.672668457031 301.407684326172 304.732482910156 307.332611083984 299.873413085938 288.830017089844 272.824157714844 257.883544921875 243.596008300781 231.713821411133 226.62646484375 221.856063842773 196.564712524414 165.942581176758 138.444351196289 108.49821472168 77.161865234375 33.047550201416 0 0 0 0 0 0 0 0 0 0 0 0 0 0 0 0 0 0 0 0 0 0 0 49.9994583129883 95.2002487182617 116.217712402344 145.116134643555 174.467697143555 194.083724975586
