Rscript/monthly_maps/SnowDepthMapFile-sd-1990-01.asc
ncols 320 
nrows 361 
xllcorner 618410.159 
yllcorner 5088785.286 
cellsize 100 
NODATA_value -9999 
[rows 253 to 275 of 361, columns 53 to 105 of 320]
320.286547375796 316.899790097671 299.613560012517 308.430490940808 305.330024817235 316.168895147779 321.438677601969 334.707503846468 330.546321013923 293.162874916559 261.116373793603 241.374081242729 224.80451291547 225.5958501431 226.523532998808 221.337805556982 214.125330448819 213.337201627806 209.297145701754 191.19848281213 174.606421736286 163.885390705999 158.847018047943 156.687600971398 157.267648616546 162.159190984655 165.448360641886 171.390110895657 170.23233613065 164.062307770891 157.610856434549 156.430867011002 160.751671497672 165.442248603838 168.16638027061 174.313749159631 176.307555479105 179.67813509522 187.518053245889 191.547108286278 194.104763047742 198.262713026304 206.460262829759 214.33470967085 218.15148132795 225.189247943913 231.15689411962 239.536578558934 251.879123154839 254.233451925965 254.408284856445 254.398471655546 264.932554177417
334.586867025962 321.417397706196 305.866945242225 310.71794738697 304.762928805476 314.932567852263 333.695227313743 332.469098207717 331.600309207514 289.392435012077 261.022447281539 241.268394470949 234.718359093807 237.175757083 237.821945457452 231.498473277842 228.114341650786 217.601935692013 206.065993004481 190.572868053384 174.994373367344 166.845186493945 163.126301960356 159.60044453886 157.63392946516 157.504065791943 163.938896466188 168.047736074814 168.176700938904 167.663546300872 163.847426867551 158.217560732394 157.560149831736 159.632011602388 163.879224678911 168.857240729342 173.888260500747 181.824637188591 184.729217251078 186.975875138529 190.126157812733 193.078970519179 198.06502630702 203.57910635415 207.095305361544 217.421314920681 224.902864008846 232.145867117922 243.77575721105 238.480702068834 244.802616883744 245.702953859348 251.667530013794
366.017480569417 342.990433664928 345.432441537044 341.202049841531 337.837563229486 335.475832461776 339.013507974845 335.163567320327 312.226736320384 285.335062927141 264.68948994728 250.759696272512 251.839182099304 256.0308744872 248.95682926805 237.467023694094 234.953771992364 216.102442527523 199.720012118821 188.811334892769 180.254410095633 173.291477161851 168.420760266877 162.856697009221 158.587633932591 154.757958480973 158.099970650914 161.350748403023 166.512236060772 168.798419351344 165.913655789014 160.791268495942 156.628473441177 155.872476137059 157.238548297265 163.211890446136 171.633186331449 174.871429235912 180.646024735275 183.64453388374 185.074060278531 188.339576474604 190.495690754266 193.484112347317 203.435927006787 206.931182751226 223.609282278024 225.788788716058 230.074663214499 229.302589832052 227.958179232523 231.569092622892 240.062714111335
366.487857039409 356.94789600345 357.057316964822 357.033055774268 339.062576763998 336.820133647692 336.028666584844 321.366421638404 298.069888334658 282.607161236801 270.88458446456 260.020233113132 263.755421000876 261.550587635212 254.77274175381 255.015419724403 236.750265599144 218.251102957469 199.704900382315 187.86858741918 183.015227866098 175.877606854637 168.839439403099 161.842109664815 155.799329987404 151.421577908696 151.667134888825 157.194965921424 161.416045750755 166.318023200573 164.496124005483 161.97285162149 158.869701720533 155.62222202593 155.047446309781 154.822802533332 160.966907930622 165.743268062642 170.729224629637 174.047672915641 176.70068066537 177.414236410127 184.779520081988 190.773324666606 193.2182254679 202.8559881068 215.494444624251 224.363918040653 220.24765918141 223.818777613703 224.905270164325 226.113041305413 236.203057427892
350.431343783939 354.397989241322 358.275894032153 356.408270623063 344.704120985955 339.644456138866 324.639689837514 308.578911920001 296.316451099357 286.582360038599 275.133058951069 271.324064827554 273.39429733594 272.079907465565 270.177390206362 256.803139528094 242.74920683689 223.293533851447 202.210828345881 195.848792429899 189.220083642316 180.972608272192 175.841040253978 165.364575406128 157.547983994707 150.639466779903 147.8375578828 149.567556452187 154.081028473751 160.730552198219 163.783575753865 161.920216457163 161.164220335497 158.303111929018 155.760843015947 154.185177904505 154.080495822186 156.690132819669 162.098686404677 167.393753157932 167.603056554772 172.669316473099 178.940829162931 184.386785020314 191.936258747564 196.608626135349 207.080583606979 216.336803576675 217.852223874084 219.270761574399 222.529942898102 225.606134114291 227.11832604544
319.602700201762 326.383337688613 331.050972741729 329.914919794784 324.838353652206 321.353424588851 314.15384620248 307.459766150171 305.764624545006 294.207161254382 284.026670317435 279.056110775187 281.648721563994 281.518504447396 279.28525446497 268.881431196689 251.431097597612 234.719221791892 219.155136043346 209.2055825776 200.524628570724 194.940855472592 188.502271234006 178.376011900913 166.683728350062 155.914925300096 148.882233441373 144.836473473521 150.977324355519 155.859095550731 160.061246516104 161.496803127555 164.545527025077 159.433062572457 156.7280720059 155.749409586639 153.633843498559 152.792251465772 153.898321975797 157.672084169092 161.486068916139 169.232602665809 170.844431846719 175.573469860796 181.400714720947 190.783000615575 198.912064709153 209.323880699888 210.205289358798 217.378257033434 217.0098215964 222.278392712812 223.19194095907
295.132646038132 294.493702705418 303.004567048716 304.138299093682 294.788708026449 295.237995346053 293.243320658962 301.996758247835 306.752809281632 304.178855547551 292.202605481778 284.617291188717 285.002547286258 287.442805923629 279.782468544186 266.937250381154 254.120890908987 243.42296059319 230.814246826545 217.920664049444 211.540490491133 204.170718732931 194.892930752715 191.874924670516 180.32408122921 167.678089046336 154.973666904378 147.136580309912 147.455512799414 152.874460078791 156.119572539684 161.616765718344 160.669172537523 163.238027058992 160.159312326151 156.366008094469 155.157970140226 153.650925412014 151.522334388701 149.31270509833 153.184723194849 158.395084943806 164.113869930917 169.53800147784 177.59468147687 181.820496498185 193.542751676556 197.063343707198 201.783969601899 210.260551534733 216.721495100159 217.786891013914 222.047882843422
276.354819077833 278.254947863439 286.141203682542 286.69368847754 282.92221582541 280.253849428773 281.228804116032 286.38133059094 292.195832566324 300.700487281713 297.268239150195 291.719943035263 286.777922852897 280.879743824345 268.662038739532 260.525318850284 247.192193268422 241.395729303665 227.640332129988 219.545838645167 210.916006720263 211.293667632648 200.995996706786 190.546999607939 182.976179536165 172.667591801517 160.386210464328 151.03049264921 150.304939672488 153.933137869327 156.384164968457 155.962147220174 159.394334832007 160.792367986837 160.857037787785 160.813554166672 157.620469579868 155.097744120464 153.985097986809 154.498903652016 149.605887454078 151.734131508434 152.231824186977 162.056839073797 169.084459234315 175.340532362953 183.840658864757 185.601195495385 196.956235930225 198.182880050592 205.033191054422 210.671116764412 217.915056730746
255.399871818196 260.501207620178 264.992651818744 265.006413562192 265.056063700556 266.817013926353 266.520455056406 271.240445527335 274.990574981572 281.109586765011 282.676579286853 283.075711488455 276.573230798714 267.862128615975 256.663072927591 245.993130108574 233.822573266768 232.015034014409 214.380409105805 214.45498253174 205.01354624297 197.585318030487 191.042316402132 185.811599760587 178.728435237856 170.405591064108 160.736738992732 155.670463612632 156.451443535317 157.61618899632 158.366947225125 159.010186834661 157.140639381959 158.990405672411 159.766652152028 162.010008645926 162.277029044566 157.239422916679 154.397268651912 151.19349589474 152.072375353877 150.734366149342 147.102399428579 153.488711289059 162.47442793024 170.034491068763 177.680519373763 180.05273504863 185.724039946809 191.612751024609 197.682150577305 203.241725178437 210.092203300138
246.418621197551 242.309347383772 247.48391852302 246.566275297728 247.160191120724 247.412726776453 250.787824367387 248.787220093784 260.412199008714 267.452383057196 272.419769826172 267.188563176544 265.819738823023 255.684975954501 243.643539998888 232.855078219944 228.719976601517 218.348850165521 211.518193805742 207.120144056648 196.369370623994 188.39591483831 183.411834483744 175.850879539838 166.668254304843 162.3623285029 160.348605097553 157.871253949843 163.098352849997 165.008442138291 162.019577266229 159.877555526063 155.649150372346 155.732829925667 157.135909971514 158.293745756046 159.427646379836 159.420798867224 156.836115164883 153.420374819612 151.142871159348 150.367552015008 150.161175852732 149.872394914186 156.916882881762 164.736448940958 173.033856810998 177.081260797301 181.573048548532 184.030624180405 191.75791962715 198.3086278773 196.291642645511
223.856931409571 223.957981311779 234.86993854412 230.151314809309 237.978291685656 240.026231894752 240.654591440887 244.338275156206 246.114238301901 250.971679778594 256.219812873807 255.313188388132 252.512387240145 245.019290460331 234.67613311794 223.628512316253 217.500305995603 211.320693828268 204.86540197522 196.908719901421 189.119619643045 182.024250281907 174.331738347835 165.622168103565 161.891083738045 160.131193654873 161.653920985419 166.118623087551 171.659007220909 168.121813566333 166.445529904308 157.006106927538 152.785826288494 146.551633419002 150.700398293785 153.94982934259 160.627986293668 158.101880449445 158.845153730563 156.863977559849 153.052475386669 148.656989846568 149.198219432442 149.702307689645 149.325314841142 160.24125705589 170.208283509823 173.710542978389 177.114284409465 182.689033100884 184.181177270796 188.761842815739 193.136641297506
217.669346941879 217.196246357879 217.341487298176 213.498174921479 222.175122604158 225.859684616575 221.396246858018 222.394313951679 233.437456167541 239.405173081806 235.977605038033 235.383277858751 239.658466398084 229.684464866397 221.157353531421 215.922937553874 209.686805432814 203.063523130637 197.386101231712 190.064731647397 183.103847685774 172.887045463368 164.595838619422 162.332646597171 161.975171807175 165.867303208731 166.538479682766 172.591471979341 175.048077436596 169.343751116067 161.409720627093 154.377680064037 146.459434374162 144.24580626659 144.218392779583 147.100360108734 150.770427776375 156.817225243416 155.446212338162 154.710054816082 156.616643274452 151.118899879715 150.220239709881 150.193186111439 151.372305873189 154.282643006998 162.797511969041 168.762437056365 175.192162146229 178.647118236115 182.376383611674 183.946251864476 185.390657251599
214.790911217807 210.420229059731 208.764954783382 207.425086334288 211.601176911699 211.397329389399 215.680889584293 215.174936327688 218.567886289708 219.7223772592 226.879487151731 220.346244852805 223.82169366011 217.127704951987 216.746207228444 205.193441943333 200.350309363969 196.21202485733 190.152345402979 183.732797442797 173.856633973372 166.04380758742 162.227664351532 161.958303754154 165.403803099065 170.667474308806 172.127716705671 174.697980199636 170.656204627356 161.331588449333 156.409421157868 151.984083694739 146.960766728299 141.063010422855 137.70720427445 139.709859465915 145.069672140852 148.788745466513 153.844029793011 157.425545143469 156.122698694452 156.337571343619 150.538267285754 150.184808593058 151.289599874737 150.78871066726 157.075402301053 162.723710730831 170.188293794193 175.05266291632 177.455580036292 179.242992510893 180.663323998517
214.14422556492 205.184357152402 201.604435823817 203.034869536231 200.919290483503 201.332605951772 203.178321939394 206.983581697 211.955038518538 210.242155544424 211.723297156056 211.823826620563 210.095742791859 206.39251314561 202.242230382866 198.817606575163 192.553144009079 187.974746869551 181.509874721892 174.537843213887 166.135978221831 162.555756696691 161.477958929423 165.613907171443 172.123714074518 173.741677546768 174.49557080921 169.382828192554 164.20204819181 160.99748752949 159.274435095717 162.443929093384 155.550037035019 149.504534779988 141.047629716913 138.033647169333 140.351202280353 144.556103338937 146.63228738206 151.124754230479 154.660949364472 154.570432816065 153.53290811892 150.498493269441 149.888051331639 151.421865157166 155.026418541687 157.854706452035 163.588150917882 170.293797942807 170.470331470993 175.568801477128 176.74500615266
214.202934568668 207.312981190937 208.146512054381 201.154798708413 200.55240172063 199.448675691439 201.165456080985 203.068298771897 203.777169154735 202.600886039604 202.174631716382 201.253581623829 198.40474280288 198.732023982791 194.363673709728 192.622711897266 188.149103584599 182.678234962542 172.705387443451 167.103521840827 166.534758935851 163.518210005457 165.705551963017 173.261116840265 175.628213140495 173.745858462036 167.328007104721 163.294974833809 160.460950366168 160.202247992072 164.188615030838 172.490858089736 169.26419572083 162.152763348156 152.152585578845 142.310949183964 139.048140362284 141.059071639394 143.833810506662 148.066728813348 149.65484714526 156.049789361761 156.926800617678 153.867406431234 148.927833826323 149.492862570501 150.347866508953 152.069694679163 156.36013263355 160.545298172266 166.724485361725 167.487575958313 169.428321386559
220.304454861268 212.481153002318 213.978473859218 209.422301910103 206.448307853422 201.03471320123 200.108097184681 199.899555665552 198.34706900653 197.443916343904 196.754078147082 195.986392396353 194.631746831442 193.521830886057 190.609672742031 188.823844603067 179.486778620677 174.184103276673 169.085015763924 167.359949512188 165.651429407388 171.057812107262 174.779601337862 175.02286085135 173.215427523405 165.782412026747 161.397499976785 159.741876823854 160.165157254062 162.659038296502 173.263369753229 183.222031891942 183.785366636977 173.889036810547 159.84871971218 150.980020268286 143.741140290016 139.177956266247 140.524564324303 142.350844243041 146.638528370957 150.433515965417 155.43654264109 153.72895199224 153.129355381495 148.576631442396 148.302863994862 147.234080922923 151.544492470168 155.483142405155 160.072722861027 161.320439123828 164.306425908943
218.12577620303 219.526831800524 216.983598354592 215.225697466797 209.620834083513 209.166466810815 206.215540888036 205.634131128524 201.594019409867 199.528489699477 199.327087707164 196.39439140529 195.993265411079 191.548295683649 190.747734539839 183.187153656419 176.372950339036 170.28886861897 169.023995352091 170.681612486969 172.505107632375 177.752419046897 175.269829817238 173.892600151638 165.016291889122 161.34155948747 157.809308762134 159.695108103992 162.494288683044 172.228865479982 180.943076033316 192.832244717326 192.921869567624 183.166570570468 170.643488477792 157.669427212683 150.17290032817 141.557922264265 138.773729488063 140.915457217872 142.071123337152 146.581162802438 149.921133937647 152.655675714527 154.169290751766 151.339001607959 146.41725111572 144.058363765803 149.190082498914 152.324591528936 155.469417609489 157.734042565072 157.858871805198
215.433789501561 215.493878213599 212.613745810835 214.763298515086 210.781784493654 207.93335185773 206.453050960427 201.678599886041 200.465129260022 199.25775995133 198.627685218138 198.051254771112 197.161767128023 192.988718910835 187.124246878996 182.769622591956 175.768391989836 173.371383341467 174.800908365911 176.978484190223 178.180756455656 176.253106300318 174.927177391926 168.207289778994 161.184677158024 160.451544636552 161.336667352445 165.137636087179 172.291425440575 180.97115866539 190.860735193202 197.347999961678 194.36658477149 188.568610514464 179.161118918707 164.883827949624 155.857069665213 146.169802869185 140.089359394775 139.746659267558 141.167246426985 142.716871538356 145.354970135758 150.388191243648 153.53421227196 153.693418396774 149.667795518978 146.805463114239 144.498586886475 146.176276464461 151.133981744084 151.373720014706 155.81519675574
217.082648702315 212.14896387459 210.240721020344 205.84619028993 206.136139597724 204.766669725764 200.444340323275 199.917286453506 198.205963766272 197.789738532546 195.98053884759 198.953191892174 194.033101508483 191.491553188992 184.808455076279 181.069385204918 178.346909584271 177.829736366812 177.303959398317 178.038224965363 178.590927964591 176.311212090205 170.182639838328 166.784400570496 163.120034116937 164.213727107124 168.868526751397 176.548274911721 183.169039931715 192.963230402489 200.366595421794 203.87470918276 198.871862699839 191.084552346419 182.746681910046 176.246564490486 163.01395913212 152.206616519856 146.229336000785 140.092004986164 140.013110291797 139.981738362442 140.871331962249 144.232121757315 148.562492081864 152.028448854625 152.228179313137 148.925494194078 146.052849503911 143.701576452537 146.588216290587 148.724107814166 151.133887188794
216.644886070489 215.423993284049 212.160963541628 205.503750322195 203.326996237658 202.272703273482 200.101717190535 198.067829237967 199.575332490069 199.029115470149 195.854864836958 193.927516202053 192.675052817857 187.704797844534 183.879562256175 181.303105555527 181.015431738542 181.980075890687 180.866025926597 179.917988850598 176.109099466128 172.013968942795 168.568654738674 166.059665591936 170.11314337453 174.342655901722 184.131642531183 190.192930945944 197.249022278023 205.051655156053 215.085707756884 209.280392046047 207.437692182868 202.300870689201 190.150724806067 181.939882858646 169.45043792248 160.357450124114 152.899628486118 144.2985059057 141.325449498317 142.130199161265 140.632828475115 140.154944304631 144.479358360606 147.150735735784 151.789092428167 148.752857123491 149.223552761004 146.884768625705 145.634619682575 145.937846605377 147.451059755069
224.319625229244 217.969038106266 215.439333942274 202.578969404565 198.221443120053 193.634696074347 196.16676043579 198.728888870942 197.096028537461 194.498368238204 192.873956246449 192.652212950853 188.331510732001 186.049585480772 184.043572561655 183.627764561956 184.606287671671 183.6306794892 183.192735893068 179.670158705665 175.072782142701 172.836091158569 173.263218856787 172.611216501084 176.329175492333 184.361053914501 194.913981528066 202.498383981413 209.749027188457 218.506288578894 227.706089774163 232.167912202902 223.602028123029 216.806311012702 208.963643868367 193.964071723353 182.124201519942 170.910596877429 160.295020261594 151.002706481068 143.419485751965 141.470668759431 141.885863507523 141.061154337504 140.564373011291 144.267865257889 146.051466002625 150.042986418258 149.767169267945 146.453214061433 145.689959691379 140.914677936574 143.884824379467
229.2564878746 220.522608593556 211.118420719617 202.144775061804 194.607990465136 192.228640658429 193.452741111327 195.787487340619 191.578454200896 192.301349174956 191.686707656125 189.007955228248 187.089067978298 185.633653944797 185.954400085645 185.944314003098 184.499287369069 182.983542039297 180.892285282951 177.493823334855 174.783838253321 173.151894776426 173.473260939259 178.157356225394 186.571115645343 196.245093764658 205.116937030398 217.592348692033 225.55563162068 236.868193184496 247.328225340782 240.498835079503 233.551422948635 222.080835217787 215.707738223357 206.189886116478 200.1733664874 185.457699718024 174.212198576199 161.743374416673 151.746460125892 145.166932467133 143.993497014098 143.126709292297 143.841105139709 141.711908451198 144.273362742383 144.598618967294 148.053032016613 148.003036911162 147.323962256995 145.294556502373 141.60801375181
224.475967934249 219.755474035748 210.782311615632 206.97052851531 200.079612988205 192.922268509241 192.877051900417 191.769405813387 189.879090384853 190.994392892974 190.924971151237 190.121400553472 187.818365004072 186.748996610786 185.396637581123 185.452221902495 183.434786067951 181.850582598772 179.196280314548 176.88372643872 174.987089162298 172.7093819192 175.690711648482 182.96600802938 190.939793198059 202.089748068589 211.534298459515 227.163755363619 243.383236466942 248.96667782823 252.633590543211 242.145431862959 227.431519446461 221.818037957303 216.337025038388 213.375490757331 211.018381816029 196.983259775219 190.407033189319 176.15874580736 165.647931627168 154.742739118427 149.584813101474 147.749866049977 147.596156052158 145.55271717689 142.985136771321 144.603668969223 144.271647634206 146.404052398206 146.913167180357 146.63752363979 144.70291470707
