Rscript/monthly_maps/SnowDepthMapFile-max-1990-01.asc
ncols 320 
nrows 361 
xllcorner 618410.159 
yllcorner 5088785.286 
cellsize 100 
NODATA_value -9999 
[rows 207 to 229 of 361, columns 106 to 158 of 320]
744.711486816406 738.292297363281 724.98388671875 699.240295410156 689.500427246094 675.916015625 670.433959960938 671.277587890625 670.9111328125 672.5849609375 667.280883789062 661.517700195312 645.157775878906 643.307495117188 653.116333007812 661.751342773438 670.405822753906 695.151123046875 765.219665527344 869.109680175781 973.631591796875 1057.62072753906 1093.00073242188 1049.74365234375 944.100769042969 801.767761230469 735.5478515625 676.302978515625 620.863830566406 558.888610839844 493.546722412109 464.375366210938 432.142791748047 402.459686279297 375.718048095703 323.892395019531 201.890289306641 103.596496582031 67.5321350097656 52.5957679748535 45.3454437255859 42.7235794067383 41.0917701721191 44.9225578308105 60.314094543457 100.934913635254 227.290023803711 347.162353515625 391.505554199219 419.814392089844 448.045288085938 482.370391845703 553.319458007812
764.962341308594 737.47998046875 730.181762695312 697.901916503906 688.617614746094 692.833251953125 677.157409667969 665.292602539062 663.666687011719 658.694885253906 652.776428222656 639.728454589844 627.963073730469 608.419616699219 608.13134765625 616.308654785156 622.685302734375 622.707702636719 639.3701171875 672.718872070312 768.347229003906 899.49609375 977.055114746094 997.099548339844 921.459228515625 799.852600097656 725.351745605469 655.550659179688 583.512756347656 501.480255126953 477.726837158203 450.237884521484 422.007293701172 392.89697265625 358.084289550781 275.572875976562 146.216995239258 81.8108062744141 60.274284362793 46.8065071105957 41.1960601806641 39.1836013793945 38.3616485595703 44.8394737243652 64.0174713134766 114.721229553223 257.112487792969 358.255889892578 395.822052001953 423.767120361328 454.838195800781 502.609954833984 568.045043945312
772.412109375 749.372009277344 733.936096191406 712.752197265625 700.380432128906 677.606811523438 684.162353515625 667.625610351562 658.739440917969 668.332336425781 653.848083496094 637.848022460938 624.184326171875 604.784790039062 586.526672363281 581.934753417969 576.062622070312 580.354675292969 584.054382324219 608.505187988281 647.832092285156 717.372314453125 835.195861816406 887.122192382812 863.598693847656 797.200561523438 718.675720214844 633.794555664062 546.852905273438 483.435943603516 459.339599609375 436.426971435547 410.64599609375 382.425506591797 331.716888427734 221.737487792969 113.696800231934 70.9985427856445 53.5718193054199 42.6881332397461 37.8755683898926 36.4558486938477 36.7770690917969 46.4599456787109 68.7773132324219 135.342575073242 289.030548095703 366.70458984375 399.201782226562 428.482086181641 463.121429443359 518.374084472656 595.566711425781
811.903564453125 760.29150390625 732.681091308594 715.606506347656 694.936767578125 684.533020019531 677.956481933594 678.288818359375 678.913146972656 660.289428710938 654.021850585938 643.675720214844 622.282958984375 594.043029785156 593.526306152344 584.547119140625 558.1181640625 556.971496582031 550.660095214844 560.4287109375 579.520812988281 629.790954589844 709.887939453125 774.567932128906 790.696594238281 758.08154296875 688.362609863281 608.55126953125 513.8330078125 464.332427978516 442.260589599609 422.091888427734 398.369018554688 362.468688964844 294.045501708984 167.524383544922 94.0147323608398 64.6108474731445 48.4690551757812 38.9532508850098 35.9251289367676 35.5810470581055 36.9917602539062 51.4468116760254 79.0212173461914 174.799392700195 318.790222167969 376.357116699219 405.226745605469 436.760223388672 475.334533691406 546.507019042969 628.098510742188
924.281188964844 878.313232421875 823.11376953125 759.634582519531 729.86669921875 700.077697753906 685.922180175781 675.921325683594 674.173645019531 670.875 667.270263671875 657.729736328125 640.366027832031 623.721618652344 603.032836914062 585.083435058594 564.40673828125 552.749389648438 538.36376953125 527.201293945312 535.829711914062 562.307189941406 625.455200195312 688.040649414062 722.247253417969 706.806396484375 644.472717285156 563.354858398438 481.449768066406 449.344268798828 426.671447753906 407.083251953125 384.335968017578 336.832733154297 239.879440307617 130.633087158203 80.6320648193359 59.0848693847656 43.959529876709 36.1316070556641 34.9155464172363 35.2957000732422 40.5136260986328 59.6922187805176 102.235061645508 228.477554321289 343.45849609375 385.724639892578 415.358367919922 449.808074951172 504.270233154297 581.684997558594 655.61328125
1046.69958496094 1014.58935546875 987.994201660156 935.011535644531 862.851501464844 792.645202636719 746.133056640625 729.546875 715.701171875 699.440063476562 687.993774414062 672.020629882812 663.377563476562 633.114074707031 613.310485839844 593.96240234375 584.865173339844 555.158264160156 550.982055664062 534.465270996094 518.307312011719 512.089782714844 552.932434082031 607.543334960938 635.281066894531 623.368713378906 583.995849609375 518.304443359375 467.381256103516 436.435760498047 413.285095214844 392.348236083984 361.083038330078 293.392150878906 179.785186767578 106.94507598877 71.825439453125 53.9440956115723 39.2564811706543 34.8367652893066 34.2742004394531 35.9039039611816 48.4072494506836 72.0428924560547 135.609786987305 276.255737304688 361.292236328125 396.38671875 425.571319580078 461.045135498047 519.907897949219 598.929260253906 674.577758789062
1112.05017089844 1103.30029296875 1098.224609375 1066.52233886719 1023.45288085938 977.1171875 921.905700683594 846.701904296875 786.1376953125 747.089660644531 738.773132324219 717.502563476562 693.487243652344 669.916442871094 648.898559570312 612.510803222656 582.973876953125 571.574829101562 550.520568847656 544.923828125 527.679992675781 510.528961181641 508.023071289062 541.053955078125 558.508422851562 554.997802734375 509.670959472656 484.348052978516 452.457641601562 423.309326171875 399.352172851562 375.924438476562 328.546081542969 225.4208984375 125.25301361084 81.1988983154297 61.4469299316406 45.802677154541 35.635612487793 34.0482635498047 34.8675575256348 41.5096664428711 60.3255805969238 95.4669418334961 189.887512207031 322.218322753906 379.413757324219 407.428039550781 434.736175537109 468.792510986328 531.240173339844 621.831359863281 699.172912597656
1203.5615234375 1208.93518066406 1202.43286132812 1170.16955566406 1133.1083984375 1097.95361328125 1060.18310546875 998.319030761719 916.016845703125 835.010498046875 790.757019042969 758.149963378906 739.427429199219 711.868041992188 675.151184082031 648.011108398438 607.405822753906 574.738220214844 538.298828125 539.165100097656 534.807373046875 519.448181152344 506.774078369141 509.372924804688 514.282958984375 510.181701660156 490.96875 469.612670898438 441.447601318359 413.037261962891 387.849304199219 351.158416748047 268.394775390625 149.336273193359 89.7594680786133 64.2459335327148 48.6028823852539 36.358039855957 34.1210708618164 34.1073226928711 37.4861297607422 54.2671928405762 76.7224807739258 130.416534423828 250.539199829102 348.574676513672 392.166107177734 416.718414306641 442.410491943359 474.7021484375 541.067199707031 630.565979003906 723.029174804688
1293.70629882812 1307.04553222656 1301.30163574219 1276.12744140625 1235.56164550781 1183.623046875 1139.60876464844 1090.13842773438 1031.04736328125 950.226257324219 884.1650390625 811.262512207031 763.835571289062 738.013671875 708.968872070312 672.306884765625 650.607238769531 599.653747558594 558.413757324219 525.120178222656 529.73388671875 524.626037597656 512.265197753906 504.060638427734 502.479400634766 496.6591796875 478.689300537109 458.653076171875 432.443695068359 404.025817871094 370.968383789062 319.312377929688 194.797622680664 104.699996948242 67.3697357177734 49.1111335754395 35.9748764038086 33.5843963623047 33.1340141296387 35.1947555541992 47.9333419799805 68.9452362060547 107.525276184082 186.720336914062 302.072692871094 368.334686279297 401.600921630859 424.896728515625 452.126678466797 484.510528564453 563.718933105469 654.228271484375 745.649963378906
1393.71911621094 1401.10559082031 1383.40222167969 1348.48400878906 1290.53784179688 1239.06665039062 1196.10400390625 1154.38098144531 1112.28991699219 1062.37536621094 1000.61334228516 908.440490722656 817.095703125 762.757202148438 733.648376464844 699.361511230469 673.353942871094 629.810363769531 575.282836914062 518.699829101562 514.169738769531 519.462341308594 514.612060546875 504.861999511719 495.153656005859 485.760681152344 466.288696289062 446.021575927734 421.452911376953 394.441436767578 347.199340820312 256.158355712891 132.872314453125 77.3370742797852 55.5137939453125 38.2446136474609 33.4589881896973 31.9421348571777 32.8897705078125 37.2178497314453 57.9438285827637 86.2073593139648 144.086273193359 248.388107299805 343.573333740234 386.702087402344 411.719055175781 433.911926269531 462.203277587891 509.210510253906 587.460876464844 671.17822265625 769.82470703125
1499.923828125 1490.990234375 1465.73669433594 1404.60192871094 1335.4326171875 1281.42492675781 1239.17724609375 1205.20056152344 1176.90942382812 1136.71789550781 1082.09362792969 1016.2333984375 921.956115722656 817.655212402344 753.838623046875 729.240905761719 688.246276855469 657.295959472656 603.106994628906 551.854248046875 505.424560546875 505.155853271484 508.532043457031 505.145172119141 492.218780517578 474.560852050781 450.139770507812 429.071838378906 408.122528076172 373.732391357422 313.649841308594 193.24333190918 102.914657592773 66.8726959228516 47.8944358825684 35.483829498291 32.4342041015625 31.2450828552246 32.9176712036133 40.9601554870605 65.37744140625 104.521461486816 186.099227905273 297.781219482422 369.212188720703 406.982757568359 425.448883056641 443.367706298828 467.636199951172 518.282043457031 599.208251953125 684.256530761719 791.871459960938
1552.85009765625 1553.01501464844 1516.52307128906 1457.88757324219 1369.56372070312 1325.71154785156 1279.61254882812 1261.01892089844 1236.54956054688 1200.60778808594 1154.56567382812 1105.28308105469 1026.76000976562 930.798522949219 814.943420410156 746.808532714844 710.690124511719 669.502624511719 624.487731933594 571.878479003906 507.460754394531 494.153991699219 495.262786865234 494.424102783203 486.819152832031 465.973205566406 439.590240478516 414.693145751953 384.057342529297 350.423400878906 262.690856933594 144.919311523438 83.6690902709961 60.6422348022461 45.6744155883789 35.6099624633789 32.5745697021484 31.1291122436523 32.8337326049805 42.2480735778809 68.3639831542969 117.10897064209 227.485321044922 339.956970214844 389.506500244141 423.677886962891 443.245178222656 456.038879394531 473.235198974609 515.796325683594 586.900146484375 675.979125976562 762.570434570312
1638.42163085938 1621.09008789062 1569.99572753906 1512.75061035156 1444.73010253906 1376.47741699219 1338.37976074219 1320.76293945312 1296.88830566406 1262.77209472656 1219.46752929688 1174.03759765625 1114.51110839844 1027.56665039062 911.692626953125 790.724731445312 742.393188476562 695.943054199219 657.591491699219 603.769775390625 544.004821777344 496.242065429688 484.290222167969 480.966003417969 469.755554199219 452.255340576172 430.906494140625 397.673736572266 357.868530273438 295.861907958984 201.732162475586 117.377784729004 74.9330368041992 57.6840400695801 46.0102119445801 36.1580276489258 32.9832534790039 31.2396812438965 32.7409286499023 42.9481506347656 71.3303985595703 132.87043762207 267.587890625 362.072113037109 410.164428710938 438.41162109375 457.222564697266 472.533233642578 484.437866210938 501.732360839844 567.485656738281 638.267578125 730.088623046875
1749.41333007812 1712.15124511719 1643.40576171875 1578.39086914062 1523.83740234375 1474.6513671875 1419.02941894531 1386.8095703125 1353.37487792969 1320.1669921875 1276.71325683594 1228.75549316406 1175.72045898438 1093.15832519531 981.963439941406 858.304443359375 766.151428222656 735.900085449219 682.997131347656 639.810485839844 584.24609375 534.934448242188 487.895599365234 472.822631835938 460.556030273438 442.557922363281 417.377410888672 384.833343505859 338.349975585938 257.215484619141 158.079833984375 100.926254272461 70.1551742553711 56.7545166015625 46.0063552856445 36.3933410644531 33.2626457214355 31.351110458374 32.8470916748047 45.2162742614746 77.0528793334961 164.353500366211 310.466094970703 378.885131835938 422.13818359375 448.164886474609 468.600952148438 488.090301513672 507.436920166016 539.273010253906 575.007934570312 630.438537597656 692.181030273438
1877.96435546875 1796.81652832031 1733.06848144531 1677.68505859375 1626.56494140625 1576.32849121094 1531.03955078125 1489.31420898438 1410.49609375 1364.98132324219 1328.13830566406 1274.623046875 1210.97729492188 1128.92944335938 1036.15490722656 922.317321777344 816.779418945312 761.396179199219 724.23095703125 668.957153320312 619.000427246094 565.798583984375 505.322967529297 483.546447753906 463.256103515625 443.544677734375 418.844848632812 387.511291503906 340.025634765625 249.025115966797 145.681610107422 92.6476974487305 68.0059204101562 54.7823333740234 44.4019889831543 35.9867057800293 33.0118789672852 31.3218574523926 33.3041915893555 50.065544128418 91.8042373657227 210.642654418945 332.234924316406 394.994445800781 433.561798095703 461.7109375 483.066131591797 500.429718017578 540.596435546875 573.115600585938 618.325561523438 653.307800292969 686.640075683594
2023.12902832031 1896.41955566406 1829.85412597656 1782.90539550781 1735.77722167969 1688.14428710938 1634.11889648438 1572.02893066406 1473.04663085938 1413.64245605469 1366.44494628906 1313.06591796875 1233.14953613281 1173.4296875 1087.75109863281 983.210083007812 875.307800292969 797.714233398438 742.662292480469 697.396667480469 661.865600585938 606.483215332031 550.434020996094 503.251739501953 480.427124023438 455.513549804688 431.194213867188 403.958709716797 360.266448974609 286.487457275391 165.152420043945 97.7152709960938 68.4410095214844 53.4912223815918 41.9402122497559 35.0410308837891 32.2853927612305 31.1075401306152 34.0086669921875 56.0803642272949 111.403106689453 256.173583984375 357.532348632812 406.133483886719 442.859985351562 473.578674316406 501.299774169922 546.73486328125 577.746765136719 620.405334472656 659.965637207031 683.059509277344 729.519958496094
2088.51684570312 1972.50610351562 1947.66845703125 1904.103515625 1852.82006835938 1796.86987304688 1700.49084472656 1605.15734863281 1527.93249511719 1446.19836425781 1402.03112792969 1346.34143066406 1275.30578613281 1205.87133789062 1132.80493164062 1058.248046875 951.132446289062 834.331909179688 763.290161132812 719.261535644531 676.685241699219 624.254516601562 572.26171875 518.4345703125 496.271728515625 473.177215576172 446.034088134766 421.531463623047 383.3896484375 324.453125 203.272323608398 109.536193847656 70.9087219238281 53.824535369873 40.064266204834 34.1533584594727 31.4790153503418 31.0955562591553 35.2626876831055 64.9884338378906 140.662536621094 298.058227539062 374.298095703125 417.298767089844 450.987365722656 481.077209472656 514.848083496094 578.51611328125 628.287475585938 681.555419921875 703.221374511719 742.569213867188 767.53662109375
2058.5361328125 2007.13793945312 1932.97143554688 1909.37707519531 1863.67980957031 1787.12084960938 1701.619140625 1618.64367675781 1548.93322753906 1473.32507324219 1419.94421386719 1368.30151367188 1302.20715332031 1236.82214355469 1168.2548828125 1102.84680175781 1009.9716796875 872.282287597656 771.730346679688 722.748657226562 678.7802734375 632.216125488281 585.051147460938 542.823364257812 503.471832275391 482.569732666016 458.055541992188 433.150756835938 402.926696777344 343.869415283203 241.238098144531 123.958992004395 75.2889099121094 55.338924407959 39.1310043334961 33.4869079589844 30.9399337768555 31.4107799530029 39.0014877319336 74.9581604003906 184.993286132812 331.401794433594 393.444732666016 428.539306640625 458.544158935547 488.826782226562 540.529113769531 609.400451660156 677.088073730469 718.726501464844 749.545043945312 775.456848144531 805.509216308594
1868.92492675781 1863.47045898438 1849.55358886719 1851.76525878906 1813.56311035156 1770.10278320312 1691.74035644531 1645.60522460938 1583.96447753906 1506.37377929688 1442.01513671875 1394.794921875 1331.24438476562 1256.72131347656 1196.3359375 1123.79528808594 1040.34692382812 903.90576171875 772.894409179688 725.887451171875 674.877136230469 639.146667480469 586.857482910156 544.660888671875 506.102203369141 486.223785400391 464.701416015625 439.943939208984 413.168395996094 362.26025390625 267.085540771484 142.939834594727 81.5169219970703 57.2429351806641 39.4710311889648 33.2727317810059 30.5839557647705 31.617317199707 43.9370346069336 89.3901977539062 225.300491333008 347.712982177734 404.328155517578 436.551177978516 466.609039306641 500.268737792969 552.302185058594 621.013366699219 676.732849121094 715.47607421875 753.339294433594 770.436584472656 810.83642578125
1737.03063964844 1730.93090820312 1707.70947265625 1696.52978515625 1690.64868164062 1688.00280761719 1671.22387695312 1645.77087402344 1599.51452636719 1523.68225097656 1460.75598144531 1410.28198242188 1349.91467285156 1264.3603515625 1206.01525878906 1140.56420898438 1062.32800292969 910.570617675781 772.337219238281 724.303344726562 672.778381347656 640.075317382812 581.966064453125 545.821105957031 507.312591552734 487.720886230469 467.409973144531 443.899322509766 419.732543945312 371.587066650391 296.592010498047 173.792327880859 96.7775192260742 62.9071807861328 41.9565696716309 33.3869514465332 30.508581161499 31.6389141082764 45.7421264648438 95.6440811157227 243.412490844727 355.8974609375 407.969604492188 441.210784912109 473.423706054688 513.770568847656 568.197326660156 624.249694824219 668.825134277344 703.937133789062 739.743835449219 765.842834472656 794.054016113281
1689.40966796875 1651.32482910156 1629.8095703125 1629.56323242188 1629.19763183594 1625.77563476562 1627.87280273438 1617.90783691406 1579.39172363281 1528.19775390625 1470.13525390625 1415.73962402344 1350.25769042969 1269.95654296875 1205.91809082031 1133.20129394531 1041.73181152344 903.334716796875 768.101623535156 719.357177734375 677.1015625 631.474670410156 582.872985839844 545.607543945312 508.070953369141 488.599029541016 468.902404785156 446.848907470703 426.063690185547 385.660186767578 326.186950683594 218.237182617188 118.315475463867 71.0944747924805 47.5581932067871 34.3992691040039 31.0082321166992 31.5703105926514 43.2265586853027 89.6091156005859 232.643966674805 349.260375976562 403.056488037109 443.918914794922 486.031219482422 526.989379882812 576.701171875 617.630004882812 653.101196289062 669.902526855469 703.859436035156 741.050109863281 779.517578125
1690.16345214844 1653.94177246094 1626.83715820312 1618.25329589844 1594.904296875 1587.57958984375 1571.10522460938 1567.74047851562 1539.4560546875 1505.36169433594 1466.66467285156 1420.935546875 1355.57202148438 1270.00183105469 1202.58862304688 1133.23254394531 1025.0224609375 875.225830078125 753.324951171875 716.953430175781 674.108337402344 623.606323242188 575.276489257812 541.388427734375 508.550964355469 489.417266845703 470.217437744141 450.04638671875 432.643615722656 398.956695556641 350.639343261719 263.995941162109 147.733764648438 82.553092956543 55.5972480773926 36.9042701721191 32.7641487121582 31.5487632751465 37.8554954528809 73.786994934082 197.268051147461 328.716979980469 393.602691650391 441.544830322266 489.150238037109 532.438415527344 568.696960449219 590.061157226562 619.4521484375 653.262390136719 678.786560058594 708.842712402344 770.158264160156
1698.58776855469 1645.91247558594 1616.00439453125 1573.66979980469 1540.08654785156 1513.86181640625 1501.18579101562 1475.65441894531 1463.06750488281 1448.41625976562 1435.31127929688 1410.80065917969 1356.78198242188 1268.42919921875 1195.00256347656 1113.25598144531 995.905395507812 846.897277832031 748.826293945312 701.338745117188 667.08154296875 621.179260253906 573.211669921875 526.94140625 508.837097167969 490.252593994141 471.807647705078 454.194427490234 437.894287109375 408.828033447266 362.957061767578 289.926818847656 175.81037902832 99.3293914794922 66.1636047363281 47.3498344421387 35.4622993469238 32.8048858642578 34.7123985290527 61.4615936279297 146.815216064453 309.509002685547 381.316467285156 434.324523925781 479.134246826172 515.029052734375 537.944519042969 553.914001464844 592.665344238281 628.9296875 662.139770507812 703.508605957031 771.416748046875
