Rscript/monthly_maps/SnowDepthMapFile-mean-1990-01.asc
ncols 320 
nrows 361 
xllcorner 618410.159 
yllcorner 5088785.286 
cellsize 100 
NODATA_value -9999 
[rows 115 to 137 of 361, columns 0 to 52 of 320]
-9999 -9999 -9999 -9999 -9999 -9999 -9999 -9999 -9999 -9999 -9999 -9999 -9999 -9999 -9999 -9999 -9999 -9999 -9999 -9999 1970.77754457535 1933.73451675907 1826.47809034778 1780.6544031943 1759.68150674143 1732.95830708165 1701.73856476815 1679.73713536416 1664.84436822707 1656.63361186366 1646.45412518901 1651.90220199093 1644.95564516129 1631.60022366431 1629.96952573715 1626.58509088332 1625.39299946447 1622.98206353957 1622.01430979083 1613.88294244582 1622.35321635585 1620.34731760333 1622.98122479839 1629.25313838836 1625.14606697329 1572.19651745212 1482.21864761845 1451.74065571447 1452.53938539567 1450.71264254662 1441.03512868574 1407.66709456905 1377.38509639617
-9999 -9999 -9999 -9999 -9999 -9999 -9999 -9999 -9999 -9999 -9999 -9999 -9999 -9999 -9999 -9999 -9999 -9999 -9999 -9999 1996.32806593372 1938.07775485131 1836.65406060988 1772.38636435232 1753.94219773816 1723.74770822833 1693.50412282636 1675.01759781376 1673.32870384955 1672.54312626008 1654.05095057334 1648.05798733619 1645.65097735005 1649.88055616809 1644.20887018019 1625.36148957283 1630.82424631426 1631.1068312122 1630.33611469884 1629.38466324345 1620.18060105847 1607.17095750378 1630.28189185358 1646.67749417213 1632.06485477571 1581.94958889869 1516.75960417717 1463.11518318422 1474.98142168599 1466.0002047631 1435.8542047316 1419.93863801033 1378.75698163432
-9999 -9999 -9999 -9999 -9999 -9999 -9999 -9999 -9999 -9999 -9999 -9999 -9999 -9999 -9999 -9999 -9999 -9999 -9999 1988.48878528226 1959.63547048261 1904.27598916331 1837.68100270917 1793.3149374685 1750.25502063382 1712.59798308342 1683.10932774698 1672.36248582409 1673.64388545867 1669.66402312248 1669.94078802293 1653.91173528856 1650.18998078377 1644.94466277092 1652.91711425781 1648.35480720766 1640.07942839592 1636.05186806956 1634.62141664567 1632.28134450605 1632.03110036542 1624.07831794985 1635.73859233241 1653.25445753528 1633.0113328503 1611.55961362777 1536.71842710433 1513.37460228705 1483.81663463962 1468.54515814012 1438.85099546371 1396.52077557964 1371.6384749874
-9999 -9999 -9999 -9999 -9999 -9999 -9999 -9999 -9999 -9999 -9999 -9999 -9999 -9999 -9999 -9999 -9999 -9999 2012.93116415701 1976.65011104461 1917.26586914062 1873.31021610383 1845.75072454637 1806.08533502394 1760.05871582031 1706.43190839214 1696.04785550025 1670.56857988911 1668.88044984879 1673.96042559224 1670.92193406628 1659.19947470388 1653.6170969317 1651.97522366431 1647.87220813382 1653.3162999307 1649.66402706023 1644.90593104209 1640.40621062248 1640.09953061996 1639.96137459047 1644.91967379662 1652.49253795993 1655.34816028226 1646.63251323085 1620.40219411542 1587.93535392515 1535.12959929435 1520.57891648816 1461.20809050529 1426.08423245338 1405.10486627394 1371.87150721396
-9999 -9999 -9999 -9999 -9999 -9999 -9999 -9999 -9999 -9999 -9999 -9999 -9999 -9999 -9999 -9999 -9999 -9999 2067.4272500315 1950.93269594254 1891.91810657132 1865.75897413684 1852.14519673009 1821.50989163306 1772.31491777974 1726.34159604965 1698.48985241305 1690.27778084047 1676.45076234879 1677.78639664189 1678.24741289693 1668.82569146925 1661.77270507812 1657.62535045993 1660.87707125756 1649.66801600302 1651.0892530872 1652.23258726058 1650.87336189516 1651.24322706653 1653.04759954637 1646.69177246094 1651.8550828503 1674.84387994582 1674.68656281502 1627.67059916835 1586.17480074975 1548.3945233745 1522.03869628906 1489.28468371976 1446.22597577495 1420.63794732863 1406.84997164819
-9999 -9999 -9999 -9999 -9999 -9999 -9999 -9999 -9999 -9999 -9999 -9999 -9999 -9999 -9999 -9999 -9999 -9999 2038.37922520791 1942.11254095262 1916.16500362273 1860.92126464844 1856.28825526084 1825.29613076487 1791.57869991179 1749.17537959929 1699.6391562185 1696.10374401462 1684.74900374874 1683.36852239793 1681.07222624748 1678.45275091356 1675.60403934602 1675.76548717868 1662.70325888357 1656.43509797127 1652.77231524068 1653.99529438634 1653.05686507686 1655.451664094 1652.99119518649 1667.95476310484 1674.34017452117 1673.87569698211 1668.5298796623 1620.60666976436 1569.58572092364 1530.50962780368 1498.07495117188 1467.79300418977 1451.23688728579 1442.57211599042 1425.99722782258
-9999 -9999 -9999 -9999 -9999 -9999 -9999 -9999 -9999 -9999 -9999 -9999 -9999 -9999 -9999 -9999 -9999 2174.14562200731 2147.21487131426 1969.99169134325 1901.54826896421 1847.67093387727 1846.58699281754 1824.10179876512 1778.20942934098 1754.0716828377 1711.18507828251 1696.84621897051 1708.36547851562 1684.08603200605 1682.68335748488 1686.09371849798 1683.62868179814 1680.92895114037 1677.3105547505 1674.30961362777 1665.18433404738 1662.07178915701 1660.89663400958 1676.84158423639 1677.08617376512 1677.11858540197 1676.65495841734 1686.131828062 1663.73783628402 1606.31900122858 1541.19732862903 1500.35096789945 1473.0642562374 1474.54741053427 1474.53032069052 1457.60684696321 1448.50496944304
-9999 -9999 -9999 -9999 -9999 -9999 -9999 -9999 -9999 -9999 -9999 -9999 -9999 -9999 -9999 -9999 -9999 -9999 2206.19762789819 2017.69722230973 1875.08146815146 1842.98918299521 1818.67909289945 1803.34031628024 1766.74369959677 1742.78470340852 1725.30370699975 1727.41394042969 1699.368156187 1707.99451077369 1700.50919465096 1690.34384450605 1684.8030218309 1683.0538999496 1680.29346490675 1679.6377937563 1680.59943217616 1696.5557546308 1696.93740549395 1695.31657163558 1690.07167102445 1685.85702022429 1684.95071115801 1697.41981949345 1677.94128024194 1591.31012553553 1517.0243077432 1480.84820753528 1482.36951077369 1494.43824029738 1485.29143302671 1480.86974310106 1445.66750409526
-9999 -9999 -9999 -9999 -9999 -9999 -9999 -9999 -9999 -9999 -9999 -9999 -9999 -9999 -9999 -9999 -9999 2342.49724357359 2270.46731665827 2044.93266050277 1904.75548528856 1828.33942634829 1815.10318485383 1793.02609548261 1760.76434916835 1743.74066358997 1735.33517357611 1743.20066390499 1737.72344773816 1726.01918079007 1717.87672079763 1698.75186649446 1695.18687389743 1693.96710008191 1692.76293551537 1692.5159203314 1698.49303805444 1708.90597041961 1709.6652280746 1710.26411290323 1693.92215458039 1695.94537944178 1710.75036227319 1721.10783140121 1697.64479507939 1585.58398043725 1504.45582629788 1483.3415015436 1493.50355185232 1519.11378922001 1504.52982059602 1495.41809475806 1468.80261624244
-9999 -9999 -9999 -9999 -9999 -9999 -9999 -9999 -9999 -9999 -9999 -9999 -9999 -9999 -9999 -9999 -9999 2367.21967930948 2253.14353106099 2044.35752425655 1923.43580676663 1834.40476546749 1786.0014687815 1767.32532919607 1759.60367707283 1742.56752063382 1746.26563681326 1744.35101909022 1743.85876071069 1739.24603074597 1733.42590725806 1709.68777170489 1705.88803789693 1704.51084456905 1703.31341749622 1703.45521594632 1703.8951140373 1704.86737257434 1705.49460527974 1707.39494865171 1703.02800135459 1696.0264577558 1738.21321352067 1749.68246361517 1708.33873330393 1588.45516475554 1507.28013955393 1502.28631394909 1514.53965710055 1523.1551749937 1523.0934625441 1501.2904249622 1482.44812011719
-9999 -9999 -9999 -9999 -9999 -9999 -9999 -9999 -9999 -9999 -9999 -9999 -9999 -9999 -9999 -9999 -9999 2350.84432884955 2220.21975806452 2004.71681656376 1916.18092789189 1848.79009419103 1797.43183357485 1760.87135757939 1746.29265766759 1737.28746771043 1745.17199707031 1745.54347278226 1742.68474751134 1745.88488375756 1739.39498015373 1713.26863344254 1710.94007135207 1709.92830928679 1709.59000519783 1710.00691075479 1711.14173544607 1711.95788967994 1712.02260663432 1712.48532006048 1707.1046811996 1704.41590536794 1759.81007434476 1783.67337134577 1722.79015325731 1580.98122479839 1514.33757166709 1517.71860430318 1527.85560263357 1517.53005686114 1524.59320659022 1515.3172843687 1493.47653099798
-9999 -9999 -9999 -9999 -9999 -9999 -9999 -9999 -9999 -9999 -9999 -9999 -9999 -9999 -9999 -9999 -9999 2351.12250740297 2270.72106146043 1933.5900485131 1922.21483193674 1845.00963567918 1794.07751464844 1754.57169071321 1750.87506694178 1732.99281754032 1743.00081511467 1744.9082110005 1742.60832755796 1739.58049552671 1725.5887687437 1717.81480752268 1715.15135537424 1713.80002520161 1713.69559601815 1713.77096852949 1714.38907746346 1715.16868542087 1716.77859989289 1716.15791173135 1708.38695501512 1710.95499149446 1764.18023878528 1809.18765751008 1736.36541551159 1593.12550797001 1541.13618321573 1536.98706842238 1547.88102869834 1530.78049788936 1520.65133174773 1505.24811381678 1492.7239202684
-9999 -9999 -9999 -9999 -9999 -9999 -9999 -9999 -9999 -9999 -9999 -9999 -9999 -9999 -9999 -9999 -9999 -9999 -9999 -9999 1932.58391743322 1850.14906754032 1793.97331385459 1755.65227287046 1746.33871755292 1727.68196745842 1745.44087071573 1748.10924899194 1746.83860729587 1743.15524587324 1738.76186050907 1724.73926962576 1721.2574266003 1718.49793268019 1718.04645759829 1717.885750063 1720.09947549143 1721.03622731855 1719.66067997102 1718.79159053679 1712.24376653856 1717.89285376764 1775.80954274824 1832.20716513357 1808.69280021421 1630.36283628402 1560.93572407384 1557.33414582283 1552.15233981225 1546.17039440524 1544.6529265373 1521.64918961064 1505.82692792339
-9999 -9999 -9999 -9999 -9999 -9999 -9999 -9999 -9999 -9999 -9999 -9999 -9999 -9999 -9999 -9999 -9999 -9999 -9999 -9999 -9999 -9999 -9999 -9999 -9999 -9999 1748.18591308594 1749.0789952432 1748.18533029864 1746.28245495212 1743.6120999244 1739.45462922127 1728.11115486391 1725.16002630418 1724.7484406502 1725.30460874496 1726.67940791961 1726.52975759199 1721.86306861139 1718.81844600554 1715.47342411164 1724.83345277848 1796.78079715852 1905.07107642389 1841.93216828377 1708.39654737903 1583.17873062626 1570.08040495842 1579.14535030242 1575.08922946069 1559.89487777218 1550.26245117188 1548.70897256174
-9999 -9999 -9999 -9999 -9999 -9999 -9999 -9999 -9999 -9999 -9999 -9999 -9999 -9999 -9999 -9999 -9999 -9999 -9999 -9999 -9999 -9999 -9999 -9999 -9999 -9999 -9999 1750.97945280998 1749.67433609501 1748.91013656124 1747.64425166961 1751.31938712828 1750.94260332661 1741.20477491809 1739.08176348286 1740.10874889743 1740.53448683216 1749.47564500378 1745.39155430948 1719.36100129158 1722.17557254914 1764.13539172757 1813.83882387223 1936.29328377016 1962.47912991431 1848.87087717364 1695.26818453881 1637.1153328188 1621.81623298891 1623.52465820312 1618.85439768145 1612.52543000252 1605.61262364541
-9999 -9999 -9999 -9999 -9999 -9999 -9999 -9999 -9999 -9999 -9999 -9999 -9999 -9999 -9999 -9999 -9999 -9999 -9999 -9999 -9999 -9999 -9999 -9999 -9999 -9999 -9999 -9999 -9999 1750.44780115927 1756.49755859375 1767.16652753276 1767.3214938256 1766.35081826487 1766.11102885585 1766.62230263987 1764.60935137349 1751.98863564768 1749.04643003402 1753.49757434476 1765.50680049773 1796.15592316658 1852.17298150832 1985.0196218183 2100.02074801537 2039.43076644405 1854.96498550907 1733.29702069682 1744.32170646421 1715.44092584425 1715.40018192414 1696.3307672316 1694.01184082031
-9999 -9999 -9999 -9999 -9999 -9999 -9999 -9999 -9999 -9999 -9999 -9999 -9999 -9999 -9999 -9999 -9999 -9999 -9999 -9999 -9999 -9999 -9999 -9999 -9999 -9999 -9999 -9999 -9999 -9999 1758.2176828692 1766.33450022051 1773.33242896295 1773.15574202999 1772.67228452621 1772.12887474798 1771.47948037424 1765.58079873362 1765.33616982737 1789.18182176159 1814.66216450353 1835.46226452243 1899.60272019909 2017.74692067792 2152.88333622102 2146.42948667465 1950.43881520917 1840.85700053553 1832.0230516003 1778.03703061996 1757.74048639113 1754.18772838962 1724.64787833921
-9999 -9999 -9999 -9999 -9999 -9999 -9999 -9999 -9999 -9999 -9999 -9999 -9999 -9999 -9999 -9999 -9999 -9999 -9999 -9999 -9999 -9999 -9999 -9999 -9999 -9999 -9999 -9999 -9999 -9999 -9999 1777.53958622102 1778.20822438886 1778.69496204007 1778.5660124748 1779.68985477571 1782.70392830141 1790.30304939516 1806.55822753906 1825.06086189516 1853.60217678931 1872.10032604587 1942.36536432082 2012.36159982989 2057.49334126134 2023.82914881552 1917.22425103957 1862.38990832913 1802.66288511215 1826.79722545993 1790.73973428049 1760.14685058594 1731.20631064138
-9999 -9999 -9999 -9999 -9999 -9999 -9999 -9999 -9999 -9999 -9999 -9999 -9999 -9999 -9999 -9999 -9999 -9999 -9999 -9999 -9999 -9999 -9999 -9999 -9999 -9999 -9999 -9999 -9999 -9999 -9999 -9999 1785.19014616935 1786.66452321699 1795.85109390751 1803.62334614415 1811.47481020035 1819.530757781 1827.66779548891 1855.33348428049 1859.27635537424 1873.31035392515 1946.27057475428 2051.48672977571 2015.49675923009 1941.15978610131 1868.39897697203 1795.84104476436 1778.32141900832 1754.69576534148 1735.98317004788 1707.5442327684 1672.0376921623
-9999 -9999 -9999 -9999 -9999 -9999 -9999 -9999 -9999 -9999 -9999 -9999 -9999 -9999 -9999 -9999 -9999 -9999 -9999 -9999 -9999 -9999 -9999 -9999 -9999 -9999 -9999 -9999 -9999 -9999 -9999 -9999 -9999 1797.88832929057 1806.04241746472 1813.73873802923 1819.65076471144 1825.44168583039 1833.24047457787 1858.51190382434 1879.61604948967 -9999 -9999 -9999 1951.18895696825 1911.81953676285 1846.30668000252 1784.92804545741 1751.48811192666 1733.26139585433 1715.58801269531 1675.0833031439 1665.4527312248
-9999 -9999 -9999 -9999 -9999 -9999 -9999 -9999 -9999 -9999 -9999 -9999 -9999 -9999 -9999 -9999 -9999 -9999 -9999 -9999 -9999 -9999 -9999 -9999 -9999 -9999 -9999 -9999 -9999 -9999 -9999 -9999 -9999 -9999 -9999 -9999 -9999 -9999 -9999 -9999 -9999 -9999 -9999 -9999 1942.86154076361 1914.84086362777 1851.56469332787 1782.00818264869 1756.50457566784 1711.44507229713 1710.38793945312 1669.7985327936 1648.94823037424
-9999 -9999 -9999 -9999 -9999 -9999 -9999 -9999 -9999 -9999 -9999 -9999 -9999 -9999 -9999 -9999 -9999 -9999 -9999 -9999 -9999 -9999 -9999 -9999 -9999 -9999 -9999 -9999 -9999 -9999 -9999 -9999 -9999 -9999 -9999 -9999 -9999 -9999 -9999 -9999 -9999 -9999 -9999 -9999 1952.43452305948 1915.50986800655 1853.30558136971 1778.87294449345 1748.25662329889 1691.56191327495 1670.30676269531 1661.31438618322 1635.96743085307
-9999 -9999 -9999 -9999 -9999 -9999 -9999 -9999 -9999 -9999 -9999 -9999 -9999 -9999 -9999 -9999 -9999 -9999 -9999 -9999 -9999 -9999 -9999 -9999 -9999 -9999 -9999 -9999 -9999 -9999 -9999 -9999 -9999 -9999 -9999 -9999 -9999 -9999 -9999 -9999 -9999 -9999 -9999 -9999 1948.84666393649 1909.45392042591 1842.6602468183 1769.61268271169 1718.08666204637 1683.66553521925 1636.74760190902 1607.9835047568 1582.99924395161
