Rscript/monthly_maps/SnowDepthMapFile-median-1990-01.asc
ncols 320 
nrows 361 
xllcorner 618410.159 
yllcorner 5088785.286 
cellsize 100 
NODATA_value -9999 
[rows 25 to 49 of 361, columns 168 to 223 of 320]
858.457336425781 819.873657226562 799.411254882812 796.3427734375 804.866943359375 790.3701171875 794.632141113281 772.448547363281 782.061218261719 780.503540039062 809.903198242188 889.146240234375 1003.70513916016 1052.72827148438 1071.18933105469 1048.92553710938 1018.38995361328 989.475830078125 964.426147460938 934.482971191406 911.447204589844 880.505554199219 864.565856933594 851.075439453125 843.480224609375 818.213195800781 791.196166992188 778.079711914062 768.023010253906 750.68212890625 732.502807617188 689.97119140625 629.305603027344 609.385375976562 606.161560058594 599.671691894531 598.273254394531 592.492065429688 570.9248046875 549.922973632812 530.004089355469 527.033935546875 521.0078125 513.151245117188 503.381286621094 500.731811523438 495.270263671875 486.335235595703 487.210144042969 484.994903564453 474.081695556641 472.5361328125 469.941345214844 476.154754638672 476.962738037109 484.549774169922
861.321716308594 829.046081542969 801.201293945312 799.475463867188 817.2705078125 799.161499023438 788.582458496094 778.673645019531 779.351867675781 787.326354980469 809.526245117188 891.248840332031 1006.61364746094 1058.75964355469 1068.85070800781 1031.29333496094 1004.70770263672 980.93994140625 963.224304199219 939.700744628906 923.148864746094 904.059143066406 875.998474121094 847.623168945312 819.395935058594 795.725708007812 782.641174316406 762.438415527344 752.736022949219 739.683776855469 731.290405273438 700.605834960938 652.923950195312 630.214477539062 623.920471191406 616.745849609375 607.412475585938 593.066101074219 573.930297851562 552.649963378906 543.855224609375 539.543884277344 533.634033203125 519.715148925781 516.872802734375 504.53759765625 502.389434814453 499.468719482422 483.746734619141 482.924774169922 482.227355957031 470.381896972656 467.506805419922 466.885406494141 463.473693847656 470.768859863281
843.563659667969 822.372314453125 804.298156738281 804.41015625 823.786743164062 797.051391601562 782.43359375 770.752380371094 783.070861816406 804.092407226562 839.692565917969 910.815551757812 1023.62237548828 1064.9287109375 1051.98937988281 1005.51983642578 980.337951660156 960.005859375 947.013610839844 939.55908203125 931.547424316406 918.976745605469 893.362182617188 853.532409667969 816.451232910156 785.347412109375 763.945190429688 751.948425292969 744.222900390625 733.786743164062 727.521911621094 703.558410644531 674.369323730469 651.988037109375 636.310668945312 628.251220703125 618.294372558594 600.428344726562 569.520935058594 556.597290039062 547.037536621094 541.150634765625 537.803588867188 530.284606933594 520.314453125 511.054534912109 508.839294433594 502.67919921875 499.644958496094 498.248626708984 484.877166748047 485.965240478516 467.068786621094 461.098724365234 447.901092529297 464.161895751953
811.525512695312 795.059997558594 795.501342773438 807.550231933594 819.134765625 820.182495117188 777.320617675781 770.010437011719 800.778442382812 835.122436523438 873.644226074219 943.611389160156 1035.95825195312 1040.45385742188 1005.64819335938 955.454040527344 943.7587890625 930.715637207031 937.087280273438 940.103881835938 938.850830078125 929.485900878906 906.146545410156 866.200622558594 819.587707519531 773.713439941406 756.360046386719 739.128845214844 732.06005859375 742.944274902344 721.384460449219 716.282958984375 699.746337890625 677.299743652344 663.878967285156 659.291870117188 640.061279296875 603.215637207031 577.790832519531 558.132019042969 551.008483886719 539.97314453125 535.85791015625 535.107543945312 526.501953125 519.748840332031 514.545166015625 510.864532470703 499.504730224609 499.287322998047 489.213287353516 478.209686279297 470.777709960938 455.397064208984 436.202667236328 440.001678466797
770.392150878906 762.908264160156 770.337585449219 794.917846679688 806.201599121094 803.245544433594 770.211120605469 784.954223632812 822.99365234375 865.743835449219 890.116516113281 950.027099609375 1003.91290283203 1002.06109619141 979.253540039062 945.219421386719 933.531921386719 936.631652832031 939.049011230469 950.819030761719 953.762145996094 933.987365722656 912.613647460938 877.183227539062 829.624145507812 788.072570800781 756.187377929688 741.094360351562 742.0341796875 746.1689453125 740.432189941406 730.645751953125 721.040283203125 711.602600097656 715.750122070312 710.851623535156 702.462646484375 644.391418457031 582.803405761719 569.809387207031 549.731140136719 544.369506835938 536.481323242188 529.849182128906 528.200805664062 528.386474609375 522.586608886719 516.865112304688 511.572875976562 507.762817382812 501.468811035156 477.730529785156 464.500549316406 445.405670166016 426.154663085938 430.850402832031
748.509765625 732.781311035156 737.481506347656 759.914916992188 788.002014160156 774.911987304688 760.567260742188 775.825256347656 837.973937988281 867.290771484375 900.709289550781 931.424011230469 973.199096679688 987.135437011719 984.447082519531 967.887878417969 961.622802734375 946.134094238281 959.515747070312 961.474060058594 957.749572753906 943.796447753906 912.913024902344 879.119873046875 846.229675292969 808.240051269531 771.935241699219 752.522277832031 749.330505371094 754.914733886719 757.317993164062 750.67919921875 739.050659179688 732.201782226562 726.832763671875 725.8916015625 720.888427734375 681.024291992188 636.202026367188 584.394287109375 576.537536621094 562.8798828125 543.900390625 538.622741699219 533.80859375 531.516235351562 535.328857421875 524.619506835938 522.012634277344 516.221618652344 508.672576904297 485.322052001953 462.299865722656 452.478820800781 440.382965087891 424.321136474609
721.115539550781 698.148986816406 704.471069335938 719.188293457031 745.397583007812 750.454650878906 759.112060546875 785.654541015625 819.710205078125 861.057983398438 885.539489746094 915.54150390625 962.4150390625 997.436645507812 1000.66650390625 993.151489257812 969.357116699219 972.952514648438 962.549011230469 959.0185546875 956.868225097656 941.375183105469 909.404052734375 877.833557128906 853.698974609375 833.85693359375 811.346923828125 779.352172851562 756.632446289062 754.541931152344 759.0263671875 750.118835449219 747.001281738281 731.901733398438 737.790649414062 751.769287109375 750.711364746094 706.122131347656 673.942810058594 663.945556640625 617.930114746094 585.357299804688 574.418823242188 547.475952148438 543.62548828125 543.992858886719 544.022277832031 542.748718261719 538.524719238281 531.29931640625 519.900573730469 501.475494384766 476.557342529297 455.810760498047 445.823760986328 422.100799560547
698.035095214844 679.847045898438 694.8427734375 704.544128417969 718.385192871094 733.98779296875 756.605224609375 783.12060546875 817.248596191406 856.204040527344 886.028259277344 919.402404785156 962.952697753906 1010.34002685547 1025.67138671875 1009.81365966797 989.140563964844 971.266174316406 967.153015136719 962.409973144531 954.23486328125 937.87548828125 907.089721679688 877.587524414062 857.683410644531 844.2275390625 835.438293457031 809.540161132812 781.300476074219 767.579528808594 761.118469238281 751.919311523438 748.797546386719 751.581237792969 780.367858886719 804.810180664062 804.671325683594 757.258850097656 726.137145996094 710.076599121094 699.141052246094 675.173583984375 613.279663085938 580.58056640625 561.457763671875 561.671569824219 556.469970703125 554.617126464844 551.584106445312 546.789428710938 533.119445800781 512.581787109375 482.490142822266 456.389038085938 448.447601318359 423.806335449219
677.184143066406 661.257385253906 660.1953125 692.745544433594 696.420471191406 720.626831054688 756.805908203125 791.909362792969 823.723571777344 852.728698730469 890.581665039062 916.524169921875 948.739501953125 1001.56976318359 1025.27587890625 1022.80041503906 1001.865234375 993.026611328125 986.140075683594 970.6025390625 962.539794921875 939.808044433594 910.280151367188 886.159118652344 875.26220703125 868.876586914062 852.880065917969 831.593872070312 808.077819824219 785.131530761719 770.774597167969 770.966796875 782.161804199219 809.769165039062 844.369506835938 867.07666015625 859.009033203125 814.157409667969 785.534240722656 765.799926757812 753.843200683594 726.209045410156 669.449462890625 601.588562011719 581.640808105469 572.415344238281 571.485900878906 565.72802734375 561.747863769531 558.722595214844 546.375 520.642456054688 490.700347900391 456.085632324219 450.382690429688 425.259765625
629.679321289062 617.156127929688 598.530395507812 652.612487792969 686.348022460938 720.765930175781 761.429260253906 794.31884765625 827.836242675781 850.681030273438 889.831909179688 902.556091308594 938.117858886719 981.720581054688 1031.56579589844 1046.52868652344 1033.81115722656 1017.4833984375 1003.33465576172 982.988403320312 963.234558105469 935.254821777344 908.876281738281 891.549621582031 893.939270019531 894.929504394531 885.558288574219 868.567077636719 845.611572265625 819.792541503906 816.45263671875 821.560363769531 842.408813476562 868.317932128906 875.25244140625 844.269165039062 835.816162109375 809.987854003906 792.498718261719 793.515563964844 772.291198730469 740.403503417969 689.490295410156 615.846069335938 600.416381835938 582.054992675781 579.032836914062 572.685791015625 569.158752441406 563.628662109375 551.89599609375 525.505249023438 495.960357666016 458.776580810547 450.519165039062 427.746643066406
589.459106445312 579.606994628906 589.257995605469 608.614074707031 660.819396972656 709.50732421875 753.899169921875 788.943725585938 823.19921875 850.545593261719 876.915649414062 897.237609863281 923.3876953125 952.753662109375 1005.91229248047 1035.09704589844 1048.85717773438 1028.2919921875 997.443908691406 968.767944335938 940.687744140625 913.603881835938 889.960327148438 879.628112792969 885.7451171875 866.561645507812 879.089294433594 893.569519042969 895.130493164062 882.092529296875 873.666015625 877.748901367188 874.307189941406 862.331237792969 860.260559082031 834.867919921875 806.679321289062 791.854797363281 782.884338378906 773.889465332031 752.758178710938 729.501708984375 681.189270019531 620.242797851562 605.329284667969 590.29736328125 579.055847167969 577.072448730469 569.911560058594 564.147277832031 552.138671875 528.985229492188 498.871856689453 465.877746582031 451.335540771484 433.742706298828
575.461853027344 578.482727050781 573.509521484375 569.156127929688 640.755615234375 693.09375 741.1552734375 782.308532714844 808.790893554688 845.305786132812 870.032531738281 897.096557617188 908.469116210938 924.168090820312 959.280944824219 1009.21899414062 1034.77062988281 1023.02453613281 965.45947265625 922.335693359375 890.203186035156 864.592407226562 848.471374511719 833.416381835938 829.639892578125 832.125244140625 846.397155761719 861.489501953125 850.36962890625 866.072082519531 866.408081054688 869.112060546875 868.150695800781 850.695068359375 834.034057617188 809.608154296875 784.965576171875 775.060363769531 758.169128417969 752.487243652344 735.989929199219 720.105163574219 673.607055664062 629.223693847656 611.312377929688 597.073120117188 586.72216796875 576.92578125 569.006958007812 563.400329589844 550.759765625 528.55078125 500.198822021484 475.458282470703 452.758850097656 435.01513671875
573.5810546875 583.168701171875 568.3662109375 563.470947265625 604.70263671875 679.261535644531 728.530212402344 778.683654785156 814.002868652344 841.988708496094 876.04931640625 897.157653808594 906.712097167969 911.371704101562 926.590881347656 964.978820800781 996.551452636719 990.883178710938 925.752197265625 868.908447265625 848.599060058594 827.876525878906 807.877014160156 793.287414550781 785.357788085938 785.185607910156 785.293090820312 796.877258300781 809.181091308594 821.972717285156 830.688293457031 841.890563964844 842.147827148438 836.599670410156 829.228332519531 808.343933105469 788.052429199219 775.443725585938 759.915222167969 752.238403320312 738.674255371094 713.298950195312 664.018005371094 635.578430175781 620.220397949219 601.728820800781 590.747741699219 579.932006835938 569.550659179688 561.82080078125 545.390991210938 527.285949707031 500.960083007812 465.511352539062 452.190216064453 429.995544433594
579.622497558594 574.782531738281 577.260070800781 557.955444335938 598.259643554688 664.682800292969 722.747802734375 772.849914550781 821.714782714844 867.016723632812 884.950012207031 914.568725585938 924.502014160156 921.823364257812 925.220275878906 957.164428710938 982.012023925781 975.55712890625 896.987670898438 839.737060546875 820.692626953125 801.55859375 781.0966796875 775.090393066406 781.734741210938 786.661010742188 784.22900390625 781.038879394531 773.828125 769.127502441406 769.798034667969 780.557861328125 808.307556152344 820.178039550781 827.248901367188 815.05126953125 796.379699707031 782.177490234375 771.079650878906 756.986572265625 744.400085449219 700.089477539062 660.962463378906 638.7890625 625.711547851562 605.919738769531 593.780822753906 578.458312988281 570.411560058594 560.539855957031 543.169311523438 524.489440917969 498.703979492188 463.09228515625 448.993133544922 424.099151611328
575.735961914062 573.268432617188 566.551086425781 569.901123046875 616.442565917969 684.382873535156 725.350891113281 779.348876953125 822.689208984375 873.766296386719 905.857788085938 934.024047851562 951.507080078125 944.889526367188 938.720520019531 975.97216796875 994.830993652344 972.692199707031 885.014099121094 826.064575195312 805.747863769531 794.356994628906 787.02880859375 792.220092773438 806.937744140625 817.429626464844 817.269104003906 809.558532714844 793.137634277344 767.038513183594 746.887634277344 741.8466796875 755.518493652344 783.679077148438 809.114318847656 811.022827148438 804.06884765625 785.190734863281 771.340087890625 763.801330566406 735.940307617188 693.265258789062 654.066467285156 640.225341796875 631.259094238281 612.232666015625 598.25927734375 586.494323730469 569.794799804688 558.923583984375 538.615417480469 520.188293457031 488.390472412109 457.921661376953 433.906616210938 416.234649658203
577.477783203125 555.596801757812 564.1552734375 556.412231445312 626.676086425781 687.747009277344 728.509521484375 776.041870117188 824.984008789062 872.551330566406 916.138610839844 950.143310546875 960.489440917969 961.384765625 965.814208984375 992.581787109375 1007.30059814453 966.96923828125 879.266235351562 819.675109863281 806.255126953125 815.930603027344 820.049865722656 817.297546386719 820.028198242188 838.592163085938 839.164733886719 818.922546386719 808.592712402344 781.362915039062 747.04736328125 724.942749023438 714.34375 738.217346191406 766.550964355469 791.231567382812 803.940612792969 791.956726074219 770.51220703125 758.923767089844 725.656005859375 676.458251953125 649.538757324219 640.268371582031 634.496032714844 616.101196289062 600.850280761719 587.139770507812 568.768981933594 555.809387207031 530.891723632812 514.650573730469 472.160858154297 444.989990234375 421.885314941406 408.842712402344
564.333740234375 573.529357910156 557.234436035156 563.423095703125 637.839660644531 691.61083984375 733.529296875 779.703918457031 831.276611328125 890.465698242188 947.421630859375 968.36474609375 976.777954101562 966.940551757812 980.097106933594 1010.0830078125 1000.01379394531 960.09814453125 885.481018066406 830.004272460938 825.616577148438 837.485473632812 839.189575195312 849.209594726562 848.140197753906 847.382690429688 847.29296875 831.785095214844 806.97314453125 772.973999023438 755.173645019531 733.493286132812 707.853088378906 697.434387207031 724.276733398438 749.085510253906 774.84716796875 779.2626953125 770.897705078125 752.717468261719 709.796447753906 667.042297363281 643.441345214844 640.053649902344 635.879638671875 621.399047851562 602.397705078125 583.462585449219 567.859191894531 549.891052246094 530.819885253906 499.761566162109 462.328979492188 428.109344482422 410.565124511719 401.797821044922
567.314453125 570.774169921875 546.472412109375 563.486450195312 651.94873046875 708.544189453125 756.371704101562 802.149475097656 866.984130859375 925.121459960938 969.048278808594 986.606567382812 985.168273925781 987.818359375 998.135864257812 1014.90087890625 1013.16784667969 955.637634277344 892.440185546875 857.059814453125 844.785949707031 847.164489746094 854.39306640625 858.106872558594 857.792663574219 856.665893554688 852.28369140625 828.794494628906 794.752319335938 769.089538574219 753.495666503906 735.052185058594 709.237487792969 693.961669921875 677.206237792969 696.405395507812 723.914978027344 746.359924316406 754.6357421875 735.920959472656 691.109191894531 650.064025878906 642.685363769531 639.645568847656 634.977783203125 622.958129882812 602.8359375 581.758483886719 563.564758300781 543.126708984375 522.572143554688 482.442291259766 441.104705810547 417.5419921875 401.411193847656 394.858306884766
571.076721191406 561.891540527344 539.024719238281 576.668518066406 665.779479980469 721.26708984375 773.381103515625 828.896118164062 879.786987304688 942.590270996094 960.063354492188 969.788391113281 972.5947265625 975.352233886719 998.779846191406 1014.95758056641 1011.62896728516 962.896118164062 914.120239257812 884.619079589844 871.582336425781 865.192565917969 864.790588378906 867.236694335938 868.1044921875 864.241271972656 845.423828125 816.8134765625 784.857604980469 766.569641113281 745.831359863281 719.526245117188 680.570007324219 648.155517578125 637.482421875 645.320007324219 668.244140625 693.568420410156 707.040649414062 695.24951171875 656.994201660156 640.549255371094 639.682312011719 638.582946777344 634.32177734375 619.44189453125 601.142150878906 579.409912109375 559.521179199219 533.276916503906 514.839965820312 471.288604736328 429.153472900391 407.991088867188 394.374389648438 389.884674072266
553.255920410156 547.832153320312 522.224060058594 577.10302734375 661.908935546875 723.342163085938 770.039916992188 829.442260742188 871.084655761719 895.606689453125 913.757934570312 927.025939941406 948.038696289062 960.462341308594 982.063293457031 1004.56433105469 1009.97833251953 970.957702636719 931.283447265625 909.509887695312 896.358154296875 884.538391113281 876.281982421875 873.700073242188 870.382629394531 868.146240234375 837.622375488281 812.963745117188 783.802429199219 767.39892578125 743.962097167969 693.841247558594 644.030212402344 624.649047851562 600.1982421875 595.046020507812 610.125305175781 627.163513183594 635.583068847656 637.306884765625 630.911376953125 632.6796875 634.463134765625 633.369812011719 629.3779296875 611.477722167969 598.140380859375 576.191589355469 554.648132324219 533.257995605469 501.319030761719 460.129577636719 423.389465332031 403.879058837891 389.730712890625 386.551940917969
525.089782714844 521.578979492188 519.003479003906 564.2783203125 657.660766601562 716.663391113281 762.376770019531 802.057067871094 827.458068847656 846.2626953125 867.718078613281 893.587829589844 909.816467285156 927.934814453125 962.208923339844 987.682983398438 994.433837890625 975.602905273438 947.812927246094 932.938720703125 925.230895996094 906.701477050781 891.9169921875 879.293884277344 873.62646484375 868.75146484375 843.385009765625 815.877990722656 785.505554199219 759.53564453125 727.152160644531 666.000122070312 631.048950195312 616.434753417969 607.129577636719 603.834167480469 602.077087402344 603.563659667969 615.625183105469 620.230224609375 623.594787597656 625.210144042969 626.046630859375 621.403747558594 612.059753417969 606.691467285156 591.941528320312 572.581298828125 552.95703125 528.835815429688 495.076324462891 446.969146728516 419.767059326172 401.344787597656 386.689544677734 375.523864746094
496.957366943359 488.4619140625 499.5341796875 525.190002441406 639.114440917969 699.322021484375 754.286865234375 788.724060058594 800.984558105469 810.032653808594 826.912475585938 850.551513671875 882.487609863281 914.583312988281 933.87548828125 970.253601074219 974.140502929688 976.040710449219 962.708923339844 956.388244628906 952.336975097656 934.085754394531 914.335510253906 894.8662109375 878.568603515625 868.245666503906 846.918823242188 822.072509765625 788.267272949219 755.884216308594 717.95556640625 645.975280761719 631.567565917969 627.772033691406 620.315185546875 612.865417480469 610.839599609375 602.544372558594 602.296569824219 613.055114746094 618.192749023438 619.010314941406 611.164184570312 607.570434570312 604.502807617188 596.017883300781 584.03759765625 569.897705078125 550.387756347656 526.668823242188 489.776580810547 442.025238037109 417.280120849609 400.057952880859 384.876403808594 370.388000488281
473.639770507812 464.734344482422 463.868103027344 494.272155761719 593.545227050781 684.926086425781 744.058288574219 778.334899902344 790.326721191406 794.725769042969 802.645629882812 821.869750976562 861.225158691406 898.148315429688 924.134948730469 954.750671386719 966.024536132812 970.697387695312 965.648010253906 966.087890625 967.194580078125 964.280822753906 951.484130859375 917.113647460938 882.196228027344 868.036010742188 849.848876953125 825.859130859375 789.709594726562 755.55322265625 712.425231933594 646.447814941406 636.66357421875 637.833374023438 626.339538574219 627.041381835938 615.728576660156 615.011291503906 612.864807128906 612.4091796875 610.185546875 609.216552734375 605.872314453125 598.519226074219 592.744689941406 586.840698242188 578.230834960938 565.498352050781 548.951416015625 526.4384765625 485.033996582031 448.76025390625 418.304443359375 400.698303222656 379.862823486328 364.996826171875
407.656036376953 426.655212402344 437.248168945312 467.725708007812 537.873168945312 659.071472167969 730.231201171875 769.728576660156 788.613464355469 794.356262207031 797.113525390625 812.975463867188 854.119445800781 903.301330566406 927.062194824219 948.587646484375 949.390686035156 950.283935546875 947.133728027344 941.6318359375 954.161193847656 955.468139648438 961.572875976562 935.809936523438 890.232360839844 862.329345703125 849.702270507812 826.088745117188 791.181640625 758.641784667969 723.404479980469 666.364624023438 642.537231445312 642.741638183594 638.817321777344 638.507385253906 626.289978027344 621.605346679688 616.219909667969 614.959838867188 611.462158203125 607.505126953125 603.560668945312 592.605407714844 585.276428222656 579.989196777344 568.442138671875 560.694274902344 545.06494140625 523.817199707031 480.328308105469 450.850311279297 419.940856933594 400.904724121094 378.167785644531 364.307098388672
367.188568115234 385.767364501953 414.137603759766 449.160003662109 522.421264648438 614.145812988281 705.261962890625 749.805480957031 787.832824707031 798.669860839844 801.979919433594 817.074584960938 859.212707519531 910.132629394531 941.118957519531 935.728637695312 919.150756835938 913.398803710938 898.524475097656 894.067687988281 899.852478027344 911.129028320312 944.89111328125 951.793518066406 896.365295410156 861.683166503906 847.173217773438 824.534912109375 792.915161132812 764.670288085938 747.979064941406 701.586303710938 664.178649902344 653.555786132812 651.066162109375 645.934448242188 637.615417480469 633.714904785156 619.067443847656 617.120910644531 612.6171875 609.320251464844 603.036926269531 592.510070800781 580.981994628906 571.09228515625 563.402648925781 556.136596679688 540.789978027344 518.718139648438 473.190246582031 450.561218261719 419.899841308594 400.792724609375 379.909210205078 363.730773925781
