Rscript/monthly_maps/SnowDepthMapFile-max-1989-06.asc
ncols 320 
nrows 361 
xllcorner 618410.159 
yllcorner 5088785.286 
cellsize 100 
NODATA_value -9999 
[rows 29 to 57 of 361, columns 66 to 131 of 320]
-9999 -9999 -9999 -9999 -9999 -9999 -9999 -9999 -9999 -9999 -9999 -9999 -9999 -9999 -9999 -9999 -9999 -9999 -9999 -9999 -9999 -9999 -9999 -9999 -9999 -9999 -9999 -9999 -9999 -9999 -9999 -9999 -9999 -9999 -9999 -9999 -9999 -9999 -9999 -9999 -9999 -9999 -9999 -9999 -9999 -9999 -9999 -9999 1337.31860351562 1334.51037597656 1374.83996582031 1375.43225097656 1340.72985839844 1332.109375 1278.94348144531 1237.79309082031 1240.64990234375 1227.9443359375 1211.04248046875 1202.04675292969 1197.94897460938 1159.88842773438 1125.37536621094 1073.62536621094 1052.97021484375 1044.62585449219
-9999 -9999 -9999 -9999 -9999 -9999 -9999 -9999 -9999 -9999 -9999 -9999 -9999 -9999 -9999 -9999 -9999 -9999 -9999 -9999 -9999 -9999 -9999 -9999 -9999 -9999 -9999 -9999 -9999 -9999 -9999 -9999 -9999 -9999 -9999 -9999 -9999 -9999 -9999 -9999 -9999 -9999 -9999 -9999 -9999 -9999 1365.75341796875 1339.0244140625 1329.82568359375 1291.5244140625 1281.79345703125 1297.05444335938 1300.33715820312 1291.79870605469 1262.14831542969 1250.86450195312 1237.19653320312 1220.64990234375 1209.63989257812 1201.02075195312 1197.65832519531 1176.78173828125 1131.91345214844 1100.07104492188 1066.95275878906 1046.64294433594
-9999 -9999 -9999 -9999 -9999 -9999 -9999 -9999 -9999 -9999 -9999 -9999 -9999 -9999 -9999 -9999 -9999 -9999 -9999 -9999 -9999 -9999 -9999 -9999 -9999 -9999 -9999 -9999 -9999 -9999 -9999 -9999 -9999 -9999 -9999 -9999 -9999 -9999 -9999 -9999 -9999 -9999 -9999 -9999 -9999 1355.07543945312 1347.78759765625 1318.35595703125 1284.5458984375 1241.72143554688 1213.82531738281 1214.48205566406 1235.01928710938 1233.45361328125 1233.08447265625 1223.90283203125 1209.59375 1202.55004882812 1204.6982421875 1200.22705078125 1197.75671386719 1184.38659667969 1151.31262207031 1124.47229003906 1106.9296875 1069.45788574219
-9999 -9999 -9999 -9999 -9999 -9999 -9999 -9999 -9999 -9999 -9999 -9999 -9999 -9999 -9999 -9999 -9999 -9999 -9999 -9999 -9999 -9999 -9999 -9999 -9999 -9999 -9999 -9999 -9999 -9999 -9999 -9999 -9999 -9999 -9999 -9999 -9999 -9999 -9999 -9999 -9999 -9999 -9999 -9999 1388.8349609375 1355.20349121094 1317.73254394531 1300.1142578125 1285.7783203125 1244.32800292969 1215.91687011719 1177.13232421875 1168.67346191406 1157.81140136719 1151.73620605469 1150.72741699219 1146.14819335938 1146.638671875 1146.92333984375 1150.06494140625 1163.337890625 1182.814453125 1158.70495605469 1147.4130859375 1140.27893066406 1123.37463378906
-9999 -9999 -9999 -9999 -9999 -9999 -9999 -9999 -9999 -9999 -9999 -9999 -9999 -9999 -9999 -9999 -9999 -9999 -9999 -9999 -9999 -9999 -9999 -9999 -9999 -9999 -9999 -9999 -9999 -9999 -9999 -9999 -9999 -9999 -9999 -9999 -9999 -9999 -9999 -9999 -9999 -9999 -9999 -9999 -9999 1327.71337890625 1308.41198730469 1267.79870605469 1256.30944824219 1249.26977539062 1213.40966796875 1167.1953125 1134.14245605469 1094.830078125 1082.32995605469 1076.45983886719 1072.40490722656 1068.81750488281 1067.69689941406 1069.04016113281 1085.65051269531 1119.16967773438 1136.74487304688 1149.92028808594 1133.24426269531 1132.59033203125
-9999 -9999 -9999 -9999 -9999 -9999 -9999 -9999 -9999 -9999 -9999 -9999 -9999 -9999 -9999 -9999 -9999 -9999 -9999 -9999 -9999 -9999 -9999 -9999 -9999 -9999 -9999 -9999 -9999 -9999 -9999 -9999 -9999 -9999 -9999 -9999 -9999 -9999 -9999 -9999 -9999 -9999 -9999 -9999 1402.30615234375 1365.16796875 1322.36572265625 1251.04028320312 1224.64379882812 1213.66137695312 1206.6826171875 1167.93994140625 1134.65747070312 1091.35754394531 1066.77758789062 1057.765625 1048.08911132812 1032.23461914062 1009.44665527344 989.608276367188 988.444641113281 1005.02838134766 1052.5966796875 1068.51257324219 1083.54272460938 1103.40307617188
-9999 -9999 -9999 -9999 -9999 -9999 -9999 -9999 -9999 -9999 -9999 -9999 -9999 -9999 -9999 -9999 -9999 -9999 -9999 -9999 -9999 -9999 -9999 -9999 -9999 -9999 -9999 -9999 -9999 -9999 -9999 -9999 -9999 -9999 -9999 -9999 -9999 -9999 -9999 -9999 -9999 -9999 -9999 -9999 -9999 1399.02746582031 1328.8857421875 1257.56640625 1223.42553710938 1178.85070800781 1166.88122558594 1149.61791992188 1135.74719238281 1113.6484375 1094.57116699219 1069.13232421875 1050.47448730469 1036.87097167969 1026.34912109375 985.822265625 960.186706542969 953.615966796875 962.366394042969 977.806823730469 988.561889648438 1008.64263916016
-9999 -9999 -9999 -9999 -9999 -9999 -9999 -9999 -9999 -9999 -9999 -9999 -9999 -9999 -9999 -9999 -9999 -9999 -9999 -9999 -9999 -9999 -9999 -9999 -9999 -9999 -9999 -9999 -9999 -9999 -9999 -9999 -9999 -9999 -9999 -9999 -9999 -9999 -9999 -9999 -9999 -9999 -9999 -9999 -9999 1401.03601074219 1361.30920410156 1282.79382324219 1228.95422363281 1173.560546875 1151.720703125 1139.64672851562 1128.19274902344 1109.81860351562 1093.72241210938 1071.34851074219 1050.26184082031 1037.49145507812 1028.72338867188 1014.67492675781 981.521911621094 955.308227539062 946.044311523438 949.346984863281 952.142639160156 958.726928710938
-9999 -9999 -9999 -9999 -9999 -9999 -9999 -9999 -9999 -9999 -9999 -9999 -9999 -9999 -9999 -9999 -9999 -9999 -9999 -9999 -9999 -9999 -9999 -9999 -9999 -9999 -9999 -9999 -9999 -9999 -9999 -9999 -9999 -9999 -9999 -9999 -9999 -9999 -9999 -9999 -9999 -9999 -9999 1372.27331542969 1393.44787597656 1418.21362304688 1390.05310058594 1315.81237792969 1234.10266113281 1182.12780761719 1156.43920898438 1145.55603027344 1133.12036132812 1113.65795898438 1096.43994140625 1085.46838378906 1064.16259765625 1039.69714355469 1022.98211669922 1009.61413574219 1001.81182861328 967.793212890625 953.789672851562 948.479553222656 949.755676269531 952.8681640625
-9999 -9999 -9999 -9999 -9999 -9999 -9999 -9999 -9999 -9999 -9999 -9999 -9999 -9999 -9999 -9999 -9999 -9999 -9999 -9999 -9999 -9999 -9999 -9999 -9999 -9999 -9999 -9999 -9999 -9999 -9999 -9999 -9999 -9999 -9999 -9999 -9999 -9999 -9999 -9999 -9999 -9999 1346.67687988281 1335.9560546875 1340.10571289062 1373.47741699219 1390.42614746094 1325.14465332031 1268.46301269531 1217.09558105469 1192.28247070312 1160.54260253906 1137.83996582031 1113.837890625 1100.51599121094 1089.00280761719 1061.56433105469 1039.91467285156 1018.81732177734 998.264770507812 969.736206054688 966.080139160156 951.305725097656 948.454040527344 950.7314453125 951.973266601562
-9999 -9999 -9999 -9999 -9999 -9999 -9999 -9999 -9999 -9999 -9999 -9999 -9999 -9999 -9999 -9999 -9999 -9999 -9999 -9999 -9999 -9999 -9999 -9999 -9999 -9999 -9999 -9999 -9999 -9999 -9999 -9999 -9999 -9999 -9999 -9999 -9999 -9999 -9999 -9999 -9999 -9999 1345.06799316406 1290.2841796875 1272.41149902344 1334.36938476562 1360.85363769531 1356.77331542969 1312.49304199219 1257.65368652344 1212.01867675781 1170.13745117188 1141.65148925781 1109.99987792969 1076.39709472656 1056.79614257812 1042.8671875 1025.54772949219 999.374206542969 956.785095214844 939.063354492188 935.369812011719 931.166381835938 932.029296875 936.171020507812 940.762939453125
-9999 -9999 -9999 -9999 -9999 -9999 -9999 -9999 -9999 -9999 -9999 -9999 -9999 -9999 -9999 -9999 -9999 -9999 -9999 -9999 -9999 -9999 -9999 -9999 -9999 -9999 -9999 -9999 -9999 -9999 -9999 -9999 -9999 -9999 -9999 -9999 -9999 -9999 -9999 -9999 1336.33471679688 1307.86950683594 1297.23645019531 1266.79858398438 1249.03283691406 1258.58288574219 1325.54467773438 1354.92761230469 1346.28576660156 1307.26379394531 1264.88171386719 1213.33898925781 1149.86193847656 1075.98937988281 1030.63439941406 1005.25378417969 997.978210449219 987.481262207031 947.415161132812 903.952880859375 874.808227539062 869.277465820312 864.518432617188 866.374267578125 871.369567871094 886.432312011719
-9999 -9999 -9999 -9999 -9999 -9999 -9999 -9999 -9999 -9999 -9999 -9999 -9999 -9999 -9999 -9999 -9999 -9999 -9999 -9999 -9999 -9999 -9999 -9999 -9999 -9999 -9999 -9999 -9999 -9999 -9999 -9999 -9999 -9999 -9999 -9999 -9999 -9999 -9999 -9999 1337.46899414062 1285.39782714844 1233.32763671875 1260.43908691406 1235.64099121094 1229.05554199219 1248.59643554688 1309.12805175781 1337.63452148438 1327.42797851562 1310.50866699219 1306.68054199219 1222.56945800781 1081.24609375 979.180053710938 933.937194824219 941.339660644531 941.486328125 912.020263671875 862.773254394531 847.043334960938 836.650024414062 800.477905273438 790.786010742188 787.208618164062 795.408508300781
-9999 -9999 -9999 -9999 -9999 -9999 -9999 -9999 -9999 -9999 -9999 -9999 -9999 -9999 -9999 -9999 -9999 -9999 -9999 -9999 -9999 -9999 -9999 -9999 -9999 -9999 -9999 -9999 -9999 -9999 -9999 -9999 -9999 -9999 -9999 -9999 -9999 -9999 -9999 1349.0234375 1338.84216308594 1246.77404785156 1219.78002929688 1228.39038085938 1217.42419433594 1207.02966308594 1186.27734375 1225.10437011719 1242.31298828125 1278.00036621094 1315.82006835938 1342.9521484375 1290.70190429688 1163.70056152344 993.626708984375 900.98974609375 888.518310546875 883.605651855469 857.235656738281 833.547119140625 810.668701171875 832.690551757812 817.332702636719 789.172729492188 777.685913085938 754.86474609375
-9999 -9999 -9999 -9999 -9999 -9999 -9999 -9999 -9999 -9999 -9999 -9999 -9999 -9999 -9999 -9999 -9999 -9999 -9999 -9999 -9999 -9999 -9999 -9999 -9999 -9999 -9999 -9999 -9999 -9999 -9999 -9999 -9999 -9999 -9999 -9999 1411.89660644531 1397.51403808594 1336.72241210938 1293.29187011719 1234.2919921875 1182.22802734375 1185.388671875 1195.94885253906 1200.37243652344 1159.4677734375 1143.27404785156 1139.87194824219 1154.09948730469 1169.40075683594 1196.62243652344 1278.44091796875 1314.92932128906 1260.44018554688 1083.68322753906 941.861633300781 888.002502441406 846.925598144531 809.978454589844 789.248901367188 803.855163574219 780.617126464844 794.372375488281 809.717163085938 778.761840820312 784.699523925781
-9999 -9999 -9999 -9999 -9999 -9999 -9999 -9999 -9999 -9999 -9999 -9999 -9999 -9999 -9999 -9999 -9999 -9999 -9999 -9999 -9999 -9999 -9999 -9999 -9999 -9999 -9999 -9999 -9999 -9999 -9999 -9999 -9999 -9999 -9999 -9999 1396.61486816406 1377.82995605469 1288.31958007812 1189.98400878906 1131.55993652344 1140.88488769531 1148.42456054688 1147.681640625 1146.61486816406 1131.0576171875 1106.81335449219 1097.2333984375 1101.61499023438 1097.41650390625 1101.62927246094 1149.40026855469 1201.62573242188 1268.193359375 1178.44934082031 1077.2978515625 968.421752929688 860.734619140625 792.759582519531 772.06884765625 767.255615234375 772.700256347656 773.924011230469 778.291137695312 792.456237792969 779.367980957031
-9999 -9999 -9999 -9999 -9999 -9999 -9999 -9999 -9999 -9999 -9999 -9999 -9999 -9999 -9999 -9999 -9999 -9999 -9999 -9999 -9999 -9999 -9999 -9999 -9999 -9999 -9999 -9999 -9999 -9999 -9999 -9999 -9999 -9999 -9999 -9999 1326.93029785156 1324.90649414062 1220.33959960938 1155.29565429688 1128.40441894531 1128.16259765625 1130.14086914062 1129.04028320312 1127.74047851562 1123.796875 1108.54565429688 1090.25805664062 1088.09252929688 1079.84509277344 1074.32861328125 1064.74768066406 1091.85925292969 1120.06628417969 1183.63000488281 1175.65844726562 1115.58898925781 970.532165527344 838.686645507812 784.885925292969 771.772705078125 767.178283691406 764.404479980469 762.730529785156 758.556213378906 768.184509277344
-9999 -9999 -9999 -9999 -9999 -9999 -9999 -9999 -9999 -9999 -9999 -9999 -9999 -9999 -9999 -9999 -9999 -9999 -9999 -9999 -9999 -9999 -9999 -9999 -9999 -9999 -9999 -9999 -9999 -9999 -9999 -9999 -9999 -9999 -9999 -9999 1254.150390625 1232.02270507812 1160.06457519531 1139.96606445312 1141.80383300781 1144.71179199219 1140.3525390625 1135.80090332031 1129.26147460938 1124.16870117188 1113.41650390625 1105.083984375 1082.05676269531 1069.60998535156 1059.60229492188 1011.99896240234 1003.88891601562 1013.18530273438 1080.88854980469 1166.31274414062 1189.58178710938 1122.35729980469 974.778137207031 874.886901855469 835.382141113281 815.732727050781 792.515319824219 779.003295898438 763.575317382812 747.269714355469
1324.05944824219 1313.72058105469 1296.87963867188 1313.86352539062 1335.49523925781 -9999 -9999 -9999 -9999 -9999 -9999 -9999 -9999 -9999 -9999 -9999 -9999 -9999 -9999 -9999 -9999 -9999 -9999 -9999 -9999 -9999 -9999 -9999 -9999 -9999 -9999 -9999 -9999 -9999 -9999 1262.86279296875 1225.4921875 1119.26672363281 1098.62670898438 1128.11437988281 1149.50891113281 1157.76245117188 1153.26782226562 1146.74755859375 1137.67578125 1122.85791015625 1116.01806640625 1102.57885742188 1090.58984375 1066.43640136719 1044.87182617188 1004.75299072266 983.749816894531 982.974243164062 997.61328125 1063.73754882812 1135.64855957031 1125.74267578125 1085.92272949219 1022.48370361328 950.852416992188 916.488159179688 873.152404785156 830.685363769531 777.906860351562 762.692016601562
1252.83679199219 1236.76086425781 1194.3349609375 1196.90954589844 1209.27062988281 1207.95812988281 1307.65283203125 1415.71484375 1488.99133300781 1486.93835449219 1445.62719726562 -9999 -9999 -9999 -9999 -9999 -9999 -9999 -9999 -9999 -9999 -9999 -9999 -9999 -9999 -9999 -9999 -9999 -9999 -9999 -9999 -9999 -9999 -9999 -9999 1177.39636230469 1129.7099609375 1043.8896484375 1085.61193847656 1135.3154296875 1154.72009277344 1155.37329101562 1162.67175292969 1145.97216796875 1138.49365234375 1119.94775390625 1111.365234375 1096.72607421875 1085.82666015625 1063.95153808594 1044.99243164062 1024.11389160156 992.300842285156 976.666015625 973.667724609375 980.419799804688 1026.74169921875 1075.9697265625 1128.94799804688 1071.56970214844 1032.44323730469 983.061218261719 958.126953125 885.713134765625 813.53125 777.450317382812
1163.53466796875 1112.09216308594 1081.63598632812 1038.34973144531 1021.85461425781 1065.77368164062 1161.80029296875 1289.80578613281 1380.97534179688 1400.48229980469 1355.71655273438 1293.69738769531 1349.53430175781 1376.38171386719 1394.54968261719 1406.99108886719 -9999 -9999 -9999 -9999 -9999 -9999 -9999 -9999 1775.42590332031 1771.09191894531 1768.56323242188 1751.89172363281 -9999 -9999 -9999 -9999 -9999 -9999 1309.205078125 1150.44567871094 1046.486328125 1023.31317138672 1087.65466308594 1138.83459472656 1145.90185546875 1153.84826660156 1151.26843261719 1146.63500976562 1139.50549316406 1118.97021484375 1101.92224121094 1091.5888671875 1082.89782714844 1073.78662109375 1052.44140625 1035.68347167969 1022.28350830078 1007.63159179688 972.312194824219 958.736206054688 965.881652832031 986.008972167969 1043.01062011719 1050.45129394531 1043.43176269531 1032.68884277344 1012.39959716797 953.810302734375 874.6240234375 826.454650878906
1091.93969726562 1054.85388183594 1045.93249511719 982.055114746094 918.277709960938 904.55810546875 963.453491210938 1075.73254394531 1198.51062011719 1227.10034179688 1256.99951171875 1255.72607421875 1288.50451660156 1324.37744140625 1359.42663574219 1389.96313476562 1401.78259277344 -9999 -9999 -9999 -9999 -9999 -9999 -9999 1776.34008789062 1768.8466796875 1748.22094726562 1743.49084472656 1738.23876953125 1706.04077148438 1707.64221191406 1771.13354492188 1821.87866210938 1794.49340820312 1481.35864257812 1168.37048339844 1028.69738769531 1017.89666748047 1088.30944824219 1107.34619140625 1113.72131347656 1113.84631347656 1124.59716796875 1130.67065429688 1125.94091796875 1117.03369140625 1097.33801269531 1085.61889648438 1077.78955078125 1071.40209960938 1054.20983886719 1041.75720214844 1028.38598632812 1017.86499023438 1007.07183837891 964.165222167969 949.187255859375 948.490295410156 958.790344238281 975.559326171875 993.340148925781 1014.80529785156 1012.32507324219 1003.47576904297 959.528991699219 896.298278808594
1012.69555664062 989.822998046875 981.1259765625 962.128051757812 898.398742675781 844.08642578125 874.117309570312 953.114868164062 1038.75012207031 1109.44482421875 1121.94470214844 1166.59936523438 1195.8505859375 1235.67907714844 1276.47534179688 1333.53308105469 1369.16955566406 1411.73181152344 -9999 -9999 -9999 -9999 -9999 -9999 1769.20971679688 1748.28369140625 1718.26159667969 1693.79748535156 1709.52966308594 1694.46130371094 1704.25451660156 1730.30310058594 1800.37109375 1748.31384277344 1620.89025878906 1278.41552734375 1067.54675292969 1034.64794921875 1057.24743652344 1083.32189941406 1057.0888671875 1026.64978027344 1057.97680664062 1069.01477050781 1082.23596191406 1081.66223144531 1069.10571289062 1063.08898925781 1063.48815917969 1070.07531738281 1047.57189941406 1036.41015625 1023.37213134766 1011.83612060547 1007.04815673828 992.511047363281 953.471313476562 939.848754882812 936.630310058594 942.8798828125 945.269287109375 952.016052246094 971.853576660156 995.485046386719 965.404541015625 946.395690917969
917.921997070312 897.786010742188 898.337707519531 894.163391113281 885.125244140625 824.405212402344 825.968444824219 867.880004882812 925.071411132812 943.992553710938 1015.75262451172 1091.95654296875 1158.72814941406 1181.11108398438 1184.06005859375 1242.53247070312 1304.31762695312 1405.06396484375 1440.37670898438 -9999 -9999 -9999 -9999 -9999 1767.18298339844 1734.12890625 1689.34741210938 1684.67663574219 1686.6904296875 1678.67358398438 1639.76647949219 1647.82214355469 1656.30285644531 1683.14575195312 1701.46411132812 1500.0244140625 1253.43798828125 1131.5078125 1111.18481445312 1055.28125 1024.88195800781 1001.07568359375 990.128479003906 1000.22607421875 1016.73046875 1046.46240234375 1039.88159179688 1037.0048828125 1043.53552246094 1051.20227050781 1046.62268066406 1030.33740234375 1019.23370361328 1009.19415283203 1002.18005371094 976.72900390625 968.859069824219 942.413208007812 930.886901855469 917.804626464844 904.091247558594 905.122497558594 920.124694824219 929.842712402344 934.559814453125 935.797668457031
830.117431640625 819.179565429688 848.624572753906 864.994445800781 867.817810058594 817.051574707031 803.038391113281 811.622741699219 830.549987792969 873.136962890625 939.338562011719 1026.41247558594 1104.228515625 1141.41052246094 1142.98596191406 1178.77783203125 1252.07250976562 1353.97644042969 1453.78515625 1524.22290039062 -9999 -9999 -9999 -9999 1736.1884765625 1690.611328125 1681.37744140625 1677.91979980469 1669.04968261719 1649.96435546875 1613.59020996094 1611.84326171875 1569.78552246094 1571.51086425781 1636.53369140625 1677.28576660156 1525.28149414062 1360.46423339844 1258.06567382812 1196.12109375 1131.76062011719 1058.72290039062 1023.98406982422 1014.18865966797 1011.70849609375 1007.06646728516 996.456787109375 1002.80163574219 1031.43798828125 1037.32434082031 1036.59741210938 1026.97570800781 1012.04455566406 1002.32397460938 990.711791992188 973.205688476562 960.429870605469 954.195556640625 934.411804199219 917.787231445312 889.571044921875 873.455932617188 870.923095703125 868.110595703125 864.872802734375 861.769714355469
784.387145996094 781.20849609375 795.472045898438 819.207580566406 835.336975097656 803.886291503906 787.265625 788.437622070312 800.052307128906 840.060241699219 901.955261230469 981.367370605469 1057.99133300781 1080.68359375 1094.54040527344 1122.25207519531 1199.80969238281 1321.62145996094 1455.76794433594 1543.26611328125 1643.95739746094 -9999 -9999 1748.27795410156 1727.36645507812 1681.25305175781 1665.98449707031 1662.64025878906 1662.38781738281 1634.69982910156 1603.81115722656 1556.86108398438 1543.04406738281 1532.30541992188 1546.80224609375 1620.16906738281 1664.71252441406 1594.94506835938 1512.42333984375 1443.27697753906 1405.44982910156 1308.435546875 1203.51574707031 1129.05847167969 1103.55224609375 1080.08569335938 1048.77429199219 1013.56097412109 1036.35986328125 1038.29309082031 1041.29821777344 1031.92272949219 1023.12243652344 999.676635742188 972.716247558594 961.765563964844 955.121459960938 939.1455078125 932.227111816406 921.719970703125 911.212707519531 888.8212890625 865.481689453125 852.4404296875 840.258178710938 819.912963867188
720.635437011719 735.118591308594 769.853881835938 787.36328125 795.258605957031 785.057006835938 776.348999023438 781.925842285156 805.560180664062 859.621765136719 886.6201171875 938.883117675781 981.332763671875 1008.81719970703 1041.99536132812 1109.46887207031 1181.91857910156 1306.37182617188 1434.52746582031 1579.00024414062 1616.38354492188 1604.3359375 1633.44958496094 1694.46508789062 1691.18896484375 1668.61193847656 1639.59143066406 1636.04345703125 1627.61791992188 1601.61926269531 1588.43762207031 1537.38854980469 1529.130859375 1493.04162597656 1494.77575683594 1536.76049804688 1613.30310058594 1637.54895019531 1634.64660644531 1579.07580566406 1518.98583984375 1461.00219726562 1363.51574707031 1294.55114746094 1227.4677734375 1177.39025878906 1133.4775390625 1078.42199707031 1060.21240234375 1060.76928710938 1067.28881835938 1064.58984375 1043.3701171875 1024.32824707031 984.10498046875 964.120422363281 949.457641601562 935.48681640625 927.180419921875 917.885803222656 906.553588867188 884.108459472656 858.611267089844 844.350280761719 823.741271972656 801.386962890625
694.85107421875 730.391723632812 746.788635253906 758.812255859375 773.458435058594 775.735107421875 773.951477050781 782.634033203125 801.343872070312 849.215148925781 869.319580078125 887.426391601562 920.21337890625 980.380065917969 1019.01342773438 1106.79870605469 1181.36108398438 1285.7587890625 1357.57421875 1368.04284667969 1380.197265625 1447.23669433594 1507.44775390625 1609.18725585938 1669.54138183594 1640.82189941406 1599.81481933594 1597.23303222656 1594.73669433594 1579.9091796875 1564.1845703125 1524.55432128906 1514.96740722656 1478.26489257812 1458.15063476562 1458.779296875 1516.82800292969 1594.18933105469 1603.05224609375 1595.60083007812 1578.20678710938 1516.62976074219 1487.17053222656 1393.12316894531 1317.70397949219 1257.30493164062 1205.79638671875 1151.60266113281 1120.12878417969 1111.60424804688 1115.10754394531 1108.13696289062 1070.33178710938 1031.29443359375 998.30029296875 964.399536132812 940.776489257812 929.238342285156 920.351318359375 909.061157226562 886.034729003906 862.301086425781 846.248718261719 836.223876953125 816.660583496094 810.202941894531
676.827758789062 721.435974121094 731.396057128906 744.073791503906 749.791625976562 755.633544921875 763.002197265625 786.739562988281 805.158203125 817.251831054688 840.832885742188 851.037963867188 879.205444335938 923.05712890625 1030.05041503906 1130.74865722656 1192.65173339844 1155.82983398438 1137.03637695312 1129.70373535156 1145.82861328125 1173.61791992188 1269.72668457031 1451.03259277344 1590.99548339844 1634.17810058594 1597.2197265625 1590.17102050781 1585.388671875 1569.13415527344 1546.20153808594 1515.39233398438 1492.5478515625 1452.76123046875 1436.42260742188 1432.66955566406 1435.255859375 1510.73950195312 1578.78796386719 1581.43334960938 1516.92517089844 1502.66455078125 1477.10534667969 1433.17443847656 1385.30029296875 1324.57739257812 1269.76513671875 1209.59387207031 1155.96704101562 1143.98132324219 1136.40441894531 1117.23889160156 1074.91052246094 1034.18286132812 982.135192871094 946.996520996094 927.153625488281 911.23388671875 901.667175292969 885.238647460938 862.310424804688 846.829895019531 837.213562011719 832.273315429688 824.232055664062 820.848571777344
