Rscript/monthly_maps/SnowDepthMapFile-q75-1990-01.asc
ncols 320 
nrows 361 
xllcorner 618410.159 
yllcorner 5088785.286 
cellsize 100 
NODATA_value -9999 
[rows 100 to 124 of 361, columns 112 to 167 of 320]
679.951202392578 718.8857421875 757.746765136719 765.368988037109 793.515899658203 833.567443847656 866.991943359375 864.579528808594 830.666137695312 771.798858642578 721.502319335938 682.872497558594 660.585754394531 644.128021240234 657.031005859375 657.181915283203 649.000213623047 638.720947265625 614.125885009766 592.159301757812 546.626525878906 488.183944702148 446.605926513672 393.659286499023 311.396438598633 275.204452514648 206.77074432373 225.485618591309 236.900177001953 216.389686584473 171.833557128906 126.186351776123 77.6925506591797 62.9497947692871 57.0705871582031 19.8090867996216 0 0 0 0 0 0 0 0 0 0 0 0 0 0 0 0 0 0 0 0
645.791290283203 664.726348876953 677.293579101562 678.436309814453 706.607391357422 751.894836425781 782.260803222656 789.072113037109 742.191497802734 701.566009521484 669.979431152344 642.187683105469 609.880126953125 592.16162109375 577.547271728516 562.789367675781 544.421997070312 507.043991088867 493.135299682617 465.48957824707 448.942810058594 434.290054321289 413.239974975586 357.266891479492 277.094543457031 189.250564575195 130.519096374512 107.17520904541 105.21662902832 86.6633644104004 60.4453372955322 38.2428855895996 12.227578163147 0 0 0 0 0 0 0 0 0 0 0 0 0 0 0 0 0 0 0 0 0 0 0
590.130584716797 622.856262207031 636.258209228516 628.962036132812 631.934204101562 641.994445800781 657.376220703125 665.088073730469 654.343902587891 636.0986328125 604.937225341797 568.790405273438 539.803100585938 501.534927368164 485.457046508789 458.666442871094 443.841415405273 407.696960449219 370.665557861328 347.612930297852 340.515335083008 321.802612304688 301.734344482422 245.117614746094 179.181213378906 87.2915496826172 66.9323692321777 39.309886932373 40.7162113189697 15.2034935951233 0 0 0 0 0 0 0 0 0 0 0 0 0 0 0 0 0 0 0 0 0 0 0 0 0 0
509.683364868164 543.069213867188 555.723236083984 566.436859130859 564.022583007812 582.94970703125 591.067596435547 590.410491943359 563.178314208984 540.385040283203 512.739151000977 477.299468994141 449.715637207031 426.74853515625 401.36994934082 375.955520629883 355.570709228516 309.286346435547 260.013366699219 203.003616333008 168.993270874023 158.399353027344 126.739372253418 76.8252105712891 52.388011932373 30.2345762252808 0 0 0 0 0 0 0 0 0 0 0 0 0 0 0 0 0 0 0 0 0 0 0 0 0 0 0 0 0 0
409.56950378418 447.421188354492 455.246459960938 470.858032226562 490.283355712891 496.098495483398 499.867172241211 493.594131469727 466.784393310547 445.514404296875 416.930328369141 405.063934326172 387.210159301758 362.316757202148 325.598083496094 296.66015625 248.851791381836 160.120910644531 140.64917755127 70.0762977600098 26.8284502029419 0 0 0 0 0 0 0 0 0 0 0 0 0 0 0 0 0 0 0 0 0 0 0 0 0 0 0 0 0 0 0 0 0 0 0
313.157669067383 348.045547485352 363.791793823242 391.234420776367 405.663467407227 417.971450805664 428.198577880859 416.756301879883 398.024627685547 373.481857299805 348.654022216797 325.807220458984 281.109802246094 233.094833374023 202.572570800781 169.521110534668 123.678901672363 61.7044677734375 10.5590591430664 0 0 0 0 0 0 0 0 0 0 0 0 0 0 0 0 0 0 0 0 0 0 0 0 0 0 8.06615710258484 0 0 0 0 0 0 0 0 0 0
183.529113769531 227.992210388184 272.29460144043 306.54296875 340.245956420898 350.955383300781 359.80973815918 353.730178833008 323.579254150391 285.586791992188 227.00821685791 197.886344909668 143.604286193848 113.163951873779 76.6014633178711 55.7184467315674 33.7740287780762 0 0 0 0 0 0 0 0 0 0 0 0 0 0 0 0 0 0 0 0 0 0 0 0 0 0 10.6036467552185 36.8746929168701 34.4375267028809 39.8466930389404 1.78606700897217 0 0 0 0 0 0 0 0
114.132724761963 149.492706298828 182.127868652344 195.013801574707 198.915245056152 220.202224731445 237.075004577637 234.821495056152 199.595481872559 182.491119384766 111.846622467041 63.6669502258301 38.1127872467041 14.0196814537048 18.5881948471069 2.41368508338928 0 0 0 0 0 0 0 0 0 0 0 0 0 0 0 0 0 0 0 0 0 0 0 0 6.39154982566833 11.5951585769653 39.0677318572998 73.1043815612793 84.1526412963867 99.3269386291504 61.360330581665 37.014741897583 0 0 0 0 0 0 0 0
66.3149337768555 70.1578903198242 85.6722526550293 81.6085243225098 103.125667572021 117.848560333252 124.259212493896 112.92769241333 94.931713104248 53.5244140625 20.8548984527588 0 0 0 0 0 0 0 0 0 0 0 0 0 0 0 0 0 0 0 0 0 0 0 0 0 5.86997485160828 9.95689916610718 12.7513022422791 44.7386703491211 39.3503322601318 77.0047798156738 94.7768478393555 128.827041625977 142.133399963379 126.228912353516 96.6065330505371 56.6984405517578 0 0 0 0 0 0 0 0
50.4665622711182 56.1534175872803 61.6586475372314 64.1495704650879 64.8208923339844 52.8087196350098 52.5498542785645 45.1098079681396 37.7740497589111 23.7025699615479 13.3405175209045 0 0 0 0 0 0 0 0 0 0 0 0 0 0 0 0 0 0 0 5.23405003547668 9.70091152191162 11.6180086135864 12.864935874939 42.2508430480957 44.2259292602539 36.8238563537598 51.6087417602539 67.153938293457 95.7393569946289 108.724723815918 151.201820373535 192.348182678223 216.15453338623 204.438453674316 168.54670715332 117.068504333496 71.4743270874023 28.9159069061279 0 0 0 0 0 0 0
42.7024803161621 46.1317291259766 45.0016498565674 44.9598846435547 45.7050037384033 46.2435531616211 44.7564868927002 41.3874626159668 27.5401229858398 24.1373739242554 0 0 0 0 0 0 0 0 0 0 0 0 0 0 1.98412048816681 7.55776906013489 10.6937208175659 12.7616238594055 13.4864563941956 43.6141338348389 34.3534908294678 47.4345035552979 68.7229270935059 64.8488616943359 85.7557983398438 81.6328468322754 118.493125915527 118.611064910889 139.672302246094 177.29719543457 211.27320098877 285.875732421875 323.615982055664 331.925109863281 280.497009277344 209.689819335938 156.734184265137 117.602653503418 62.0605411529541 5.0277304649353 0 0 0 0 0 0
42.5056896209717 35.2415981292725 35.0343532562256 37.5701503753662 37.2042140960693 40.6145839691162 37.7904720306396 28.5763063430786 22.3157768249512 21.0107288360596 0 0 0 0 0 0 8.06448340415955 11.1207971572876 12.3535408973694 13.295334815979 13.6968493461609 43.1826133728027 46.321361541748 44.4818210601807 39.6394672393799 38.1715450286865 51.0753154754639 65.8128890991211 77.8065910339355 77.9018211364746 102.6496925354 113.598106384277 120.023826599121 129.639335632324 152.851608276367 147.167167663574 166.600166320801 204.256507873535 248.73673248291 306.286956787109 346.521926879883 390.806854248047 405.075103759766 392.357971191406 360.206008911133 294.195083618164 216.888618469238 154.956169128418 117.086013793945 45.1929016113281 0 0 0 0 0 0
56.3179874420166 53.2109413146973 55.9487323760986 55.9501342773438 56.9448833465576 63.6294345855713 62.4104423522949 56.8046703338623 41.1819229125977 27.9266796112061 38.6371040344238 6.13890933990479 8.04034638404846 10.7662291526794 46.5836811065674 31.4085597991943 43.9539775848389 53.5222129821777 75.8894157409668 73.9490776062012 82.0846977233887 99.7389717102051 110.713878631592 116.942016601562 122.107387542725 112.428382873535 145.479782104492 143.936073303223 155.765975952148 141.636909484863 161.055992126465 195.275131225586 213.365882873535 224.486679077148 239.485855102539 266.243103027344 304.79541015625 332.32258605957 356.527008056641 400.494323730469 445.81282043457 479.107711791992 497.430999755859 465.791458129883 413.287963867188 368.148651123047 316.458709716797 236.630187988281 150.923141479492 85.1536674499512 37.5062046051025 0 0 0 0 0
89.6876602172852 74.5632705688477 72.3873405456543 75.7737274169922 82.5880241394043 95.1661567687988 99.2746810913086 90.1275901794434 76.4503898620605 66.9620323181152 68.4931755065918 47.2472496032715 50.5114097595215 70.6754455566406 85.3957290649414 89.2938041687012 106.777484893799 128.742156982422 167.534591674805 191.552978515625 212.858627319336 239.037231445312 259.588455200195 273.727401733398 279.510696411133 289.707992553711 291.543930053711 273.598937988281 248.982536315918 257.97248840332 290.123779296875 323.202270507812 345.725845336914 349.445220947266 350.174697875977 358.814102172852 386.440582275391 413.213272094727 453.454071044922 483.170333862305 522.314788818359 537.063110351562 539.076354980469 512.952056884766 474.500869750977 427.99739074707 380.801177978516 333.147811889648 210.990356445312 118.610507965088 36.1190643310547 0 0 0 0 0
114.978626251221 114.679126739502 115.310852050781 134.765037536621 144.873291015625 158.06649017334 163.967727661133 153.247993469238 139.312896728516 119.355392456055 107.802852630615 105.581729888916 110.973949432373 124.112144470215 154.70393371582 194.058013916016 246.50944519043 295.991928100586 324.253540039062 337.906768798828 352.139755249023 364.187835693359 374.095901489258 397.293350219727 403.589782714844 404.287292480469 393.648742675781 365.160781860352 360.304306030273 364.976547241211 377.070678710938 388.398468017578 415.536575317383 437.198745727539 448.181365966797 456.423812866211 475.49641418457 492.046905517578 514.537048339844 544.621124267578 562.66748046875 574.170379638672 557.091186523438 542.04541015625 512.553558349609 468.541000366211 426.374282836914 367.630004882812 257.426788330078 132.951622009277 58.6670532226562 0 0 0 0 0
191.422584533691 198.206642150879 223.390846252441 258.084335327148 285.208129882812 306.939025878906 308.391082763672 302.624008178711 268.778945922852 217.459159851074 193.000953674316 181.873046875 198.307083129883 237.817504882812 302.430191040039 335.840942382812 356.420135498047 388.808044433594 425.946182250977 452.183227539062 471.262481689453 479.382461547852 488.088485717773 497.244644165039 502.966934204102 498.653366088867 481.222152709961 463.323852539062 444.284881591797 436.302947998047 448.084487915039 477.180221557617 493.282165527344 506.578216552734 508.931884765625 515.338806152344 535.921783447266 558.083526611328 587.352386474609 604.975433349609 615.604370117188 601.142822265625 575.236877441406 548.303497314453 524.328552246094 498.155548095703 435.215209960938 369.339477539062 275.037963867188 144.359382629395 74.6438522338867 33.4129638671875 0 0 0 0
318.233856201172 310.751281738281 319.94140625 350.402633666992 400.307601928711 425.867385864258 430.855865478516 400.264282226562 365.022644042969 348.219207763672 319.615234375 297.590316772461 323.435455322266 354.396530151367 369.464904785156 414.044845581055 454.306030273438 480.507034301758 489.372619628906 498.744323730469 515.971405029297 536.433288574219 544.243469238281 548.785247802734 548.380981445312 539.271911621094 530.970642089844 523.521148681641 509.68376159668 508.139892578125 520.035736083984 527.760559082031 533.805267333984 551.124145507812 568.881225585938 594.228271484375 613.837860107422 638.940643310547 658.1689453125 674.887542724609 670.398590087891 633.055511474609 594.826354980469 552.873199462891 529.791137695312 503.427215576172 435.944030761719 362.129470825195 271.58935546875 148.64917755127 96.1240577697754 23.8667879104614 0 0 0 0
408.82177734375 418.002960205078 432.771926879883 461.96696472168 496.979507446289 508.309631347656 513.728652954102 491.392150878906 445.939987182617 391.231048583984 385.536758422852 378.395126342773 378.722213745117 390.497924804688 456.619812011719 485.733993530273 499.033782958984 514.111663818359 544.261047363281 572.094329833984 591.949859619141 612.051025390625 614.807800292969 607.567993164062 599.033599853516 581.526062011719 568.8564453125 565.641357421875 557.034210205078 551.561309814453 552.321533203125 558.086273193359 580.632354736328 607.138122558594 639.610565185547 672.436737060547 686.945373535156 703.037231445312 710.918823242188 708.672027587891 695.328979492188 669.867889404297 611.59765625 562.174774169922 533.102355957031 505.410934448242 436.788436889648 359.975402832031 283.249710083008 157.062484741211 97.415210723877 38.9297618865967 0 0 0 0
472.190002441406 502.288360595703 531.668762207031 574.194702148438 597.994903564453 612.241088867188 571.349700927734 531.434661865234 505.441497802734 462.277816772461 429.378356933594 414.514663696289 431.471908569336 467.055862426758 488.671920776367 510.175689697266 560.029174804688 594.270935058594 627.969604492188 655.074462890625 681.178894042969 689.112854003906 675.842071533203 659.855346679688 642.409149169922 632.086578369141 629.418975830078 629.698516845703 623.174591064453 613.106140136719 609.167877197266 615.016784667969 632.306915283203 672.212860107422 700.389678955078 724.700561523438 750.974853515625 759.059539794922 761.413818359375 755.677124023438 726.872375488281 685.522064208984 636.459381103516 587.532379150391 537.455627441406 508.249923706055 441.751937866211 368.31184387207 300.926406860352 190.119499206543 107.646533966064 52.1439533233643 0 0 0 0
590.18603515625 621.805847167969 652.878509521484 684.270416259766 699.670654296875 675.543487548828 623.196136474609 562.362213134766 528.790344238281 512.091003417969 491.629547119141 466.633148193359 491.604827880859 499.390899658203 509.448532104492 572.880889892578 631.770477294922 688.553344726562 732.926239013672 758.863098144531 766.68017578125 762.981750488281 744.927917480469 724.533142089844 706.984191894531 697.870544433594 695.007019042969 695.202850341797 684.448547363281 676.183807373047 674.582794189453 673.246459960938 689.317962646484 714.789123535156 750.875549316406 766.495971679688 783.839416503906 789.772338867188 793.917175292969 786.71435546875 760.089508056641 709.920104980469 661.947204589844 604.983734130859 551.805633544922 521.326934814453 475.771148681641 390.189056396484 340.114776611328 222.764190673828 124.406475067139 72.4847526550293 33.173059463501 0 0 0
699.4130859375 736.374847412109 767.954254150391 785.529266357422 769.996154785156 717.637817382812 647.536651611328 589.112579345703 542.543090820312 542.426910400391 523.940887451172 531.255279541016 526.796661376953 514.998321533203 557.978424072266 625.658996582031 701.190887451172 769.834716796875 822.656555175781 834.126159667969 825.926849365234 816.048797607422 799.15380859375 779.179748535156 762.878295898438 760.279113769531 756.703735351562 756.52490234375 748.858001708984 733.895935058594 719.230163574219 718.618377685547 733.210968017578 759.082458496094 781.061859130859 791.445770263672 801.097045898438 809.423553466797 810.834625244141 807.763000488281 784.944213867188 743.111633300781 680.171569824219 625.484985351562 566.610809326172 531.857879638672 499.435989379883 428.043045043945 366.995819091797 274.474746704102 147.688659667969 83.2761192321777 26.1978006362915 0 0 0
799.258972167969 833.919128417969 847.067901611328 813.661529541016 784.189544677734 717.742370605469 652.301513671875 603.261474609375 553.189788818359 558.361389160156 553.186614990234 553.720581054688 533.070922851562 545.285278320312 596.3232421875 667.754913330078 748.446594238281 834.843292236328 885.668701171875 898.89794921875 880.523651123047 863.658874511719 855.070190429688 851.861938476562 861.13037109375 852.683349609375 828.010070800781 800.47314453125 783.141326904297 769.0302734375 766.160339355469 765.008483886719 773.028442382812 787.527282714844 801.627624511719 808.488311767578 817.332275390625 834.816741943359 841.404357910156 835.868103027344 801.140228271484 757.320648193359 695.819885253906 642.445281982422 592.634765625 546.931610107422 520.430145263672 468.179870605469 385.570159912109 321.326278686523 194.859855651855 109.835327148438 59.6116333007812 0 0 0
898.182708740234 892.435272216797 846.339263916016 800.632629394531 742.093994140625 689.637023925781 636.073089599609 588.296936035156 557.973999023438 571.625244140625 567.266052246094 558.618072509766 542.551300048828 574.086151123047 639.048889160156 707.809234619141 785.335815429688 886.873504638672 941.491607666016 944.978607177734 924.143463134766 912.551544189453 914.050628662109 926.094696044922 938.292663574219 938.094421386719 899.72900390625 848.816101074219 814.326171875 799.137359619141 792.033874511719 790.524627685547 800.42138671875 809.679718017578 820.697326660156 829.3671875 840.052337646484 882.961242675781 904.214202880859 890.985626220703 822.555328369141 765.934356689453 713.443420410156 658.595092773438 607.26416015625 559.560668945312 533.580993652344 499.888870239258 418.149780273438 364.432678222656 246.381423950195 139.282791137695 91.4297027587891 43.697603225708 0 0
930.744232177734 872.964965820312 791.281524658203 729.025970458984 682.693054199219 632.6494140625 588.769958496094 563.017120361328 565.405303955078 577.383117675781 569.471893310547 558.350280761719 560.853851318359 608.121612548828 671.287872314453 740.997009277344 829.249176025391 921.306701660156 970.921051025391 972.986938476562 963.78515625 954.009857177734 952.46923828125 968.040283203125 992.210266113281 982.210540771484 945.341430664062 906.416961669922 868.492462158203 837.612243652344 822.914001464844 821.582305908203 831.287200927734 837.765228271484 844.953491210938 849.595855712891 867.83544921875 914.127105712891 949.826141357422 944.125732421875 852.020050048828 772.545440673828 728.641967773438 675.573486328125 627.486297607422 580.967926025391 543.203704833984 516.362915039062 441.475738525391 376.151000976562 308.31005859375 201.674163818359 120.070205688477 70.1812896728516 26.8170232772827 0
863.7109375 776.512268066406 719.867401123047 676.802673339844 620.690826416016 577.17041015625 560.885009765625 567.899444580078 578.355926513672 581.132263183594 573.959686279297 566.063385009766 595.631439208984 648.746124267578 703.852661132812 773.724945068359 865.718719482422 949.52099609375 988.838592529297 997.726898193359 988.227996826172 979.093017578125 983.668670654297 1011.45608520508 1017.91714477539 1005.0715637207 972.912902832031 950.583923339844 926.027557373047 902.197662353516 880.066528320312 870.079925537109 864.936676025391 862.852630615234 863.549468994141 871.889373779297 889.691192626953 926.991790771484 961.089508056641 966.422302246094 879.734466552734 787.544097900391 737.950347900391 692.318206787109 639.476684570312 592.123626708984 546.697296142578 522.059967041016 463.550170898438 393.246398925781 346.046966552734 236.646102905273 142.427612304688 95.4391136169434 39.8148708343506 0
