Rscript/monthly_maps/SnowDepthMapFile-max-1989-10.asc
ncols 320 
nrows 361 
xllcorner 618410.159 
yllcorner 5088785.286 
cellsize 100 
NODATA_value -9999 
[rows 168 to 195 of 361, columns 189 to 251 of 320]
86.866081237793 94.1490173339844 103.454154968262 111.057220458984 119.684524536133 129.170822143555 139.525756835938 148.939865112305 148.209060668945 142.196044921875 121.77759552002 106.781745910645 96.9811935424805 88.3234481811523 81.9021682739258 75.6152954101562 68.5066757202148 50.1398010253906 32.1185264587402 23.2042388916016 8.46220207214355 0 0 0 0 0 0 0 0 0 0 0 0 8.38452529907227 18.6451988220215 32.9961051940918 59.6145858764648 68.1522903442383 79.086784362793 90.8985366821289 103.267868041992 116.845336914062 131.078582763672 140.688186645508 149.472625732422 156.093444824219 159.441680908203 167.694808959961 169.346038818359 170.421051025391 171.042144775391 -9999 -9999 -9999 -9999 -9999 -9999 -9999 -9999 -9999 -9999 -9999 -9999
82.1329116821289 89.3139419555664 95.598518371582 104.258201599121 113.080024719238 124.258193969727 138.583526611328 150.546417236328 145.94580078125 138.569564819336 118.939086914062 104.10920715332 94.8690643310547 86.0749664306641 78.3940200805664 72.8531875610352 53.0565299987793 32.9898719787598 24.4771499633789 14.2450819015503 0 0 0 0 0 0 0 0 0 0 0 0 0 12.2659769058228 23.1713485717773 48.935474395752 63.4188117980957 74.6016387939453 85.6522445678711 95.8564147949219 104.435989379883 115.778953552246 126.40357208252 135.77360534668 146.413070678711 154.501693725586 155.973754882812 171.26823425293 179.608581542969 190.25276184082 180.074859619141 -9999 -9999 -9999 -9999 -9999 -9999 -9999 -9999 -9999 -9999 -9999 -9999
77.4230575561523 83.0875396728516 89.5958557128906 96.33447265625 104.964981079102 116.152717590332 134.355377197266 150.305450439453 146.300796508789 138.055282592773 119.587791442871 106.046409606934 95.1740646362305 84.8568801879883 78.3947296142578 70.1818237304688 44.4061393737793 29.0312747955322 18.7074508666992 9.24983406066895 0 0 0 0 0 0 0 0 0 0 0 0 10.5277147293091 25.2567405700684 51.5402946472168 61.9934577941895 75.1438903808594 86.0570449829102 95.8251571655273 104.511528015137 110.96656036377 114.605239868164 118.59912109375 126.968887329102 136.121520996094 148.473907470703 156.909469604492 167.065139770508 184.651153564453 191.505569458008 -9999 -9999 -9999 -9999 -9999 -9999 -9999 -9999 -9999 -9999 -9999 -9999 -9999
69.1144104003906 78.9969787597656 84.8243713378906 92.7976455688477 99.7604370117188 111.305274963379 129.568481445312 147.970977783203 149.82080078125 141.151321411133 122.060363769531 109.962127685547 95.2156219482422 87.7155609130859 79.0011901855469 73.8219909667969 53.7099838256836 31.5217914581299 19.8434429168701 8.24165821075439 0 0 0 0 0 0 0 0 0 0 0 11.3837156295776 33.3009262084961 58.2143440246582 73.0332717895508 86.428352355957 96.1766204833984 99.1210327148438 107.220558166504 106.915512084961 109.733963012695 108.427261352539 110.087921142578 117.608810424805 130.682723999023 145.548889160156 156.331359863281 162.625076293945 180.098236083984 192.729873657227 198.026336669922 -9999 -9999 -9999 -9999 -9999 -9999 -9999 -9999 -9999 -9999 -9999 -9999
57.8835220336914 77.4599914550781 82.4136199951172 90.5191650390625 99.2325057983398 107.831520080566 125.629432678223 147.736480712891 154.353744506836 144.036712646484 126.616737365723 114.289756774902 100.196495056152 92.3531799316406 84.8474655151367 77.3577423095703 67.4269866943359 38.9228973388672 24.9426403045654 8.89757061004639 0 0 0 0 0 0 0 0 0 0 8.35379981994629 26.4881134033203 58.8820190429688 74.6127243041992 85.9046936035156 89.1042861938477 90.7946624755859 100.98365020752 99.616943359375 98.3586044311523 99.2696075439453 101.135276794434 103.976501464844 111.399803161621 126.196556091309 142.043640136719 149.616912841797 159.243118286133 172.804870605469 184.690292358398 194.865768432617 -9999 -9999 -9999 -9999 -9999 -9999 -9999 -9999 -9999 -9999 -9999 -9999
55.2571411132812 77.4045562744141 82.953857421875 91.5353012084961 97.4560317993164 107.312599182129 123.725479125977 144.877304077148 153.14778137207 148.940017700195 130.932098388672 118.488739013672 103.495780944824 94.6971969604492 88.1465835571289 80.7828903198242 75.6373443603516 49.9604148864746 30.0421180725098 17.2501564025879 0 0 0 0 0 0 0 0 0 0 8.71670341491699 25.7576427459717 65.8894882202148 73.8431701660156 74.9037628173828 73.7469482421875 75.1150817871094 77.4405746459961 80.832893371582 85.3818435668945 90.3329162597656 95.3440475463867 100.338348388672 107.098197937012 123.537094116211 138.82307434082 147.008636474609 154.481735229492 167.47184753418 183.343109130859 191.55158996582 -9999 -9999 -9999 -9999 -9999 -9999 -9999 -9999 -9999 -9999 -9999 -9999
63.7771644592285 79.1054382324219 86.9090728759766 93.4724044799805 101.075286865234 110.24144744873 124.850433349609 144.37516784668 151.804794311523 151.513092041016 135.160598754883 118.678199768066 102.404342651367 92.8524017333984 85.2855529785156 78.7778701782227 73.02001953125 47.9300689697266 30.961446762085 17.9609050750732 0 0 0 0 0 0 0 0 0 0 0 13.4291925430298 28.1918487548828 43.0946578979492 48.6890182495117 51.9797210693359 56.1116218566895 63.0662078857422 71.6195983886719 80.8843994140625 84.5402450561523 90.2134704589844 96.9111099243164 107.107192993164 120.726585388184 135.640487670898 143.591369628906 149.699020385742 163.035491943359 180.128921508789 187.236511230469 -9999 -9999 -9999 -9999 -9999 -9999 -9999 -9999 -9999 -9999 -9999 -9999
76.6553344726562 83.4631042480469 92.2226791381836 100.002777099609 106.639144897461 114.276969909668 128.16877746582 144.708572387695 149.063583374023 144.567199707031 130.692672729492 115.593605041504 98.0669631958008 88.6221542358398 81.2721939086914 75.7264556884766 60.3010215759277 36.5874519348145 26.360164642334 13.151294708252 0 0 0 0 0 0 0 0 0 0 0 0 11.2322101593018 11.93443775177 18.0943088531494 25.7457218170166 43.5378837585449 64.915412902832 68.8137512207031 77.3273544311523 83.9875793457031 88.8279724121094 96.4727096557617 105.710800170898 117.13907623291 132.255432128906 144.494903564453 146.701965332031 159.727890014648 177.851379394531 188.062759399414 -9999 -9999 -9999 -9999 -9999 -9999 -9999 -9999 -9999 -9999 -9999 -9999
82.3056640625 92.1999816894531 101.370063781738 106.088935852051 110.677932739258 117.393112182617 129.038223266602 141.884552001953 142.55973815918 138.988922119141 122.703514099121 107.86833190918 96.119514465332 84.9736099243164 77.6055908203125 69.8577728271484 44.9134368896484 28.915111541748 18.5545139312744 8.29675197601318 0 0 0 0 0 0 0 0 0 0 0 0 0 0 10.7200555801392 20.7267646789551 34.6888236999512 62.7902030944824 75.3555145263672 80.4237976074219 85.6799087524414 91.7871704101562 98.5771331787109 105.519149780273 118.937973022461 132.554489135742 146.700576782227 148.69319152832 160.129516601562 179.989837646484 190.079071044922 -9999 -9999 -9999 -9999 -9999 -9999 -9999 -9999 -9999 -9999 -9999 -9999
92.9248046875 101.666954040527 109.072357177734 110.828201293945 112.688499450684 114.848106384277 123.365577697754 135.121246337891 138.643203735352 131.387008666992 115.96736907959 100.958213806152 91.3249740600586 82.2906112670898 74.0362930297852 58.7684745788574 33.469352722168 22.4727764129639 9.57224082946777 0 0 0 0 0 0 0 0 0 0 0 0 0 0 0 9.42690753936768 25.0014533996582 44.6052360534668 70.6349639892578 79.2285690307617 84.2548675537109 89.8269271850586 95.3471374511719 100.59268951416 108.439811706543 122.344589233398 137.226745605469 146.700378417969 153.214569091797 165.598876953125 183.151794433594 193.038162231445 -9999 -9999 -9999 -9999 -9999 -9999 -9999 -9999 -9999 -9999 -9999 -9999
103.050979614258 111.11018371582 111.253547668457 110.643379211426 109.283561706543 110.37638092041 115.99536895752 126.919616699219 133.419372558594 128.955322265625 113.128074645996 98.3688278198242 88.4669799804688 79.2747344970703 71.5654754638672 47.1133460998535 29.0293884277344 17.9237022399902 10.0943212509155 0 0 0 0 0 0 0 0 0 0 0 0 0 0 0 16.8599700927734 31.1661396026611 59.1209526062012 76.0680923461914 81.1803207397461 86.6134185791016 90.6783676147461 96.6167907714844 102.600326538086 110.235931396484 124.591812133789 140.989730834961 146.555404663086 151.088256835938 162.086517333984 180.691818237305 191.573425292969 -9999 -9999 -9999 -9999 -9999 -9999 -9999 -9999 -9999 -9999 -9999 -9999
111.982330322266 111.086326599121 108.78165435791 105.987030029297 105.689888000488 106.870872497559 111.758155822754 119.68041229248 127.633102416992 129.801406860352 114.735946655273 98.7133712768555 86.802734375 79.1831359863281 69.9135284423828 42.8413047790527 29.0670166015625 16.9392929077148 0 0 0 0 0 0 0 0 0 0 0 0 0 0 0 0 17.645486831665 30.3007869720459 58.0875587463379 75.2377395629883 79.4543609619141 83.6220474243164 87.5484466552734 92.8168792724609 100.752365112305 108.75675201416 121.022888183594 132.647766113281 141.017639160156 151.350677490234 159.169555664062 175.823196411133 188.913787841797 -9999 -9999 -9999 -9999 -9999 -9999 -9999 -9999 -9999 -9999 -9999 -9999
112.672073364258 107.870849609375 103.746597290039 101.534690856934 102.878173828125 104.535842895508 108.762252807617 115.055572509766 124.2607421875 125.994529724121 122.221946716309 104.64427947998 90.6257629394531 80.0703125 73.9273147583008 52.068962097168 32.213924407959 21.1825561523438 9.53750514984131 0 0 0 0 0 0 0 0 0 0 0 0 0 0 0 10.2986841201782 23.4125442504883 36.4087867736816 61.1700325012207 72.4365005493164 77.3902053833008 82.8614730834961 87.4709701538086 93.4421691894531 102.787322998047 108.504280090332 118.658882141113 130.627395629883 141.190002441406 152.021301269531 162.355224609375 181.770660400391 -9999 -9999 -9999 -9999 -9999 -9999 -9999 -9999 -9999 -9999 -9999 -9999
108.434516906738 102.835098266602 100.266563415527 99.2829818725586 100.35831451416 102.956336975098 106.663703918457 111.815933227539 119.828025817871 128.305252075195 128.491149902344 112.153709411621 96.0836563110352 87.2602615356445 78.5250625610352 69.9397888183594 44.3796043395996 28.9761009216309 15.8268604278564 0 0 0 0 0 0 0 0 0 0 0 0 0 0 0 0 14.0892038345337 24.428617477417 38.9331665039062 63.4422836303711 71.5263442993164 74.8059387207031 80.0419692993164 85.6737365722656 92.6598892211914 99.1646041870117 108.028816223145 120.803901672363 132.893661499023 145.716949462891 159.686218261719 181.241561889648 191.251770019531 -9999 -9999 -9999 -9999 -9999 -9999 -9999 -9999 -9999 -9999 -9999
104.135841369629 98.8770294189453 98.3782424926758 97.2184982299805 99.1180801391602 101.321197509766 105.443771362305 109.97380065918 117.584259033203 125.825134277344 126.308265686035 116.248321533203 103.114379882812 93.4946212768555 88.5214920043945 80.0752487182617 64.7158813476562 37.0449752807617 22.8582668304443 11.3585481643677 0 0 0 0 0 0 0 0 0 0 0 0 0 0 0 11.741304397583 20.5501613616943 30.1130218505859 52.7626457214355 71.7430877685547 75.4249496459961 79.4004058837891 83.2288818359375 86.9612197875977 91.8389053344727 99.6635055541992 113.078338623047 127.534118652344 139.250747680664 153.57194519043 176.648864746094 193.493698120117 -9999 -9999 -9999 -9999 -9999 -9999 -9999 -9999 -9999 -9999 -9999
101.60326385498 98.1035461425781 96.2657012939453 96.5825424194336 97.7847213745117 100.445205688477 104.927314758301 109.66902923584 119.133529663086 126.724769592285 124.510902404785 112.569435119629 101.649345397949 94.8136138916016 88.406120300293 81.5828399658203 70.5580673217773 41.4589958190918 25.8671360015869 10.3538446426392 0 0 0 0 0 0 0 0 0 0 0 0 0 0 0 13.162055015564 25.0123596191406 34.7999458312988 52.416316986084 70.9440307617188 77.43994140625 79.8513259887695 82.5094528198242 85.9101333618164 89.9329147338867 95.2549057006836 108.917877197266 127.772125244141 136.477432250977 153.349456787109 176.301864624023 191.845962524414 -9999 -9999 -9999 -9999 -9999 -9999 -9999 -9999 -9999 -9999 -9999
98.0394515991211 95.6611328125 93.7028427124023 94.8924331665039 98.0842590332031 101.388221740723 104.687774658203 111.219093322754 122.479904174805 125.082260131836 121.570777893066 105.341613769531 92.9512329101562 87.7371063232422 81.85546875 77.6988372802734 59.8096694946289 36.4556541442871 23.6490497589111 9.65669822692871 0 0 0 0 0 0 0 0 0 0 0 0 0 0 10.5279970169067 23.771032333374 33.4151306152344 49.380241394043 67.5669403076172 75.682373046875 78.304817199707 82.5577926635742 86.7691192626953 90.6582717895508 95.1404266357422 101.397399902344 112.113380432129 125.193634033203 137.118011474609 154.140426635742 175.850570678711 189.741149902344 -9999 -9999 -9999 -9999 -9999 -9999 -9999 -9999 -9999 -9999 -9999
95.5004348754883 93.1979446411133 92.662971496582 94.6639862060547 96.1609725952148 100.340881347656 105.002182006836 114.019416809082 124.641471862793 126.145446777344 114.698600769043 98.3469543457031 87.4070358276367 79.249641418457 73.1486282348633 54.7451133728027 34.915771484375 26.4943523406982 15.2017221450806 0 0 0 0 0 0 0 0 0 0 0 0 0 0 0 18.5956726074219 30.1450138092041 45.394702911377 68.0877990722656 76.3259735107422 79.3396911621094 82.7354583740234 86.7949371337891 90.679313659668 95.2434844970703 104.00016784668 112.16854095459 123.505996704102 132.880661010742 144.140823364258 155.269485473633 174.488861083984 186.769622802734 -9999 -9999 -9999 -9999 -9999 -9999 -9999 -9999 -9999 -9999 -9999
92.8644714355469 91.7620010375977 92.150749206543 92.8542861938477 94.4324188232422 99.2816390991211 105.132308959961 115.091239929199 122.517936706543 119.368606567383 106.587097167969 94.8792190551758 82.1032333374023 75.1230926513672 53.4067459106445 32.6471176147461 22.6872482299805 11.7866630554199 0 0 0 0 0 0 0 0 0 0 0 0 0 0 0 0 17.5118312835693 29.1934604644775 44.4536666870117 70.2760162353516 78.6124877929688 82.4705657958984 88.3534545898438 94.6837310791016 99.3270950317383 108.221321105957 116.022811889648 125.010673522949 133.276107788086 141.148773193359 144.141891479492 157.537979125977 173.256958007812 187.714126586914 -9999 -9999 -9999 -9999 -9999 -9999 -9999 -9999 -9999 -9999 -9999
90.2770309448242 91.0751342773438 90.7821502685547 91.2585983276367 93.1521148681641 98.7996063232422 105.736572265625 116.32886505127 119.971832275391 113.777305603027 101.968826293945 90.7895889282227 80.3006134033203 69.6781921386719 39.3405380249023 26.1595897674561 9.98966789245605 0 0 0 0 0 0 0 0 0 0 0 0 0 0 0 0 0 15.245644569397 26.8310394287109 37.8887329101562 63.7665710449219 75.4716720581055 81.6530380249023 88.5602188110352 97.2692794799805 104.19945526123 117.333000183105 129.396636962891 135.752975463867 141.761291503906 147.800765991211 151.720306396484 156.133743286133 174.286437988281 179.798263549805 -9999 -9999 -9999 -9999 -9999 -9999 -9999 -9999 -9999 -9999 -9999
88.9352569580078 88.4780731201172 90.6247634887695 90.7930068969727 93.4644622802734 99.6719970703125 107.673042297363 118.27059173584 116.272560119629 105.745498657227 93.360725402832 85.0580596923828 78.7938613891602 63.5663452148438 36.5803451538086 22.3626365661621 11.7725095748901 0 0 0 0 0 0 0 0 0 0 0 0 0 0 0 0 10.1134519577026 18.7800369262695 29.239839553833 37.5223236083984 60.65966796875 73.1929016113281 81.3750991821289 87.8314590454102 96.7374038696289 103.95085144043 118.359451293945 130.588668823242 142.344375610352 147.898788452148 153.78303527832 159.276428222656 164.056350708008 177.119140625 181.4765625 -9999 -9999 -9999 -9999 -9999 -9999 -9999 -9999 -9999 -9999 -9999
86.4364471435547 85.4582977294922 89.3537902832031 90.3731460571289 94.8174209594727 101.926612854004 110.54167175293 116.965209960938 114.573844909668 100.650703430176 88.3009643554688 79.7491149902344 74.0490036010742 52.595760345459 34.8337898254395 21.5527610778809 10.3234081268311 0 0 0 0 0 0 0 0 0 0 0 0 0 0 0 0 8.03056621551514 24.7726516723633 34.4562530517578 53.1594467163086 70.1458740234375 76.6430053710938 83.0487899780273 90.5561370849609 98.1354751586914 105.468101501465 118.95108795166 133.557357788086 143.133850097656 155.045440673828 157.885177612305 163.345672607422 164.727111816406 176.707565307617 181.599853515625 -9999 -9999 -9999 -9999 -9999 -9999 -9999 -9999 -9999 -9999 -9999
79.1342620849609 82.1534652709961 88.0420684814453 90.3554077148438 96.7893142700195 103.389892578125 114.097602844238 119.704566955566 110.107147216797 95.0517272949219 82.8578491210938 77.0066757202148 56.0815391540527 37.8827095031738 30.5539817810059 19.5793304443359 11.2295513153076 0 0 0 0 0 0 0 0 0 0 0 0 0 0 0 0 16.8760204315186 30.9435119628906 52.628490447998 69.7946319580078 75.3533782958984 82.3324432373047 89.1358261108398 95.9335784912109 99.3725891113281 110.221031188965 121.859283447266 135.761245727539 144.520736694336 159.700729370117 161.010025024414 167.952133178711 172.709671020508 178.592926025391 180.333389282227 177.348968505859 -9999 -9999 -9999 -9999 -9999 -9999 -9999 -9999 -9999 -9999
74.2137603759766 78.7753219604492 86.8978576660156 90.4420318603516 98.6215667724609 107.164794921875 119.531295776367 117.338516235352 105.844902038574 91.7285079956055 79.9014358520508 67.5209655761719 40.3438186645508 30.0518550872803 19.5033988952637 7.86753702163696 0 0 0 0 0 0 0 0 0 0 0 0 0 0 0 0 0 21.0584850311279 36.7440795898438 66.6656494140625 76.6320953369141 84.0425186157227 92.3435134887695 96.4452056884766 102.760772705078 108.704879760742 117.437240600586 127.378341674805 135.895111083984 150.855438232422 161.782608032227 171.237686157227 177.8251953125 176.11116027832 171.249176025391 168.708724975586 169.088562011719 175.338119506836 -9999 -9999 -9999 -9999 -9999 -9999 -9999 -9999 -9999
67.9775466918945 76.6358184814453 85.8296585083008 90.5577545166016 100.435287475586 110.878883361816 119.754333496094 118.920860290527 102.54141998291 90.4279251098633 78.4833908081055 59.5949592590332 33.8677444458008 21.3806343078613 10.2511892318726 0 0 0 0 0 0 0 0 0 0 0 0 0 0 0 0 0 8.82491207122803 23.9513320922852 40.2271041870117 69.2139282226562 78.3365020751953 89.6904220581055 98.9525527954102 108.145576477051 114.439331054688 119.998062133789 127.667152404785 133.43913269043 143.848403930664 162.334503173828 168.380081176758 175.432464599609 169.161315917969 166.168472290039 170.859771728516 168.856735229492 168.510620117188 171.445922851562 171.245635986328 171.532516479492 -9999 -9999 -9999 -9999 -9999 -9999 -9999
63.4913177490234 74.6062393188477 86.6277923583984 90.9944915771484 101.564361572266 112.724685668945 118.411697387695 115.164237976074 100.526962280273 87.362678527832 77.8147125244141 52.6504936218262 30.0298461914062 15.7117280960083 0 0 0 0 0 0 0 0 0 0 0 0 0 0 0 0 0 0 11.7131214141846 21.6134605407715 35.2612419128418 64.9457855224609 75.4425048828125 87.2658843994141 99.1327209472656 111.902877807617 118.205421447754 125.375518798828 132.673751831055 139.820678710938 152.100250244141 169.684753417969 169.511672973633 167.621368408203 168.075454711914 164.791213989258 162.840270996094 161.855514526367 158.604888916016 162.409698486328 163.773834228516 167.830490112305 167.264312744141 167.72639465332 -9999 -9999 -9999 -9999 -9999
59.7183647155762 75.2145385742188 86.885383605957 91.2514419555664 101.301490783691 112.360466003418 119.557273864746 113.933731079102 98.4968566894531 84.8596954345703 75.7664566040039 45.0515098571777 28.2950916290283 9.01687908172607 0 0 0 0 0 0 0 0 0 0 0 0 0 0 0 0 0 0 0 14.9107599258423 28.1234607696533 57.4144821166992 72.9679107666016 86.2948455810547 99.0653076171875 106.234771728516 114.683898925781 121.867805480957 129.082809448242 139.070846557617 150.091232299805 169.06037902832 167.871887207031 162.218200683594 161.122360229492 153.430023193359 150.270065307617 148.448104858398 147.336181640625 147.676361083984 148.746566772461 151.798217773438 157.331512451172 165.553817749023 167.296905517578 -9999 -9999 -9999 -9999
55.7498016357422 73.030158996582 86.3706970214844 90.5461959838867 99.6573333740234 110.664566040039 118.485504150391 115.599830627441 99.1657257080078 83.8393630981445 72.6852722167969 40.1219329833984 24.4764671325684 9.79636096954346 0 0 0 0 0 0 0 0 0 0 0 0 0 0 0 0 0 0 0 10.3088369369507 23.5360851287842 52.867504119873 73.8640594482422 87.23828125 96.1993255615234 100.206787109375 102.674949645996 104.886993408203 115.151481628418 130.422225952148 143.940460205078 164.227615356445 171.538696289062 165.236328125 151.674438476562 146.117340087891 141.467269897461 138.30500793457 136.013275146484 135.26416015625 135.652969360352 139.383728027344 145.306259155273 152.413955688477 163.351272583008 165.676406860352 -9999 -9999 -9999
