Rscript/monthly_maps/SnowDepthMapFile-q90-1989-11.asc
ncols 320 
nrows 361 
xllcorner 618410.159 
yllcorner 5088785.286 
cellsize 100 
NODATA_value -9999 
[rows 120 to 143 of 361, columns 54 to 107 of 320]
1046.55651855469 1036.93073730469 1034.64503173828 1035.37833251953 1034.452734375 1035.61159667969 1037.33775634766 1030.76528320313 1005.36823730469 966.209045410156 948.685205078125 921.689923095703 901.969158935547 880.829357910156 862.709649658203 836.915582275391 812.969866943359 793.859027099609 774.761193847656 748.594134521484 733.895056152344 724.126019287109 708.31826171875 696.349548339844 675.596520996094 667.164666748047 652.835266113281 621.911395263672 619.33642578125 626.387689208984 665.162634277344 700.262335205078 698.956201171875 677.7328125 639.008477783203 582.480004882813 491.951739501953 455.466998291016 450.711386108398 435.572473144531 404.473022460938 380.608441162109 369.995004272461 363.144049072266 345.135980224609 345.215588378906 347.729611206055 363.066775512695 409.183837890625 410.705899047852 405.816632080078 370.641806030273 353.047946166992 337.572210693359
1066.11104736328 1049.05340576172 1041.4943359375 1046.89146728516 1046.32630615234 1048.23132324219 1053.20747070313 1042.52861328125 1011.08833618164 971.507861328125 960.655981445313 936.049279785156 905.797863769531 885.513623046875 872.063903808594 856.609625244141 835.411773681641 817.533642578125 800.45673828125 786.487042236328 771.074334716797 744.263616943359 729.246514892578 719.769268798828 712.748937988281 695.944268798828 675.887200927734 675.590405273437 681.765319824219 717.689196777344 722.710345458984 711.332916259766 677.624157714844 661.709973144531 632.912805175781 584.356988525391 534.412390136719 491.210940551758 475.657513427734 453.671572875977 442.716217041016 407.415536499023 381.455108642578 361.939242553711 361.28616027832 357.311431884766 368.579635620117 413.471292114258 504.491571044922 549.362487792969 517.601135253906 463.617141723633 411.317590332031 401.626400756836
1072.44509277344 1062.63487548828 1057.853125 1055.26481933594 1054.49929199219 1056.39112548828 1057.92227783203 1052.55280761719 1020.13650512695 1003.1056640625 966.902703857422 951.661236572266 916.640869140625 898.738006591797 879.409014892578 867.254272460938 853.8427734375 840.011029052734 821.783538818359 809.253497314453 793.647735595703 776.061120605469 755.421124267578 731.686962890625 728.092395019531 722.357934570313 726.526867675781 736.562060546875 762.759429931641 730.264709472656 691.525067138672 680.057019042969 659.002593994141 634.077502441406 629.264349365234 583.056927490234 539.510015869141 523.482244873047 492.492974853516 488.270318603516 451.183114624023 448.298049926758 414.565841674805 405.775842285156 404.213232421875 407.105572509766 417.446713256836 505.225299072266 600.663812255859 639.350415039063 614.030432128906 576.649139404297 565.288928222656 527.621923828125
1080.55074462891 1070.68447265625 1067.09123535156 1061.36416015625 1069.61842041016 1087.51861572266 1084.80671386719 1068.86264648438 1056.3755859375 1045.47293701172 1015.88601074219 981.709655761719 939.191680908203 905.644329833984 884.90986328125 874.633404541016 864.783660888672 851.800640869141 839.683941650391 824.066149902344 812.565594482422 795.118389892578 776.527880859375 762.535424804688 748.274786376953 764.177563476563 779.529815673828 787.758831787109 756.357562255859 702.431884765625 652.554046630859 637.973498535156 633.770556640625 630.269610595703 615.776776123047 580.107995605469 558.485418701172 530.178363037109 523.105780029297 495.515115356445 491.511489868164 484.599221801758 453.411679077149 442.941311645508 439.744525146484 454.114846801758 507.497848510742 593.548596191406 646.705743408203 667.769903564453 669.180340576172 657.726300048828 628.471832275391 625.335040283203
1099.54481201172 1093.51136474609 1091.47728271484 1090.81900634766 1081.18952636719 1092.81044921875 1082.08627929688 1074.13012695312 1050.65209960938 1026.33089599609 1006.50253295898 988.6578125 962.377423095703 904.140789794922 886.294787597656 877.569250488281 869.950347900391 859.932763671875 848.990478515625 841.470330810547 829.623046875 814.874938964844 797.875323486328 786.863720703125 787.250042724609 796.997326660156 803.489990234375 773.161077880859 714.582806396484 661.466339111328 643.092755126953 634.557586669922 631.468353271484 624.330590820313 610.498669433594 575.459869384766 560.517565917969 534.830242919922 534.507299804688 536.210913085937 537.892437744141 536.431994628906 517.672021484375 498.892477416992 509.542309570313 554.434155273438 601.1798828125 641.429992675781 662.242242431641 705.59228515625 722.064929199219 720.612634277344 713.262542724609 705.686480712891
1123.65029296875 1113.02747802734 1103.02097167969 1093.87913818359 1076.49702148437 1062.47956542969 1065.88026123047 1055.05213623047 1033.23586425781 1018.63313598633 998.399774169922 980.819702148438 954.704498291016 925.131787109375 915.627709960938 891.961248779297 871.649072265625 865.378869628906 858.52318725586 852.236633300781 847.689721679688 839.583203125 823.894702148438 815.769927978516 813.411181640625 808.900915527344 789.61796875 746.420330810547 702.754803466797 656.739996337891 643.4103515625 649.336273193359 632.136871337891 622.142010498047 606.693524169922 574.475268554688 567.783355712891 560.015045166016 568.136004638672 577.583843994141 584.848126220703 588.863781738281 589.592785644531 592.373638916016 602.584527587891 613.422375488281 654.632366943359 666.872100830078 704.010876464844 727.173028564453 762.400604248047 761.420806884766 728.309771728516 681.551782226563
1141.43890380859 1129.19805908203 1102.23970947266 1090.56730957031 1080.91903076172 1085.96280517578 1097.34566650391 1088.87547607422 1073.64334716797 1055.94871826172 1031.65856933594 1000.27935180664 972.024639892578 954.475042724609 939.2525390625 925.524078369141 895.349230957031 874.255303955078 869.285705566406 865.786975097656 863.824719238281 861.073596191406 854.988934326172 844.000128173828 824.129254150391 801.37816772461 776.752655029297 731.905816650391 700.907958984375 675.647833251953 668.919506835937 659.677313232422 634.476110839844 624.149328613281 610.771661376953 579.199267578125 570.374041748047 572.319360351563 581.605249023438 614.165026855469 631.560601806641 639.135620117188 643.360949707031 645.592767333985 651.307275390625 662.878790283203 676.343157958984 711.991009521484 734.182220458984 770.967156982422 771.668542480469 751.635827636719 683.017010498047 642.721661376953
1162.48991699219 1159.894921875 1150.83188476562 1133.81394042969 1166.98342285156 1194.34995117188 1218.49831542969 1210.28920898438 1197.23975830078 1158.51380615234 1107.40408935547 1070.64171142578 1020.66390991211 990.723950195312 966.036859130859 938.067456054687 923.325433349609 888.141137695313 884.217681884766 881.402600097656 879.217108154297 882.73759765625 869.119586181641 853.464410400391 824.41162109375 796.960949707031 769.308801269531 723.387487792969 697.258020019531 678.006146240234 676.125323486328 666.678271484375 652.575891113281 627.905548095703 613.459521484375 582.170172119141 579.586975097656 581.34984741211 613.410083007813 629.861334228516 639.771203613281 666.421411132813 657.12080078125 662.937078857422 668.940679931641 678.747583007813 718.185662841797 739.405444335938 772.945733642578 777.858270263672 753.331274414063 662.948254394531 606.774438476563 578.226422119141
1224.47233886719 1219.90643310547 1228.71373291016 1251.68187255859 1285.99792480469 1305.64227294922 1284.86748046875 1269.78267822266 1246.81433105469 1210.05225830078 1180.98851318359 1135.42937011719 1074.91197509766 1035.08889160156 1006.70612182617 988.507232666016 951.603369140625 921.210577392578 906.527166748047 907.71484375 903.039739990234 891.758258056641 874.566015625 856.293627929688 826.907482910156 797.231597900391 767.542456054688 727.4259765625 706.157214355469 689.313671875 680.392431640625 672.148980712891 663.693371582031 633.354205322266 619.148034667969 608.212835693359 581.471667480469 608.780560302734 622.790081787109 634.17509765625 661.876361083984 676.995166015625 671.148846435547 673.420495605469 679.521179199219 714.011645507813 740.771447753906 774.721636962891 783.544830322266 760.626202392578 692.129748535156 628.904766845703 558.964349365234 523.298681640625
1288.59287109375 1291.35975341797 1303.58648681641 1308.96971435547 1313.35961914063 1286.88930664063 1269.73482666016 1253.84833984375 1218.78354492188 1202.98923339844 1163.46944580078 1161.14051513672 1108.11535644531 1058.07756347656 1033.121484375 1011.56198120117 975.35830078125 951.425103759766 938.75068359375 930.5404296875 920.311309814453 902.084252929688 877.250457763672 858.855920410156 830.304748535156 800.074981689453 771.435498046875 730.566290283203 715.402227783203 698.304046630859 687.740618896484 678.755859375 671.863861083984 655.804290771484 628.908715820313 613.260949707031 607.258648681641 613.22626953125 628.574859619141 637.098931884766 650.946331787109 668.113970947266 678.440185546875 683.890319824219 694.017974853516 740.109936523438 780.091540527344 786.954235839844 764.762921142578 706.428582763672 648.600341796875 594.258666992188 540.271520996094 441.906137084961
1348.67673339844 1340.81196289063 1327.08267822266 1297.07082519531 1246.75960693359 1214.92915039063 1202.54637451172 1188.98190917969 1175.83806152344 1143.67481689453 1138.12835693359 1122.46586914063 1088.57631835938 1098.54404296875 1064.35625 1026.08184204102 1003.84945678711 966.986828613281 959.437957763672 945.675073242188 932.295092773438 904.80234375 880.973187255859 861.628314208984 835.917266845703 806.280596923828 779.809002685547 743.018109130859 723.787133789063 706.417419433594 694.317559814453 685.566027832031 677.79140625 668.715063476563 635.01240234375 620.127856445313 613.356805419922 620.420587158203 631.368310546875 638.506048583984 653.699951171875 673.513775634766 686.449371337891 698.575708007813 740.897015380859 794.771942138672 806.717913818359 776.536181640625 724.556170654297 663.709124755859 606.079388427734 554.737945556641 472.519610595703 405.005523681641
1343.64439697266 1302.20205078125 1275.815234375 1214.84516601563 1183.31795654297 1154.41999511719 1152.05919189453 1147.10582275391 1142.43121337891 1136.17980957031 1130.53161621094 1116.75031738281 1088.44195556641 1078.40952148438 1055.92836914062 1026.52106933594 1012.50155029297 993.915484619141 965.597271728516 956.701501464844 939.635662841797 912.982598876953 893.001788330078 869.157147216797 847.045642089844 817.488031005859 789.947741699219 761.563452148437 727.648889160156 713.834515380859 701.2115234375 700.595965576172 685.287170410156 674.780798339844 656.72880859375 630.36162109375 623.212072753906 628.508422851563 633.705487060547 641.844738769531 656.895086669922 678.469641113281 693.200354003906 746.819647216797 819.968157958984 825.531396484375 805.914392089844 732.757727050781 680.600091552734 621.776776123047 592.68818359375 529.748760986328 409.25891418457 399.611001586914
1299.63531494141 1250.81680908203 1196.37386474609 1157.70672607422 1141.90979003906 1108.5576171875 1105.75324707031 1102.48603515625 1099.36094970703 1095.50587158203 1089.96979980469 1107.73151855469 1082.71591796875 1079.35190429688 1070.02521972656 1054.32027587891 1022.09570922852 1008.65217285156 986.103161621094 961.927008056641 946.306475830078 928.506268310547 903.461859130859 879.220739746094 859.486535644531 829.306823730469 799.988189697266 768.81615600586 730.379724121094 716.262060546875 703.504327392578 707.229229736328 698.893005371094 678.525299072266 669.858416748047 656.544213867188 632.932000732422 634.711608886719 638.838342285156 646.964025878906 661.873162841797 682.661022949219 710.357385253906 808.402319335938 865.331115722656 861.940112304688 769.628460693359 691.814099121094 662.062109375 610.094256591797 556.911791992188 478.972882080078 410.882562255859 397.808850097656
1254.51965332031 1232.97468261719 1160.37764892578 1142.69210205078 1105.81685791016 1093.02740478516 1085.01580810547 1082.82644042969 1083.85861816406 1085.82322998047 1083.05306396484 1106.36246337891 1104.10477294922 1077.52237548828 1072.822265625 1065.57175292969 1058.41234130859 1018.3639831543 1004.00913085937 965.384783935547 953.748291015625 937.168444824219 921.408801269531 898.95302734375 868.176892089844 838.670178222656 804.863287353516 770.972778320312 727.331140136719 718.642730712891 711.739471435547 708.615515136719 706.83125 693.984942626953 674.434106445313 670.183557128906 662.788555908203 664.049517822266 650.816760253906 657.529669189453 670.585791015625 689.423571777344 740.946978759766 851.981384277344 898.013720703125 836.714764404297 733.485833740235 680.878912353516 626.355181884766 598.877593994141 547.704180908203 446.072360229492 413.081451416016 397.009985351563
1239.70811767578 1207.64262695313 1147.59122314453 1108.98780517578 1096.0138671875 1085.31193847656 1080.38278808594 1081.34709472656 1081.06483154297 1103.1091796875 1104.11007080078 1106.787890625 1106.7115234375 1098.14270019531 1075.07788085938 1071.16235351562 1058.89405517578 1020.13984375 1007.08072509766 966.3150390625 957.049072265625 940.40126953125 914.813928222656 884.37685546875 861.123425292969 821.362408447266 790.787353515625 750.743811035156 721.818536376953 720.781665039063 713.137835693359 711.303131103516 703.206671142578 702.812164306641 685.934832763672 679.247802734375 680.509460449219 677.204968261719 664.080487060547 672.333911132813 683.835070800781 704.62572631836 795.942425537109 888.765795898438 859.854663085938 795.392309570312 693.229034423828 656.587237548828 614.140777587891 582.318151855469 534.588293457031 443.122366333008 439.92629699707 440.228726196289
1236.05866699219 1197.34548339844 1139.22637939453 1102.83218994141 1089.69616699219 1083.69434814453 1100.57254638672 1102.31917724609 1105.80913085938 1105.46004638672 1105.16264648438 1108.52385253906 1107.53562011719 1103.45660400391 1090.49987792969 1071.43341064453 1064.08956298828 1016.08075561523 1003.67510986328 965.111560058594 953.578015136719 932.758447265625 892.286968994141 860.408294677734 818.261199951172 777.039624023438 730.433288574219 709.376940917969 703.970983886719 711.633526611328 723.919494628906 722.450653076172 717.351635742188 712.231597900391 702.569018554688 692.766357421875 690.81181640625 673.985174560547 681.230529785156 686.833892822266 694.466888427734 744.666027832031 841.222668457031 900.493969726563 844.038659667969 737.622772216797 682.153881835938 627.036138916016 605.072607421875 581.572601318359 521.590734863281 450.730941772461 451.140893554688 449.868447875977
1236.79930419922 1187.88090820313 1111.43870849609 1095.84732666016 1085.93397216797 1101.22292480469 1106.27641601563 1104.71713867188 1104.27436523438 1110.29793701172 1110.52158203125 1110.70540771484 1110.6556640625 1103.49874267578 1074.29558105469 1068.930859375 1048.71483154297 1012.26037597656 969.382421875 958.228411865234 934.4884765625 892.883209228516 852.594049072266 814.670587158203 760.357183837891 719.547741699219 687.520153808594 681.487567138672 688.432696533203 717.194909667969 728.02900390625 729.245056152344 725.612377929688 712.234838867188 704.663806152344 702.821429443359 698.678582763672 701.024041748047 707.650396728516 701.997711181641 732.497479248047 804.942535400391 867.544805908203 897.752941894531 798.434478759766 702.029809570313 670.95166015625 637.80205078125 602.641589355469 585.147198486328 530.13369140625 484.059646606445 475.411697387695 454.203988647461
1186.85675048828 1150.63768310547 1108.08568115234 1094.43862304688 1087.06849365234 1106.47630615234 1108.67086181641 1109.50297851563 1110.13010253906 1111.86697998047 1111.7740234375 1110.59250488281 1107.73747558594 1097.09907226563 1072.19567871094 1063.52712402344 1018.45761108398 1005.95065917969 965.666723632812 943.744439697266 900.984484863281 859.840350341797 821.244525146484 774.284875488281 726.084832763672 691.703021240234 683.281280517578 686.589221191406 716.212646484375 721.233630371094 731.947045898438 734.140130615235 724.111254882813 715.743981933594 712.904888916016 711.906475830078 716.146173095703 722.906011962891 729.403198242188 735.290374755859 761.739990234375 853.396038818359 894.897253417969 852.290185546875 748.410784912109 693.850653076172 667.667834472656 647.672052001953 621.43017578125 584.232360839844 532.053192138672 489.052450561524 488.851550292969 487.88479309082
1151.54290771484 1139.61007080078 1101.91000976563 1093.24924316406 1115.70594482422 1108.28043212891 1110.83415527344 1122.15653076172 1121.27292480469 1110.9568359375 1113.35864257813 1110.6935546875 1102.99208984375 1073.73764648438 1068.71192626953 1053.31882324219 1015.38782348633 995.245867919922 962.987182617188 938.232208251953 890.9279296875 845.20537109375 803.674945068359 747.479455566406 717.230621337891 699.888409423828 707.263439941406 723.647540283203 726.130578613281 732.1099609375 733.477178955078 722.638287353516 722.079577636719 721.398608398438 724.541888427734 728.977764892578 733.472589111328 736.799572753906 734.772344970703 746.0736328125 805.530407714844 867.302081298828 898.484411621094 809.632940673828 742.895172119141 713.801867675781 681.303479003906 657.509344482422 620.433880615234 581.001159667969 532.008520507813 509.87829284668 516.659942626953 533.888195800781
1141.54396972656 1134.60998535156 1129.13878173828 1125.11752929688 1154.80241699219 1140.04259033203 1139.35010986328 1137.97822265625 1154.1181640625 1149.10952148438 1111.42320556641 1118.36081542969 1110.59814453125 1073.49450683594 1064.43973388672 1046.34925537109 1013.94566040039 1000.78389892578 961.323413085938 940.748370361328 888.050439453125 833.818353271484 783.449493408203 741.510009765625 723.375311279297 716.7478515625 728.774908447266 738.862915039063 735.998889160156 727.654718017578 720.132019042969 722.201800537109 727.06318359375 734.022625732422 738.739508056641 745.076617431641 747.01484375 741.932434082031 735.895812988281 789.251403808594 862.657574462891 898.194830322266 853.67333984375 796.108435058594 741.064434814453 701.732843017578 679.8205078125 653.578173828125 603.891796875 581.59301147461 534.120031738281 521.918707275391 535.099530029297 580.46357421875
1135.46524658203 1131.50872802734 1132.93276367188 1131.56275634766 1160.23282470703 1146.98692626953 1146.38488769531 1144.16148681641 1141.98800048828 1148.30189208984 1137.53721923828 1134.47138671875 1127.12449951172 1111.50235595703 1067.61960449219 1038.83139648438 1011.14984741211 999.756213378906 961.458630371094 948.94921875 895.127081298828 838.848095703125 792.474554443359 739.846820068359 731.225427246094 737.170318603516 750.935980224609 747.29296875 733.551153564453 720.283544921875 718.670501708984 728.182263183594 738.915472412109 748.513659667969 768.219305419922 757.460784912109 751.293634033203 739.860247802734 779.994311523438 812.419958496094 886.728771972656 924.592962646484 881.25023803711 787.59912109375 742.09340209961 701.690570068359 681.27943725586 631.986560058594 609.479260253906 586.158746337891 565.378967285156 533.711761474609 573.749865722656 589.792309570312
1159.58665771484 1156.17618408203 1154.27507324219 1171.64176025391 1180.54644775391 1166.81785888672 1164.45563964844 1162.15047607422 1145.26878662109 1145.50458984375 1142.52650146484 1147.85876464844 1141.73192138672 1095.69476318359 1072.62551269531 1022.59676513672 1006.51033935547 991.318157958984 959.441931152344 951.954016113281 907.688232421875 853.669250488281 803.480889892578 747.826721191406 735.958673095703 758.145037841797 762.652734375 748.771801757813 727.031958007813 720.991461181641 721.396301269531 739.676373291016 755.803497314453 776.851690673828 764.776629638672 764.519287109375 788.849865722656 794.16748046875 844.073541259766 922.561749267578 986.807189941406 985.567352294922 909.232830810547 826.805731201172 766.900128173828 720.718487548828 685.913903808594 633.591375732422 617.367608642578 595.585388183594 581.328021240235 570.359350585938 582.803082275391 595.461419677734
1195.80209960938 1173.28671875 1173.05959472656 1186.49262695313 1184.67302246094 1185.13851318359 1179.88735351563 1163.43837890625 1166.61506347656 1151.36558837891 1160.51982421875 1163.50601806641 1153.58896484375 1106.27058105469 1075.32073974609 1016.57260742187 996.867492675781 965.403033447266 957.496502685547 945.044897460937 904.69697265625 871.078448486328 817.901214599609 788.406689453125 776.155529785156 778.714135742188 768.988134765625 759.510614013672 732.381488037109 727.123266601563 742.42592163086 761.339471435547 786.346551513672 808.048785400391 807.046704101563 810.209484863281 831.740655517578 880.270477294922 958.428765869141 1030.13991699219 1046.32288818359 1007.37446289062 875.859637451172 828.052606201172 771.213977050781 727.512481689453 688.085986328125 661.1927734375 640.717559814453 631.900347900391 621.991436767578 610.947259521485 614.147302246094 623.121423339844
1190.12757568359 1203.69656982422 1200.30554199219 1204.78723144531 1198.72495117188 1181.84097900391 1176.31408691406 1175.92634277344 1190.34771728516 1182.05760498047 1198.18836669922 1177.98978271484 1167.21199951172 1106.58990478516 1075.32022705078 1011.62471313477 973.127099609375 962.622692871094 946.214019775391 910.752349853516 890.984545898438 865.488482666016 835.096484375 816.941888427734 808.891583251953 806.243280029297 786.305035400391 774.317626953125 747.301373291016 750.848638916016 768.302301025391 800.998120117188 854.070733642578 872.33447265625 874.973229980469 899.802563476562 952.537536621094 1000.29383544922 1090.78630371094 1016.77988891602 992.803869628906 908.195501708984 844.651824951172 814.307299804688 763.79423828125 737.383410644531 701.553924560547 675.508331298828 658.381793212891 642.118829345703 631.181060791016 616.9857421875 619.698675537109 626.183361816406
