Rscript/monthly_maps/SnowDepthMapFile-sd-1989-12.asc
ncols 320 
nrows 361 
xllcorner 618410.159 
yllcorner 5088785.286 
cellsize 100 
NODATA_value -9999 
[rows 161 to 183 of 361, columns 159 to 211 of 320]
5.29637504963094 5.30303340670867 5.03643062306671 4.57077311016555 4.91662058197966 4.65053750657857 4.54111976825886 4.42339969621229 4.29744848795986 4.07988257486374 4.03101478448852 3.91455966389799 3.80172282052596 3.79748316755547 3.87090578522089 4.02094864976089 4.28590920982269 4.4872783408813 4.73147957617324 4.54233815615142 4.75219658269016 5.1297538439818 5.27402169475516 9.66562598541905 8.2155029931118 8.22236040775971 29.576570717117 86.9120637787265 113.488591538197 126.577076557145 147.800304007341 178.981028336145 192.608330508551 200.757157100244 211.099172411714 231.146144172212 252.457962468137 274.60418242784 292.989403115316 319.001152642749 331.837384192928 315.679560668517 278.662113162035 240.988090981228 209.708483765531 187.27581326964 184.2378016345 164.617049853382 123.724136182924 106.168964459206 58.4891904825266 13.444359789593 7.94793356991852
5.70838975195976 5.17370282456199 4.88452044791455 4.46181951144446 4.79731424352923 4.70252465656732 4.55062643463771 4.43964385068606 4.30975300847674 4.06826841637775 3.92714571528563 3.93281447431719 3.87662047975107 3.84917668109937 3.93819121903862 4.17801769627156 4.42906697793536 4.49737041392338 4.22523291093573 4.62861560708841 4.92925214382001 5.12960352626069 8.43239093850485 8.47841175841488 7.7843116505493 10.9439166424739 64.4451320101296 110.618555482769 125.906696726958 145.310288849704 170.48484655591 191.12807766592 201.206876905216 214.068785799013 239.718236899707 258.685375610245 274.29814600201 283.50660895425 302.769515151003 325.884308512861 327.78129795529 314.608158205136 284.145942451015 252.504761005992 219.094724130574 197.070730131482 186.043332363033 179.229243765539 142.557007824735 109.749613649558 77.2299657634352 23.3433265810886 8.18438112178696
5.28597816581638 5.01167353895388 4.69732893830042 4.9294540781681 4.71570130869097 4.61208271034355 4.50996532603643 4.36907997519049 4.22964128492866 3.96604256434504 3.93270286539102 3.9485278591609 3.94454289024045 4.01828419929767 4.04109561998716 4.29763473689278 4.45405508753355 4.5957821133582 4.45045562592481 4.75696098121942 5.25264229207425 5.40930196822114 7.67204046773844 7.96467485235271 8.11598474432382 26.0153373531548 89.3439165794765 116.307307360749 136.909086049023 166.680443326171 188.769158488116 200.896729662693 210.483278515858 234.294740452583 261.346529618521 278.190507077293 286.23510791488 299.465382319679 312.762896039026 331.790656260744 329.456118860558 318.816356536999 296.219700147956 269.87532132627 244.009563979213 214.715580499174 191.507553393006 182.923710522837 163.521040279312 114.895591084326 95.7801154098452 34.8467405316232 8.41054465971592
5.09762312976825 4.86515529740562 4.47916857993235 4.83784069844795 4.7091677966671 4.49203631247304 4.3843408853329 4.24396724719191 4.02711975072236 3.97213140495877 3.88190377456223 3.91503831791356 3.9935571737567 4.00757955599728 4.24605889287769 4.43526507993246 4.52264340738358 4.13716968847955 4.55756625356493 4.93519803721699 5.29175166490017 7.99519304265229 8.66230583460987 7.99166690227487 8.3241400776931 46.2119396916856 106.300340332001 124.428365688963 154.629757498959 186.237489832325 200.467178758333 207.389268353326 229.58437501213 255.896781134959 276.116720796157 287.786783447944 299.682394507007 309.63823884503 326.111911126187 337.324332233997 337.695525617806 322.318300928347 308.744119623434 292.421511784684 271.309456259485 241.848855401298 208.980022684785 186.788150116061 179.196025493178 132.471145568948 102.832723989837 51.6662427127397 9.12180177751376
5.07659424464725 4.71003806600601 4.98445147473571 4.77946032101312 4.54877571763648 4.46263512827749 4.27734239824532 4.01083221873496 3.89067314107978 3.86670518846959 4.40874225324349 3.84725302583233 3.9574170040964 4.03244772400935 4.3915232741377 4.48011281371058 4.54956114483912 4.39060704841208 4.6816610006779 5.2227344031274 5.49998634258681 10.0595317938344 9.90704170495116 8.50542255982508 12.0488620449415 67.1475364428488 112.129124080189 127.776447980668 166.693132374696 193.086286373307 207.717163055662 233.717724286231 259.887238127822 276.284110707844 287.780217772672 300.578673484062 312.155478195804 322.552651140259 341.75988560631 353.361962421336 339.130358450736 325.134126854554 313.070698805694 301.998839523373 281.683650709811 254.599863956466 222.180642192405 188.747768174643 183.234531256703 149.728571350336 109.051321883738 69.4188168982746 11.0395984645205
5.01231596047967 4.67246909390239 4.88525717365457 4.71071735071281 4.56671466291927 4.40065648711903 4.08944224865422 3.92025585504354 3.86468046124909 4.34366140009674 4.31661455260483 3.83109088519228 3.8866246592723 4.21732299752528 4.46191792144899 4.56801313054339 4.17862162988993 4.55531522404834 4.81118592941654 5.51240531787253 9.45551263160947 8.11431352307582 8.46075910006578 10.2534474788102 18.5777560555191 81.0294398742687 115.365643569127 133.067277113805 173.143581707332 193.949404756037 219.989960604882 260.258529433631 279.957280522595 295.902145099819 305.751643562861 317.171619550869 318.205657974103 334.739979381972 355.524674269485 353.832953557077 336.726350117724 315.649940521773 307.335148256734 286.566042994641 272.444376844928 244.424255141059 213.589221500625 192.693062802686 186.698828552477 151.208436691566 112.531125487533 80.6098160330566 14.7514000058985
4.8565199264541 4.44054675099684 4.81273991083688 4.67998071408569 4.46409498264131 4.31868701926841 4.02387214554739 3.91853029316213 4.34654501254052 4.26587881848678 4.30476205472212 3.83722954376747 3.93698885953047 4.31271803904094 4.50098657923434 4.74681357959068 4.48734771973881 4.75757940171477 4.9842992970973 5.1599627956415 9.73942706638495 8.46646832208387 9.51363086419865 9.38844181258918 17.0178244016569 82.9222703067172 116.225003063645 134.555378386032 174.447197405441 201.102779123539 227.59468088688 269.026750556279 287.861481127657 307.920831891175 322.765786826226 325.436817575759 329.733620432105 350.181396254159 363.817160074548 356.737167723969 319.182165222906 302.041133475422 285.907685245622 272.599237725671 244.09495727343 215.45696769783 193.990682689606 188.742118813867 179.44060292412 140.474335453439 113.591451796544 81.6821535168112 17.7219072311008
4.6419289211814 4.82396452819311 4.60383106532533 4.48385603644529 4.38221122747021 4.24287394889153 3.94478154081586 3.85372837663089 4.26435402944747 4.2059346211688 4.31025291620984 3.86932781982307 4.01341177927872 4.41939324321629 4.63407216715306 4.41919970436694 4.73750601179516 5.01000677309096 5.25260757985443 5.20685515438536 5.67247785190808 9.98849263271041 10.1920083478796 7.90243095647304 15.3419563171576 80.787488906635 116.626782398692 135.211653545456 172.471445309975 201.553185127663 222.71003555753 267.560639575379 289.382084951444 308.688915540261 323.190291927879 327.698953435552 338.312430877532 360.917597002787 362.846903432338 345.79886733181 312.821179275381 299.193024692101 278.957219221681 249.959819672167 217.373889985767 193.014433500351 191.974576086447 182.767632213158 152.671374855 120.948561356836 111.404871125937 74.767230526087 19.01966591502
4.88568352330115 4.57255899155365 4.41642588372884 4.33642308345079 4.24882122659767 4.01415571028356 4.39284903580708 4.35885507834232 4.2285400752304 4.04480517446032 4.3137515278237 3.83682108875973 4.23161494071029 4.44936013428619 4.14621595863089 4.62947242742184 5.03453878110974 5.36465074261431 5.10792732349396 5.45257693087031 5.72490273531453 9.45225937034501 9.55613883474018 10.1599121070466 13.4097575709385 76.4144757192442 116.860041612608 134.435631364554 164.759695779784 193.926374635671 211.143427283653 248.805770786058 276.007266317917 295.290120791922 315.382651461918 326.666454811233 344.158077981135 365.610292514278 356.94395334881 338.485037723969 312.773043468329 291.722879924002 269.428383103716 236.535793741125 200.662489646255 191.270179065855 182.897955626879 154.566883662632 128.436430356881 115.175854673124 94.0071041022486 52.2230122506049 16.4494890012865
4.61362198534071 4.3613135673921 4.2766454913356 4.06873916153349 3.98440096886966 3.95304492357861 4.41403580638836 4.24987776059568 4.15810515382276 4.1641736821132 4.31552272487938 3.86628450314263 4.31930186536185 4.56633495408751 4.42138457946296 4.84376333238347 4.75616679915407 5.17244277926503 5.4924980402806 5.95571804587252 5.80954008980868 8.59224788142883 9.24467607067927 10.7244840865868 8.80830412258806 69.5708606461521 115.807753928481 128.257693213523 151.775887254983 180.008536344232 197.13507949323 218.825768959689 258.383430597945 281.65406255631 299.172575311734 314.937448890447 329.908697319784 364.137015121468 359.734944632504 338.542657574282 309.356976117916 292.031456035568 269.72786826906 232.705880331363 194.440094682916 187.397691558393 170.669402603555 132.522122670436 123.911756764942 112.626298824696 79.9519210772609 30.7511289539753 10.1707772573866
4.33592579192121 4.05056287162081 4.04122341389059 3.9806354458549 3.91147897017712 4.39772920539598 4.25152010039724 4.04317883785228 3.99410583382046 4.06605145671394 4.31956603106047 3.91014348984799 4.3712968401202 4.70550332294225 4.5721433296407 4.98641786012416 4.91133181040738 5.44879072451527 5.66391569187781 5.97896015095394 8.17365945673055 9.93672448055999 9.41354267180911 9.78074740427744 11.3935838410737 52.2470140682121 111.488094367795 130.25932757355 143.451642188255 164.609934107898 185.872678305216 199.883718174191 236.02932749143 265.485481758201 286.686209090508 307.551488190991 327.745879910206 361.955217724154 366.939940432117 347.522519299347 311.150807473159 296.307860817968 272.788869534149 242.136538404914 204.387765087169 188.381898009574 179.101406187318 138.624037731885 121.698770160266 107.208064194286 72.7922675268148 29.5116845666919 10.701100601126
4.03720649890444 3.97863847968624 3.88945663911022 3.90826534544239 4.38906779475589 4.22110987628903 4.00196486162828 3.973130636576 3.97314238311001 4.17042280100782 3.77695783232304 3.96551759734684 4.39487970085567 4.34715939937202 4.77244920073786 5.14069170913077 5.23036005246009 5.64125481041256 6.88930172655725 7.32313657928553 8.10386958355513 8.70741132093353 8.83454388206596 10.6469746385983 8.46694385758005 24.5112690998775 94.4215513727493 127.355947431468 132.770116891613 147.620496293583 171.808837957104 199.805552309068 219.201790449158 258.238693675241 279.95139440622 299.052318182479 317.754061101259 354.870966473691 369.695828758236 357.426072141764 320.767682704766 299.95622761217 279.089659857519 258.267333158141 221.278252444021 192.300413717544 187.006596773368 155.319246982536 125.220742484283 112.246568256536 82.8918859229308 33.8590899442372 11.0770819793045
4.37441574692963 3.88451823524525 4.38283730539646 4.28956791970226 4.20525418108117 3.94554015650893 3.91558057782549 3.91494634163205 3.99746926048047 4.24872388859247 3.78612949126672 4.16587930418502 4.58414651690966 4.49305972397073 4.92402884016653 4.89885392138524 5.72693004976829 8.31378922281139 8.1916049727607 8.11718479711319 7.45405733772638 8.37467555244562 9.33310530995838 9.51063589132862 8.57957220408904 20.5496154438979 74.232445368623 115.795961032327 131.141153120672 147.225506076654 167.383818976078 192.727716734687 212.891168159151 256.007858333227 281.257042695212 298.548645377526 315.901508699545 347.298472931459 366.884430519869 365.826037299251 329.801812275392 304.849082751066 284.419434840227 264.026616282735 235.022572469983 202.536751250896 189.142652112868 172.278203846239 130.56104516018 115.407845884257 93.4545682087369 39.7700964607813 10.2552429488521
4.28762730143198 4.21984556710148 4.17444958900223 4.03564721986046 3.88952285102512 3.86203111585353 3.8504022107503 3.94811515053163 4.03351225865982 3.77131979574317 3.93351228723427 4.31768891739928 4.1493110667792 4.67959272296848 5.14351534211748 5.39645234606293 7.77047376459808 8.09899277213736 8.07122019539636 9.1450827443373 8.82619440700658 8.9320087249668 9.36622480032147 7.37265622701643 10.2570564712276 30.8957496348172 87.9591333506158 121.930307605866 131.727275697492 151.970910952199 173.491745121238 196.872076054899 225.015937511313 266.983157848915 286.889015974563 304.078286485987 316.05074011512 345.54912621539 361.866416141698 369.074070307114 336.80119066127 305.137675992265 284.675761892176 260.198291870911 227.571975253019 195.157677150032 194.259343589654 171.575941173459 133.29785553158 117.19933570226 92.9585434564667 37.3943564062724 8.82712981910867
4.15854020950386 3.89752589731195 3.85525435016802 3.82365382098692 3.80127263724049 3.81053256837987 3.88219582588124 3.94458256706598 4.22894750836878 3.79904759400713 4.24924227232554 4.60603446463926 4.52103886656464 4.899462121631 4.8796543304995 5.82438441191174 11.6438844756699 8.18240155273101 9.33871152182643 9.0418210654195 12.6926096192253 23.0158034475094 29.7341432068428 34.3674356254288 49.9957666012248 77.6563366774858 112.518066084701 126.072274992808 141.755016097424 164.904003025081 189.331847390647 210.575701866366 252.99844819384 278.426918903811 294.024734706443 311.490548808176 325.468895480235 350.143927322335 368.607646243282 361.694088899277 327.909336463702 304.438221911737 281.241581191581 252.302384780391 211.463614175442 193.058196021569 184.856238273799 148.985686528849 124.309564871557 114.769346997445 85.770854844712 31.7475078425379 8.64811936565222
3.95803850721861 3.80402623191236 3.76039532872508 3.73872899852711 3.74605703457527 3.77130714671238 3.88469481656617 4.00747955620502 3.75395642656104 4.08950535320901 4.48702237172629 4.42060283582523 4.81414456320897 5.23472983012152 5.41133630918711 8.21904336537425 8.3206118852235 8.95909956640851 8.55299716022786 12.646582839327 47.8897975678533 85.9741545082791 106.667025887733 111.103759400659 115.379093063961 120.343467272524 126.671232776817 138.430754886117 159.953804346017 185.257163227807 207.091295562656 245.151362721856 274.941120954009 292.949938465281 308.104420239041 317.350700295524 332.494254937234 345.540176997256 356.579940631693 345.582772485654 323.334394580102 298.936405132794 272.037323723524 241.559826921258 200.119842839737 189.007787674052 163.305467680167 126.924376496506 121.839695113242 107.512561892104 70.5189219555073 23.6497092713664 9.76763557326016
3.76014041518644 3.73090686886116 3.70281504842887 3.70380849731656 3.72653528032097 3.81532204367885 3.91947784190213 3.64538948288963 3.80574530221862 4.27431484455876 4.15952531838343 4.75446504859962 5.08009862072399 4.97971466421369 5.79891402975395 11.3781872734306 8.17501947704229 9.36224719561859 9.00010288359913 33.2542632048219 88.0122912691846 122.139589472697 131.585544834765 135.076373696972 131.756490657928 133.193820502601 145.084361734153 160.489956638214 180.963883971953 207.31125319162 246.009457136592 277.834531083724 298.348456972276 307.322244950684 315.466270134824 316.217442338253 333.573889811776 344.763423922913 346.495485609896 340.36858184739 314.45131560027 291.40843005492 261.920908336959 227.514381725614 190.445416351017 180.224663825137 142.787814982641 126.459070061811 112.659133009724 82.9996913453716 40.0642044574491 12.6484140114007 10.2296324256079
3.71193166230344 3.68585358810261 3.69178274262323 3.70312629105458 3.77654539988365 3.86570671616499 3.99241164710617 3.64796978130076 4.1022058169734 4.5532043126305 4.5727251102651 4.98090946214499 4.83899656467849 5.72945673384458 7.22524167115547 8.21095217115258 8.7165462165004 7.56131450666484 20.4948947635245 72.149928848528 118.557422698702 131.435400733677 141.267979434625 153.666480018267 159.934841497321 162.60754241421 169.346189710607 187.95913099713 213.34315406891 248.920430699004 279.201766250555 302.285752900356 309.879812499177 309.375615995457 306.117850422451 311.391419205182 319.639064117668 337.218791120546 340.990983028773 342.391405562782 311.159064938678 285.189277248123 252.334953359309 205.217526632116 189.98260158911 164.55555460176 129.405789598938 118.1701148029 102.492998109109 58.6267072259066 20.9156871614934 10.4085620435724 9.019943936138
3.7202269879711 3.743705383879 3.79579980679169 3.7604261484817 3.83718767758813 3.93037975519355 4.19970328186922 3.77874780375256 4.3143323800687 4.35984177297687 4.84349800490141 5.2351177539642 5.24004636976046 7.73660381789941 9.17781592289841 8.86518195539546 9.14946481383239 13.578174065285 66.0409083333015 113.558353579877 129.204338207718 140.334842456826 155.783515157307 169.420209623608 181.999616246178 192.215377121951 207.095482526198 228.803295958733 258.871695373539 280.299775313312 303.877420316556 305.215462926976 303.933356781437 292.449341333827 295.871319606544 302.443180407868 315.930236892778 327.17166675779 337.445586655412 339.708482449052 310.963880019975 279.499210947976 243.913778406705 196.951290553142 187.315134465219 154.705252808491 128.474820710857 120.270571188803 95.6096112462049 45.0152867316131 13.8450837717309 9.88558187368225 9.13641795407407
3.69569452591836 3.73669707154659 3.82714468816065 3.91053819151193 4.01397963771498 4.06505139945753 3.67891352144156 3.94615356472081 4.51829665770683 4.60411791481999 5.03146816921851 4.95754317123532 5.69049937233687 9.45269050587014 10.0404551546235 9.23375117139849 10.984840063301 54.6722076085912 110.39261294559 129.107582332357 140.831445356051 156.150857641714 168.043034320419 185.771642809813 213.125400860713 236.837349403105 250.79969319652 269.281504185878 288.997352039959 303.348244579081 306.907505346281 296.245498754271 286.033984611036 280.863232593675 287.604076364899 293.964226085146 303.751609322579 317.050248975176 338.904945921075 337.129770676635 326.827258680232 286.044735134241 251.993664024589 204.488383880944 190.000901549836 166.958949382627 136.550080644838 123.407029505598 106.100007829385 59.617882878441 13.1661803092176 11.201384387995 11.86141079181
3.69363192592962 3.78492897156463 3.89857861808483 4.01334599045255 4.20922166939787 3.8311003062641 3.82787981892126 4.2407063088236 4.18504026245504 4.83418111170286 5.27053170309869 5.33661591466974 8.23674058652653 10.4194876830471 8.09856313645006 9.1690731382923 16.9567964766636 96.3372258528983 127.587682291194 143.365754199773 160.01853866938 170.154810473161 185.792430139946 215.014726474066 246.794740509662 266.074390790141 284.571616443419 303.064635809779 314.106843518126 307.142971365451 296.747715725099 282.699700900456 271.886085146979 269.370172142421 277.829040110195 288.55774231941 297.574103409812 314.269952305464 326.404987987967 334.531331585933 334.445611932268 300.510113183005 270.778395830425 231.647988407973 196.471382874944 186.420684796643 154.383956045208 127.833362345027 114.075828527207 82.9098976472575 20.4573996885037 9.32287380005087 10.2827689244824
3.73381776937577 3.8406575391237 3.97976754983558 4.19715074477418 3.85796424653065 3.8279782227423 4.12053133435982 4.45137145901153 4.52295443213947 5.02094788773224 5.55025164561683 5.91664365792882 8.11123805958362 9.09876520849665 8.45771683188222 9.21214672009584 41.9044445656705 113.625729322578 133.669421448065 158.916371779834 174.976199541122 192.079081527602 224.068216528335 249.746496973896 268.764063723985 293.955235549405 319.654790355995 332.042189968368 330.926887843374 305.011010647207 284.2583486639 272.1735800198 260.246202528281 256.490949736555 266.361671034421 279.085516046114 292.479870190652 305.350870086216 317.189669953852 336.127078513698 336.318218548418 310.156472751016 282.725940293856 258.458860360012 221.638372495879 200.109853990029 179.660301150957 146.713730646479 122.696361026447 100.664633577896 33.4010125259577 8.85614534826773 9.71043140257936
3.77650219090292 3.90682103139178 4.10253532067794 3.8378128607141 3.93865555441178 4.13066885362687 4.34847141297771 4.17109479755032 4.81273936100324 5.29675040338168 5.31301665896075 5.91730759304288 11.1514911302677 10.7067137463352 8.82034793116183 10.2618415024563 59.6449244802004 117.578226042823 141.213728255679 167.733244358623 187.618862511613 229.391779779791 259.199887790185 271.118447598064 291.228547483414 319.106943633456 343.846332784929 339.05514412989 321.66886058871 296.588804784713 275.214418128445 262.344027225 249.820920429487 245.753286292704 257.77163892025 275.204038708698 288.322960054752 302.636665145875 319.286657734815 336.676746709746 333.084570529025 309.610722003234 280.392112225791 261.637205843599 226.782240331341 201.441915182253 188.621422805824 150.757655665449 121.487782205769 106.37999517436 41.1591531227481 8.63810909649211 12.3228749899321
