Rscript/monthly_maps/SnowDepthMapFile-q25-1990-02.asc
ncols 320 
nrows 361 
xllcorner 618410.159 
yllcorner 5088785.286 
cellsize 100 
NODATA_value -9999 
[rows 72 to 95 of 361, columns 0 to 53 of 320]
-9999 -9999 -9999 -9999 -9999 -9999 -9999 -9999 -9999 -9999 -9999 1755.53396606445 1644.4401550293 1498.80596923828 1454.14685058594 1447.80026245117 1444.8782043457 1424.79168701172 1419.95660400391 1398.10833740234 1352.51229858398 1315.21823120117 1308.39859008789 1315.38885498047 1339.56274414062 1339.72741699219 1340.76440429688 1334.64123535156 1312.05709838867 1296.90200805664 1283.12985229492 1261.1789855957 1219.4030456543 1168.08871459961 1082.71044921875 981.400283813477 891.824905395508 805.775177001953 727.491149902344 667.697677612305 620.373107910156 581.903762817383 566.358215332031 568.049453735352 578.602203369141 591.339492797852 615.047973632812 618.899841308594 598.933883666992 574.723876953125 547.248016357422 542.10888671875 551.695816040039 564.850997924805
-9999 -9999 -9999 -9999 -9999 -9999 -9999 -9999 -9999 -9999 -9999 1729.92950439453 1631.65362548828 1519.53005981445 1478.91116333008 1461.06979370117 1451.14178466797 1445.8151550293 1419.43594360352 1382.72143554688 1348.11712646484 1320.65106201172 1331.48590087891 1347.16607666016 1348.94351196289 1342.88140869141 1335.87857055664 1337.51513671875 1318.0947265625 1301.15753173828 1267.84268188477 1218.16555786133 1165.9866027832 1089.53768920898 983.588882446289 882.998870849609 796.601196289062 715.782104492188 657.30729675293 598.936279296875 567.76953125 559.243392944336 550.498077392578 561.465972900391 578.670440673828 600.726318359375 612.146484375 602.228073120117 584.696640014648 570.169174194336 574.357040405273 593.536254882812 613.880386352539 633.969192504883
-9999 -9999 -9999 -9999 -9999 -9999 -9999 -9999 -9999 -9999 1799.24426269531 1739.85824584961 1602.02090454102 1513.92666625977 1497.29348754883 1478.61590576172 1457.42633056641 1430.56332397461 1389.28802490234 1347.56698608398 1344.96423339844 1346.91683959961 1327.35537719727 1331.63488769531 1309.53881835938 1294.2170715332 1299.28201293945 1295.87280273438 1295.46655273438 1269.50198364258 1217.96154785156 1162.28875732422 1078.79614257812 973.802764892578 864.487808227539 773.859985351562 706.476959228516 661.12336730957 618.271469116211 619.764739990234 621.437316894531 615.171096801758 625.508026123047 621.622619628906 622.583358764648 623.322875976562 627.143218994141 621.528778076172 624.204559326172 624.343872070312 633.901428222656 652.47981262207 678.38688659668 701.714508056641
-9999 -9999 -9999 -9999 -9999 -9999 -9999 -9999 -9999 -9999 1802.15264892578 1716.71588134766 1567.4055480957 1493.15252685547 1491.4280090332 1487.09625244141 1453.7932434082 1400.49624633789 1366.01791381836 1343.78475952148 1352.90567016602 1329.82498168945 1329.73669433594 1297.78518676758 1256.14669799805 1242.42169189453 1228.33251953125 1232.28555297852 1244.47732543945 1211.51992797852 1167.34216308594 1087.97369384766 975.547302246094 858.309921264648 749.413131713867 697.208206176758 663.037551879883 646.631271362305 673.601623535156 694.850967407227 697.441207885742 699.640090942383 691.242126464844 690.022415161133 684.062591552734 679.924392700195 669.670425415039 670.223098754883 672.502075195312 676.187927246094 688.206954956055 709.220840454102 720.348083496094 749.890594482422
-9999 -9999 -9999 -9999 -9999 -9999 -9999 -9999 -9999 -9999 1770.35940551758 1681.86196899414 1528.22634887695 1479.75778198242 1481.20394897461 1448.15966796875 1430.576171875 1392.95956420898 1369.6116027832 1352.04122924805 1346.59197998047 1331.98022460938 1299.56683349609 1239.81719970703 1200.77319335938 1174.21450805664 1165.86431884766 1170.02059936523 1173.15112304688 1167.32675170898 1115.88787841797 1029.67616271973 890.76008605957 783.2939453125 709.515075683594 684.185302734375 678.283081054688 705.039428710938 726.034027099609 735.380187988281 740.615875244141 749.953063964844 748.096450805664 734.059860229492 726.245330810547 710.224334716797 701.305694580078 697.2685546875 707.264038085938 705.870666503906 741.098526000977 757.567199707031 765.158157348633 770.773193359375
-9999 -9999 -9999 -9999 -9999 -9999 -9999 -9999 -9999 -9999 1750.79949951172 1643.37585449219 1505.28332519531 1476.39416503906 1485.8850402832 1442.60205078125 1432.67031860352 1390.10131835938 1363.72817993164 1358.07958984375 1331.51531982422 1284.00393676758 1241.25006103516 1185.19064331055 1157.96835327148 1140.23272705078 1133.52526855469 1132.78771972656 1125.07690429688 1119.70092773438 1088.04580688477 977.882278442383 850.680709838867 771.0234375 739.327560424805 727.939102172852 729.121612548828 762.373565673828 767.691284179688 776.778671264648 766.120803833008 769.843185424805 767.600234985352 753.75 750.531951904297 735.47331237793 728.344299316406 723.441543579102 734.792098999023 758.050491333008 767.541381835938 774.424591064453 786.534423828125 765.970321655273
-9999 -9999 -9999 -9999 -9999 -9999 -9999 -9999 -9999 -9999 1705.39093017578 1594.94622802734 1500.89810180664 1463.00503540039 1463.68502807617 1447.16912841797 1419.11828613281 1388.76620483398 1359.02334594727 1340.275390625 1299.44964599609 1254.72888183594 1197.63989257812 1153.59017944336 1140.86962890625 1142.69192504883 1131.6296081543 1125.26055908203 1117.54397583008 1108.64428710938 1048.41375732422 945.24919128418 839.020263671875 787.447357177734 791.403869628906 805.881454467773 798.954223632812 794.930099487305 789.581649780273 808.374298095703 804.626846313477 799.866409301758 801.772552490234 779.052154541016 770.158004760742 768.332244873047 765.512069702148 782.127059936523 783.481475830078 791.610366821289 786.089706420898 783.871475219727 764.813354492188 773.884628295898
-9999 -9999 -9999 -9999 -9999 -9999 -9999 -9999 -9999 1785.96780395508 1691.25845336914 1548.58200073242 1507.02059936523 1474.83871459961 1458.7692565918 1449.83474731445 1417.87496948242 1388.07360839844 1359.01919555664 1329.07479858398 1277.10018920898 1207.53121948242 1143.85919189453 1138.1862487793 1151.14453125 1158.11801147461 1155.69625854492 1155.15823364258 1151.98229980469 1120.52737426758 1043.1506652832 932.051025390625 849.699310302734 841.853134155273 815.171081542969 838.88117980957 849.747421264648 820.523498535156 823.190841674805 831.307235717773 828.11701965332 817.843688964844 819.210205078125 808.527084350586 797.877548217773 787.250595092773 790.024337768555 806.538467407227 790.324920654297 800.644989013672 777.56510925293 758.630981445312 758.176773071289 735.093414306641
-9999 -9999 -9999 -9999 -9999 -9999 -9999 -9999 1805.48565673828 1747.63571166992 1646.49255371094 1539.79110717773 1521.61819458008 1488.02740478516 1461.70889282227 1450.82019042969 1419.18389892578 1387.14694213867 1356.39010620117 1303.53997802734 1231.80078125 1167.51977539062 1138.82244873047 1154.88833618164 1190.51788330078 1201.22116088867 1166.11083984375 1174.12176513672 1171.67626953125 1128.45623779297 1075.01641845703 951.950866699219 909.227035522461 874.739532470703 842.85514831543 874.434844970703 884.097457885742 851.280838012695 844.893768310547 844.676895141602 857.197235107422 853.826126098633 830.188491821289 839.311508178711 825.120849609375 811.623672485352 804.278076171875 804.433441162109 764.476654052734 761.850143432617 738.3212890625 732.139938354492 730.410583496094 731.264831542969
-9999 -9999 -9999 -9999 -9999 -9999 -9999 1836.88763427734 1811.98870849609 1694.95346069336 1605.3967590332 1543.24896240234 1521.7585144043 1494.146484375 1484.7666015625 1452.4365234375 1421.79840087891 1386.49798583984 1335.0114440918 1288.92565917969 1230.17706298828 1185.64483642578 1158.55041503906 1178.86175537109 1257.57415771484 1254.39822387695 1250.68765258789 1256.81436157227 1251.49957275391 1205.67752075195 1085.12963867188 970.647705078125 912.903076171875 904.138641357422 899.778900146484 906.805084228516 916.952346801758 879.169982910156 877.397216796875 882.84358215332 888.985641479492 891.368881225586 876.283020019531 847.358581542969 827.315322875977 814.101211547852 790.408721923828 766.500198364258 764.269454956055 755.221481323242 756.675506591797 758.61198425293 774.624694824219 826.916091918945
-9999 -9999 -9999 -9999 -9999 -9999 -9999 1788.93826293945 1724.81823730469 1627.43789672852 1597.28076171875 1542.47854614258 1530.13259887695 1512.53463745117 1477.48001098633 1452.912109375 1400.10894775391 1378.76184082031 1341.31094360352 1290.28405761719 1232.24258422852 1229.01718139648 1236.35238647461 1258.17184448242 1265.14877319336 1250.06494140625 1254.23358154297 1254.35968017578 1251.72091674805 1198.13400268555 1102.60702514648 996.716613769531 963.309371948242 949.766311645508 907.943466186523 922.810394287109 909.288848876953 908.031036376953 903.660888671875 903.366714477539 910.538940429688 905.481857299805 911.638137817383 898.907241821289 881.917266845703 858.340530395508 813.884963989258 789.443084716797 795.393569946289 823.7568359375 848.466735839844 851.919464111328 877.406539916992 903.986419677734
-9999 -9999 -9999 -9999 -9999 -9999 1975.73956298828 1853.15618896484 1693.02563476562 1617.92849731445 1597.86407470703 1581.97348022461 1553.17626953125 1513.58270263672 1479.47451782227 1434.92022705078 1400.3991394043 1381.64535522461 1341.66046142578 1317.15881347656 1284.60900878906 1267.37704467773 1255.92385864258 1248.57000732422 1249.97448730469 1249.17929077148 1246.08456420898 1266.48175048828 1260.40618896484 1188.04425048828 1090.50732421875 1006.24740600586 973.60188293457 959.473678588867 945.449737548828 936.65657043457 935.79997253418 928.646087646484 911.040542602539 895.339782714844 901.752395629883 911.952056884766 904.427978515625 926.111297607422 925.96012878418 910.787261962891 897.032821655273 897.538055419922 900.608963012695 934.198852539062 935.362579345703 948.440170288086 965.563354492188 967.6865234375
-9999 -9999 -9999 -9999 -9999 -9999 1983.85546875 1872.89892578125 1717.92462158203 1648.05874633789 1600.42944335938 1586.24893188477 1545.08966064453 1504.83026123047 1468.85952758789 1442.61492919922 1409.57083129883 1392.18960571289 1366.89169311523 1349.09643554688 1324.39981079102 1286.0378112793 1262.61785888672 1236.63571166992 1234.76248168945 1264.06323242188 1278.70651245117 1294.22674560547 1269.59466552734 1206.12258911133 1117.25744628906 1014.90295410156 964.106399536133 967.539474487305 959.684692382812 944.713592529297 931.645446777344 928.789108276367 907.414825439453 911.345581054688 905.3408203125 902.376037597656 896.624450683594 933.655685424805 961.865097045898 972.033126831055 963.895324707031 971.708450317383 1002.08525085449 1035.75729370117 1041.75982666016 1047.20693969727 1049.31442260742 1035.33975219727
-9999 -9999 -9999 -9999 -9999 2096.32171630859 2020.63394165039 1895.44989013672 1782.98498535156 1694.69198608398 1649.82672119141 1595.12713623047 1557.7190246582 1514.37435913086 1457.39596557617 1441.27301025391 1428.85772705078 1418.79650878906 1397.8132019043 1379.43701171875 1352.51553344727 1331.95770263672 1297.92016601562 1285.83892822266 1286.94229125977 1299.46405029297 1317.54019165039 1304.74612426758 1270.40460205078 1202.64770507812 1106.16793823242 1005.45472717285 940.541488647461 931.075057983398 944.97331237793 955.487731933594 943.011917114258 930.363784790039 910.758590698242 909.400512695312 906.439727783203 907.587478637695 893.345626831055 927.874816894531 965.512634277344 1000.90249633789 999.275695800781 1041.65509033203 1074.98022460938 1103.19509887695 1136.44296264648 1147.095703125 1133.03646850586 1120.51806640625
-9999 -9999 -9999 -9999 -9999 2092.29174804688 1997.29028320312 1892.6545715332 1820.49017333984 1760.84442138672 1699.20587158203 1640.1897277832 1572.54162597656 1529.02243041992 1485.25982666016 1425.70092773438 1437.0583190918 1432.42163085938 1432.57803344727 1408.0744934082 1398.94122314453 1377.19540405273 1356.46920776367 1345.04678344727 1346.62542724609 1337.60464477539 1336.04437255859 1318.25204467773 1270.01309204102 1176.3821105957 1087.94650268555 999.990859985352 924.17350769043 885.576873779297 902.849243164062 945.826187133789 946.819931030273 939.734848022461 914.851058959961 920.743011474609 939.610748291016 914.187255859375 902.78059387207 925.837020874023 960.38786315918 1007.37770080566 1032.78233337402 1077.39639282227 1121.39413452148 1151.03845214844 1182.96499633789 1200.53775024414 1221.26782226562 1218.54724121094
-9999 -9999 -9999 -9999 -9999 2058.51940917969 1997.94537353516 1893.98983764648 1820.29312133789 1791.45199584961 1755.26049804688 1695.07360839844 1620.95797729492 1570.63192749023 1509.94165039062 1483.27285766602 1470.99072265625 1477.75827026367 1477.1865234375 1451.23678588867 1438.76751708984 1432.39434814453 1426.005859375 1420.76376342773 1404.68621826172 1393.86764526367 1372.22924804688 1336.75863647461 1261.28286743164 1202.50518798828 1122.34298706055 1030.11441040039 963.379379272461 899.593368530273 882.573287963867 901.78498840332 939.029876708984 950.309494018555 945.188919067383 945.875045776367 938.790939331055 943.802108764648 926.504348754883 957.173202514648 963.336578369141 1007.00660705566 1043.15927124023 1103.71899414062 1148.4631652832 1160.19891357422 1216.58786010742 1226.70516967773 1265.32290649414 1284.66891479492
-9999 -9999 -9999 -9999 -9999 -9999 1952.92413330078 1876.94668579102 1824.1579284668 1797.89074707031 1775.02035522461 1719.22027587891 1655.24893188477 1599.2038269043 1549.05334472656 1515.16082763672 1517.25247192383 1516.10949707031 1505.44924926758 1494.20690917969 1487.07427978516 1484.57723999023 1468.11138916016 1476.93536376953 1446.3659362793 1442.68411254883 1418.41415405273 1353.7174987793 1300.6149597168 1261.31533813477 1226.24569702148 1141.20407104492 1033.80877685547 937.091659545898 887.632308959961 881.712692260742 919.98762512207 953.681396484375 960.560256958008 942.076156616211 971.250579833984 971.820693969727 957.838439941406 958.675521850586 966.308349609375 1006.8729095459 1065.07040405273 1111.01995849609 1163.76809692383 1202.13400268555 1251.68237304688 1280.73474121094 1269.2438659668 1313.76260375977
-9999 -9999 -9999 -9999 -9999 -9999 -9999 -9999 1857.0364074707 1825.86773681641 1800.07901000977 1732.86685180664 1661.58364868164 1626.9352722168 1584.13854980469 1562.22622680664 1551.79873657227 1559.08544921875 1546.05181884766 1545.86636352539 1541.93078613281 1541.51647949219 1535.93060302734 1503.14373779297 1475.93807983398 1476.22314453125 1433.46908569336 1387.23767089844 1382.15090942383 1380.58807373047 1336.28802490234 1256.72317504883 1139.70407104492 1013.93989562988 927.609436035156 889.862976074219 900.861129760742 961.912902832031 989.324752807617 984.78385925293 984.469345092773 994.067718505859 977.766845703125 995.834701538086 1005.42695617676 1040.26135253906 1061.09326171875 1132.09246826172 1189.01956176758 1211.6423034668 1276.32434082031 1297.31155395508 1287.32135009766 1320.78759765625
-9999 -9999 -9999 -9999 -9999 -9999 -9999 -9999 -9999 1830.69271850586 1784.822265625 1742.88458251953 1676.80523681641 1641.51419067383 1617.14065551758 1589.22436523438 1590.72186279297 1587.21432495117 1562.69802856445 1559.412109375 1549.14440917969 1546.03802490234 1538.7331237793 1533.6962890625 1506.05841064453 1480.3913269043 1447.96383666992 1427.85797119141 1478.57955932617 1493.83581542969 1456.98599243164 1332.39712524414 1208.85888671875 1074.94805908203 984.514663696289 922.504684448242 906.554443359375 969.063705444336 1005.46594238281 1030.59114074707 1025.10676574707 1032.73066711426 1018.7848815918 1001.05111694336 1010.26203918457 1037.47875976562 1102.31967163086 1158.24176025391 1217.853515625 1243.39495849609 1299.78158569336 1324.99377441406 1320.79891967773 1357.74478149414
-9999 -9999 -9999 -9999 -9999 -9999 -9999 -9999 -9999 -9999 1792.40740966797 1744.60101318359 1675.34033203125 1647.2424621582 1634.62231445312 1603.43377685547 1591.5283203125 1598.52700805664 1603.13903808594 1599.65350341797 1583.66235351562 1566.82843017578 1559.62521362305 1545.48806762695 1542.62225341797 1524.12768554688 1476.26400756836 1469.90240478516 1547.6364440918 1583.64385986328 1526.47549438477 1367.0539855957 1212.01614379883 1119.09310913086 1035.94369506836 975.603912353516 963.606185913086 973.262832641602 1027.63920593262 1051.61764526367 1067.0436706543 1041.38790893555 1024.22454833984 1032.59553527832 1054.74194335938 1071.3271484375 1133.91705322266 1188.03579711914 1208.25482177734 1274.08190917969 1299.46322631836 1333.36834716797 1353.89654541016 1385.97836303711
-9999 -9999 -9999 -9999 -9999 -9999 -9999 -9999 -9999 -9999 -9999 1741.17797851562 1706.50253295898 1637.4147644043 1628.48425292969 1595.78924560547 1600.29544067383 1603.57162475586 1604.61749267578 1603.55432128906 1601.14694213867 1603.05197143555 1584.23812866211 1564.02896118164 1542.22256469727 1538.63897705078 1505.22955322266 1521.72113037109 1632.12536621094 1647.76306152344 1542.04754638672 1346.56518554688 1210.4587097168 1139.74285888672 1067.15734863281 1022.01666259766 1004.91333007812 999.253341674805 1051.53375244141 1082.73657226562 1073.13275146484 1072.87222290039 1031.07357788086 1052.96566772461 1088.58923339844 1109.94393920898 1163.89263916016 1219.76211547852 1250.62371826172 1274.13607788086 1304.60952758789 1340.84967041016 1366.61978149414 1432.65078735352
-9999 -9999 -9999 -9999 -9999 -9999 -9999 -9999 -9999 -9999 -9999 -9999 1676.51867675781 1650.77719116211 1615.99899291992 1607.98431396484 1608.12673950195 1603.29382324219 1601.45819091797 1599.21411132812 1601.34359741211 1602.39877319336 1603.13140869141 1597.84774780273 1591.04113769531 1539.73736572266 1527.609375 1570.43518066406 1669.78012084961 1741.31311035156 1506.13204956055 1299.40423583984 1202.63092041016 1137.88311767578 1103.47143554688 1066.05963134766 1033.48379516602 1032.78125 1053.77838134766 1111.83929443359 1107.52200317383 1083.44448852539 1069.26251220703 1082.89462280273 1120.5788269043 1136.96588134766 1198.21038818359 1243.30895996094 1278.43908691406 1289.61853027344 1312.62338256836 1322.10620117188 1387.3662109375 1471.07363891602
-9999 -9999 -9999 -9999 -9999 -9999 -9999 -9999 -9999 -9999 -9999 -9999 -9999 1661.70193481445 1648.87435913086 1638.22994995117 1626.48919677734 1627.7170715332 1625.8020324707 1622.46710205078 1617.91088867188 1603.34561157227 1598.28405761719 1608.18853759766 1555.47320556641 1545.08612060547 1545.54846191406 1650.61553955078 1745.27557373047 1722.61929321289 1468.35266113281 1267.1833190918 1200.69732666016 1165.4065246582 1124.67752075195 1092.61950683594 1050.69836425781 1064.06851196289 1085.55102539062 1142.84725952148 1118.00079345703 1100.17343139648 1089.06576538086 1110.05508422852 1150.83114624023 1153.27285766602 1225.03897094727 1280.02777099609 1304.72860717773 1300.98318481445 1312.63262939453 1323.30395507812 1410.02130126953 1480.54928588867
-9999 -9999 -9999 -9999 -9999 -9999 -9999 -9999 -9999 -9999 -9999 -9999 -9999 1653.87121582031 1666.32269287109 1649.29983520508 1662.72473144531 1650.90072631836 1619.92932128906 1626.01901245117 1630.53091430664 1627.76513671875 1602.02523803711 1608.03173828125 1549.97387695312 1553.84307861328 1589.64984130859 1725.07818603516 1789.85116577148 1679.04598999023 1447.86404418945 1272.97415161133 1204.92492675781 1164.49453735352 1148.5387878418 1114.93826293945 1081.12628173828 1073.98037719727 1109.69876098633 1147.65615844727 1149.04257202148 1118.73617553711 1120.40283203125 1141.35632324219 1163.3332824707 1174.71856689453 1250.91354370117 1304.08752441406 1330.91015625 1337.91207885742 1313.11370849609 1321.20468139648 1405.84338378906 1490.07836914062
