Rscript/monthly_maps/SnowDepthMapFile-max-1990-02.asc
ncols 320 
nrows 361 
xllcorner 618410.159 
yllcorner 5088785.286 
cellsize 100 
NODATA_value -9999 
[rows 276 to 298 of 361, columns 159 to 211 of 320]
632.026550292969 789.788635253906 862.251831054688 912.2275390625 893.577453613281 860.359313964844 851.673095703125 856.013610839844 880.541259765625 912.76123046875 971.129760742188 1025.26452636719 1092.96520996094 1022.90167236328 883.493103027344 755.736999511719 625.682678222656 571.259887695312 555.174926757812 526.264282226562 511.363372802734 520.550415039062 572.676635742188 622.948303222656 724.04638671875 810.117004394531 879.76708984375 920.050903320312 977.322570800781 996.139221191406 1009.78491210938 1009.97662353516 1009.19226074219 1010.32684326172 1013.80383300781 1018.29321289062 1022.28936767578 1046.1240234375 1106.625 1140.23999023438 1114.14123535156 969.8154296875 867.170288085938 812.750793457031 746.675048828125 677.592407226562 509.781555175781 440.918334960938 402.195495605469 344.469085693359 338.735382080078 336.636505126953 334.119598388672
562.197204589844 696.907836914062 812.916259765625 906.039672851562 954.786071777344 964.450561523438 961.811645507812 964.048461914062 973.612487792969 993.286682128906 1058.16296386719 1101.71179199219 1109.71228027344 1004.41564941406 865.323364257812 770.991577148438 686.226623535156 628.604614257812 594.111389160156 629.937133789062 695.739501953125 714.356140136719 735.275390625 762.756286621094 817.640014648438 856.314331054688 895.642395019531 955.735046386719 996.958801269531 1010.85723876953 1024.09973144531 1022.99713134766 1022.86773681641 1016.47900390625 1031.701171875 1043.06335449219 1064.98315429688 1075.37109375 1104.73071289062 1104.0771484375 1012.83209228516 908.806396484375 832.649169921875 773.621704101562 722.031555175781 564.236938476562 467.693328857422 408.891235351562 349.052032470703 336.450317382812 333.63330078125 330.437835693359 328.447631835938
486.531982421875 571.81982421875 710.785522460938 819.952453613281 914.652893066406 1007.01000976562 1038.08972167969 1045.58251953125 1085.46716308594 1127.72546386719 1164.52770996094 1193.80798339844 1122.68408203125 981.427978515625 866.665161132812 780.366455078125 732.685791015625 679.037353515625 701.607238769531 740.981872558594 801.329956054688 818.788024902344 824.766662597656 839.049987792969 857.31689453125 891.655639648438 918.663269042969 967.966125488281 1025.57751464844 1051.60498046875 1049.17016601562 1056.28491210938 1068.82531738281 1072.28588867188 1074.96044921875 1076.23779296875 1074.53454589844 1070.796875 1067.80700683594 1030.37927246094 934.677062988281 852.396545410156 779.075744628906 743.81591796875 621.868530273438 488.08251953125 419.011779785156 377.616638183594 335.281311035156 332.019195556641 327.726470947266 325.62109375 320.811828613281
482.914947509766 504.779937744141 617.477172851562 741.442626953125 845.474548339844 941.379455566406 1036.17431640625 1087.4599609375 1171.83984375 1231.8544921875 1299.39514160156 1269.72912597656 1132.82165527344 993.953918457031 883.643859863281 801.442199707031 793.653869628906 770.043884277344 773.255249023438 798.727111816406 869.236999511719 908.609619140625 917.781921386719 894.597290039062 898.788024902344 931.229064941406 960.056274414062 1001.95733642578 1073.32373046875 1111.62255859375 1141.54150390625 1148.32971191406 1159.291015625 1174.90759277344 1147.81188964844 1112.044921875 1072.37268066406 1045.56872558594 1002.39074707031 941.982421875 865.73095703125 785.51123046875 724.840454101562 628.542785644531 504.610809326172 437.345489501953 385.975006103516 332.73193359375 328.163482666016 325.694488525391 323.252258300781 319.351165771484 310.459503173828
508.098876953125 524.635925292969 571.143127441406 718.611755371094 799.091491699219 896.032775878906 987.266052246094 1056.927734375 1161.31091308594 1287.72717285156 1365.01391601562 1345.04296875 1175.9306640625 1034.99072265625 905.478210449219 845.133056640625 843.834838867188 816.648559570312 824.228149414062 855.572082519531 951.515686035156 1032.12451171875 1013.93853759766 985.967407226562 962.058410644531 973.676330566406 1015.26037597656 1066.46350097656 1147.48498535156 1193.21203613281 1228.72534179688 1251.38977050781 1219.18981933594 1202.56018066406 1139.73376464844 1058.5234375 973.771118164062 937.911560058594 883.526611328125 837.455749511719 776.250366210938 715.865295410156 609.736511230469 475.580749511719 417.228424072266 380.651000976562 327.556884765625 317.210021972656 320.069610595703 319.999359130859 317.340606689453 308.714111328125 279.280792236328
522.665893554688 566.17626953125 637.921875 741.70166015625 804.009643554688 861.201171875 945.773681640625 1024.32983398438 1135.75927734375 1264.48168945312 1355.56494140625 1373.59777832031 1209.95031738281 1077.60363769531 944.881286621094 894.471130371094 894.258361816406 855.970642089844 880.469482421875 924.42919921875 1020.66870117188 1129.36364746094 1150.263671875 1087.25085449219 1072.52221679688 1064.86596679688 1108.79345703125 1156.24694824219 1215.98693847656 1264.11267089844 1270.31323242188 1229.81884765625 1196.49914550781 1127.03942871094 1022.42150878906 929.923522949219 868.389953613281 801.728942871094 763.399108886719 724.123596191406 689.881042480469 564.85205078125 445.546875 400.520446777344 366.423950195312 325.051788330078 313.55859375 309.097717285156 313.189575195312 311.648620605469 301.860107421875 269.693176269531 254.354370117188
546.460876464844 600.254455566406 716.8740234375 796.8671875 853.902648925781 902.136901855469 966.105834960938 1021.48767089844 1130.22033691406 1237.23486328125 1341.23901367188 1404.98620605469 1224.95776367188 1088.56298828125 1000.01892089844 963.064453125 954.885375976562 902.226928710938 936.654846191406 997.772399902344 1086.21691894531 1214.72827148438 1230.54760742188 1208.306640625 1181.76477050781 1181.83422851562 1196.64892578125 1224.97509765625 1269.68579101562 1279.70568847656 1224.32946777344 1137.62585449219 1040.87878417969 965.111145019531 889.43994140625 838.246337890625 767.064819335938 717.785522460938 641.181335449219 560.845458984375 472.680358886719 411.204956054688 372.731231689453 334.923126220703 317.320404052734 311.853363037109 306.697906494141 306.68359375 304.394226074219 289.274749755859 260.188354492188 244.159530639648 231.976348876953
547.988586425781 634.024536132812 764.487243652344 845.259704589844 883.542236328125 944.748779296875 1000.64318847656 1049.60925292969 1156.33410644531 1233.82299804688 1405.37048339844 1333.41833496094 1232.01965332031 1136.02844238281 1060.45666503906 1036.29870605469 993.932067871094 978.365295410156 1010.97576904297 1086.08874511719 1164.29382324219 1253.94885253906 1262.02026367188 1256.53100585938 1241.28063964844 1235.75695800781 1259.298828125 1286.82299804688 1308.68896484375 1229.82751464844 1118.26806640625 1014.12658691406 909.720275878906 859.403259277344 814.393859863281 766.330383300781 702.250366210938 592.88720703125 479.819671630859 417.713195800781 377.540771484375 338.539581298828 324.077178955078 306.841064453125 303.881896972656 299.958587646484 298.401245117188 293.403137207031 269.156463623047 253.6015625 233.473983764648 233.734237670898 214.863906860352
506.773742675781 614.82470703125 766.594665527344 851.252502441406 920.743041992188 995.064331054688 1032.76171875 1109.07421875 1202.67260742188 1255.03881835938 1403.68737792969 1341.84265136719 1251.32580566406 1161.56567382812 1127.44506835938 1112.71862792969 1054.91882324219 1054.50512695312 1090.60607910156 1169.59814453125 1213.56005859375 1259.59301757812 1303.67810058594 1304.86889648438 1269.17932128906 1268.19885253906 1308.09716796875 1319.35974121094 1270.50390625 1156.06091308594 1039.41296386719 913.7939453125 864.495239257812 803.521057128906 749.284912109375 698.158325195312 586.033630371094 475.482086181641 426.886444091797 384.050720214844 335.487213134766 317.495178222656 306.731964111328 296.658142089844 291.8349609375 291.475524902344 279.196563720703 262.006256103516 251.191040039062 240.93083190918 237.77424621582 213.721542358398 199.23046875
499.569305419922 579.406799316406 728.19873046875 817.006042480469 918.823608398438 1007.25408935547 1095.94909667969 1184.93359375 1226.40014648438 1298.98266601562 1390.71472167969 1418.97680664062 1264.75048828125 1216.72839355469 1197.28588867188 1154.81994628906 1141.42199707031 1141.92346191406 1174.2490234375 1227.27490234375 1256.53649902344 1265.34033203125 1316.19177246094 1359.77880859375 1328.08032226562 1328.90490722656 1347.22839355469 1340.74645996094 1233.71008300781 1093.16748046875 974.045959472656 879.683227539062 827.613647460938 766.84619140625 709.0390625 568.996337890625 481.746978759766 445.209655761719 403.523803710938 345.334838867188 324.422424316406 310.037445068359 303.620666503906 296.6904296875 290.011749267578 270.421478271484 259.493804931641 251.47200012207 242.824493408203 243.717788696289 235.651550292969 230.933898925781 212.996322631836
512.264221191406 545.666931152344 694.766662597656 777.431396484375 875.534301757812 994.949523925781 1120.80981445312 1208.80139160156 1261.35791015625 1352.70678710938 1404.22863769531 1397.0107421875 1302.74169921875 1254.76965332031 1219.5869140625 1227.50732421875 1181.4189453125 1221.80480957031 1241.501953125 1232.26550292969 1240.29956054688 1284.22473144531 1323.17517089844 1401.77429199219 1414.94970703125 1407.42004394531 1359.6806640625 1270.59387207031 1148.73608398438 1055.09631347656 906.870361328125 860.107666015625 786.962219238281 731.802856445312 595.734985351562 497.881164550781 456.965850830078 425.313690185547 380.203521728516 333.280181884766 322.516693115234 311.363006591797 304.649047851562 296.317016601562 267.999084472656 259.663665771484 250.448623657227 247.078018188477 247.744323730469 243.551300048828 240.203170776367 236.219909667969 232.655120849609
542.2626953125 546.770446777344 661.160522460938 755.376953125 834.660888671875 939.187133789062 1071.49291992188 1207.77270507812 1315.8837890625 1417.47155761719 1437.67883300781 1404.4521484375 1308.27746582031 1278.91784667969 1269.43359375 1232.56311035156 1245.76184082031 1314.181640625 1322.11694335938 1304.63720703125 1301.69689941406 1355.95544433594 1409.87048339844 1438.49426269531 1419.33837890625 1321.97375488281 1293.25537109375 1168.43371582031 1075.13049316406 977.258728027344 874.778442382812 828.15087890625 768.67138671875 693.043029785156 525.087341308594 480.417083740234 438.723937988281 389.102172851562 343.336334228516 330.301544189453 317.009002685547 310.492340087891 298.992462158203 272.043518066406 261.775634765625 257.687255859375 258.331573486328 257.55029296875 256.805603027344 256.176239013672 255.028930664062 254.162460327148 253.967208862305
580.702087402344 571.285766601562 643.083312988281 743.690612792969 811.603210449219 898.012390136719 1022.87652587891 1137.31884765625 1232.76062011719 1414.56689453125 1446.9501953125 1418.27380371094 1322.73742675781 1313.1162109375 1279.61901855469 1290.88317871094 1320.22326660156 1414.67980957031 1449.83630371094 1438.39599609375 1426.73852539062 1460.23779296875 1480.73706054688 1412.69262695312 1318.7958984375 1227.31188964844 1146.35388183594 1074.41186523438 996.039794921875 886.507629394531 847.725952148438 789.77880859375 735.931701660156 601.065063476562 508.138458251953 464.915710449219 418.026977539062 350.959564208984 337.734466552734 324.116088867188 314.764587402344 308.817169189453 289.757202148438 271.926177978516 268.794464111328 268.552124023438 272.634643554688 281.550109863281 289.39697265625 291.728515625 290.106567382812 288.294494628906 285.845550537109
582.37451171875 617.664184570312 674.745971679688 754.881958007812 803.780639648438 862.662231445312 959.159790039062 1083.24987792969 1182.73046875 1347.01818847656 1436.07397460938 1431.13781738281 1342.72509765625 1338.03698730469 1312.92370605469 1322.59436035156 1370.66479492188 1483.25451660156 1515.13220214844 1495.86779785156 1473.93566894531 1435.7001953125 1391.21875 1276.98986816406 1172.89282226562 1104.85864257812 1071.78564453125 994.762878417969 900.136108398438 853.066833496094 800.073120117188 741.374084472656 644.579833984375 519.114624023438 476.183227539062 433.294982910156 391.749816894531 340.680725097656 329.694549560547 318.846710205078 313.220733642578 302.847351074219 289.870697021484 285.541229248047 287.445373535156 298.219207763672 299.302032470703 304.362213134766 304.838958740234 304.619903564453 302.884246826172 300.591247558594 294.101959228516
629.419250488281 674.692260742188 731.214965820312 789.111755371094 815.926391601562 862.315307617188 939.847961425781 1051.33386230469 1139.67272949219 1300.55529785156 1442.30615234375 1425.50329589844 1389.52282714844 1377.66809082031 1320.41271972656 1338.31640625 1416.73022460938 1500.0205078125 1472.111328125 1435.29040527344 1382.77136230469 1364.88000488281 1271.76049804688 1175.57116699219 1114.25170898438 1066.3671875 989.876831054688 897.686218261719 858.425537109375 822.929443359375 771.177001953125 710.434997558594 542.719909667969 480.279846191406 430.602142333984 407.661651611328 347.610107421875 335.682464599609 322.971099853516 317.281158447266 311.028228759766 299.690612792969 293.423980712891 299.082183837891 305.899597167969 303.544342041016 310.080718994141 328.106903076172 330.795288085938 328.815338134766 320.572540283203 313.710510253906 309.997314453125
745.83203125 755.248168945312 807.336975097656 846.492919921875 843.865051269531 871.866027832031 916.47607421875 1039.53686523438 1116.37878417969 1232.45520019531 1408.35571289062 1441.3388671875 1418.09228515625 1364.5849609375 1364.76123046875 1402.50158691406 1479.59008789062 1475.02294921875 1366.84655761719 1289.24768066406 1238.01123046875 1217.01477050781 1179.13525390625 1136.61694335938 1092.193359375 1025.40148925781 927.46533203125 877.533264160156 837.649658203125 792.652709960938 748.752258300781 602.67041015625 502.039916992188 451.051849365234 416.207214355469 353.302398681641 339.819091796875 328.775024414062 321.212585449219 317.437957763672 309.017303466797 301.513519287109 304.626770019531 311.066955566406 309.56787109375 317.417022705078 332.315002441406 346.452209472656 394.473297119141 392.367797851562 380.333038330078 382.293548583984 380.654022216797
795.100769042969 801.950622558594 841.087097167969 872.935974121094 898.782287597656 898.179443359375 923.618896484375 1016.62133789062 1107.67041015625 1209.1494140625 1357.943359375 1437.43090820312 1429.6279296875 1410.55676269531 1407.08203125 1448.3291015625 1481.35681152344 1410.49401855469 1295.36267089844 1215.16381835938 1166.48449707031 1139.84301757812 1124.32568359375 1111.78894042969 1073.70983886719 975.832275390625 910.772399902344 857.611511230469 805.369689941406 757.423278808594 694.195617675781 544.844177246094 478.878540039062 432.640502929688 383.037353515625 343.030609130859 333.066741943359 324.432006835938 323.039672851562 321.305297851562 311.796264648438 311.323852539062 315.564453125 314.268432617188 318.64697265625 331.269805908203 379.056732177734 431.110076904297 458.970977783203 459.366302490234 457.629486083984 448.563446044922 457.80810546875
892.087951660156 865.516662597656 879.154235839844 908.244995117188 942.840270996094 942.724792480469 936.481506347656 1002.70928955078 1095.27526855469 1171.37951660156 1314.58764648438 1445.08801269531 1479.35473632812 1446.73510742188 1455.07189941406 1510.51745605469 1524.44421386719 1370.10534667969 1231.69885253906 1190.20458984375 1157.57458496094 1111.32849121094 1077.03967285156 1032.36938476562 987.712097167969 936.406005859375 898.621032714844 825.557373046875 765.921203613281 694.577392578125 554.254699707031 507.150115966797 461.313446044922 418.231414794922 348.271026611328 336.673645019531 326.223785400391 324.475433349609 327.082275390625 324.362121582031 319.296783447266 321.734313964844 320.090393066406 320.731536865234 329.493835449219 343.390441894531 426.757110595703 479.627197265625 501.435424804688 515.204223632812 518.658569335938 534.832397460938 552.540405273438
1017.25073242188 951.480285644531 919.733703613281 927.262023925781 961.726379394531 984.802551269531 969.292114257812 1002.00177001953 1078.95776367188 1157.31188964844 1287.7509765625 1424.18469238281 1497.06176757812 1519.89868164062 1565.80786132812 1563.93627929688 1455.849609375 1313.72631835938 1203.65356445312 1167.15661621094 1126.037109375 1058.61340332031 975.266845703125 914.01025390625 890.0966796875 886.877807617188 860.147216796875 796.198608398438 717.264343261719 570.720581054688 498.108459472656 468.551025390625 431.877227783203 388.721923828125 340.211669921875 329.65283203125 323.422668457031 328.215911865234 329.886383056641 327.831207275391 327.343170166016 324.320281982422 324.663269042969 329.80810546875 336.94287109375 383.861633300781 457.473449707031 504.137573242188 557.469848632812 589.589660644531 607.876831054688 653.137329101562 681.274536132812
1129.56799316406 1053.38354492188 981.098815917969 945.432739257812 969.16064453125 990.402099609375 992.52783203125 1010.35430908203 1085.96484375 1140.29553222656 1260.4736328125 1404.66357421875 1539.82849121094 1592.69226074219 1589.20043945312 1501.6005859375 1383.82336425781 1288.97253417969 1195.90478515625 1143.15063476562 1082.35791015625 975.837463378906 904.956420898438 858.36181640625 827.438781738281 819.2490234375 787.527282714844 762.12939453125 663.992492675781 519.402099609375 477.671783447266 441.016418457031 400.764923095703 349.640594482422 336.053161621094 325.287780761719 326.83251953125 334.144104003906 330.840545654297 330.082794189453 327.170532226562 327.231689453125 331.250762939453 337.330688476562 381.550384521484 431.622863769531 488.179595947266 542.430603027344 652.775390625 719.187683105469 746.232727050781 772.275085449219 788.998352050781
1165.56579589844 1130.12878417969 1058.06701660156 992.965270996094 969.005798339844 991.714416503906 1034.57653808594 1061.97180175781 1095.22595214844 1141.53247070312 1228.61779785156 1391.96484375 1569.36120605469 1597.38562011719 1549.63391113281 1401.38903808594 1286.51965332031 1218.66369628906 1166.87268066406 1119.31506347656 1046.09533691406 917.381591796875 862.627014160156 807.03466796875 761.0498046875 739.421752929688 730.107666015625 693.422790527344 567.835876464844 512.893737792969 469.768280029297 423.541290283203 355.920928955078 339.832092285156 329.898651123047 326.8798828125 333.793365478516 335.956878662109 333.660949707031 329.224975585938 328.119323730469 332.836547851562 337.293365478516 379.395050048828 424.857604980469 457.974273681641 507.673126220703 601.669738769531 732.751892089844 786.606750488281 820.983093261719 839.071899414062 821.7919921875
1233.16979980469 1177.78283691406 1099.79895019531 1044.96215820312 1022.55535888672 1046.19177246094 1073.15087890625 1136.25158691406 1152.6123046875 1153.55871582031 1227.68249511719 1388.20043945312 1562.03002929688 1550.54187011719 1460.81115722656 1304.13610839844 1202.18041992188 1163.88598632812 1117.54528808594 1077.46105957031 974.714294433594 881.314514160156 826.027893066406 774.970825195312 722.640930175781 646.607543945312 591.020263671875 534.158569335938 526.324951171875 489.306365966797 454.819458007812 392.576538085938 343.2216796875 333.407287597656 328.601898193359 335.007659912109 342.893585205078 334.115264892578 332.875396728516 329.504028320312 333.404632568359 338.23486328125 377.924346923828 431.679931640625 470.086059570312 500.092193603516 550.955505371094 658.201782226562 762.560424804688 825.953430175781 884.996398925781 899.917297363281 825.989929199219
1310.02038574219 1251.86340332031 1193.43347167969 1116.93969726562 1044.15490722656 1076.31164550781 1129.84350585938 1201.53759765625 1208.42260742188 1195.39282226562 1232.42504882812 1339.01416015625 1511.65295410156 1537.63073730469 1433.77258300781 1271.09777832031 1172.17431640625 1126.25183105469 1083.26477050781 983.134094238281 901.164978027344 837.309814453125 780.622985839844 737.427490234375 653.878601074219 560.913330078125 519.961242675781 492.853546142578 484.749328613281 468.232635498047 416.217926025391 351.526123046875 336.425476074219 330.521362304688 336.047332763672 346.642333984375 343.822082519531 335.484222412109 333.522888183594 334.091918945312 338.431945800781 381.629516601562 427.593902587891 484.977203369141 525.078308105469 578.815612792969 653.296936035156 735.111389160156 781.526184082031 883.24609375 956.420654296875 952.693115234375 844.134948730469
