Rscript/monthly_maps/SnowDepthMapFile-q75-1990-02.asc
ncols 320 
nrows 361 
xllcorner 618410.159 
yllcorner 5088785.286 
cellsize 100 
NODATA_value -9999 
[rows 46 to 68 of 361, columns 0 to 52 of 320]
-9999 -9999 -9999 -9999 -9999 -9999 -9999 -9999 -9999 -9999 -9999 -9999 -9999 -9999 -9999 -9999 -9999 -9999 -9999 -9999 -9999 -9999 -9999 -9999 -9999 -9999 -9999 -9999 -9999 -9999 -9999 -9999 -9999 -9999 -9999 -9999 -9999 -9999 -9999 -9999 -9999 -9999 -9999 -9999 -9999 -9999 -9999 -9999 -9999 -9999 -9999 -9999 -9999
-9999 -9999 -9999 -9999 -9999 -9999 -9999 -9999 -9999 -9999 -9999 -9999 -9999 -9999 -9999 -9999 -9999 -9999 -9999 -9999 -9999 -9999 -9999 -9999 -9999 -9999 -9999 -9999 -9999 -9999 -9999 -9999 -9999 -9999 -9999 -9999 -9999 -9999 -9999 -9999 -9999 -9999 -9999 -9999 -9999 -9999 -9999 -9999 -9999 -9999 -9999 -9999 -9999
-9999 -9999 -9999 -9999 -9999 -9999 -9999 -9999 -9999 -9999 -9999 -9999 -9999 -9999 -9999 -9999 -9999 -9999 -9999 -9999 -9999 -9999 -9999 -9999 -9999 -9999 -9999 -9999 -9999 -9999 -9999 -9999 -9999 -9999 -9999 -9999 -9999 -9999 -9999 -9999 -9999 -9999 -9999 -9999 -9999 -9999 -9999 -9999 -9999 -9999 -9999 -9999 -9999
-9999 -9999 -9999 -9999 -9999 -9999 -9999 -9999 -9999 -9999 -9999 -9999 -9999 -9999 -9999 -9999 -9999 -9999 -9999 -9999 -9999 -9999 -9999 -9999 -9999 -9999 -9999 -9999 -9999 -9999 -9999 -9999 -9999 -9999 -9999 -9999 -9999 -9999 -9999 -9999 -9999 -9999 -9999 -9999 -9999 -9999 -9999 -9999 -9999 -9999 -9999 -9999 1863.33938598633
-9999 -9999 -9999 -9999 -9999 -9999 -9999 -9999 -9999 -9999 -9999 -9999 -9999 -9999 -9999 -9999 -9999 -9999 -9999 -9999 -9999 -9999 -9999 -9999 -9999 -9999 -9999 1948.30093383789 1937.25567626953 1901.36010742188 1932.78604125977 -9999 -9999 -9999 -9999 -9999 -9999 -9999 -9999 -9999 -9999 -9999 -9999 -9999 -9999 -9999 -9999 -9999 -9999 -9999 -9999 1857.41360473633 1789.01577758789
-9999 -9999 -9999 -9999 -9999 -9999 -9999 -9999 -9999 -9999 -9999 -9999 -9999 -9999 -9999 -9999 -9999 -9999 -9999 -9999 -9999 -9999 -9999 -9999 -9999 1870.21978759766 1898.76303100586 1861.12579345703 1863.65069580078 1860.52575683594 1853.54449462891 1867.45031738281 -9999 -9999 -9999 -9999 -9999 -9999 -9999 -9999 -9999 -9999 -9999 -9999 -9999 -9999 1790.30978393555 -9999 1741.01605224609 1813.54916381836 1814.25173950195 1773.66494750977 1649.16900634766
-9999 -9999 -9999 -9999 -9999 -9999 -9999 -9999 -9999 -9999 -9999 -9999 -9999 -9999 -9999 -9999 -9999 -9999 -9999 -9999 -9999 -9999 -9999 -9999 1851.60406494141 1857.39895629883 1812.67755126953 1768.25500488281 1751.99340820312 1735.44253540039 1806.92486572266 1853.2412109375 1867.31378173828 1931.30285644531 -9999 1980.07077026367 1954.78637695312 1928.89700317383 1954.30920410156 1951.30740356445 1892.77163696289 -9999 1824.11431884766 1811.1862487793 1808.11492919922 1780.89221191406 1747.26617431641 1604.37921142578 1618.79333496094 1648.78283691406 1654.59521484375 1643.13955688477 1562.73275756836
-9999 -9999 -9999 -9999 -9999 -9999 -9999 -9999 -9999 -9999 -9999 -9999 -9999 -9999 -9999 -9999 -9999 -9999 -9999 -9999 -9999 -9999 -9999 1869.91024780273 1848.28021240234 1789.02679443359 1696.48986816406 1685.974609375 1683.57034301758 1688.75262451172 1728.41500854492 1801.63900756836 1849.22100830078 1908.62298583984 1883.74533081055 1891.18142700195 1906.25857543945 1890.59582519531 1915.32000732422 1939.13314819336 1873.88897705078 1828.04354858398 1813.18487548828 1788.49267578125 1779.10214233398 1711.43515014648 1674.63845825195 1588.30853271484 1508.38101196289 1486.76068115234 1538.53854370117 1596.62826538086 1580.22796630859
-9999 -9999 -9999 -9999 -9999 -9999 -9999 -9999 -9999 -9999 -9999 -9999 -9999 -9999 -9999 -9999 -9999 -9999 -9999 -9999 -9999 -9999 1939.02471923828 1848.69815063477 1795.8059387207 1686.84613037109 1679.77069091797 1661.56903076172 1680.63748168945 1725.00903320312 1718.38284301758 1764.3356628418 1799.20822143555 1847.62585449219 1871.99923706055 1847.75796508789 1877.30169677734 1841.9987487793 1906.89044189453 1939.37594604492 1902.63681030273 1826.37445068359 1800.78265380859 1751.54809570312 1696.68618774414 1670.95657348633 1632.12759399414 1573.59362792969 1491.16995239258 1447.38098144531 1469.66833496094 1543.53256225586 1580.59603881836
-9999 -9999 -9999 -9999 -9999 -9999 -9999 -9999 -9999 -9999 -9999 -9999 -9999 -9999 -9999 -9999 -9999 -9999 -9999 -9999 -9999 -9999 1907.16403198242 1825.68286132812 1716.05560302734 1676.64395141602 1657.62536621094 1648.99575805664 1668.20153808594 1712.61444091797 1712.84475708008 1724.84628295898 1786.80004882812 1827.59301757812 1829.41094970703 1841.48382568359 1842.05142211914 1872.77676391602 1857.18151855469 1947.36892700195 1917.50848388672 1850.96411132812 1765.70336914062 1701.56512451172 1667.00573730469 1658.50039672852 1611.8244934082 1592.30770874023 1543.77093505859 1458.15887451172 1461.74243164062 1513.79843139648 1562.58697509766
-9999 -9999 -9999 -9999 -9999 -9999 -9999 -9999 -9999 -9999 -9999 -9999 -9999 -9999 -9999 -9999 -9999 -9999 -9999 -9999 -9999 1925.69387817383 1892.5849609375 1760.66717529297 1675.1286315918 1673.81387329102 1661.623046875 1661.29672241211 1685.09918212891 1704.40237426758 1708.43249511719 1713.29235839844 1757.20599365234 1790.91589355469 1813.79315185547 1825.25982666016 1821.56661987305 1822.75802612305 1825.63726806641 1875.8053894043 1856.94931030273 1844.14007568359 1726.89477539062 1639.26528930664 1618.91857910156 1584.41415405273 1570.11563110352 1556.02075195312 1518.04885864258 1474.35897827148 1442.72711181641 1447.57672119141 1504.38095092773
-9999 -9999 -9999 -9999 -9999 -9999 -9999 -9999 -9999 -9999 -9999 -9999 -9999 -9999 -9999 -9999 -9999 -9999 -9999 -9999 -9999 1900.31973266602 1839.78527832031 1699.75820922852 1672.07357788086 1666.23809814453 1677.06726074219 1681.81225585938 1680.53665161133 1681.14126586914 1707.12631225586 1712.99591064453 1715.29992675781 1775.80041503906 1791.92272949219 1813.33853149414 1806.37893676758 1787.49313354492 1737.29986572266 1737.88693237305 1806.53112792969 1800.916015625 1683.74520874023 1565.62673950195 1543.36444091797 1538.59704589844 1517.48498535156 1484.40133666992 1491.64859008789 1436.23205566406 1408.05438232422 1409.79223632812 1438.42837524414
-9999 -9999 -9999 -9999 -9999 -9999 -9999 -9999 -9999 -9999 -9999 -9999 -9999 -9999 -9999 -9999 -9999 -9999 -9999 -9999 1956.01058959961 1923.86703491211 1797.93951416016 1731.93420410156 1666.70837402344 1654.5016784668 1678.03598022461 1704.41668701172 1679.02444458008 1683.06045532227 1729.08770751953 1704.35696411133 1690.55590820312 1752.20690917969 1779.90216064453 1788.08831787109 1779.16690063477 1723.98480224609 1635.55004882812 1593.041015625 1611.84811401367 1619.33157348633 1593.7028503418 1530.89385986328 1494.74063110352 1480.59185791016 1474.53189086914 1463.59866333008 1432.34869384766 1424.95181274414 1381.98162841797 1362.87619018555 1363.2509765625
-9999 -9999 -9999 -9999 -9999 -9999 -9999 -9999 -9999 -9999 -9999 -9999 -9999 -9999 -9999 -9999 -9999 -9999 -9999 -9999 1956.09057617188 1883.82440185547 1810.10327148438 1733.6701965332 1698.33303833008 1666.40298461914 1678.34948730469 1681.39611816406 1736.92654418945 1732.23544311523 1741.23751831055 1744.94439697266 1707.97970581055 1744.35375976562 1774.19924926758 1776.30368041992 1714.55993652344 1666.77133178711 1611.44024658203 1524.01773071289 1453.64593505859 1454.98934936523 1477.01138305664 1487.48413085938 1461.38882446289 1458.76037597656 1439.95431518555 1429.34573364258 1418.21142578125 1384.70858764648 1342.73184204102 1318.86654663086 1302.45590209961
-9999 -9999 -9999 -9999 -9999 -9999 -9999 -9999 -9999 -9999 -9999 -9999 -9999 -9999 -9999 -9999 -9999 -9999 -9999 1882.95489501953 1852.16714477539 1830.9280090332 1801.90325927734 1781.86135864258 1732.6194152832 1671.05172729492 1685.98944091797 1732.06140136719 1735.27923583984 1736.80694580078 1737.07385253906 1739.21035766602 1741.46710205078 1707.9807434082 1709.79156494141 1698.4137878418 1670.50082397461 1622.19390869141 1580.51516723633 1507.45449829102 1420.80447387695 1394.02893066406 1410.04483032227 1434.32424926758 1445.13543701172 1435.34182739258 1427.58419799805 1419.88598632812 1389.76049804688 1365.13146972656 1338.99713134766 1286.50119018555 1265.34680175781
-9999 -9999 -9999 -9999 -9999 -9999 -9999 -9999 -9999 -9999 -9999 -9999 -9999 -9999 -9999 -9999 -9999 1957.4430847168 1855.26110839844 1851.17709350586 1829.55368041992 1793.046875 1787.37243652344 1784.38415527344 1757.00256347656 1694.32345581055 1688.03466796875 1716.45538330078 1729.24600219727 1727.42318725586 1728.39236450195 1732.12701416016 1712.98690795898 1691.88485717773 1663.28845214844 1656.33334350586 1586.00302124023 1574.69476318359 1525.66943359375 1505.41763305664 1426.60885620117 1395.99926757812 1374.55612182617 1394.76416015625 1413.99517822266 1432.0436706543 1424.75643920898 1401.30813598633 1379.98724365234 1337.76931762695 1292.77593994141 1248.24960327148 1236.31881713867
-9999 -9999 -9999 -9999 -9999 -9999 -9999 -9999 -9999 -9999 -9999 -9999 -9999 -9999 -9999 -9999 1920.86456298828 1854.91027832031 1824.15512084961 1798.25369262695 1765.62445068359 1760.10787963867 1756.56625366211 1754.42593383789 1698.54290771484 1691.21929931641 1682.82745361328 1717.1028137207 1729.46893310547 1727.11264038086 1731.45370483398 1718.55001831055 1683.88809204102 1637.58438110352 1601.89892578125 1565.62890625 1542.67486572266 1518.82705688477 1518.46459960938 1496.99627685547 1440.2239074707 1408.82537841797 1383.77661132812 1364.21371459961 1379.57437133789 1403.71624755859 1417.78778076172 1396.48315429688 1361.94863891602 1325.12420654297 1268.51892089844 1233.06631469727 1205.79278564453
-9999 -9999 -9999 -9999 -9999 -9999 -9999 -9999 -9999 -9999 -9999 -9999 -9999 -9999 1969.95556640625 1884.31997680664 1846.39004516602 1805.97979736328 1733.42700195312 1730.12182617188 1737.81726074219 1717.68319702148 1699.79406738281 1679.21405029297 1674.13180541992 1672.1305847168 1686.44607543945 1681.64114379883 1708.93124389648 1706.14590454102 1675.1096496582 1680.09796142578 1647.5188293457 1598.16778564453 1521.54827880859 1500.31069946289 1477.4423828125 1466.95745849609 1478.81393432617 1460.64364624023 1436.32162475586 1425.7197265625 1380.19100952148 1352.79196166992 1350.38110351562 1374.49969482422 1410.94216918945 1406.48971557617 1358.60787963867 1301.14300537109 1254.54052734375 1222.84851074219 1190.4833984375
-9999 -9999 -9999 -9999 -9999 -9999 -9999 -9999 -9999 -9999 -9999 -9999 -9999 1992.94573974609 1946.06625366211 1814.73501586914 1725.5823059082 1710.27685546875 1713.90093994141 1701.11190795898 1696.03314208984 1695.2341003418 1673.49377441406 1646.90814208984 1644.58666992188 1649.67242431641 1657.35162353516 1659.12106323242 1660.35562133789 1659.24249267578 1660.685546875 1643.61639404297 1595.68344116211 1547.16375732422 1499.67010498047 1442.40054321289 1437.00051879883 1432.0751953125 1433.71270751953 1433.63787841797 1421.03411865234 1396.90417480469 1371.61434936523 1344.80191040039 1338.2825012207 1344.18371582031 1380.87698364258 1402.48098754883 1356.20233154297 1286.54235839844 1243.84609985352 1216.31387329102 1192.82205200195
-9999 -9999 -9999 -9999 -9999 -9999 -9999 -9999 -9999 -9999 -9999 -9999 1995.07373046875 1955.00057983398 1795.41802978516 1692.04754638672 1671.85934448242 1691.5505065918 1702.49621582031 1697.64993286133 1677.62548828125 1651.37503051758 1632.79397583008 1586.38903808594 1601.94869995117 1591.7294921875 1607.2106628418 1618.8561706543 1617.73251342773 1602.91110229492 1604.72338867188 1592.71646118164 1544.43182373047 1502.83093261719 1462.37442016602 1427.37744140625 1406.0368347168 1399.70706176758 1401.88452148438 1416.25506591797 1391.79272460938 1369.22210693359 1352.43084716797 1331.25411987305 1322.34994506836 1303.52658081055 1327.73937988281 1357.54309082031 1351.84762573242 1285.71716308594 1226.64981079102 1203.80249023438 1189.33346557617
-9999 -9999 -9999 -9999 -9999 -9999 -9999 -9999 -9999 -9999 -9999 -9999 1957.14630126953 1828.69769287109 1678.83093261719 1666.49291992188 1660.9778137207 1673.53735351562 1678.47930908203 1673.80838012695 1654.58615112305 1618.08215332031 1601.1159362793 1561.64678955078 1551.1145324707 1542.84292602539 1559.39630126953 1560.24771118164 1582.47317504883 1559.43746948242 1558.98168945312 1526.40246582031 1500.94818115234 1456.47442626953 1424.7463684082 1404.01818847656 1391.68310546875 1376.00796508789 1366.95294189453 1371.15390014648 1376.61590576172 1354.97711181641 1331.48226928711 1313.99768066406 1287.79739379883 1257.45822143555 1238.57247924805 1268.85809326172 1283.96640014648 1259.70935058594 1197.87677001953 1157.82897949219 1157.11834716797
-9999 -9999 -9999 -9999 -9999 -9999 -9999 -9999 -9999 -9999 -9999 1902.86715698242 1850.40432739258 1666.83096313477 1622.63494873047 1655.32025146484 1660.22299194336 1663.55126953125 1654.01385498047 1611.3762512207 1604.21286010742 1567.40979003906 1538.89056396484 1516.49856567383 1509.78863525391 1521.9345703125 1533.90866088867 1532.29379272461 1531.26110839844 1537.36486816406 1510.32711791992 1496.31500244141 1460.41442871094 1427.109375 1394.94018554688 1391.07287597656 1370.83160400391 1356.46508789062 1341.04095458984 1339.17730712891 1337.66366577148 1333.82659912109 1317.01528930664 1287.57290649414 1251.03695678711 1210.53213500977 1165.54861450195 1179.6296081543 1167.24258422852 1172.09732055664 1128.17709350586 1100.04190063477 1088.68878173828
-9999 -9999 -9999 -9999 -9999 -9999 -9999 -9999 -9999 -9999 -9999 1842.36865234375 1751.30392456055 1630.43954467773 1601.60873413086 1626.78149414062 1639.72714233398 1621.63342285156 1604.40972900391 1564.00479125977 1525.25152587891 1511.2590637207 1497.87506103516 1461.82205200195 1486.45526123047 1498.95874023438 1497.50350952148 1513.72732543945 1510.10488891602 1498.70904541016 1486.25448608398 1451.86633300781 1420.42971801758 1393.12634277344 1379.49365234375 1355.21768188477 1336.33551025391 1332.01266479492 1303.53900146484 1275.05603027344 1294.57534790039 1289.34390258789 1263.7375793457 1231.11901855469 1210.71411132812 1161.91207885742 1127.08932495117 1086.56848144531 1068.76129150391 1040.30966186523 1018.80375671387 993.358856201172 1006.1884765625
