Rscript/monthly_maps/SnowDepthMapFile-sd-1989-06.asc
ncols 320 
nrows 361 
xllcorner 618410.159 
yllcorner 5088785.286 
cellsize 100 
NODATA_value -9999 
[rows 116 to 144 of 361, columns 0 to 65 of 320]
-9999 -9999 -9999 -9999 -9999 -9999 -9999 -9999 -9999 -9999 -9999 -9999 -9999 -9999 -9999 -9999 -9999 -9999 -9999 -9999 348.720110218056 354.245687939408 349.378532995037 346.886737536133 352.189408035096 358.137554220592 355.291892945321 356.802890869404 360.119954498774 360.234823534566 357.286209953991 354.841804555131 353.383686957295 353.159518842901 352.961675012341 353.106399331605 351.523363538144 351.054711195456 351.471406086089 351.440349157323 351.499924856428 352.066425372329 352.201568346905 353.466769376548 347.193827422466 337.864611258235 315.169328452609 306.692303994395 306.645011356973 307.904413808147 304.098658068206 299.675502763939 287.30516992516 281.574565128871 277.869365978033 276.020137923723 275.337323821723 275.064034970521 274.814297529078 273.012854883537 273.011921047309 268.664854028844 261.578097585005 248.062685187813 236.043599880112 221.454204431521
-9999 -9999 -9999 -9999 -9999 -9999 -9999 -9999 -9999 -9999 -9999 -9999 -9999 -9999 -9999 -9999 -9999 -9999 -9999 364.240221978122 361.423731937519 359.788858153639 357.371832423259 358.082526129384 355.995344696212 354.948286723914 354.791401957845 357.824871275768 360.296805448267 361.066189147201 358.339918121941 357.928930319292 355.507301873538 354.315541236323 354.021624533851 353.322195246184 353.294957324674 353.382391346054 353.063049080654 352.684213926014 351.540330723416 351.998254093504 352.157063093749 353.705978559742 349.053183674388 340.634724210904 322.570323558133 310.842001094926 307.643319147115 305.80377473515 301.177820089299 291.260143024139 284.831524950338 280.597530272905 279.10437398133 277.951741657048 277.616955434816 276.541723599364 275.562877711917 275.387853682596 274.686971271673 272.675055032247 262.68620495247 252.832109767517 240.623255468163 227.775695442199
-9999 -9999 -9999 -9999 -9999 -9999 -9999 -9999 -9999 -9999 -9999 -9999 -9999 -9999 -9999 -9999 -9999 -9999 368.053617891072 366.422640888967 367.807872715016 366.550246212738 361.687173122651 358.758930040575 356.571568379845 354.944148139462 352.634967431065 357.955228431824 360.083681844701 361.479084118457 359.412812454197 358.957188843406 358.104565710637 357.104439367285 355.123618687133 354.307682514393 353.510493090318 353.539353348574 353.491230422081 353.452569681915 353.396515060782 353.249276225078 353.567720365353 354.058998064633 349.716747469818 345.114732222958 331.359506832122 322.464156046142 312.983977343481 306.005740627011 298.990202679418 288.145480762707 284.018012602272 282.226355181777 281.675789519463 280.264339329963 279.459446083479 278.619593091134 278.169472472967 277.75752737901 276.401768464846 274.095394470245 263.782118229877 253.145710816232 241.367226821266 230.02147268741
-9999 -9999 -9999 -9999 -9999 -9999 -9999 -9999 -9999 -9999 -9999 -9999 -9999 -9999 -9999 -9999 -9999 -9999 354.783551297038 360.488656458848 364.873348246328 371.908504791247 367.690983766114 363.976479834177 360.73644608289 358.099627155036 351.822089207692 355.853641523848 358.641728900881 359.58046787738 360.680947253172 359.961871102357 358.915546135813 357.803951742783 355.730392662468 355.424620137762 355.27906756751 354.360816467665 353.914669237243 353.581069926231 353.447256479201 353.460814925711 352.372499394654 354.503990540612 352.675809256575 346.406340477416 338.172382964365 328.715391843846 319.570688217405 309.354734352365 302.208076129742 293.259606027735 286.527280744667 282.621419598791 281.093005320772 280.20622579317 279.838365005124 280.098874069579 279.445796314779 279.344723646476 278.859810201593 276.863772455109 267.179640256852 253.195253797325 240.181734574707 231.234114108228
-9999 -9999 -9999 -9999 -9999 -9999 -9999 -9999 -9999 -9999 -9999 -9999 -9999 -9999 -9999 -9999 -9999 -9999 342.69445965455 356.690533458617 355.986353063042 366.948778723883 367.467806019536 366.193313080868 368.781178552864 361.241485038435 351.569150019472 354.578019744258 357.948017811301 359.281951806485 359.303205901384 360.999375388784 359.854112984148 358.514033774736 357.907853002349 357.2821014297 355.587046560053 354.717358826316 354.327564536721 353.682469405673 352.802317090413 352.290865004888 351.199522599774 352.856000847125 348.745341099573 343.669933842734 335.46031048089 326.790455011812 319.595228358505 312.110289468848 307.256762641273 302.220376949197 296.823477120143 286.942788820373 282.722223631586 281.229528923737 281.061656157452 281.385408474798 281.57576449176 281.566244756728 281.4186833332 278.991899676235 270.084084502503 255.494500962653 239.261568056701 232.711076141528
-9999 -9999 -9999 -9999 -9999 -9999 -9999 -9999 -9999 -9999 -9999 -9999 -9999 -9999 -9999 -9999 -9999 357.731910710965 342.479856099363 345.27133258306 350.437040884963 360.27230810223 365.176435642927 364.420904586125 372.769539191708 363.075595021101 356.186921722182 354.288689073745 357.338154229031 358.453812273728 359.141909569062 359.222999005655 358.783747523475 360.421977532139 359.497706187826 357.593407134489 357.321133209704 356.908531033322 355.152032116352 355.213524343443 355.458493343461 355.319254625639 354.173165963314 355.00121791114 346.179125612714 337.762055011945 326.24865630566 319.603233712736 315.310109147197 313.623205796439 311.950830978513 307.87577132818 302.002921969334 297.060074709809 287.143815814783 283.852161733233 283.406323659083 283.297776641313 283.202151356335 283.149655505403 283.680207279939 282.887994827546 274.823562412023 259.943406449308 243.66484845001 235.394418431339
-9999 -9999 -9999 -9999 -9999 -9999 -9999 -9999 -9999 -9999 -9999 -9999 -9999 -9999 -9999 -9999 -9999 -9999 334.231297671158 341.443231736961 349.657728850646 350.830823258049 359.201138291978 366.475673991092 370.495933757717 364.847045487847 362.954700504899 361.530537607955 358.715587737458 361.075935138101 360.036283446888 359.978663626933 359.474666630557 358.968203187197 358.730986667699 358.673367762425 359.153392808387 358.521884025595 358.479845984033 358.599755306458 359.158561642315 359.341389969382 355.62576397123 353.959392879811 345.305751816099 329.812666794086 315.487720049236 312.038955818662 311.658563917021 317.549948726457 318.059093845019 311.000626527411 305.377790051196 301.068321992675 293.733509332511 287.272060183489 285.346934516985 284.827331072569 283.806691480405 284.553785955168 284.897815857481 283.590402053151 277.367802784874 266.548802864737 255.448015740411 240.233020965591
-9999 -9999 -9999 -9999 -9999 -9999 -9999 -9999 -9999 -9999 -9999 -9999 -9999 -9999 -9999 -9999 -9999 351.894927681109 346.135775726479 339.064242980885 345.260928319947 349.55335486081 354.786261501698 367.057910245969 365.521384889215 366.374992976271 368.723073828638 364.188039625753 363.820258356193 364.16029139887 363.01587906941 362.520617863375 362.47716697345 361.145890427146 360.166160939859 359.575802226977 359.656666488907 359.140150976692 359.619169985524 359.456617679717 360.930504466018 358.827049768653 355.343053250874 354.388369341084 343.492775582631 329.411968003025 312.354895607038 310.077218388058 312.645552807988 318.61881903374 318.26140286248 312.050547838976 306.699342815202 301.65048057084 298.065173949937 292.50610402676 287.423199161335 284.734548840022 284.119628756429 284.150659049871 283.62626636415 281.585425352255 275.888574627964 268.574593661294 259.564289400825 248.975448802742
-9999 -9999 -9999 -9999 -9999 -9999 -9999 -9999 -9999 -9999 -9999 -9999 -9999 -9999 -9999 -9999 -9999 350.587852527044 347.102439149999 340.564878209697 344.514727759319 350.333011116868 356.01040200798 358.360749695281 364.534023910827 367.108766760546 368.783248948458 367.803427468879 366.432724710919 365.376519445352 366.730280757053 366.688306077986 365.060439601228 363.561459031069 363.68578676779 363.727259110551 364.088147604677 364.060680247485 364.312765389514 363.418374932211 359.325393137691 359.146255819686 357.514971182654 363.168337741001 341.856911785021 325.173675100758 313.426837790167 312.694535413236 314.718555807742 316.979133060446 315.980961742725 311.413884509162 306.006297274381 301.469571195009 298.66426924818 292.732839174788 287.204289186566 283.003058445174 281.551937595451 279.731277268008 276.025421889782 272.052795132574 262.883478508705 259.389919074568 255.154164818327 250.237192883452
-9999 -9999 -9999 -9999 -9999 -9999 -9999 -9999 -9999 -9999 -9999 -9999 -9999 -9999 -9999 -9999 -9999 352.292259431828 351.522705227363 346.495332296552 353.430585041115 352.025671589274 352.985286068721 357.34705645906 364.419445566031 370.245707815141 370.296743110331 370.513187039618 368.761726548275 366.154801215482 366.207769697338 367.352065638036 367.593524077874 367.48374767501 367.221534107832 367.416631279876 367.762409403894 368.058083658317 368.38134750735 366.963495685868 361.05241505499 359.554463018903 367.718584506077 362.187256223768 341.755106583235 321.497319720024 313.587823245 314.134309930594 315.42823105205 314.546926428836 312.983124837916 310.211066614133 304.538616178936 299.046857973579 291.537966843213 288.339898131764 283.671301329593 278.751183155421 269.572112630463 267.3205149259 264.027143393547 261.657437947897 253.094191726028 247.045591510288 243.234134294246 241.35850311452
-9999 -9999 -9999 -9999 -9999 -9999 -9999 -9999 -9999 -9999 -9999 -9999 -9999 -9999 -9999 -9999 -9999 352.201941313901 348.253798695446 350.225952609874 354.537564425044 352.372313461225 348.951097518954 357.085105781029 365.385317048657 370.400055916145 371.063891860131 371.198684378223 370.508683856114 367.480253505044 366.143203198352 367.515616387438 368.026288353837 368.519366983013 368.404986959469 368.661194163449 368.816764690656 369.215749534992 369.189450401396 368.734949721022 360.17823923691 362.305443066285 367.360767610779 365.538212226821 334.296689650031 320.312692490312 312.257536488774 315.492563783564 318.240809136394 316.648540626887 313.189608318051 309.083530588815 304.251499202262 298.492223175934 290.822058393243 286.510286154858 281.537578490769 274.857034749158 269.840177377502 272.670396171935 276.080224726543 271.08269712849 265.407446502131 259.292025256812 249.82496119097 243.395313024626
-9999 -9999 -9999 -9999 -9999 -9999 -9999 -9999 -9999 -9999 -9999 -9999 -9999 -9999 -9999 -9999 -9999 -9999 -9999 -9999 356.670423329619 353.200508676399 346.726895313116 353.446417854555 359.852294097563 364.177678071096 370.81621361141 370.758846873253 370.654795097861 369.669667595172 366.662537702313 367.580991639884 368.125908425331 368.212852715373 369.22728106122 369.385744220669 369.067289842289 370.295067433493 369.250324668082 365.376413861001 361.19106312117 366.80351783467 368.681996982027 354.652967794388 331.916258708069 317.77830428474 307.707287872936 316.287846409018 321.416256927187 319.534130854638 316.513435269705 312.234619473896 308.411542545748 305.075136039808 300.692916834693 292.860151137053 290.849253260636 290.127770537577 294.344178001856 309.546939091213 313.612514704555 312.283117815485 305.377459331717 291.158046829081 279.498378880675 264.273150378304
-9999 -9999 -9999 -9999 -9999 -9999 -9999 -9999 -9999 -9999 -9999 -9999 -9999 -9999 -9999 -9999 -9999 -9999 -9999 -9999 -9999 -9999 -9999 -9999 -9999 -9999 372.078716568542 371.357290233342 370.722512592328 370.771339894767 369.495630062401 367.308422771758 367.904304961752 368.769178968515 369.098948444996 369.448875444521 369.643646660546 370.010186655414 368.429394985482 362.909798239067 365.534371354231 370.687563206872 371.377615630031 355.1980397533 322.671456897073 311.62024799203 306.902811060535 310.939072536576 321.874744417481 323.056685744111 320.233155129974 320.039153255458 315.595614453571 314.479161424706 313.575448434882 313.285717000297 315.769549304835 324.09377634368 338.361811387977 348.748817934077 338.458277272761 331.399799666418 326.270800167011 322.611016729807 309.307653323043 290.5545916485
-9999 -9999 -9999 -9999 -9999 -9999 -9999 -9999 -9999 -9999 -9999 -9999 -9999 -9999 -9999 -9999 -9999 -9999 -9999 -9999 -9999 -9999 -9999 -9999 -9999 -9999 -9999 370.84253823342 371.146519877714 370.799647377981 369.140937891426 369.422431715968 370.035545247378 370.624426093941 371.100868635647 371.261286958997 369.821234105383 368.415618206509 366.089161508793 366.889241219856 370.571598230412 370.771764119036 373.146687798144 360.14894105647 330.039430956429 320.407257183814 305.311101554381 312.97599193404 320.4539961514 325.766728294702 326.047856945808 329.455643271418 330.280613072634 329.991848986373 334.401101780848 340.211775958929 347.395420055628 343.847719846012 355.502697441246 355.669122803567 351.89702385127 344.987751944185 337.116520181508 328.62448080899 319.927040991538 305.578540043835
-9999 -9999 -9999 -9999 -9999 -9999 -9999 -9999 -9999 -9999 -9999 -9999 -9999 -9999 -9999 -9999 -9999 -9999 -9999 -9999 -9999 -9999 -9999 -9999 -9999 -9999 -9999 -9999 -9999 371.088523537638 370.061675955841 369.125941397915 368.9124671002 369.616042289912 370.001013042604 370.038862068821 368.23282805814 366.481858291062 367.24222539624 369.74465262938 370.993447284899 373.108559071081 366.018595279976 362.570210974325 353.954679757373 331.016621640763 323.725329205974 322.287786538023 323.690574640817 330.311029365268 338.9751855424 339.469329198394 343.194298979066 346.815373503838 353.776828551802 357.130472061588 356.881292789267 360.830947654279 353.980386488005 347.102536119018 342.033128562344 336.682712705253 331.782022839361 327.454697591267 319.998494298782 310.296360910854
-9999 -9999 -9999 -9999 -9999 -9999 -9999 -9999 -9999 -9999 -9999 -9999 -9999 -9999 -9999 -9999 -9999 -9999 -9999 -9999 -9999 -9999 -9999 -9999 -9999 -9999 -9999 -9999 -9999 -9999 370.676288480906 370.217086213169 369.190504374943 369.892070269164 369.996008567889 368.808802648491 366.928154383955 368.419466368848 370.135540201677 373.043898958867 378.605516877635 375.920555157885 371.660607222415 364.209439273147 361.748045429074 338.751971122815 329.993330486307 326.3341984012 344.807025677003 334.008664611159 340.386940638045 344.172986925923 346.631132459931 348.281978180006 354.998099458564 355.735105652913 352.41675433923 346.600097378413 336.114614936042 330.328885735886 328.79928138896 327.032977327857 324.479308777213 320.792950715119 313.799336934534 309.430523442944
-9999 -9999 -9999 -9999 -9999 -9999 -9999 -9999 -9999 -9999 -9999 -9999 -9999 -9999 -9999 -9999 -9999 -9999 -9999 -9999 -9999 -9999 -9999 -9999 -9999 -9999 -9999 -9999 -9999 -9999 -9999 369.068856912381 369.14174633417 369.275456644344 369.438777626947 368.434163144193 368.912628094965 369.692549830626 377.56112911527 381.917565372188 376.640385211891 372.940381746292 370.746078468111 372.367281085448 370.695873061587 361.951014569439 352.279234353532 357.642759212859 371.407686769425 364.129119101173 372.986230471853 366.222348671184 360.893712979042 360.183022772863 354.518192730575 349.204211146676 339.569297050732 330.783980155883 322.109852829361 315.612226978436 312.963747755084 311.95427828051 310.721849876065 309.851533049136 308.851429370996 308.13924105412
-9999 -9999 -9999 -9999 -9999 -9999 -9999 -9999 -9999 -9999 -9999 -9999 -9999 -9999 -9999 -9999 -9999 -9999 -9999 -9999 -9999 -9999 -9999 -9999 -9999 -9999 -9999 -9999 -9999 -9999 -9999 -9999 368.019534449742 368.144649643789 368.108393337547 369.01750277435 372.964697831047 378.95474498154 379.827334718994 380.467197332465 383.765391478727 379.918014765423 370.914490317864 371.556761935497 364.443303814863 363.631622433336 361.902753688416 372.617719403806 377.766919389053 371.962799668971 373.885336721782 363.189699404996 362.272723407196 356.358306260153 350.547394977602 341.718722425982 330.913417105302 318.829176045441 312.168934765694 307.397379510035 303.980546978318 303.564592072113 305.776213595852 306.307511743578 306.981615284487 307.901623996889
-9999 -9999 -9999 -9999 -9999 -9999 -9999 -9999 -9999 -9999 -9999 -9999 -9999 -9999 -9999 -9999 -9999 -9999 -9999 -9999 -9999 -9999 -9999 -9999 -9999 -9999 -9999 -9999 -9999 -9999 -9999 -9999 -9999 368.728323242883 370.5679022287 372.574922911816 377.50902035053 381.487711068756 380.213759556305 381.132242512797 388.264125005005 -9999 -9999 -9999 362.496197824411 367.756574487546 364.267549898886 372.219356484125 371.455830676041 374.725854495401 367.213029248995 363.89539386393 358.58197495422 353.728227163538 348.494101381606 336.354389405756 323.826215719106 311.871507179066 306.219995107348 305.290966559682 304.773287829409 305.381567092733 305.351408863804 307.431026151726 307.927740604243 308.453553937531
-9999 -9999 -9999 -9999 -9999 -9999 -9999 -9999 -9999 -9999 -9999 -9999 -9999 -9999 -9999 -9999 -9999 -9999 -9999 -9999 -9999 -9999 -9999 -9999 -9999 -9999 -9999 -9999 -9999 -9999 -9999 -9999 -9999 -9999 -9999 -9999 -9999 -9999 -9999 -9999 -9999 -9999 -9999 -9999 369.611478475737 369.564799391069 363.340139936556 372.442612878882 368.713119387605 368.18893400847 361.875353663416 362.538702234752 359.388749588765 353.202513017204 345.723351434948 332.588808419009 316.89337214321 307.154661955325 303.261470447923 304.953381612927 307.212017026582 307.867875995064 308.014520639449 308.780468656278 308.29448510193 309.053059179385
-9999 -9999 -9999 -9999 -9999 -9999 -9999 -9999 -9999 -9999 -9999 -9999 -9999 -9999 -9999 -9999 -9999 -9999 -9999 -9999 -9999 -9999 -9999 -9999 -9999 -9999 -9999 -9999 -9999 -9999 -9999 -9999 -9999 -9999 -9999 -9999 -9999 -9999 -9999 -9999 -9999 -9999 -9999 -9999 370.122851827346 367.441500345602 363.594785848545 370.264132670637 368.854074712353 361.732667745063 362.722823036944 358.631794697209 356.673319871487 352.163471171235 344.11786827852 328.120630108489 312.392299060138 303.43743421316 303.51912763805 306.459319243993 308.18047157213 307.777093092103 308.327202633229 308.992193401408 309.745353612936 309.669835718401
-9999 -9999 -9999 -9999 -9999 -9999 -9999 -9999 -9999 -9999 -9999 -9999 -9999 -9999 -9999 -9999 -9999 -9999 -9999 -9999 -9999 -9999 -9999 -9999 -9999 -9999 -9999 -9999 -9999 -9999 -9999 -9999 -9999 -9999 -9999 -9999 -9999 -9999 -9999 -9999 -9999 -9999 -9999 -9999 369.128377935497 364.928045263389 363.37495148665 367.266361074112 364.687181302431 360.949663540323 356.567059327278 354.024573049151 351.144080717452 346.779167675624 335.994029395166 322.460414888835 308.981565007391 303.825618707894 305.335855201739 308.188586841144 308.315405539845 308.923939562585 308.883804556478 309.863713760162 312.502242433698 311.891040137118
-9999 -9999 -9999 -9999 -9999 -9999 -9999 -9999 -9999 -9999 -9999 -9999 -9999 -9999 -9999 -9999 -9999 -9999 -9999 -9999 -9999 -9999 -9999 -9999 -9999 -9999 -9999 -9999 -9999 -9999 -9999 -9999 -9999 -9999 -9999 -9999 -9999 -9999 -9999 -9999 -9999 -9999 -9999 -9999 367.99662274529 366.584900140557 363.556906302498 365.981833192077 359.878271722157 353.031370724666 350.339454134969 346.768063240937 338.970193211441 335.339304495043 328.788601297693 321.597127619534 311.035944859955 307.303978735657 308.385388294446 309.770664171335 309.411578109317 309.465085825634 311.940835338034 314.025605589742 314.366746484961 308.921400292389
-9999 -9999 -9999 -9999 -9999 -9999 -9999 -9999 -9999 -9999 -9999 -9999 -9999 -9999 -9999 -9999 -9999 -9999 -9999 -9999 -9999 -9999 -9999 -9999 -9999 -9999 -9999 -9999 -9999 -9999 -9999 -9999 -9999 -9999 -9999 -9999 -9999 -9999 -9999 -9999 -9999 -9999 -9999 359.473891667526 366.267336741392 365.590793939737 370.947066333491 366.201982016713 355.452766718929 349.441486696562 343.826836264232 336.852317222391 334.16003927477 328.976582920628 325.68291977633 321.608548366273 318.902126574889 315.121979692738 315.987865783098 314.163028553117 312.742954572756 314.350650816603 315.220957660858 315.361377329531 312.54011021291 307.305732320513
-9999 -9999 -9999 -9999 -9999 -9999 -9999 -9999 -9999 -9999 -9999 -9999 -9999 -9999 -9999 -9999 -9999 -9999 -9999 -9999 -9999 -9999 -9999 -9999 -9999 -9999 -9999 -9999 -9999 -9999 -9999 -9999 -9999 -9999 -9999 -9999 -9999 -9999 -9999 -9999 -9999 -9999 363.834747629493 359.226763622184 361.396526395565 360.954508549152 371.926099684253 364.159611794996 352.869139320639 346.648992984474 338.455558561191 333.504881447345 331.220246543537 329.288839048176 325.682202442586 324.164765749736 322.676900921911 320.64046376655 319.037137703289 315.829480015416 315.76743255979 315.96306796314 315.889540726587 315.900418816128 312.667422346561 307.406848370345
-9999 -9999 -9999 -9999 -9999 -9999 -9999 -9999 -9999 -9999 -9999 -9999 -9999 -9999 -9999 -9999 -9999 -9999 -9999 -9999 -9999 -9999 -9999 -9999 -9999 -9999 -9999 -9999 -9999 -9999 -9999 -9999 -9999 -9999 -9999 -9999 -9999 -9999 -9999 -9999 -9999 -9999 359.565011803371 353.54495224712 351.431075876252 355.721088185134 371.083809710644 359.289401637019 349.647128150325 343.566253197845 333.16540416396 330.72435034627 327.927925429144 328.629703649504 327.572971890366 326.509005299612 325.542913026664 322.872304312721 321.445513824749 320.391754425026 320.222406001862 319.775644283456 318.5878192716 315.795462121054 315.061693188973 307.790962070826
-9999 -9999 -9999 -9999 -9999 -9999 -9999 -9999 -9999 -9999 -9999 -9999 -9999 -9999 -9999 -9999 -9999 -9999 -9999 -9999 -9999 -9999 -9999 -9999 -9999 -9999 -9999 -9999 -9999 -9999 -9999 -9999 -9999 -9999 -9999 -9999 -9999 -9999 -9999 -9999 -9999 -9999 349.839631080076 347.586836269186 347.725223377726 353.217474776906 357.36097809392 356.284460419974 350.222318312444 343.406949398348 332.53387814571 328.249001627673 324.87576753687 326.113339215702 327.503687133907 327.076857619503 326.552194864431 325.924279176266 324.226076293437 322.64656564026 321.782703273875 321.290544713806 320.521864373486 318.638690317008 316.696272198577 310.545158969012
-9999 -9999 -9999 -9999 -9999 -9999 -9999 -9999 -9999 -9999 -9999 -9999 -9999 -9999 -9999 -9999 -9999 -9999 -9999 -9999 -9999 -9999 -9999 -9999 -9999 -9999 -9999 -9999 -9999 -9999 -9999 -9999 -9999 -9999 -9999 -9999 -9999 -9999 -9999 -9999 -9999 -9999 342.258507436449 338.224152375816 338.298950718953 345.321380520182 347.720400018023 345.476900887716 347.210838913592 341.460403346371 331.631825197389 325.903214329388 323.625691845049 325.090722982491 327.536021727298 327.971836415414 327.347689035863 326.997658973452 326.619718656125 326.010691719363 323.948837161969 322.231160486898 321.817880257178 320.804605183485 320.392204307733 316.443880852406
-9999 -9999 -9999 -9999 -9999 -9999 -9999 -9999 -9999 -9999 -9999 -9999 -9999 -9999 -9999 -9999 -9999 -9999 -9999 -9999 -9999 -9999 -9999 -9999 -9999 -9999 -9999 -9999 -9999 -9999 -9999 -9999 -9999 -9999 -9999 -9999 -9999 -9999 -9999 -9999 -9999 -9999 343.697422106149 338.116614665234 331.556426994999 344.84473752344 342.155543167326 343.725048383589 347.231670946398 338.694541477561 333.902702637124 325.898754670592 322.247850501287 323.984090643074 327.111540829259 329.105092916824 328.601531388081 327.816539311467 327.553846833111 327.059873814233 326.362408563496 324.967598727346 322.916702847854 323.604401388748 326.644949658551 327.543256229651
