Rscript/monthly_maps/SnowDepthMapFile-max-1989-12.asc
ncols 320 
nrows 361 
xllcorner 618410.159 
yllcorner 5088785.286 
cellsize 100 
NODATA_value -9999 
[rows 92 to 114 of 361, columns 53 to 105 of 320]
1822.34448242188 1905.36535644531 1921.52941894531 1795.65661621094 1718.66369628906 1697.93688964844 1674.71362304688 1632.3603515625 1604.88732910156 1560.96997070312 1459.57824707031 1349.22766113281 1206.45056152344 1065.07189941406 904.469665527344 785.731079101562 717.293029785156 669.998718261719 637.705993652344 614.545471191406 590.4140625 554.6064453125 534.24755859375 520.355834960938 525.306823730469 534.730407714844 539.686462402344 548.919616699219 617.163146972656 737.869812011719 838.556762695312 985.216918945312 1090.43237304688 1201.54321289062 1273.74951171875 1295.93334960938 1296.47180175781 1299.55236816406 1325.77697753906 1350.46545410156 1387.65942382812 1425.89099121094 1479.74597167969 1515.38464355469 1542.35900878906 1566.12316894531 1585.05578613281 1592.28125 1585.61401367188 1576.07678222656 1563.49206542969 1585.01025390625 1586.83984375
1899.625 1913.09265136719 1860.18286132812 1791.3798828125 1717.50341796875 1693.91284179688 1665.37963867188 1631.96411132812 1590.66345214844 1529.28674316406 1450.94653320312 1374.69152832031 1272.74096679688 1156.82751464844 1001.76977539062 829.9833984375 743.055786132812 689.100891113281 647.226928710938 628.315551757812 606.148498535156 574.951049804688 544.702331542969 527.698120117188 519.950134277344 515.398498535156 520.090576171875 536.468811035156 595.731018066406 685.726318359375 801.969848632812 880.60888671875 1004.68768310547 1126.87377929688 1209.32995605469 1239.23767089844 1240.7236328125 1248.09912109375 1265.87902832031 1288.3046875 1316.83142089844 1364.01672363281 1391.83361816406 1413.89294433594 1452.939453125 1496.00500488281 1539.33386230469 1558.6162109375 1533.21630859375 1502.25134277344 1490.7041015625 1500.59155273438 1507.88208007812
1926.03991699219 1945.13464355469 1827.53698730469 1744.88159179688 1712.45104980469 1688.44787597656 1655.20727539062 1626.20422363281 1573.28430175781 1510.33190917969 1436.66174316406 1383.8154296875 1326.29162597656 1229.38256835938 1088.81823730469 894.986877441406 776.672180175781 714.414306640625 664.797790527344 641.513977050781 623.045837402344 596.636047363281 556.334228515625 533.766479492188 520.348327636719 511.554779052734 517.607177734375 535.251037597656 559.678588867188 639.536437988281 728.7919921875 815.517761230469 893.856506347656 1040.42150878906 1133.68115234375 1154.28161621094 1162.33312988281 1178.69653320312 1211.6884765625 1234.17175292969 1255.22778320312 1266.64697265625 1286.55700683594 1321.68310546875 1358.85632324219 1422.015625 1486.81396484375 1517.25256347656 1486.9052734375 1434.513671875 1406.59313964844 1409.40625 1418.1962890625
1959.39477539062 1956.68615722656 1837.01818847656 1738.26806640625 1706.86889648438 1667.70129394531 1637.15454101562 1600.40490722656 1555.78295898438 1485.88049316406 1430.34899902344 1394.30407714844 1354.62414550781 1289.81591796875 1161.30200195312 984.19677734375 832.719421386719 745.431274414062 695.000183105469 653.655395507812 635.679260253906 612.595275878906 581.717834472656 544.415222167969 520.079467773438 506.643707275391 515.288635253906 528.274475097656 536.049560546875 581.200012207031 664.6181640625 757.648864746094 831.815002441406 912.742248535156 1005.83404541016 1076.03332519531 1080.02001953125 1124.24450683594 1151.62084960938 1175.59375 1183.59594726562 1187.27612304688 1199.50598144531 1224.81994628906 1277.44555664062 1334.06604003906 1403.10083007812 1433.07299804688 1424.1005859375 1367.35375976562 1326.37658691406 1314.10791015625 1309.61730957031
1948.94580078125 2007.20458984375 1861.25842285156 1738.13293457031 1677.45837402344 1655.47216796875 1618.23107910156 1581.76025390625 1529.4501953125 1471.39453125 1428.40295410156 1399.33837890625 1367.31323242188 1316.79309082031 1202.46423339844 1052.73071289062 893.221069335938 792.688598632812 733.457275390625 679.724914550781 647.030029296875 629.912353515625 604.763427734375 559.847106933594 526.387573242188 503.616760253906 496.857604980469 509.483703613281 535.345825195312 548.330749511719 600.6064453125 660.558288574219 762.491516113281 832.497375488281 886.330444335938 923.4951171875 969.50048828125 1025.5390625 1075.66650390625 1091.61193847656 1110.14477539062 1103.64489746094 1119.86804199219 1170.02673339844 1210.86706542969 1231.47326660156 1263.65197753906 1294.30541992188 1309.86389160156 1288.255859375 1253.29309082031 1240.02844238281 1235.24340820312
2014.05102539062 2121.74609375 1897.03173828125 1779.75048828125 1727.23950195312 1679.13562011719 1619.34545898438 1558.83093261719 1510.19323730469 1471.91625976562 1433.3037109375 1409.06518554688 1371.57922363281 1320.12585449219 1219.3037109375 1108.23999023438 946.42431640625 860.828796386719 776.23779296875 719.864013671875 667.608703613281 643.499145507812 623.456665039062 590.233337402344 538.874206542969 494.214904785156 489.259643554688 491.254821777344 518.535766601562 525.431518554688 545.663330078125 597.243713378906 654.477722167969 727.502746582031 804.224792480469 844.87841796875 882.748657226562 911.962707519531 928.087158203125 980.207336425781 1020.12493896484 1039.66040039062 1064.10424804688 1114.36376953125 1126.02185058594 1130.1845703125 1128.68981933594 1143.83581542969 1192.04919433594 1207.69995117188 1192.79858398438 1178.27075195312 1165.70861816406
2125.4462890625 2118.28393554688 1927.43896484375 1782.14147949219 1753.99084472656 1721.8935546875 1648.79235839844 1560.03759765625 1495.36682128906 1461.57824707031 1436.1103515625 1405.13598632812 1357.79235839844 1299.72814941406 1220.11743164062 1125.65173339844 991.01123046875 923.465637207031 837.395324707031 782.211059570312 718.46435546875 666.275146484375 636.996826171875 602.313293457031 550.617065429688 501.737335205078 477.033813476562 462.2099609375 475.917541503906 502.18310546875 511.791931152344 530.48681640625 571.19384765625 635.476745605469 693.829528808594 745.678771972656 783.910705566406 827.364562988281 853.51806640625 872.165283203125 899.969665527344 922.856567382812 990.39208984375 1012.07720947266 1049.74169921875 1025.66650390625 1025.84606933594 1040.99255371094 1074.36193847656 1107.8125 1099.79992675781 1087.37451171875 1071.65283203125
2229.9794921875 2032.48449707031 1836.53930664062 1769.32702636719 1755.36071777344 1732.70520019531 1656.95007324219 1572.78991699219 1489.64794921875 1455.03857421875 1416.341796875 1386.80151367188 1339.18566894531 1284.50708007812 1217.10913085938 1138.15698242188 1028.22985839844 976.617919921875 912.924621582031 834.482849121094 784.569458007812 713.824951171875 655.509338378906 613.629150390625 567.44287109375 505.323150634766 472.50390625 442.648040771484 436.668212890625 455.931549072266 473.923889160156 490.990295410156 518.277770996094 573.413513183594 619.640625 664.76904296875 692.077880859375 721.81201171875 756.390014648438 790.417846679688 837.980529785156 876.483947753906 887.757141113281 912.393493652344 932.546936035156 934.414916992188 944.935363769531 965.753356933594 989.535766601562 992.182189941406 993.825378417969 958.528991699219 954.829650878906
2130.47290039062 1928.41162109375 1809.24072265625 1766.0361328125 1733.80261230469 1695.703125 1642.220703125 1561.27172851562 1485.54736328125 1450.5478515625 1412.00036621094 1377.5390625 1335.42114257812 1287.1826171875 1239.83471679688 1162.73706054688 1070.28771972656 1020.7333984375 973.760925292969 906.064636230469 828.756713867188 768.55517578125 682.537231445312 618.449096679688 576.059692382812 512.342163085938 468.334289550781 431.596038818359 412.002990722656 401.509857177734 407.858520507812 445.531036376953 491.559204101562 530.749084472656 569.481567382812 600.84716796875 623.198913574219 636.826904296875 673.159301757812 708.992431640625 745.392333984375 794.207885742188 835.661071777344 849.644836425781 854.1572265625 858.735900878906 851.899047851562 866.126159667969 864.732727050781 856.115539550781 845.537170410156 840.306579589844 859.609802246094
2030.46691894531 1887.86706542969 1826.74438476562 1768.38757324219 1712.66833496094 1659.3330078125 1594.69274902344 1535.06311035156 1491.599609375 1456.06005859375 1424.02587890625 1395.57458496094 1351.02062988281 1309.89306640625 1264.81372070312 1202.71423339844 1117.35461425781 1066.35290527344 1017.97027587891 970.054870605469 877.553771972656 790.68994140625 700.548461914062 626.741455078125 584.473327636719 521.692687988281 465.952911376953 430.355407714844 394.54296875 387.294189453125 372.485015869141 373.949249267578 417.684906005859 485.194213867188 540.594421386719 556.855590820312 568.5419921875 583.927612304688 610.3125 640.566955566406 677.768737792969 714.725463867188 740.049011230469 755.643615722656 766.240051269531 777.644653320312 790.126708984375 803.167236328125 798.008117675781 772.29736328125 750.623657226562 749.025268554688 759.977661132812
1976.47351074219 1892.33911132812 1857.77465820312 1771.50769042969 1711.2177734375 1641.77624511719 1574.15148925781 1531.96154785156 1515.09313964844 1504.87280273438 1459.48767089844 1419.974609375 1373.32885742188 1336.32104492188 1299.71728515625 1252.826171875 1199.28723144531 1124.48742675781 1072.22863769531 1010.56463623047 927.179382324219 807.565368652344 719.9658203125 635.069274902344 594.6220703125 549.491760253906 473.304870605469 431.643859863281 371.199951171875 347.834442138672 326.565948486328 353.706024169922 348.327728271484 403.661956787109 472.739654541016 523.286010742188 540.233032226562 565.498596191406 576.625244140625 593.695007324219 620.696228027344 641.90576171875 665.840881347656 677.220764160156 678.674926757812 677.274597167969 665.540588378906 663.329223632812 639.058410644531 627.230895996094 615.03369140625 612.48388671875 612.878356933594
1993.69262695312 1911.35339355469 1855.0185546875 1806.56872558594 1744.1904296875 1653.50024414062 1594.22338867188 1566.75500488281 1559.61853027344 1532.03454589844 1493.08996582031 1445.36108398438 1400.189453125 1363.01025390625 1330.26049804688 1296.58715820312 1260.91796875 1215.85290527344 1159.64953613281 1062.95715332031 962.03125 841.251159667969 739.541076660156 659.126525878906 599.507568359375 568.438659667969 487.829193115234 426.470336914062 373.652587890625 311.835845947266 295.503112792969 295.878204345703 346.435577392578 355.027465820312 391.35400390625 441.519897460938 477.973907470703 520.691955566406 551.506469726562 572.718872070312 576.430053710938 584.169250488281 586.701232910156 576.226684570312 569.660949707031 555.140808105469 547.940795898438 526.313354492188 511.408630371094 489.243438720703 474.867126464844 468.640960693359 465.700653076172
2031.73571777344 1938.45764160156 1857.20068359375 1805.029296875 1739.87097167969 1681.33618164062 1630.15734863281 1602.16577148438 1582.18933105469 1564.10974121094 1524.70629882812 1476.57019042969 1436.47082519531 1400.92700195312 1372.34973144531 1342.42553710938 1319.72204589844 1282.97973632812 1236.14904785156 1128.95056152344 1004.61236572266 894.123413085938 778.550048828125 689.930847167969 624.274780273438 586.293640136719 519.029907226562 430.600891113281 387.861877441406 323.625152587891 264.375549316406 262.9921875 283.202209472656 329.762664794922 365.387725830078 384.140014648438 402.967468261719 442.984558105469 476.804962158203 520.833984375 536.357116699219 536.418334960938 527.297119140625 497.065551757812 480.404815673828 453.304016113281 438.869445800781 412.608978271484 397.405029296875 388.725402832031 372.674652099609 354.682891845703 354.164855957031
2039.16516113281 1965.80981445312 1876.13342285156 1818.81652832031 1766.73986816406 1716.22778320312 1679.50341796875 1640.97802734375 1601.17407226562 1583.93017578125 1564.68249511719 1520.25952148438 1471.45300292969 1433.9873046875 1400.2744140625 1381.05554199219 1358.31140136719 1334.57751464844 1285.73742675781 1200.72021484375 1064.42358398438 939.611389160156 823.218444824219 738.862548828125 666.670227050781 604.909606933594 566.733947753906 485.271270751953 414.214172363281 350.656616210938 288.868621826172 253.64323425293 256.078369140625 274.89404296875 317.780029296875 336.319030761719 354.757232666016 380.993316650391 388.647888183594 398.903228759766 427.914154052734 406.028137207031 407.334747314453 361.649291992188 337.028472900391 292.327850341797 284.269989013672 241.007263183594 214.019912719727 212.038619995117 210.794830322266 202.079528808594 203.6083984375
2024.54931640625 1999.27136230469 1917.39892578125 1834.54089355469 1794.21301269531 1752.39111328125 1706.19775390625 1682.10302734375 1647.56286621094 1625.78955078125 1585.77282714844 1565.54479980469 1515.30603027344 1469.03393554688 1428.84143066406 1405.50341796875 1386.4853515625 1370.04711914062 1328.3408203125 1244.60900878906 1134.34106445312 991.848876953125 891.505310058594 792.138854980469 722.092895507812 655.10302734375 597.054565429688 557.41748046875 463.889953613281 411.851531982422 341.859588623047 285.169799804688 260.833465576172 255.687698364258 261.951812744141 274.464141845703 291.249938964844 311.057281494141 305.578399658203 320.408630371094 322.446350097656 306.654815673828 269.423126220703 218.698150634766 189.616073608398 166.763824462891 150.680694580078 115.425430297852 90.2932586669922 81.2885284423828 75.2902908325195 75.8476867675781 69.7143859863281
2087.994140625 1999.28076171875 1942.45825195312 1871.03881835938 1820.77587890625 1806.39147949219 1755.43615722656 1702.76721191406 1678.26037597656 1649.35461425781 1629.06225585938 1587.37182617188 1562.85827636719 1499.65161132812 1449.01110839844 1409.68701171875 1400.38049316406 1385.59790039062 1348.81848144531 1283.59716796875 1194.86315917969 1075.50073242188 944.364196777344 862.710510253906 773.018371582031 715.389892578125 654.3388671875 597.594543457031 544.992797851562 457.677551269531 410.833404541016 345.577453613281 291.194763183594 260.863494873047 245.354339599609 243.988204956055 237.443603515625 226.565383911133 215.499755859375 199.895050048828 185.671005249023 151.559005737305 143.031631469727 98.5752792358398 77.3830795288086 85.3380661010742 66.8227615356445 71.461051940918 78.8230972290039 78.0840377807617 78.0162200927734 87.2771530151367 97.4410018920898
2073.94018554688 2011.36669921875 1946.31616210938 1876.46667480469 1844.11633300781 1810.01574707031 1801.46130371094 1724.58764648438 1715.69921875 1678.146484375 1650.41284179688 1634.62683105469 1594.15490722656 1556.0947265625 1510.36755371094 1466.51538085938 1448.96533203125 1414.88940429688 1384.43469238281 1325.07775878906 1249.17883300781 1153.04919433594 1037.37683105469 927.416076660156 855.472839355469 778.439697265625 723.426452636719 661.060424804688 600.584533691406 556.998596191406 460.563293457031 421.495056152344 360.213287353516 315.922424316406 272.975494384766 246.423065185547 234.204147338867 205.334884643555 202.808441162109 185.507675170898 166.863403320312 156.074264526367 117.795593261719 110.72582244873 106.220771789551 100.25562286377 91.8082733154297 83.7483596801758 85.1748657226562 78.6681900024414 82.3052978515625 86.7143325805664 83.366569519043
2150.84814453125 2046.12377929688 1968.83288574219 1961.595703125 1903.86791992188 1874.05822753906 1838.66943359375 1788.70544433594 1735.70275878906 1700.88891601562 1685.63610839844 1675.83068847656 1663.44543457031 1651.26672363281 1635.43176269531 1593.3974609375 1562.361328125 1504.72204589844 1449.84741210938 1389.63513183594 1323.13452148438 1243.21179199219 1148.88171386719 1025.59814453125 935.378234863281 855.096862792969 791.160095214844 724.857849121094 664.923767089844 618.549377441406 564.918640136719 474.409484863281 432.401977539062 402.64404296875 352.641296386719 314.770385742188 256.168243408203 227.100143432617 202.074722290039 193.675079345703 183.30241394043 151.220626831055 128.130447387695 113.414352416992 91.3708572387695 90.1729125976562 83.7833251953125 88.0891952514648 84.6849746704102 79.118049621582 80.2995223999023 80.8219985961914 82.7181777954102
2202.32446289062 2132.365234375 2032.74206542969 1970.55383300781 1971.2578125 1898.75231933594 1870.79272460938 1852.53100585938 1799.82653808594 1758.75268554688 1718.79931640625 1737.7490234375 1739.2060546875 1729.259765625 1672.59265136719 1651.20373535156 1609.21923828125 1557.97290039062 1502.81030273438 1437.94982910156 1378.13024902344 1320.69067382812 1239.38537597656 1122.39111328125 1002.46716308594 925.160522460938 844.343505859375 783.442810058594 723.674377441406 673.061462402344 642.7333984375 589.877075195312 520.488891601562 469.617797851562 429.817810058594 405.593078613281 371.141052246094 311.784149169922 248.578903198242 216.81526184082 204.351257324219 184.362823486328 154.142288208008 118.306129455566 120.995826721191 92.6377944946289 94.2848739624023 85.8271484375 84.2793655395508 88.9712677001953 80.2334976196289 80.0659408569336 81.0007781982422
2262.8974609375 2191.58447265625 2128.60375976562 2066.64453125 2039.64099121094 1991.43823242188 1964.5625 1904.13256835938 1879.47778320312 1819.13952636719 1798.40197753906 1758.14831542969 1742.38061523438 1701.47961425781 1668.32641601562 1632.43469238281 1576.45068359375 1523.30578613281 1466.86047363281 1429.01574707031 1386.88037109375 1330.66967773438 1263.35363769531 1174.93835449219 1044.23388671875 958.766052246094 873.528442382812 805.026000976562 758.174865722656 719.622314453125 687.259704589844 663.716979980469 634.623840332031 588.794250488281 564.532592773438 510.945037841797 452.616271972656 402.595733642578 380.346343994141 332.979248046875 277.710510253906 212.164596557617 172.213088989258 144.617797851562 128.494262695312 120.232414245605 105.40446472168 94.7388458251953 98.6944961547852 91.6156463623047 90.0366134643555 85.7971343994141 86.2290267944336
2224.88012695312 2205.2392578125 2135.64599609375 2136.68188476562 2100.3173828125 2064.60693359375 1995.13720703125 1945.16223144531 1877.12927246094 1829.40124511719 1802.3564453125 1756.9658203125 1712.6318359375 1677.021484375 1639.78698730469 1600.26623535156 1554.30407714844 1489.8564453125 1443.04577636719 1404.02209472656 1369.53662109375 1320.75231933594 1267.2080078125 1185.681640625 1049.58129882812 976.10888671875 887.83056640625 821.383850097656 784.762268066406 753.127807617188 732.645385742188 712.825866699219 690.094909667969 666.741027832031 645.899108886719 605.078735351562 582.361450195312 534.776977539062 480.572692871094 430.301055908203 401.529998779297 363.778625488281 271.172760009766 179.155487060547 155.492172241211 136.117340087891 139.525863647461 116.988388061523 116.131622314453 121.253982543945 108.675773620605 102.664207458496 98.9616165161133
2153.41015625 2112.32202148438 2056.7333984375 2037.33801269531 2015.88232421875 2023.96850585938 2004.416015625 1959.28039550781 1884.60681152344 1836.89135742188 1802.3076171875 1742.23767089844 1695.89270019531 1685.88928222656 1633.79931640625 1588.9326171875 1537.03356933594 1493.23669433594 1445.55480957031 1403.59045410156 1364.28515625 1317.26879882812 1261.21520996094 1166.75854492188 1056.12341308594 985.359375 912.474731445312 853.194030761719 821.0390625 798.361267089844 777.319763183594 757.9072265625 753.741516113281 754.741882324219 741.288208007812 700.932739257812 657.975280761719 612.519958496094 596.092529296875 582.242248535156 549.695434570312 473.690216064453 397.388122558594 316.620239257812 211.333068847656 180.121826171875 168.743881225586 155.963256835938 146.213363647461 140.248123168945 136.559020996094 134.272125244141 147.794494628906
2060.55859375 2016.59094238281 2003.34875488281 1945.23754882812 1966.53137207031 1963.26501464844 1964.64318847656 1956.7900390625 1933.67797851562 1875.23388671875 1807.91345214844 1760.19030761719 1707.11145019531 1692.15393066406 1634.46545410156 1605.49133300781 1552.7509765625 1499.00451660156 1444.84802246094 1401.73168945312 1363.83508300781 1313.37390136719 1253.89697265625 1160.2412109375 1058.32604980469 1009.68139648438 943.4248046875 887.615783691406 854.914978027344 835.7119140625 820.575012207031 819.180969238281 820.696411132812 824.214599609375 815.177856445312 792.684936523438 757.77978515625 721.037414550781 687.610778808594 662.3916015625 627.952331542969 589.797485351562 501.754425048828 414.334320068359 366.5029296875 292.541473388672 232.316696166992 209.941268920898 192.282638549805 181.989151000977 178.702896118164 178.604446411133 179.009292602539
