Rscript/monthly_maps/SnowDepthMapFile-max-1989-11.asc
ncols 320 
nrows 361 
xllcorner 618410.159 
yllcorner 5088785.286 
cellsize 100 
NODATA_value -9999 
[rows 23 to 45 of 361, columns 212 to 264 of 320]
537.049682617188 547.539123535156 556.567993164062 563.943725585938 570.119384765625 571.792236328125 570.641723632812 571.683532714844 575.958435058594 585.505249023438 593.527465820312 600.28515625 600.94677734375 597.7666015625 594.953735351562 590.732727050781 582.382873535156 571.306640625 561.823608398438 555.126037597656 552.037231445312 550.05224609375 549.338195800781 549.220520019531 -9999 -9999 -9999 -9999 -9999 -9999 -9999 -9999 -9999 -9999 -9999 -9999 -9999 -9999 -9999 -9999 -9999 -9999 -9999 -9999 -9999 -9999 -9999 -9999 -9999 -9999 -9999 -9999 -9999
539.699768066406 539.701904296875 545.00732421875 551.231628417969 555.6103515625 557.12841796875 557.399841308594 556.997497558594 559.263305664062 563.413696289062 569.303771972656 576.991760253906 582.535522460938 588.155639648438 590.956604003906 588.120239257812 579.394592285156 567.346801757812 557.093139648438 551.149780273438 548.184814453125 547.438781738281 546.936157226562 546.817993164062 -9999 -9999 -9999 -9999 -9999 -9999 -9999 -9999 -9999 -9999 -9999 -9999 -9999 -9999 -9999 -9999 -9999 -9999 -9999 -9999 -9999 -9999 -9999 -9999 -9999 -9999 -9999 -9999 -9999
542.625244140625 540.755920410156 540.775695800781 542.181579589844 542.891052246094 543.896362304688 544.060424804688 543.081909179688 543.305358886719 545.048156738281 549.823425292969 555.944152832031 566.484375 576.082214355469 584.215026855469 584.200439453125 576.33740234375 563.749450683594 553.257202148438 548.414489746094 546.858703613281 545.529174804688 545.158630371094 545.401489257812 546.5517578125 549.2578125 -9999 -9999 -9999 -9999 -9999 -9999 -9999 -9999 -9999 -9999 -9999 -9999 -9999 -9999 -9999 -9999 -9999 -9999 -9999 -9999 -9999 -9999 -9999 -9999 -9999 -9999 -9999
542.870849609375 539.864318847656 537.787719726562 537.111755371094 537.946594238281 538.181762695312 536.662780761719 535.422485351562 532.046203613281 530.669799804688 532.226928710938 538.526550292969 548.611999511719 561.653625488281 569.938842773438 571.584716796875 568.155517578125 558.317504882812 550.094604492188 546.495361328125 546.145690917969 545.202941894531 546.290344238281 546.534484863281 548.208068847656 550.655395507812 551.53369140625 -9999 -9999 -9999 -9999 -9999 -9999 -9999 -9999 -9999 -9999 -9999 -9999 -9999 -9999 -9999 -9999 -9999 -9999 -9999 -9999 -9999 -9999 -9999 -9999 -9999 -9999
539.56005859375 538.285888671875 537.531372070312 535.449768066406 534.628845214844 533.9501953125 532.270812988281 528.529968261719 522.395629882812 518.403076171875 518.013793945312 522.608276367188 533.207763671875 543.102966308594 553.730834960938 556.963684082031 555.946228027344 550.978332519531 546.748168945312 546.439514160156 545.748352050781 546.20751953125 547.10302734375 547.679138183594 549.673400878906 552.101745605469 555.697387695312 560.136352539062 -9999 -9999 -9999 -9999 -9999 -9999 -9999 -9999 -9999 -9999 -9999 -9999 -9999 -9999 -9999 -9999 -9999 -9999 -9999 -9999 -9999 -9999 -9999 -9999 -9999
539.159301757812 537.5986328125 534.736328125 534.652404785156 532.597595214844 532.668151855469 531.370300292969 525.872131347656 517.103454589844 511.764862060547 509.360382080078 511.269592285156 517.239013671875 525.451782226562 534.751037597656 538.3623046875 541.391235351562 541.857360839844 543.70361328125 543.707946777344 545.884948730469 546.889282226562 549.447448730469 551.57763671875 553.549987792969 556.707885742188 561.756896972656 570.474853515625 577.302429199219 -9999 -9999 -9999 -9999 -9999 -9999 -9999 -9999 -9999 -9999 -9999 -9999 -9999 -9999 -9999 -9999 -9999 -9999 -9999 -9999 -9999 -9999 -9999 -9999
535.10986328125 536.734497070312 537.25732421875 535.272521972656 533.649475097656 530.23046875 527.424499511719 520.826599121094 514.417541503906 507.618835449219 503.663482666016 503.536895751953 506.40576171875 511.877502441406 519.725952148438 524.776916503906 529.203979492188 534.682250976562 538.08740234375 540.270263671875 542.881164550781 547.2939453125 553.106018066406 558.61083984375 561.892272949219 565.529968261719 570.497131347656 579.094055175781 583.959594726562 -9999 -9999 -9999 -9999 -9999 -9999 -9999 -9999 -9999 -9999 -9999 -9999 -9999 -9999 -9999 -9999 -9999 -9999 -9999 -9999 -9999 -9999 -9999 -9999
533.535827636719 535.602172851562 538.626098632812 537.4052734375 536.128845214844 532.447326660156 528.314086914062 519.600708007812 509.420654296875 504.337707519531 501.073547363281 499.187072753906 499.446533203125 502.36474609375 508.417938232422 515.904174804688 521.954406738281 529.43408203125 533.465515136719 537.289245605469 540.760498046875 549.465148925781 559.614440917969 567.934448242188 574.351684570312 578.712829589844 582.967712402344 587.733825683594 -9999 -9999 -9999 -9999 -9999 -9999 -9999 -9999 -9999 -9999 -9999 -9999 -9999 -9999 -9999 -9999 -9999 -9999 -9999 -9999 -9999 -9999 -9999 -9999 -9999
540.2900390625 541.452941894531 543.911987304688 543.709716796875 542.198547363281 538.216003417969 528.833801269531 516.825988769531 506.681823730469 501.554473876953 498.159088134766 494.916564941406 492.554595947266 494.674499511719 500.395751953125 507.761016845703 515.880249023438 521.838806152344 527.653381347656 533.476806640625 541.741149902344 555.5546875 567.791564941406 579.150573730469 586.914794921875 591.163635253906 594.786315917969 595.543518066406 -9999 -9999 -9999 -9999 -9999 -9999 -9999 -9999 -9999 -9999 -9999 -9999 -9999 -9999 -9999 -9999 -9999 -9999 -9999 -9999 -9999 -9999 -9999 -9999 -9999
554.202941894531 555.672729492188 555.940368652344 555.255249023438 552.533508300781 547.97509765625 537.284973144531 520.554565429688 505.512329101562 498.140747070312 494.224639892578 491.385589599609 488.89208984375 489.119018554688 493.440063476562 500.173767089844 508.597930908203 515.651062011719 524.390075683594 535.077575683594 547.817932128906 564.276489257812 577.403381347656 587.751892089844 593.938293457031 598.498779296875 603.190246582031 604.609802246094 -9999 -9999 -9999 -9999 -9999 -9999 -9999 -9999 -9999 -9999 -9999 -9999 -9999 -9999 -9999 -9999 -9999 -9999 -9999 -9999 -9999 -9999 -9999 -9999 -9999
592.044250488281 569.941833496094 569.172424316406 570.685791015625 568.532836914062 561.237121582031 548.249938964844 527.130004882812 507.157409667969 495.901123046875 491.193786621094 488.323791503906 485.749877929688 484.717651367188 487.38427734375 493.376220703125 500.155364990234 510.078948974609 524.986267089844 540.30615234375 558.619995117188 572.813049316406 585.3984375 591.120544433594 594.638977050781 615.702453613281 621.065673828125 630.004150390625 -9999 -9999 -9999 -9999 -9999 -9999 -9999 -9999 -9999 -9999 -9999 -9999 -9999 -9999 -9999 -9999 -9999 -9999 -9999 -9999 -9999 -9999 -9999 -9999 -9999
617.750671386719 581.143920898438 581.792358398438 580.662170410156 579.315551757812 574.127624511719 557.36962890625 533.737670898438 511.890563964844 489.513671875 488.164245605469 485.315155029297 482.176330566406 482.721923828125 482.427642822266 486.269500732422 485.371765136719 498.526336669922 522.405456542969 549.032836914062 569.516662597656 581.963317871094 589.323486328125 601.563659667969 621.69970703125 631.460998535156 636.917602539062 644.335021972656 653.936096191406 -9999 -9999 -9999 -9999 -9999 -9999 -9999 -9999 -9999 -9999 -9999 -9999 -9999 -9999 -9999 -9999 -9999 -9999 -9999 -9999 -9999 -9999 -9999 -9999
631.064575195312 590.223449707031 587.305541992188 585.592529296875 582.759155273438 576.349792480469 561.1708984375 539.826477050781 517.620666503906 493.115051269531 487.980499267578 483.415710449219 481.400115966797 479.036743164062 479.497467041016 474.157012939453 474.960083007812 491.144836425781 524.591003417969 555.605285644531 577.594665527344 590.529418945312 614.664978027344 630.542724609375 634.407592773438 640.881958007812 647.671813964844 653.509643554688 666.892944335938 680.199340820312 -9999 -9999 -9999 -9999 -9999 -9999 -9999 -9999 -9999 -9999 -9999 -9999 -9999 -9999 -9999 -9999 -9999 -9999 -9999 -9999 -9999 -9999 -9999
637.030883789062 601.2177734375 589.957092285156 586.328735351562 582.311584472656 575.470581054688 560.189575195312 542.864685058594 520.949096679688 502.833282470703 482.857818603516 482.410552978516 479.623687744141 477.635070800781 476.939666748047 470.388214111328 468.5888671875 485.805725097656 523.019165039062 556.026184082031 580.288757324219 604.1982421875 634.249755859375 642.064025878906 693.692016601562 724.048034667969 730.026794433594 708.801452636719 703.929016113281 713.556213378906 740.683776855469 809.899597167969 -9999 -9999 -9999 -9999 -9999 -9999 -9999 -9999 -9999 -9999 -9999 -9999 -9999 -9999 -9999 -9999 -9999 -9999 -9999 -9999 -9999
641.538940429688 614.454223632812 591.677429199219 586.384155273438 580.694885253906 571.850402832031 557.180603027344 541.188415527344 521.31591796875 503.871673583984 489.730987548828 481.952819824219 478.543243408203 476.688171386719 476.869354248047 468.804321289062 466.947509765625 484.639221191406 518.496337890625 551.936828613281 577.2001953125 607.654235839844 641.712463378906 703.933166503906 793.700927734375 851.557800292969 844.555419921875 820.292785644531 788.448974609375 783.045654296875 805.701477050781 851.803161621094 887.278991699219 -9999 -9999 -9999 -9999 -9999 -9999 -9999 -9999 -9999 -9999 -9999 -9999 -9999 -9999 -9999 -9999 -9999 -9999 -9999 -9999
645.038879394531 622.643249511719 594.106323242188 586.765502929688 578.451965332031 568.604370117188 553.178894042969 537.883605957031 518.380493164062 501.913391113281 488.078643798828 480.889373779297 477.919982910156 475.843475341797 475.976928710938 468.154846191406 466.869323730469 483.440856933594 516.310485839844 548.604553222656 572.675048828125 591.962524414062 647.372680664062 738.7275390625 852.796447753906 907.932006835938 908.154052734375 889.584777832031 867.657958984375 860.031799316406 870.845092773438 888.393371582031 916.555358886719 932.8828125 -9999 -9999 -9999 -9999 -9999 -9999 -9999 -9999 -9999 -9999 -9999 -9999 -9999 -9999 -9999 -9999 -9999 -9999 -9999
647.812377929688 631.124084472656 599.2568359375 587.851745605469 576.771484375 563.119262695312 549.108215332031 532.112915039062 513.24365234375 496.470550537109 477.985931396484 478.613922119141 476.452117919922 474.364135742188 475.119750976562 467.718811035156 468.576965332031 482.989776611328 515.305297851562 546.916442871094 568.376525878906 589.396728515625 646.891296386719 751.214111328125 859.799743652344 921.282775878906 934.354614257812 923.856872558594 911.307189941406 908.520935058594 912.468627929688 919.873046875 938.434448242188 951.54150390625 -9999 -9999 -9999 -9999 -9999 -9999 -9999 -9999 -9999 -9999 -9999 -9999 -9999 -9999 -9999 -9999 -9999 -9999 -9999
649.695251464844 633.793823242188 601.41943359375 588.462219238281 575.559265136719 560.081420898438 545.016662597656 526.252258300781 506.422576904297 483.434265136719 474.126098632812 475.986633300781 474.382415771484 472.478576660156 473.92529296875 466.234985351562 465.825042724609 482.381683349609 515.537902832031 546.169799804688 567.681579589844 590.940246582031 647.183532714844 744.179565429688 854.189819335938 917.926391601562 948.780334472656 948.848754882812 936.627502441406 928.875122070312 933.770202636719 941.530517578125 959.499328613281 968.077270507812 -9999 -9999 -9999 -9999 -9999 -9999 -9999 -9999 -9999 -9999 -9999 -9999 -9999 -9999 -9999 -9999 -9999 -9999 -9999
649.778625488281 635.932434082031 602.581909179688 588.006225585938 572.923278808594 555.951904296875 538.6630859375 518.250183105469 491.188659667969 476.300445556641 469.323516845703 472.928802490234 470.631713867188 472.153594970703 472.139495849609 465.164672851562 465.33740234375 483.513977050781 517.846862792969 547.28662109375 568.50634765625 603.960998535156 652.252075195312 749.481872558594 850.073425292969 907.87744140625 948.236022949219 963.247253417969 959.911499023438 950.638488769531 952.656066894531 963.811340332031 975.400756835938 977.917663574219 -9999 -9999 -9999 -9999 -9999 -9999 -9999 -9999 -9999 -9999 -9999 -9999 -9999 -9999 -9999 -9999 -9999 -9999 -9999
649.17431640625 636.287902832031 602.876770019531 585.164611816406 566.360046386719 550.519104003906 531.91064453125 509.570373535156 480.933441162109 468.695159912109 465.659057617188 469.941925048828 469.010650634766 470.170959472656 464.344970703125 461.505981445312 465.312438964844 486.375427246094 521.479614257812 549.77392578125 572.919128417969 615.670043945312 659.059692382812 775.631652832031 858.962707519531 908.509826660156 950.201843261719 978.672668457031 987.49853515625 976.744262695312 976.77587890625 985.45556640625 986.704345703125 987.837768554688 -9999 -9999 -9999 -9999 -9999 -9999 -9999 -9999 -9999 -9999 -9999 -9999 -9999 -9999 -9999 -9999 -9999 -9999 -9999
647.186462402344 634.776062011719 601.761779785156 581.492614746094 561.845886230469 545.0341796875 524.696594238281 493.889434814453 471.233856201172 463.695861816406 462.098754882812 467.500946044922 466.536682128906 468.077362060547 461.215759277344 459.448303222656 467.059417724609 494.377960205078 526.668334960938 553.587463378906 575.674499511719 627.548767089844 684.410095214844 799.76025390625 872.146667480469 922.355712890625 957.162780761719 991.776733398438 993.30810546875 992.000061035156 990.439758300781 990.452453613281 986.470642089844 985.182250976562 -9999 -9999 -9999 -9999 -9999 -9999 -9999 -9999 -9999 -9999 -9999 -9999 -9999 -9999 -9999 -9999 -9999 -9999 -9999
642.545654296875 623.159118652344 599.948913574219 578.339050292969 557.589599609375 538.523376464844 516.629272460938 485.313049316406 465.479034423828 461.942626953125 465.439605712891 464.980133056641 463.520355224609 466.152252197266 459.400726318359 457.189361572266 468.996276855469 498.272796630859 535.280639648438 556.94482421875 577.3759765625 632.037231445312 712.609741210938 838.710510253906 894.381591796875 933.784118652344 959.821655273438 988.945129394531 992.233764648438 991.958129882812 990.323303222656 985.977172851562 975.578674316406 974.515441894531 973.54833984375 972.525207519531 -9999 -9999 -9999 -9999 -9999 -9999 -9999 -9999 -9999 -9999 -9999 -9999 -9999 -9999 -9999 -9999 -9999
624.246459960938 612.336364746094 597.141052246094 575.780090332031 554.633850097656 533.979370117188 510.722045898438 476.378509521484 461.380767822266 459.077117919922 463.157897949219 461.22314453125 462.673522949219 463.923095703125 457.909088134766 457.124328613281 470.681488037109 501.422485351562 537.846252441406 559.123107910156 578.160888671875 633.773864746094 723.412353515625 848.528991699219 906.955749511719 937.117492675781 954.250305175781 970.197631835938 969.481384277344 964.414245605469 962.981994628906 965.715759277344 965.2568359375 964.176818847656 963.837707519531 971.530090332031 971.829528808594 -9999 -9999 -9999 -9999 -9999 -9999 -9999 -9999 -9999 -9999 -9999 -9999 -9999 -9999 -9999 -9999
