Rscript/monthly_maps/SnowDepthMapFile-median-1990-01.asc
ncols 320 
nrows 361 
xllcorner 618410.159 
yllcorner 5088785.286 
cellsize 100 
NODATA_value -9999 
[rows 125 to 149 of 361, columns 112 to 167 of 320]
726.091857910156 682.029663085938 651.176940917969 604.867553710938 567.163024902344 546.580993652344 553.666748046875 559.225341796875 565.952819824219 555.89501953125 556.787658691406 577.134216308594 619.938842773438 667.291259765625 723.074768066406 776.499938964844 852.33935546875 911.918579101562 944.693420410156 962.135986328125 967.232360839844 956.404296875 985.042236328125 1003.15686035156 1010.05291748047 973.254028320312 945.52978515625 941.14013671875 935.381164550781 921.315551757812 907.954467773438 895.4765625 881.90478515625 863.646606445312 856.600524902344 856.156921386719 873.983032226562 900.923706054688 922.066345214844 931.729187011719 860.03564453125 764.541809082031 714.299682617188 674.118103027344 618.952575683594 577.231750488281 530.29248046875 505.908966064453 454.419128417969 381.597198486328 346.932739257812 248.7978515625 145.788558959961 96.8673400878906 38.8151817321777 0
677.931945800781 651.8994140625 621.757141113281 584.9560546875 565.4541015625 560.471130371094 567.711242675781 568.810119628906 560.345031738281 567.32470703125 589.827026367188 625.845886230469 666.10888671875 720.598266601562 768.631103515625 811.435729980469 865.329284667969 911.8828125 934.091613769531 959.690063476562 967.292785644531 980.771728515625 1014.40814208984 1034.01745605469 1017.82330322266 977.223022460938 966.897583007812 964.83251953125 961.691284179688 949.883972167969 944.733032226562 927.093139648438 917.59716796875 891.952758789062 882.616088867188 880.920471191406 888.719970703125 915.109924316406 933.854187011719 930.670532226562 858.662658691406 765.969055175781 722.997253417969 682.443420410156 629.062194824219 579.580993652344 531.627563476562 511.819000244141 458.819793701172 385.330871582031 351.249755859375 256.680084228516 143.707916259766 92.9540557861328 34.2370185852051 0
648.919738769531 625.143798828125 595.351379394531 581.913269042969 573.689453125 575.041015625 577.671264648438 571.311096191406 574.153442382812 601.208801269531 643.881896972656 684.91162109375 731.687133789062 768.1796875 811.558166503906 853.976379394531 882.301940917969 914.02685546875 932.457946777344 943.435180664062 948.877136230469 979.80908203125 1023.59503173828 1044.06884765625 1023.70825195312 985.408935546875 976.090698242188 977.895874023438 976.512634277344 970.782592773438 974.36572265625 957.463745117188 935.621154785156 920.277770996094 903.075134277344 909.696594238281 915.463928222656 936.447998046875 943.078918457031 922.145202636719 855.754150390625 774.052307128906 731.679870605469 685.999938964844 629.087890625 579.914184570312 532.054138183594 517.100830078125 463.554779052734 392.321716308594 353.408630371094 267.337249755859 143.056564331055 95.1066131591797 38.2184066772461 0
631.865600585938 610.983825683594 593.485473632812 588.929626464844 580.714965820312 585.415588378906 582.819213867188 585.337951660156 604.35791015625 646.811828613281 687.963134765625 741.645080566406 785.152221679688 819.617919921875 858.871948242188 882.549682617188 914.455139160156 932.108642578125 940.494995117188 943.689819335938 945.905700683594 959.668762207031 1011.37408447266 1047.77111816406 1047.01489257812 1007.11383056641 985.036315917969 997.739685058594 998.3359375 1000.07000732422 1002.19372558594 983.173278808594 962.843688964844 935.378295898438 921.989135742188 929.840942382812 944.220642089844 952.63525390625 948.532958984375 915.700744628906 850.168090820312 780.951843261719 737.560913085938 688.17041015625 626.943786621094 576.637573242188 530.877197265625 518.356750488281 463.477386474609 391.408172607422 350.340972900391 265.029815673828 139.906509399414 96.1981887817383 48.720401763916 0
622.269958496094 609.855590820312 603.461547851562 598.252258300781 594.779235839844 592.378051757812 598.745666503906 614.777282714844 643.720458984375 681.1669921875 710.215393066406 759.756164550781 814.778930664062 879.279052734375 912.400634765625 930.869934082031 935.075622558594 953.884948730469 958.692810058594 953.821472167969 945.801330566406 948.755126953125 984.570068359375 1045.56140136719 1049.3095703125 1031.54565429688 1012.63226318359 1008.54620361328 1006.76428222656 1009.65869140625 1011.62072753906 1015.87231445312 994.341735839844 966.927795410156 940.54296875 948.279541015625 954.513977050781 966.4306640625 941.701843261719 912.072082519531 837.113586425781 777.349853515625 742.177795410156 690.005920410156 626.414794921875 565.4287109375 527.026123046875 507.943450927734 458.090087890625 384.875396728516 345.494567871094 243.968032836914 128.271301269531 92.3937911987305 46.2217330932617 31.0365085601807
623.435974121094 608.57373046875 607.181335449219 605.885864257812 606.630554199219 613.642028808594 625.550842285156 647.606567382812 673.643127441406 701.300842285156 715.729187011719 743.977111816406 799.233520507812 883.444702148438 937.826416015625 960.731079101562 959.402465820312 960.104248046875 954.855407714844 955.581604003906 954.502319335938 946.971557617188 973.333129882812 1021.08074951172 1051.2509765625 1053.73522949219 1025.20544433594 1015.59521484375 1018.65057373047 1027.8935546875 1027.39587402344 1025.66271972656 1026.47863769531 1004.49719238281 981.148193359375 968.276123046875 962.230102539062 959.523498535156 938.282348632812 895.381774902344 833.196166992188 775.040100097656 742.048522949219 689.619506835938 622.95556640625 556.093627929688 521.702026367188 501.602142333984 438.700836181641 377.410614013672 331.517974853516 208.748870849609 127.610969543457 83.9371566772461 37.3508033752441 15.2590751647949
630.648193359375 623.832458496094 618.564147949219 611.611755371094 624.010437011719 643.730224609375 663.857360839844 687.2939453125 706.735595703125 726.714294433594 727.106872558594 742.97900390625 769.122741699219 863.000915527344 936.8212890625 965.2880859375 982.32763671875 971.754089355469 960.521545410156 954.426147460938 956.684753417969 950.674072265625 965.861206054688 996.265930175781 1044.20922851562 1069.54821777344 1050.8623046875 1023.72607421875 1032.78723144531 1031.71655273438 1030.92126464844 1025.01733398438 1053.46008300781 1052.38842773438 1029.50903320312 991.250549316406 968.596801757812 954.794311523438 923.666381835938 887.539916992188 828.041259765625 769.122985839844 737.652709960938 688.042785644531 619.538940429688 548.396057128906 520.026245117188 491.990509033203 418.775054931641 369.807495117188 311.286254882812 183.683380126953 116.301055908203 60.0215911865234 24.4617958068848 0
650.255981445312 640.344482421875 630.15673828125 633.407348632812 653.283447265625 677.010375976562 699.129089355469 714.834899902344 736.437072753906 750.643920898438 750.041625976562 744.922973632812 753.76171875 832.5517578125 921.646728515625 964.433532714844 989.258361816406 976.980407714844 963.501586914062 958.914611816406 955.089294433594 960.901062011719 965.324096679688 981.347717285156 1031.775390625 1070.28784179688 1068.19274902344 1037.44995117188 1021.54058837891 1033.22717285156 1041.17614746094 1038.30859375 1054.71362304688 1080.01281738281 1080.77514648438 1025.48559570312 978.825256347656 958.690368652344 926.331970214844 892.265502929688 823.258117675781 765.618225097656 736.22802734375 686.846435546875 620.388977050781 554.410949707031 523.323791503906 491.068878173828 409.251678466797 366.647216796875 302.468383789062 170.900695800781 110.856185913086 56.2067794799805 27.2001838684082 0
667.097229003906 649.129150390625 633.218994140625 646.153625488281 678.788635253906 716.485473632812 741.715698242188 754.389892578125 765.559020996094 767.239624023438 771.908447265625 766.775146484375 763.684692382812 820.380432128906 914.06298828125 989.891662597656 989.570922851562 985.171325683594 974.254516601562 959.340515136719 958.724975585938 957.249206542969 966.085327148438 970.140930175781 1008.36145019531 1050.05505371094 1076.84338378906 1054.19860839844 1026.66088867188 1023.24456787109 1033.60925292969 1052.85192871094 1073.31677246094 1087.30004882812 1083.17321777344 1027.24401855469 976.8623046875 956.962341308594 923.552917480469 883.115600585938 820.624450683594 768.358642578125 731.664611816406 689.783020019531 625.126708984375 565.784545898438 527.69775390625 493.705261230469 412.970672607422 369.473327636719 300.381103515625 189.866775512695 107.125106811523 69.3693008422852 25.0163269042969 0
672.091918945312 660.398376464844 664.264282226562 707.650146484375 749.102172851562 770.467163085938 777.720520019531 784.622802734375 789.450744628906 789.386291503906 789.626831054688 785.258728027344 774.932800292969 822.679565429688 902.597900390625 987.836181640625 998.685974121094 991.745361328125 982.925964355469 971.552185058594 965.434020996094 958.372314453125 963.5625 970.834655761719 988.355590820312 1027.17883300781 1078.74267578125 1080.18505859375 1057.97424316406 1031.91723632812 1042.54724121094 1074.31469726562 1103.42810058594 1096.57360839844 1056.953125 995.381652832031 963.507629394531 933.430480957031 910.205139160156 869.472229003906 820.040222167969 768.843627929688 729.648498535156 693.870544433594 634.603454589844 578.092102050781 533.010620117188 503.194763183594 419.355438232422 372.514862060547 311.578155517578 199.463592529297 117.61735534668 89.6675720214844 35.3723487854004 0
707.448364257812 736.67333984375 778.683227539062 824.148132324219 860.436767578125 855.330322265625 811.14208984375 800.531372070312 803.844116210938 799.827514648438 804.696533203125 797.005004882812 794.834655761719 840.203369140625 900.686279296875 979.658020019531 1007.16717529297 994.355407714844 985.219665527344 971.230834960938 968.514770507812 959.042236328125 963.151550292969 969.349914550781 979.373352050781 1008.26605224609 1056.81652832031 1110.29211425781 1096.51171875 1077.41394042969 1068.76440429688 1098.53161621094 1106.49389648438 1057.84948730469 977.659973144531 936.399719238281 907.973693847656 888.930236816406 866.060913085938 836.984497070312 783.249572753906 753.251953125 719.333435058594 685.508056640625 620.973815917969 571.347717285156 532.469177246094 498.970245361328 422.697174072266 377.436553955078 325.242004394531 223.745300292969 120.78662109375 89.9150161743164 32.5057754516602 0
791.299621582031 820.119384765625 878.243286132812 918.250305175781 933.206665039062 880.68994140625 847.324584960938 814.514953613281 812.820068359375 812.204040527344 810.115600585938 808.227661132812 819.836059570312 851.457885742188 895.560852050781 967.100708007812 1003.60150146484 1006.15594482422 984.522094726562 983.372436523438 972.183715820312 965.383972167969 961.227294921875 963.780151367188 975.281066894531 990.559448242188 1034.74462890625 1095.53247070312 1132.50952148438 1107.85021972656 1109.21081542969 1083.9169921875 1056.7548828125 976.748779296875 922.126525878906 887.597839355469 874.362609863281 853.009155273438 822.760864257812 781.806335449219 766.808044433594 744.599243164062 703.174438476562 658.4755859375 599.773803710938 542.007446289062 512.963989257812 485.925720214844 414.532928466797 371.983184814453 326.841796875 234.90998840332 124.085388183594 86.5615386962891 29.2285594940186 0
864.369384765625 917.015441894531 974.844482421875 1000.20935058594 962.355590820312 904.708923339844 870.722961425781 837.091186523438 827.879516601562 828.445861816406 832.507690429688 837.4404296875 846.52392578125 862.208190917969 890.797790527344 952.074401855469 1003.54888916016 1031.19445800781 998.147583007812 978.891296386719 975.69873046875 970.960266113281 956.845581054688 959.94189453125 960.14990234375 980.958862304688 1004.40393066406 1066.24072265625 1135.697265625 1135.37097167969 1110.11547851562 1053.80615234375 976.294494628906 915.014038085938 886.389099121094 875.668212890625 863.550354003906 827.530212402344 779.893127441406 768.692138671875 747.640930175781 725.22216796875 693.659301757812 629.779907226562 560.184936523438 514.8955078125 496.946197509766 429.657287597656 380.597625732422 358.911834716797 310.608215332031 209.516860961914 114.501403808594 82.3260345458984 30.1117477416992 0
949.857238769531 1015.15643310547 1050.71057128906 1027.31237792969 966.190002441406 921.543823242188 893.388061523438 867.427429199219 857.165588378906 848.793884277344 851.276184082031 856.064636230469 866.893005371094 885.675537109375 891.512878417969 941.348388671875 1014.05670166016 1036.29443359375 1009.84680175781 982.676452636719 985.870666503906 982.147338867188 968.756469726562 962.005737304688 964.216247558594 965.3203125 990.702758789062 1035.78515625 1109.68566894531 1138.54064941406 1090.00012207031 984.97021484375 914.805725097656 882.82861328125 884.957763671875 873.775390625 854.006042480469 809.092651367188 778.981628417969 767.0849609375 748.849670410156 729.376953125 682.985656738281 610.8251953125 540.850463867188 509.900421142578 457.806671142578 381.055480957031 351.936462402344 313.618225097656 256.247375488281 153.172882080078 100.14289855957 61.232048034668 25.5793933868408 0
1046.03930664062 1082.32666015625 1080.7978515625 1030.02807617188 988.789428710938 943.152160644531 924.294555664062 912.870239257812 889.792907714844 880.299377441406 877.830810546875 882.734008789062 883.236999511719 888.62255859375 895.286743164062 921.045593261719 1000.15606689453 1038.03833007812 1031.98107910156 989.549499511719 986.846618652344 981.108581542969 978.55126953125 980.203186035156 965.979797363281 976.581359863281 988.228637695312 1031.92236328125 1092.10852050781 1094.01135253906 1043.38073730469 942.704956054688 890.742431640625 891.726806640625 901.610534667969 890.763122558594 857.435913085938 813.690368652344 789.427856445312 775.27197265625 762.043640136719 730.353820800781 682.294372558594 603.560852050781 536.699157714844 504.1728515625 431.407287597656 371.075866699219 332.421081542969 255.927291870117 149.484512329102 84.5442428588867 63.152156829834 30.353723526001 18.6158962249756 0
1106.18835449219 1111.49291992188 1081.32592773438 1046.15283203125 998.542114257812 963.19873046875 949.42626953125 932.224853515625 920.859924316406 909.457214355469 899.03759765625 887.936096191406 889.441833496094 897.7412109375 895.766052246094 918.141174316406 977.221862792969 1020.94244384766 1043.56213378906 1009.29791259766 994.504821777344 987.40966796875 998.4462890625 985.303833007812 991.736450195312 984.223083496094 997.898803710938 1050.36303710938 1089.82897949219 1063.53491210938 1006.69079589844 932.633911132812 900.980590820312 912.960632324219 913.054565429688 902.546813964844 859.849487304688 820.894348144531 798.016967773438 787.644592285156 769.793151855469 741.774963378906 698.328735351562 613.47607421875 545.021728515625 517.951843261719 436.820739746094 363.526550292969 305.780609130859 199.047912597656 115.603828430176 73.2720565795898 35.7395133972168 6.98043012619019 0 0
1134.29321289062 1126.91552734375 1082.40234375 1055.17578125 1022.07464599609 989.482604980469 967.053649902344 953.324584960938 937.383483886719 931.958557128906 906.457580566406 900.065307617188 900.927856445312 906.423950195312 906.852783203125 914.736999511719 964.391662597656 1046.3310546875 1046.83776855469 1018.06268310547 1003.61956787109 1001.72174072266 996.110534667969 1001.18969726562 993.981079101562 1009.26550292969 1026.35375976562 1076.71533203125 1084.7099609375 1079.88598632812 998.546875 946.500244140625 927.575500488281 919.575317382812 931.289611816406 909.715026855469 879.807434082031 836.673522949219 811.622375488281 796.987976074219 779.984802246094 759.197509765625 707.86865234375 637.089477539062 560.600341796875 525.057922363281 453.532501220703 375.427642822266 331.419647216797 209.666137695312 123.480461120605 72.9492874145508 23.6197681427002 0 0 0
1135.08190917969 1128.71545410156 1103.81127929688 1060.20227050781 1027.15258789062 1001.73669433594 984.909729003906 973.164001464844 950.129516601562 936.367248535156 915.256774902344 904.689758300781 905.217834472656 912.286865234375 909.964782714844 916.171508789062 955.560119628906 1042.94445800781 1075.05883789062 1046.74206542969 1016.86120605469 1003.12774658203 1003.40295410156 1011.87365722656 1008.875 1020.78851318359 1046.89270019531 1099.96643066406 1105.93920898438 1082.22351074219 1025.26965332031 980.754211425781 952.261169433594 940.584289550781 935.334045410156 931.940551757812 898.98583984375 862.12451171875 831.158874511719 812.863891601562 794.404357910156 764.926208496094 715.100830078125 649.192260742188 567.354309082031 532.84033203125 473.738006591797 400.806762695312 359.294494628906 265.248291015625 148.301742553711 94.2794418334961 51.455680847168 12.5109310150146 0 0
1129.63305664062 1151.65698242188 1113.74157714844 1085.44201660156 1051.47155761719 1021.78204345703 988.616760253906 977.604858398438 954.461791992188 936.290100097656 931.393432617188 916.765808105469 919.980590820312 928.232727050781 922.920288085938 927.819152832031 955.641418457031 1043.10888671875 1074.05627441406 1070.98913574219 1023.82409667969 1011.48712158203 1011.85876464844 1019.83648681641 1036.73278808594 1047.51232910156 1073.10791015625 1106.23559570312 1107.67895507812 1084.27221679688 1051.51501464844 1016.64385986328 972.186279296875 950.318420410156 941.293640136719 937.867004394531 929.544982910156 887.9833984375 862.23681640625 834.578918457031 807.308776855469 768.640380859375 703.943298339844 640.265502929688 561.010009765625 532.824951171875 484.167724609375 421.126068115234 382.401947021484 318.677825927734 196.658050537109 111.868103027344 64.3773880004883 30.8923664093018 0 0
1155.05346679688 1147.82067871094 1131.44384765625 1086.90405273438 1055.56030273438 1027.95104980469 1008.20465087891 978.089965820312 964.29833984375 947.809692382812 943.937683105469 932.902465820312 937.063720703125 941.851684570312 948.223205566406 951.052368164062 972.093933105469 1014.00817871094 1076.34777832031 1087.60461425781 1056.20568847656 1026.32507324219 1013.19512939453 1026.80078125 1048.04443359375 1061.93798828125 1080.69250488281 1108.76330566406 1109.80151367188 1099.93957519531 1055.634765625 1023.94812011719 990.308410644531 969.425903320312 961.241638183594 959.126831054688 949.156921386719 936.063232421875 895.115478515625 854.370910644531 802.221435546875 744.573913574219 690.36376953125 618.27587890625 544.303527832031 529.532653808594 478.766448974609 420.358489990234 381.435363769531 348.607788085938 232.251449584961 129.458923339844 88.8195648193359 37.7900161743164 0 0
1153.98974609375 1151.73840332031 1131.99487304688 1086.85302734375 1058.64868164062 1044.7568359375 1015.0087890625 981.56689453125 967.382690429688 963.97216796875 960.944763183594 957.324340820312 960.185302734375 962.122131347656 983.602233886719 974.892761230469 967.290161132812 992.638122558594 1046.86071777344 1099.09619140625 1106.74584960938 1081.1982421875 1058.94470214844 1055.89819335938 1058.1298828125 1084.93981933594 1100.6103515625 1106.69372558594 1110.64477539062 1109.0205078125 1079.40600585938 1040.31665039062 1020.96099853516 1009.12548828125 991.251770019531 983.049621582031 966.568542480469 947.890747070312 914.768615722656 839.885009765625 782.079284667969 718.884887695312 670.359375 586.687561035156 536.701416015625 507.116729736328 446.193542480469 405.510040283203 374.089294433594 312.958312988281 195.635726928711 110.014633178711 85.0920181274414 35.1896629333496 0 0
1143.13427734375 1156.30603027344 1132.03344726562 1087.19250488281 1056.97021484375 1045.54919433594 1020.36798095703 1004.80310058594 996.24072265625 990.163146972656 976.757202148438 970.650268554688 988.410522460938 990.576477050781 1002.76123046875 987.575256347656 982.394409179688 975.666931152344 1016.87786865234 1066.43469238281 1106.37084960938 1128.19396972656 1115.32287597656 1104.97619628906 1092.2333984375 1106.07592773438 1108.91369628906 1134.11938476562 1133.99890136719 1108.69885253906 1058.62268066406 1026.09838867188 1017.50445556641 976.126281738281 967.673828125 951.5205078125 936.186767578125 928.438659667969 884.264709472656 806.670715332031 752.273620605469 697.207336425781 646.76416015625 562.229614257812 526.995544433594 483.99755859375 417.760711669922 380.831359863281 352.782897949219 266.943054199219 145.674285888672 105.972793579102 72.382438659668 28.1774044036865 0 0
1139.23767089844 1164.04370117188 1137.53625488281 1091.18176269531 1059.21105957031 1036.70983886719 1024.37219238281 1010.63604736328 1006.89434814453 1002.07000732422 999.348571777344 1003.62493896484 1016.26580810547 1014.75054931641 1011.91778564453 1011.06390380859 989.968811035156 996.926025390625 1005.83721923828 1023.49145507812 1078.9287109375 1106.25476074219 1149.10290527344 1135.71337890625 1132.763671875 1121.89892578125 1136.94226074219 1157.13598632812 1155.48742675781 1088.81640625 1010.34930419922 972.070983886719 957.243896484375 940.990234375 926.891174316406 911.123168945312 885.478271484375 849.538513183594 812.970764160156 773.220642089844 728.993408203125 682.450134277344 625.82373046875 546.2080078125 510.043579101562 444.971099853516 393.056854248047 362.115600585938 319.770324707031 208.816528320312 117.323822021484 87.5631103515625 45.2189712524414 23.3224468231201 0 0
1126.69750976562 1167.62707519531 1166.98156738281 1115.88037109375 1067.31066894531 1057.67358398438 1035.97253417969 1027.8876953125 1032.48742675781 1035.35815429688 1037.72058105469 1031.45458984375 1028.58117675781 1027.0693359375 1024.65002441406 1021.13317871094 1019.42767333984 1016.99566650391 1022.89556884766 1014.95147705078 1041.20520019531 1071.78674316406 1116.07116699219 1159.41760253906 1159.49353027344 1156.18481445312 1163.48547363281 1176.29968261719 1135.9072265625 1037.96618652344 967.388061523438 925.644897460938 902.823608398438 873.792114257812 847.196044921875 812.976745605469 774.183471679688 751.198791503906 750.851501464844 726.955932617188 702.761535644531 670.149841308594 590.908386230469 529.035705566406 488.090240478516 414.279449462891 371.495727539062 338.723449707031 258.708831787109 164.460861206055 105.301849365234 75.4279861450195 31.9686908721924 0 0 0
1141.80981445312 1187.37683105469 1181.39245605469 1128.39306640625 1100.58251953125 1084.17236328125 1068.18725585938 1053.3974609375 1050.99011230469 1054.81213378906 1058.19885253906 1055.974609375 1052.046875 1034.53894042969 1035.24572753906 1032.29345703125 1031.39929199219 1046.43298339844 1038.21276855469 1034.38549804688 1036.84045410156 1049.74047851562 1089.62817382812 1140.64001464844 1182.25427246094 1185.47546386719 1183.16137695312 1161.59704589844 1093.38208007812 1000.27075195312 936.157653808594 890.917053222656 864.12841796875 824.772888183594 771.967895507812 731.875305175781 695.580505371094 696.577575683594 688.391784667969 684.953735351562 669.513793945312 629.061401367188 556.930725097656 513.954711914062 446.97900390625 382.958862304688 352.656921386719 297.232208251953 189.258728027344 98.0462341308594 81.9625549316406 47.8330497741699 21.7127628326416 0 0 0
