Rscript/monthly_maps/SnowDepthMapFile-median-1990-02.asc
ncols 320 
nrows 361 
xllcorner 618410.159 
yllcorner 5088785.286 
cellsize 100 
NODATA_value -9999 
[rows 240 to 263 of 361, columns 53 to 105 of 320]
1280.31201171875 1228.52227783203 1181.45501708984 1120.97149658203 1058.21044921875 1042.21612548828 1036.13000488281 1033.15118408203 1002.55920410156 984.632690429688 980.196472167969 966.493255615234 924.485015869141 877.852081298828 855.181854248047 835.96435546875 815.285308837891 788.903503417969 788.078765869141 799.015533447266 825.525482177734 858.20751953125 900.603851318359 917.793609619141 952.070831298828 983.249938964844 1048.91253662109 1115.57373046875 1151.05090332031 1153.41235351562 1122.48718261719 1142.38317871094 1168.84283447266 1166.28100585938 1191.70697021484 1223.08642578125 1283.16058349609 1371.55096435547 1488.43041992188 1510.01635742188 1485.23138427734 1417.80596923828 1387.8232421875 1378.18316650391 1374.994140625 1370.87896728516 1364.53125 1339.48400878906 1338.78430175781 1314.04461669922 1276.13153076172 1235.02630615234 1206.25134277344
1296.91735839844 1261.25988769531 1216.24151611328 1157.52520751953 1075.86407470703 1038.05139160156 1046.26165771484 1044.29522705078 1029.57345581055 1024.53787231445 1014.90704345703 1005.43707275391 959.28466796875 945.6201171875 876.670623779297 822.812866210938 796.584411621094 758.775177001953 718.197998046875 727.521697998047 772.970245361328 796.678283691406 803.235961914062 851.789398193359 895.893280029297 917.642211914062 985.883911132812 1047.44006347656 1078.37652587891 1077.40655517578 1072.6220703125 1094.62518310547 1119.08441162109 1143.98986816406 1179.99230957031 1198.19152832031 1247.99444580078 1312.69061279297 1394.59008789062 1491.89971923828 1511.12982177734 1481.00653076172 1436.43237304688 1404.50811767578 1386.51635742188 1368.85711669922 1367.51300048828 1362.54888916016 1346.16735839844 1338.63000488281 1309.25268554688 1271.95745849609 1231.96734619141
1317.68505859375 1287.50958251953 1230.45086669922 1171.77618408203 1111.80786132812 1061.18585205078 1054.40777587891 1055.23352050781 1048.39587402344 1031.22827148438 1013.46539306641 994.868469238281 983.0546875 943.232147216797 878.557800292969 824.593017578125 776.337707519531 739.974182128906 687.874206542969 654.162780761719 666.410980224609 670.468536376953 736.934265136719 763.534393310547 814.007843017578 854.485504150391 905.378601074219 983.553558349609 1016.26022338867 1036.47259521484 1034.03790283203 1054.90405273438 1051.46813964844 1095.6875 1151.39105224609 1190.81286621094 1225.18041992188 1254.04791259766 1309.37414550781 1381.07342529297 1490.13354492188 1492.25360107422 1482.17272949219 1451.32147216797 1407.83831787109 1387.34564208984 1369.44366455078 1368.26605224609 1352.85827636719 1342.77398681641 1335.21081542969 1310.05432128906 1258.97375488281
1338.31066894531 1317.23773193359 1276.26257324219 1222.3134765625 1164.63958740234 1102.78411865234 1078.57830810547 1091.10717773438 1076.53741455078 1049.29406738281 1019.14645385742 972.989868164062 948.722198486328 932.935882568359 880.686492919922 817.38134765625 778.121215820312 769.729949951172 711.761840820312 657.235900878906 644.9111328125 616.305480957031 623.652557373047 659.349517822266 738.837921142578 783.215545654297 862.497039794922 906.245941162109 950.961883544922 975.329223632812 969.850280761719 995.543426513672 1034.09088134766 1060.40979003906 1120.46789550781 1181.05346679688 1190.13433837891 1225.20013427734 1247.38122558594 1307.57739257812 1372.63092041016 1453.38812255859 1487.84661865234 1488.65911865234 1471.26330566406 1424.54779052734 1393.80993652344 1367.21435546875 1357.04504394531 1351.39379882812 1346.04296875 1337.88842773438 1314.00640869141
1358.93267822266 1337.06762695312 1299.64599609375 1236.25091552734 1183.87609863281 1156.89489746094 1127.25854492188 1130.00701904297 1094.5595703125 1068.80413818359 1038.79901123047 989.000061035156 942.757476806641 909.539031982422 891.423614501953 828.370483398438 786.112945556641 765.736053466797 734.634490966797 698.046569824219 638.617858886719 603.221099853516 594.852264404297 626.503784179688 629.843963623047 704.717315673828 782.380859375 855.880981445312 866.618438720703 895.766052246094 922.595825195312 957.591003417969 980.206451416016 1048.94757080078 1098.18804931641 1145.06085205078 1174.55236816406 1191.34173583984 1213.30780029297 1247.96520996094 1294.49224853516 1333.34100341797 1391.86309814453 1449.07696533203 1446.65661621094 1465.18389892578 1446.46063232422 1401.53814697266 1371.44708251953 1357.45880126953 1351.38928222656 1347.26739501953 1341.63470458984
1367.85278320312 1350.69885253906 1312.06048583984 1240.05267333984 1213.94750976562 1189.84704589844 1174.72863769531 1148.61938476562 1131.62261962891 1137.06744384766 1100.12115478516 1047.59594726562 967.809600830078 919.353881835938 895.467102050781 855.272491455078 773.427398681641 752.470916748047 731.178070068359 681.788208007812 670.561431884766 623.387145996094 604.586853027344 586.70751953125 594.623657226562 636.641998291016 661.249206542969 763.994140625 798.650634765625 839.470123291016 879.128326416016 902.645172119141 942.391815185547 1014.50427246094 1057.29333496094 1081.76196289062 1123.08013916016 1151.28948974609 1185.05578613281 1215.56219482422 1233.57641601562 1244.21380615234 1295.72918701172 1325.58483886719 1380.80651855469 1441.13391113281 1477.79223632812 1461.81823730469 1405.23034667969 1373.69024658203 1356.689453125 1351.42816162109 1351.88861083984
1375.39099121094 1355.1787109375 1315.25122070312 1269.58801269531 1232.57568359375 1236.53662109375 1208.13317871094 1185.90740966797 1168.42687988281 1195.25360107422 1173.3701171875 1137.55029296875 1054.91174316406 966.536529541016 918.553741455078 878.407592773438 816.819488525391 735.719635009766 719.542785644531 703.019958496094 681.505981445312 645.885559082031 600.056701660156 583.16943359375 556.191345214844 576.077392578125 608.213531494141 636.369262695312 686.894226074219 731.558166503906 825.858856201172 858.541564941406 904.872589111328 958.947479248047 986.601623535156 1019.88497924805 1053.52838134766 1100.30426025391 1150.80786132812 1182.71118164062 1192.22186279297 1191.01177978516 1205.28076171875 1226.53179931641 1278.14862060547 1346.71539306641 1424.57568359375 1479.24523925781 1464.75445556641 1409.65417480469 1377.48217773438 1376.0927734375 1368.24291992188
1390.87811279297 1361.04278564453 1330.82104492188 1300.62347412109 1281.26446533203 1245.59375 1227.70288085938 1211.39068603516 1221.29632568359 1244.06121826172 1233.37829589844 1208.23162841797 1122.99468994141 1032.01312255859 945.814727783203 897.061584472656 850.903686523438 754.21044921875 727.839111328125 693.332916259766 677.898986816406 664.945953369141 593.258026123047 574.618194580078 551.351287841797 535.220245361328 558.108917236328 587.375793457031 632.428558349609 675.760406494141 742.551391601562 807.945495605469 862.485229492188 898.142608642578 935.332580566406 959.885192871094 983.8583984375 1030.28860473633 1095.37683105469 1140.62457275391 1181.96813964844 1179.46551513672 1184.20831298828 1182.14251708984 1222.80975341797 1280.70562744141 1345.04602050781 1433.02587890625 1470.84777832031 1463.84167480469 1424.25207519531 1395.81396484375 1374.59039306641
1397.86456298828 1370.52520751953 1354.78240966797 1332.69207763672 1303.89672851562 1276.0654296875 1249.72528076172 1241.23468017578 1261.67547607422 1306.37902832031 1292.24029541016 1257.48394775391 1161.69250488281 1089.42425537109 978.589172363281 915.466125488281 882.456573486328 806.161743164062 737.587249755859 705.974365234375 680.349548339844 658.780914306641 615.944366455078 552.863708496094 516.827270507812 507.311996459961 529.827453613281 551.455718994141 577.260681152344 654.701568603516 672.662109375 734.7158203125 811.706146240234 853.095428466797 891.0625 902.799591064453 939.014282226562 985.665374755859 1037.17565917969 1083.27252197266 1101.17266845703 1103.19561767578 1126.76458740234 1169.71087646484 1198.36981201172 1236.74444580078 1300.91510009766 1379.63397216797 1445.26544189453 1476.97552490234 1477.64129638672 1435.59948730469 1397.65295410156
1421.25164794922 1397.35498046875 1373.01098632812 1357.86541748047 1338.27874755859 1310.04016113281 1288.37872314453 1287.236328125 1309.65869140625 1350.01916503906 1371.55450439453 1291.48712158203 1177.85845947266 1097.94976806641 991.474609375 931.784240722656 908.089111328125 870.535614013672 782.684509277344 734.919067382812 691.68603515625 656.371154785156 630.054962158203 578.944366455078 512.620788574219 484.060745239258 468.489212036133 518.135528564453 561.158325195312 589.449768066406 650.184906005859 677.006439208984 742.278961181641 772.792633056641 824.303771972656 884.795989990234 901.903686523438 939.8486328125 990.083435058594 1043.88989257812 1055.55474853516 1057.8212890625 1080.79919433594 1125.61169433594 1177.80017089844 1237.16809082031 1272.35430908203 1345.19702148438 1390.31958007812 1476.11376953125 1480.17974853516 1472.58374023438 1423.02258300781
1449.21710205078 1424.62103271484 1401.60748291016 1380.22235107422 1368.92810058594 1351.4404296875 1326.3134765625 1321.23187255859 1348.43646240234 1399.60137939453 1387.49090576172 1291.13452148438 1185.82861328125 1099.95965576172 1012.14263916016 971.883666992188 948.971221923828 936.362609863281 868.872467041016 778.826324462891 712.696868896484 665.346160888672 636.799377441406 584.758514404297 530.388153076172 472.596939086914 443.462661743164 444.974456787109 510.28742980957 561.305358886719 603.391876220703 649.018676757812 676.403747558594 719.735504150391 764.313598632812 821.654479980469 863.854736328125 900.891174316406 937.135131835938 953.486236572266 974.023803710938 1005.91046142578 1059.65844726562 1090.47375488281 1153.89031982422 1225.65893554688 1260.73492431641 1297.54846191406 1329.20080566406 1376.87530517578 1426.61138916016 1456.55297851562 1409.63494873047
1492.97930908203 1454.08813476562 1428.50384521484 1419.74841308594 1405.50762939453 1396.73223876953 1382.900390625 1382.15264892578 1394.7021484375 1424.76837158203 1370.45269775391 1264.66491699219 1178.4931640625 1100.38134765625 1040.17510986328 1012.56774902344 997.208374023438 971.785949707031 928.793060302734 872.60302734375 759.045501708984 700.989685058594 645.107025146484 620.740905761719 547.493743896484 509.879104614258 464.012069702148 433.92219543457 443.610214233398 521.989898681641 561.730041503906 614.87060546875 646.911041259766 686.616394042969 719.740966796875 767.046356201172 804.651763916016 861.480712890625 890.654418945312 901.412750244141 947.135589599609 987.185089111328 1018.60687255859 1070.83026123047 1123.81433105469 1202.17321777344 1234.95196533203 1251.83612060547 1281.32312011719 1311.67138671875 1340.60595703125 1375.42254638672 1405.4619140625
1504.92907714844 1478.99658203125 1457.31213378906 1444.91021728516 1436.80517578125 1449.60577392578 1444.26666259766 1462.17999267578 1485.73913574219 1432.18493652344 1338.05090332031 1248.73937988281 1169.81524658203 1115.83666992188 1078.90502929688 1062.50549316406 1052.09332275391 1028.18075561523 975.128662109375 920.416961669922 840.776611328125 726.010162353516 676.065979003906 637.330627441406 584.846405029297 513.440124511719 484.593231201172 439.258392333984 399.171493530273 421.979858398438 502.623779296875 558.704467773438 616.062072753906 643.636840820312 673.672760009766 699.833526611328 749.9013671875 792.575744628906 824.278411865234 857.04150390625 895.585968017578 960.425994873047 988.126617431641 1035.55688476562 1091.0185546875 1146.58599853516 1180.81494140625 1211.6044921875 1243.44781494141 1259.36651611328 1281.28900146484 1296.06842041016 1339.05731201172
1536.85717773438 1502.45275878906 1492.36029052734 1475.41198730469 1463.01678466797 1493.34661865234 1512.29895019531 1567.33227539062 1566.02978515625 1433.3095703125 1300.5947265625 1228.748046875 1180.20666503906 1153.03387451172 1164.74029541016 1120.4677734375 1090.04553222656 1070.96606445312 1040.29125976562 951.405609130859 877.143859863281 743.856536865234 704.042816162109 659.416442871094 627.169586181641 554.944091796875 490.469879150391 457.085464477539 434.575485229492 402.076278686523 409.932739257812 481.901443481445 554.419097900391 615.823608398438 640.3994140625 671.635650634766 698.704040527344 730.276672363281 771.234100341797 818.63134765625 852.952880859375 899.422058105469 936.880187988281 982.425567626953 1031.78747558594 1061.66845703125 1105.96124267578 1167.53936767578 1226.0888671875 1231.45196533203 1224.79809570312 1237.27020263672 1278.22241210938
1578.51666259766 1553.33642578125 1525.31951904297 1517.15789794922 1509.60772705078 1540.49133300781 1585.27075195312 1597.97412109375 1542.89453125 1385.49920654297 1277.6943359375 1223.49139404297 1213.21319580078 1225.36907958984 1221.80017089844 1196.19836425781 1163.41186523438 1108.27142333984 1037.89538574219 950.26513671875 878.106597900391 772.920532226562 731.502197265625 695.306121826172 656.704528808594 594.874847412109 504.474868774414 466.605361938477 427.318634033203 397.987869262695 381.707580566406 395.17170715332 474.965927124023 549.660491943359 609.072570800781 637.472045898438 667.883514404297 704.632202148438 745.808410644531 763.900085449219 809.408111572266 856.583679199219 901.781707763672 934.571258544922 957.035369873047 990.950042724609 1063.57977294922 1113.32177734375 1171.03680419922 1174.41888427734 1181.61102294922 1191.103515625 1217.30084228516
1669.63781738281 1635.77856445312 1614.73205566406 1617.79241943359 1600.38916015625 1596.14788818359 1608.61529541016 1551.30090332031 1482.28240966797 1359.78161621094 1294.50152587891 1262.18218994141 1271.73010253906 1294.65216064453 1268.36956787109 1249.93627929688 1218.40997314453 1123.10583496094 1015.27691650391 944.461486816406 895.19921875 813.023468017578 751.204040527344 716.941467285156 675.912872314453 632.338165283203 549.159454345703 476.17936706543 440.873291015625 431.064834594727 401.723648071289 383.191360473633 381.456649780273 449.94416809082 530.699920654297 581.439483642578 615.306549072266 656.492370605469 706.714782714844 731.623107910156 760.945587158203 795.274932861328 857.403503417969 892.288513183594 922.777679443359 965.492584228516 1021.40530395508 1085.35229492188 1102.43103027344 1108.14398193359 1096.72839355469 1106.20574951172 1161.73077392578
1658.55920410156 1682.70690917969 1683.19659423828 1669.53332519531 1644.13104248047 1600.33081054688 1555.37445068359 1497.67730712891 1408.46911621094 1349.73663330078 1314.18634033203 1306.71588134766 1330.52917480469 1345.3466796875 1323.14666748047 1300.48840332031 1228.07867431641 1138.43933105469 1017.45306396484 963.738708496094 921.005615234375 874.006866455078 782.643096923828 737.773834228516 699.226745605469 652.190856933594 592.621734619141 497.721008300781 448.493545532227 434.181365966797 393.234512329102 377.929244995117 349.010437011719 357.043685913086 431.914443969727 508.418212890625 563.459045410156 607.445648193359 637.619049072266 672.379516601562 701.172698974609 731.709625244141 769.121826171875 828.645050048828 892.712646484375 933.889953613281 977.544525146484 1030.20849609375 1046.85485839844 1049.35382080078 1049.86212158203 1064.93817138672 1095.99188232422
1608.15148925781 1613.06915283203 1613.90905761719 1641.54150390625 1611.62005615234 1555.96405029297 1498.72271728516 1451.74334716797 1424.83776855469 1393.52758789062 1362.02075195312 1360.87286376953 1377.63751220703 1378.25354003906 1370.80755615234 1335.06555175781 1243.64172363281 1172.12286376953 1063.45782470703 997.964050292969 955.161285400391 916.292541503906 865.034210205078 776.642211914062 726.599884033203 669.164520263672 631.279968261719 555.368743896484 453.587860107422 426.002136230469 404.096389770508 378.818481445312 355.939208984375 354.361953735352 333.304412841797 357.731643676758 452.800704956055 531.798797607422 581.803192138672 612.338073730469 648.918579101562 675.521087646484 704.424163818359 764.99951171875 827.857452392578 896.377410888672 962.757263183594 989.097961425781 988.182495117188 992.126953125 1012.49380493164 1022.86791992188 1072.05267333984
1442.71527099609 1469.10034179688 1463.34802246094 1482.69616699219 1462.70935058594 1460.01177978516 1445.16448974609 1443.98419189453 1439.82580566406 1429.17749023438 1389.42230224609 1390.45086669922 1403.70239257812 1417.71728515625 1398.91149902344 1346.50915527344 1283.16424560547 1221.0966796875 1137.83569335938 1059.07379150391 1024.77886962891 971.784790039062 940.511474609375 876.527618408203 774.984588623047 712.912902832031 651.818511962891 606.255126953125 487.414413452148 420.931640625 408.914123535156 380.673599243164 371.041580200195 359.844604492188 331.64875793457 327.031600952148 348.05224609375 401.37516784668 486.364135742188 559.566345214844 582.671539306641 619.935699462891 667.303131103516 707.265838623047 771.089691162109 834.07275390625 899.468292236328 961.865264892578 970.135498046875 985.426544189453 1000.51803588867 1020.62335205078 1038.09069824219
1323.451171875 1338.70458984375 1354.13006591797 1370.04425048828 1359.28509521484 1360.71429443359 1369.94348144531 1411.16180419922 1456.17791748047 1458.85913085938 1429.79119873047 1409.68322753906 1424.7998046875 1423.09985351562 1374.58361816406 1318.42651367188 1268.16625976562 1223.23022460938 1191.71942138672 1106.84851074219 1058.98431396484 1021.814453125 969.694305419922 950.58349609375 853.066375732422 755.957824707031 693.504608154297 629.800811767578 529.225128173828 429.277328491211 413.817077636719 403.424240112305 378.410430908203 368.51203918457 357.896224975586 338.644546508789 352.546295166016 347.906951904297 365.406967163086 417.294860839844 514.794006347656 564.040283203125 615.345489501953 667.978668212891 710.065856933594 769.183441162109 831.553802490234 888.828033447266 915.689788818359 946.574493408203 978.011688232422 998.435424804688 1019.39727783203
1245.10687255859 1263.95758056641 1282.4814453125 1305.63806152344 1292.65563964844 1292.87750244141 1311.05523681641 1335.27087402344 1378.98254394531 1410.58862304688 1424.47326660156 1425.15826416016 1397.68902587891 1376.17864990234 1335.91589355469 1279.15692138672 1228.67602539062 1201.64447021484 1155.29077148438 1080.18029785156 1045.37414550781 1012.83819580078 973.922821044922 905.392242431641 830.986938476562 739.545349121094 679.336181640625 634.754364013672 556.5986328125 441.88395690918 418.776107788086 417.217315673828 399.969772338867 387.257446289062 388.076721191406 362.185592651367 351.675659179688 353.762542724609 326.539245605469 330.521575927734 384.775390625 465.23063659668 553.263824462891 625.615753173828 675.056091308594 706.101318359375 764.156280517578 791.255096435547 831.324005126953 881.170959472656 935.339050292969 960.941009521484 999.586578369141
1174.20855712891 1184.16235351562 1211.13354492188 1212.95660400391 1224.54907226562 1237.10882568359 1235.57556152344 1247.40435791016 1280.11383056641 1326.11077880859 1367.98767089844 1368.68548583984 1337.99365234375 1311.71215820312 1255.67956542969 1208.70989990234 1176.08020019531 1136.66021728516 1070.55316162109 1028.09582519531 978.927276611328 944.112731933594 904.840728759766 850.330139160156 770.304504394531 713.452178955078 651.753234863281 610.252990722656 548.653930664062 461.499359130859 439.07405090332 428.505889892578 428.210159301758 410.712554931641 403.332626342773 399.481979370117 371.826751708984 366.427169799805 335.030166625977 334.205841064453 336.153717041016 353.349853515625 463.44905090332 553.411834716797 623.489715576172 674.455535888672 704.327362060547 732.475982666016 780.494903564453 813.543609619141 860.286224365234 911.043334960938 954.173034667969
1114.87707519531 1108.1669921875 1136.80645751953 1150.55926513672 1163.33758544922 1162.54254150391 1163.84497070312 1189.3349609375 1209.61163330078 1238.18774414062 1290.96228027344 1285.85266113281 1276.76629638672 1244.38323974609 1192.36224365234 1152.05169677734 1108.31213378906 1051.11767578125 1018.97454833984 974.617095947266 923.817626953125 890.138946533203 840.588592529297 725.431182861328 676.895385742188 642.064056396484 602.471954345703 596.274139404297 543.741546630859 490.956527709961 472.580505371094 458.274719238281 445.231887817383 427.305969238281 413.737426757812 400.766616821289 380.435852050781 384.264404296875 342.350646972656 343.920379638672 326.243621826172 314.418807983398 343.328216552734 461.490386962891 558.555633544922 613.164367675781 653.526397705078 688.94775390625 730.413177490234 751.644317626953 791.543273925781 843.660491943359 885.331176757812
1043.24310302734 1047.82043457031 1070.615234375 1079.97436523438 1107.48645019531 1111.37121582031 1128.14819335938 1128.31176757812 1149.15509033203 1174.10211181641 1211.38598632812 1224.66772460938 1207.95831298828 1192.85150146484 1141.44610595703 1106.20635986328 1034.3125 1010.37728881836 968.238311767578 927.196990966797 890.618438720703 844.474853515625 725.807342529297 673.080291748047 640.058532714844 597.609832763672 592.877685546875 578.700958251953 546.988952636719 532.78271484375 509.740158081055 486.904769897461 457.137359619141 431.928939819336 420.206954956055 406.752258300781 400.354675292969 380.893569946289 379.590835571289 345.736999511719 347.493026733398 315.470809936523 313.25959777832 346.873977661133 453.049774169922 566.431121826172 615.077972412109 655.947387695312 705.084228515625 733.437377929688 751.182037353516 785.936187744141 821.321807861328
