Rscript/monthly_maps/SnowDepthMapFile-q90-1990-01.asc
ncols 320 
nrows 361 
xllcorner 618410.159 
yllcorner 5088785.286 
cellsize 100 
NODATA_value -9999 
[rows 184 to 206 of 361, columns 212 to 264 of 320]
64.1463165283203 41.3304748535156 40.121021270752 39.7255706787109 40.3814277648926 39.3062973022461 65.7117538452148 91.6688766479492 139.349594116211 225.05744934082 339.380584716797 392.265777587891 432.456970214844 496.296478271484 551.072204589844 565.658508300781 581.232421875 607.489562988281 639.69287109375 667.829956054688 701.992797851562 741.171875 780.195739746094 834.928649902344 858.506713867188 883.701904296875 948.272644042969 1071.59729003906 1149.76062011719 -9999 -9999 -9999 -9999 -9999 -9999 -9999 -9999 -9999 -9999 -9999 -9999 -9999 -9999 -9999 -9999 -9999 -9999 -9999 -9999 -9999 -9999 -9999 -9999
61.2644653320312 40.0435943603516 39.437427520752 39.6546478271484 39.5702972412109 38.8675994873047 63.2348136901855 79.9394836425781 129.426315307617 230.392211914062 351.789306640625 401.065612792969 467.016265869141 539.931579589844 568.632751464844 587.072082519531 611.9677734375 640.24169921875 670.063171386719 705.348876953125 738.265380859375 774.2685546875 847.483764648438 898.689147949219 912.23583984375 911.2333984375 954.144287109375 1068.14477539062 1140.46362304688 -9999 -9999 -9999 -9999 -9999 -9999 -9999 -9999 -9999 -9999 -9999 -9999 -9999 -9999 -9999 -9999 -9999 -9999 -9999 -9999 -9999 -9999 -9999 -9999
40.0701751708984 39.0209922790527 38.9748992919922 38.6553077697754 38.6289024353027 38.174243927002 39.7409553527832 76.2462997436523 119.918212890625 199.102432250977 325.376373291016 380.014556884766 432.886962890625 512.163391113281 546.335876464844 587.068725585938 629.879089355469 672.324890136719 729.312316894531 770.238159179688 813.613342285156 870.242004394531 919.425170898438 966.294982910156 978.266052246094 955.938354492188 978.268981933594 1067.34301757812 1133.23388671875 -9999 -9999 -9999 -9999 -9999 -9999 -9999 -9999 -9999 -9999 -9999 -9999 -9999 -9999 -9999 -9999 -9999 -9999 -9999 -9999 -9999 -9999 -9999 -9999
40.4314041137695 38.3742027282715 38.4326324462891 37.8928642272949 37.8582916259766 38.0539932250977 39.4330749511719 81.6449356079102 138.465133666992 207.049163818359 334.597259521484 391.22412109375 405.098907470703 495.463104248047 537.179443359375 566.975524902344 624.158020019531 677.815734863281 746.401184082031 791.708190917969 869.121215820312 931.6953125 981.974365234375 1013.25061035156 1031.35461425781 1016.85034179688 1018.40545654297 1079.45922851562 1131.47106933594 -9999 -9999 -9999 -9999 -9999 -9999 -9999 -9999 -9999 -9999 -9999 -9999 -9999 -9999 -9999 -9999 -9999 -9999 -9999 -9999 -9999 -9999 -9999 -9999
40.2100372314453 37.9480972290039 38.1929550170898 37.2286987304688 37.2073707580566 37.4432258605957 57.2886238098145 89.3398513793945 151.340209960938 227.432861328125 355.961975097656 409.47216796875 445.734405517578 512.545349121094 545.332397460938 565.078308105469 618.949096679688 677.587463378906 740.394897460938 794.938598632812 877.101257324219 939.675537109375 1004.13739013672 1043.66625976562 1061.08666992188 1066.76025390625 1066.125 1118.00402832031 1145.73132324219 -9999 -9999 -9999 -9999 -9999 -9999 -9999 -9999 -9999 -9999 -9999 -9999 -9999 -9999 -9999 -9999 -9999 -9999 -9999 -9999 -9999 -9999 -9999 -9999
39.8125534057617 37.8351783752441 38.0967063903809 36.525447845459 36.4851608276367 36.6436958312988 60.9636344909668 96.7546615600586 152.653305053711 281.540313720703 379.210052490234 429.662200927734 493.798675537109 543.298034667969 556.5087890625 586.870483398438 646.263671875 701.333801269531 751.785217285156 803.10986328125 876.604064941406 933.481872558594 1002.39624023438 1055.83837890625 1083.7509765625 1105.15344238281 1119.31616210938 1147.99401855469 1155.51281738281 -9999 -9999 -9999 -9999 -9999 -9999 -9999 -9999 -9999 -9999 -9999 -9999 -9999 -9999 -9999 -9999 -9999 -9999 -9999 -9999 -9999 -9999 -9999 -9999
39.2500686645508 37.5585441589355 37.9586486816406 35.5502891540527 35.6258201599121 35.8413848876953 65.1988143920898 120.741928100586 177.926025390625 311.198486328125 386.556427001953 456.888977050781 538.620910644531 554.133605957031 584.299621582031 637.939331054688 687.5791015625 737.594543457031 773.974792480469 828.630615234375 883.996032714844 941.172119140625 1005.17309570312 1077.37658691406 1122.46899414062 1146.76770019531 1156.97412109375 1159.119140625 1154.40771484375 1141.14196777344 -9999 -9999 -9999 -9999 -9999 -9999 -9999 -9999 -9999 -9999 -9999 -9999 -9999 -9999 -9999 -9999 -9999 -9999 -9999 -9999 -9999 -9999 -9999
38.1536712646484 37.0111122131348 36.5030136108398 36.8737678527832 34.784496307373 35.5954856872559 67.0673522949219 134.164184570312 193.642730712891 330.369598388672 392.576904296875 486.326690673828 547.382446289062 583.686340332031 647.2109375 705.654052734375 756.78369140625 784.928039550781 812.8916015625 866.291931152344 916.279174804688 965.089172363281 1033.783203125 1117.44921875 1156.380859375 1154.55017089844 1153.67602539062 1139.98327636719 1120.35046386719 1113.22326660156 1108.04345703125 -9999 -9999 -9999 -9999 -9999 -9999 -9999 -9999 -9999 -9999 -9999 -9999 -9999 -9999 -9999 -9999 -9999 -9999 -9999 -9999 -9999 -9999
36.8760948181152 36.2033653259277 36.1826972961426 36.1154670715332 34.1643981933594 35.180835723877 65.046012878418 135.224319458008 216.184326171875 360.073181152344 400.128143310547 480.350555419922 540.535400390625 597.038879394531 681.343200683594 764.392333984375 809.662292480469 839.33447265625 882.171813964844 920.270446777344 955.358276367188 1000.25909423828 1075.09155273438 1145.90234375 1160.32800292969 1136.81945800781 1108.3212890625 1077.84887695312 1059.85595703125 1058.65319824219 1075.09411621094 1085.16564941406 1099.92004394531 -9999 -9999 -9999 -9999 -9999 -9999 -9999 -9999 -9999 -9999 -9999 -9999 -9999 -9999 -9999 -9999 -9999 -9999 -9999 -9999
36.0134086608887 35.8225975036621 35.9959335327148 35.4843482971191 33.8058204650879 35.1736488342285 56.1178741455078 114.481582641602 191.508224487305 317.165130615234 376.664886474609 452.143493652344 513.483825683594 573.684509277344 667.124694824219 762.110473632812 821.707214355469 878.741516113281 929.487609863281 962.036865234375 981.883117675781 1014.43304443359 1082.82727050781 1135.8876953125 1134.73767089844 1078.99670410156 1045.05212402344 1026.06652832031 1022.08825683594 1014.89117431641 1025.39477539062 1041.21130371094 1056.38159179688 1061.36743164062 1089.55627441406 -9999 -9999 -9999 -9999 -9999 -9999 -9999 -9999 -9999 -9999 -9999 -9999 -9999 -9999 -9999 -9999 -9999 -9999
35.5476341247559 35.5450897216797 35.8149528503418 34.9910697937012 33.7117767333984 35.4472198486328 62.5088233947754 94.5122146606445 138.043502807617 269.218109130859 342.290740966797 402.467590332031 498.982086181641 555.10546875 655.134216308594 737.549560546875 804.358825683594 840.9775390625 899.030883789062 929.234497070312 947.786804199219 1005.04699707031 1077.07189941406 1115.02612304688 1107.26831054688 1047.58386230469 1015.52075195312 1002.59027099609 992.144714355469 981.640563964844 979.082702636719 979.268676757812 994.992492675781 1027.39624023438 1057.39123535156 1076.6171875 -9999 -9999 -9999 -9999 -9999 -9999 -9999 -9999 -9999 -9999 -9999 -9999 -9999 -9999 -9999 -9999 -9999
35.5280914306641 35.4974670410156 35.0004005432129 34.656665802002 33.6357536315918 35.5066375732422 38.0651092529297 80.0734786987305 119.172348022461 209.096725463867 326.581329345703 374.024871826172 488.647430419922 555.400329589844 660.052001953125 717.05322265625 738.901489257812 758.036499023438 788.910400390625 851.274780273438 895.354919433594 952.711975097656 1046.90344238281 1090.41857910156 1079.85485839844 1027.17419433594 998.7861328125 973.766906738281 962.100463867188 944.76318359375 939.152954101562 929.946716308594 940.744445800781 972.045288085938 1010.94708251953 1047.12255859375 1076.33984375 -9999 -9999 -9999 -9999 -9999 -9999 -9999 -9999 -9999 -9999 -9999 -9999 -9999 -9999 -9999 -9999
35.578540802002 35.2045860290527 34.6452713012695 34.3980026245117 33.4851875305176 35.2488632202148 38.250804901123 72.0916366577148 108.615371704102 180.498046875 317.422027587891 374.033599853516 496.462921142578 557.662353515625 641.527893066406 668.51416015625 677.480163574219 692.3125 710.334655761719 772.45654296875 846.135314941406 925.102172851562 1018.80767822266 1064.05712890625 1067.03857421875 1010.38983154297 972.072387695312 945.711181640625 927.392456054688 914.859130859375 897.236450195312 909.679321289062 912.681945800781 937.292358398438 968.213684082031 1013.90295410156 1063.76171875 1095.51049804688 -9999 -9999 -9999 -9999 -9999 -9999 -9999 -9999 -9999 -9999 -9999 -9999 -9999 -9999 -9999
35.8745422363281 35.1012344360352 34.3564910888672 34.0900688171387 33.0860443115234 34.5825042724609 37.8993682861328 67.5726013183594 114.66716003418 177.784210205078 305.213439941406 374.795471191406 505.850433349609 543.7255859375 565.486022949219 594.757690429688 611.352722167969 637.274780273438 683.568725585938 724.316162109375 813.269226074219 900.8486328125 1003.37048339844 1039.91137695312 1044.92834472656 992.452880859375 937.103454589844 915.348754882812 888.918701171875 877.237854003906 865.703125 879.159301757812 892.849548339844 915.387084960938 934.026489257812 980.886779785156 1045.29162597656 1085.35876464844 -9999 -9999 -9999 -9999 -9999 -9999 -9999 -9999 -9999 -9999 -9999 -9999 -9999 -9999 -9999
35.3295936584473 34.2264060974121 33.2992286682129 33.8632698059082 32.5007858276367 33.6064529418945 36.9800453186035 56.3249092102051 93.5496597290039 149.715911865234 311.036163330078 383.541351318359 465.582214355469 509.391693115234 512.325317382812 525.207092285156 559.522521972656 593.893127441406 649.583801269531 698.607177734375 786.48095703125 890.7109375 980.010498046875 1015.306640625 1022.83319091797 970.966186523438 914.46533203125 883.36279296875 845.207824707031 816.314575195312 809.7724609375 833.85400390625 872.314208984375 892.814697265625 915.542175292969 953.496154785156 1019.67126464844 1059.29956054688 -9999 -9999 -9999 -9999 -9999 -9999 -9999 -9999 -9999 -9999 -9999 -9999 -9999 -9999 -9999
35.0616073608398 33.3058280944824 34.2945861816406 32.2058944702148 31.9841709136963 32.3171997070312 35.5698127746582 38.0367317199707 73.3169097900391 119.038986206055 228.10693359375 329.268280029297 367.20068359375 412.437408447266 467.717193603516 509.021148681641 530.700744628906 560.654724121094 617.932189941406 685.655517578125 758.451354980469 863.56591796875 943.897094726562 991.255676269531 1003.00268554688 944.888366699219 890.061279296875 840.211547851562 793.821960449219 772.603698730469 781.453063964844 792.478088378906 830.034729003906 872.643310546875 899.547668457031 925.441528320312 986.647827148438 1046.40966796875 1056.11022949219 -9999 -9999 -9999 -9999 -9999 -9999 -9999 -9999 -9999 -9999 -9999 -9999 -9999 -9999
35.2091865539551 32.7920303344727 33.4776039123535 32.9252891540527 31.6076145172119 31.2729816436768 33.4441223144531 36.6575088500977 56.2590942382812 79.5719833374023 117.591163635254 236.210983276367 281.359497070312 320.730987548828 385.124969482422 468.61181640625 519.507629394531 530.649047851562 585.239685058594 663.372863769531 727.981567382812 816.116394042969 904.088806152344 973.207397460938 971.959716796875 934.614868164062 872.10107421875 793.282470703125 770.482055664062 732.836975097656 734.598083496094 748.374145507812 771.69775390625 824.754333496094 860.835510253906 898.970642089844 936.647033691406 996.29736328125 1024.61181640625 -9999 -9999 -9999 -9999 -9999 -9999 -9999 -9999 -9999 -9999 -9999 -9999 -9999 -9999
35.4344711303711 32.7233657836914 32.9755096435547 32.5098304748535 32.3995742797852 30.914026260376 31.8943195343018 34.7195930480957 37.1948165893555 61.445068359375 78.5303421020508 102.157135009766 154.868530273438 262.286224365234 333.722503662109 406.368133544922 494.564849853516 511.584564208984 540.473876953125 613.82568359375 692.4208984375 762.744018554688 853.385864257812 938.037353515625 943.2939453125 922.680053710938 838.503295898438 773.953186035156 725.942077636719 687.622497558594 686.436279296875 697.809509277344 735.865051269531 770.50830078125 829.621704101562 865.46630859375 909.86962890625 941.335693359375 964.074829101562 -9999 -9999 -9999 -9999 -9999 -9999 -9999 -9999 -9999 -9999 -9999 -9999 -9999 -9999
35.6929817199707 33.2090034484863 32.7438278198242 33.2468338012695 31.3147525787354 30.4601631164551 30.9504203796387 32.6720237731934 35.6666221618652 38.1756248474121 59.0055160522461 74.729736328125 102.42244720459 157.592987060547 289.794616699219 357.305450439453 428.449798583984 493.071075439453 504.325073242188 560.661193847656 646.038818359375 722.327514648438 813.006652832031 906.019592285156 911.071411132812 878.98046875 801.260070800781 749.499755859375 691.428344726562 667.441833496094 645.771118164062 659.205322265625 693.7197265625 746.546630859375 791.100952148438 840.579467773438 877.249206542969 905.226379394531 918.366027832031 -9999 -9999 -9999 -9999 -9999 -9999 -9999 -9999 -9999 -9999 -9999 -9999 -9999 -9999
35.9523010253906 33.4466552734375 32.4742813110352 32.4419822692871 31.3899803161621 30.2675037384033 29.7526054382324 31.4050884246826 33.5888061523438 36.9993438720703 39.1243515014648 41.1894836425781 68.7184295654297 103.12776184082 202.816757202148 304.588928222656 361.077575683594 442.509643554688 496.433990478516 522.697875976562 609.232360839844 708.452941894531 800.735900878906 860.349792480469 853.221923828125 818.543579101562 767.433654785156 705.355651855469 655.615661621094 643.502197265625 620.688842773438 643.172485351562 666.649658203125 728.642211914062 772.551940917969 805.48291015625 839.848083496094 879.730590820312 900.151000976562 -9999 -9999 -9999 -9999 -9999 -9999 -9999 -9999 -9999 -9999 -9999 -9999 -9999 -9999
36.3681640625 33.4519157409668 32.0374946594238 31.5139274597168 29.6796340942383 29.6725578308105 28.8004779815674 29.9608898162842 32.2429351806641 35.0285530090332 37.4234886169434 38.7235794067383 40.180980682373 75.0719528198242 110.295356750488 230.856979370117 325.272216796875 388.907562255859 482.168121337891 508.452239990234 598.055725097656 700.8359375 801.755554199219 818.672729492188 802.139953613281 755.361755371094 710.97998046875 656.681274414062 626.240173339844 608.580932617188 597.762084960938 623.106689453125 656.784606933594 715.201171875 767.081970214844 763.266845703125 783.658752441406 849.537231445312 889.588439941406 -9999 -9999 -9999 -9999 -9999 -9999 -9999 -9999 -9999 -9999 -9999 -9999 -9999 -9999
63.1944923400879 33.7829627990723 31.4767475128174 30.6171188354492 29.107349395752 27.2720184326172 28.1372375488281 28.8537254333496 31.2177848815918 33.5131301879883 35.0691452026367 36.5454216003418 37.6558113098145 60.5844039916992 96.8279418945312 168.261901855469 314.475036621094 380.489715576172 475.219665527344 508.815032958984 599.71923828125 710.102905273438 807.154541015625 799.346618652344 742.170471191406 684.624938964844 637.624145507812 602.14501953125 573.859191894531 576.851013183594 585.877746582031 600.745056152344 650.409118652344 687.294921875 710.513305664062 711.89892578125 744.499938964844 798.90234375 876.407653808594 915.467651367188 -9999 -9999 -9999 -9999 -9999 -9999 -9999 -9999 -9999 -9999 -9999 -9999 -9999
74.7466506958008 35.1824417114258 31.5244789123535 30.1595001220703 28.808198928833 26.4175472259521 26.4242610931396 28.2337455749512 29.5640602111816 32.4615669250488 33.7619743347168 34.8848075866699 36.592887878418 39.1856536865234 97.7305145263672 144.935775756836 294.273223876953 372.087127685547 476.307647705078 521.453430175781 613.299011230469 731.780822753906 784.041259765625 759.666442871094 686.282653808594 626.51318359375 582.166687011719 553.705810546875 545.336364746094 544.83349609375 565.630493164062 578.592102050781 625.849792480469 647.169921875 653.449523925781 667.254150390625 699.540893554688 761.157775878906 839.041076660156 880.604431152344 -9999 -9999 -9999 -9999 -9999 -9999 -9999 -9999 -9999 -9999 -9999 -9999 -9999
