Rscript/monthly_maps/SnowDepthMapFile-q90-1990-01.asc
ncols 320 
nrows 361 
xllcorner 618410.159 
yllcorner 5088785.286 
cellsize 100 
NODATA_value -9999 
[rows 138 to 160 of 361, columns 212 to 264 of 320]
464.284729003906 447.704406738281 445.380920410156 449.871826171875 473.5712890625 495.489685058594 517.573364257812 579.485473632812 620.716674804688 705.422607421875 797.474609375 852.845886230469 901.503173828125 945.321411132812 982.789001464844 1002.52258300781 1044.65991210938 1106.21313476562 1159.94226074219 1204.1708984375 1166.96435546875 1124.43383789062 1117.42114257812 1101.14465332031 1054.82678222656 1042.93151855469 1067.54248046875 1165.68835449219 1324.45825195312 1414.77856445312 1424.51477050781 1293.23229980469 1231.61547851562 1214.02392578125 1225.43627929688 1231.16381835938 1218.81262207031 1182.23852539062 1155.27209472656 1136.19396972656 1196.73901367188 1239.837890625 -9999 -9999 -9999 -9999 -9999 -9999 -9999 -9999 -9999 -9999 -9999
455.469879150391 444.493988037109 437.884613037109 442.403533935547 469.347106933594 496.076538085938 530.1982421875 581.136840820312 664.998474121094 768.849060058594 841.833190917969 895.993225097656 960.093322753906 1003.85491943359 1001.73486328125 1018.17944335938 1027.7978515625 1071.7109375 1143.86828613281 1164.06164550781 1211.27526855469 1191.76623535156 1179.02124023438 1117.95068359375 1043.53466796875 1041.08630371094 1099.73474121094 1250.93017578125 1431.32702636719 1357.38024902344 1286.6953125 1175.65759277344 1165.74523925781 1186.16796875 1212.40319824219 1220.44787597656 1213.21447753906 1174.40356445312 1160.669921875 1144.96069335938 1173.2138671875 1202.82250976562 -9999 -9999 -9999 -9999 -9999 -9999 -9999 -9999 -9999 -9999 -9999
444.594696044922 418.653625488281 429.301208496094 439.448028564453 463.994293212891 481.752075195312 541.572326660156 601.15869140625 717.474731445312 841.287414550781 912.591796875 971.975402832031 999.33251953125 1013.25714111328 991.081848144531 960.735290527344 959.005249023438 985.151977539062 1028.54138183594 1079.13500976562 1135.85485839844 1194.35632324219 1183.46923828125 1134.91394042969 1068.39184570312 1102.39001464844 1227.42358398438 1411.57055664062 1389.32116699219 1294.32055664062 1159.98608398438 1140.3759765625 1159.57055664062 1200.37390136719 1202.40161132812 1215.08813476562 1205.52099609375 1173.02160644531 1176.59057617188 1155.85009765625 1166.70910644531 1196 1238.81469726562 -9999 -9999 -9999 -9999 -9999 -9999 -9999 -9999 -9999 -9999
435.309722900391 409.90478515625 419.520233154297 437.196990966797 463.644165039062 482.235412597656 545.184020996094 615.452026367188 761.989624023438 878.593444824219 962.694702148438 995.793640136719 1014.75506591797 973.767517089844 931.118591308594 913.49267578125 919.762878417969 942.170654296875 971.491455078125 988.323059082031 1015.06829833984 1048.2763671875 1069.75207519531 1040.09533691406 1063.318359375 1148.89868164062 1330.09643554688 1357.68884277344 1324.39770507812 1173.07666015625 1122.56555175781 1133.55676269531 1167.99694824219 1188.78369140625 1192.14331054688 1196.27673339844 1204.54772949219 1188.734375 1171.75952148438 1183.86743164062 1162.84045410156 1186.35961914062 -9999 -9999 -9999 -9999 -9999 -9999 -9999 -9999 -9999 -9999 -9999
417.387847900391 397.149871826172 409.079193115234 433.595581054688 466.349548339844 487.423248291016 558.027160644531 630.444580078125 758.913940429688 865.180053710938 943.282287597656 974.273559570312 956.404418945312 910.298645019531 895.162170410156 882.902526855469 904.619384765625 933.19287109375 950.6953125 962.267333984375 962.698486328125 965.780700683594 960.228088378906 953.549133300781 999.603332519531 1131.05895996094 1317.00048828125 1318.54760742188 1211.10815429688 1136.52648925781 1121.78564453125 1144.45324707031 1160.84020996094 1164.04638671875 1152.32275390625 1167.12414550781 1188.87658691406 1193.39721679688 1191.09790039062 1180.10021972656 1188.50939941406 1210.49340820312 -9999 -9999 -9999 -9999 -9999 -9999 -9999 -9999 -9999 -9999 -9999
401.189239501953 385.306915283203 402.835540771484 431.045623779297 467.901245117188 497.535583496094 568.753234863281 642.698059082031 720.638977050781 820.4560546875 885.171203613281 895.42626953125 888.153198242188 855.874206542969 837.676513671875 851.217956542969 873.584228515625 911.710021972656 942.321350097656 949.409729003906 965.724853515625 957.874389648438 928.683410644531 907.091064453125 940.849975585938 1063.60986328125 1235.48364257812 1241.55749511719 1185.46081542969 1133.81018066406 1124.66491699219 1137.79345703125 1137.53686523438 1137.46301269531 1130.55578613281 1137.34753417969 1158.77526855469 1184.68994140625 1180.32971191406 1168.98376464844 1182.80847167969 1217.92578125 -9999 -9999 -9999 -9999 -9999 -9999 -9999 -9999 -9999 -9999 -9999
385.638031005859 358.2041015625 388.454986572266 423.077850341797 468.01806640625 509.224884033203 596.029357910156 657.803405761719 725.757690429688 776.829040527344 825.428039550781 826.711181640625 807.063903808594 776.648803710938 791.543640136719 801.918579101562 828.313842773438 875.231018066406 915.506591796875 953.659057617188 974.442077636719 973.097717285156 947.567443847656 915.759155273438 936.235961914062 1048.99755859375 1216.47583007812 1233.36633300781 1182.70642089844 1128.39440917969 1118.50622558594 1116.81213378906 1112.685546875 1114.07556152344 1113.55322265625 1125.54028320312 1154.17175292969 1172.0517578125 1181.23449707031 1156.74243164062 1172.44787597656 1219.16149902344 -9999 -9999 -9999 -9999 -9999 -9999 -9999 -9999 -9999 -9999 -9999
358.990692138672 333.249938964844 353.686859130859 404.955291748047 448.052612304688 520.713745117188 616.887573242188 688.873046875 740.756958007812 744.31494140625 748.266418457031 745.052734375 720.290954589844 695.614501953125 706.061645507812 750.155395507812 778.655944824219 835.731262207031 892.896240234375 944.870239257812 976.798217773438 988.118530273438 971.65625 939.562194824219 953.454406738281 1048.13049316406 1178.57934570312 1183.67236328125 1150.12414550781 1105.32421875 1094.50659179688 1099.55236816406 1105.93688964844 1114.68737792969 1120.29370117188 1142.28015136719 1157.53332519531 1164.96716308594 1154.6748046875 1174.19287109375 1191.87548828125 -9999 -9999 -9999 -9999 -9999 -9999 -9999 -9999 -9999 -9999 -9999 -9999
343.840789794922 308.964019775391 327.3935546875 377.912475585938 439.746948242188 500.74853515625 621.364013671875 696.576782226562 721.0283203125 702.70361328125 678.684997558594 665.712280273438 659.406066894531 642.723449707031 661.5439453125 683.724731445312 757.454040527344 815.252990722656 867.328002929688 913.714172363281 961.848205566406 987.902099609375 989.4482421875 983.888305664062 1002.72088623047 1048.60522460938 1104.59094238281 1104.20776367188 1089.0703125 1067.72448730469 1081.15905761719 1096.05615234375 1110.89465332031 1125.80908203125 1139.251953125 1130.07238769531 1117.07604980469 1136.68530273438 1139.64306640625 1186.75134277344 1203.2109375 -9999 -9999 -9999 -9999 -9999 -9999 -9999 -9999 -9999 -9999 -9999 -9999
306.489562988281 266.309020996094 283.958343505859 318.819122314453 391.042633056641 461.375671386719 576.664733886719 635.935363769531 639.082153320312 614.590637207031 599.346069335938 594.3935546875 597.849975585938 597.211547851562 624.345581054688 667.390686035156 724.078369140625 807.81201171875 847.485473632812 888.344360351562 945.327453613281 990.805786132812 1018.07135009766 1033.29895019531 1022.61401367188 1000.08392333984 995.744262695312 1006.55035400391 1039.16662597656 1065.06848144531 1089.42333984375 1110.74462890625 1134.53369140625 1116.69921875 1112.00720214844 1090.33666992188 1082.60375976562 1098.80151367188 1147.15466308594 1195.103515625 1219.77722167969 -9999 -9999 -9999 -9999 -9999 -9999 -9999 -9999 -9999 -9999 -9999 -9999
265.829254150391 217.658630371094 222.407440185547 265.568969726562 330.587371826172 396.203460693359 454.385040283203 511.936614990234 547.576599121094 544.036071777344 545.1806640625 545.301330566406 560.59326171875 580.012512207031 612.978515625 648.338989257812 705.50830078125 795.817504882812 847.406494140625 886.195434570312 945.996337890625 1004.56378173828 1055.5205078125 1048.72741699219 980.295654296875 934.140014648438 934.028137207031 970.656433105469 1035.19177246094 1090.11682128906 1126.12744140625 1139.4658203125 1136.11486816406 1128.68530273438 1079.63037109375 1041.01647949219 1055.04333496094 1122.13427734375 1178.13134765625 1223.68041992188 1256.24401855469 -9999 -9999 -9999 -9999 -9999 -9999 -9999 -9999 -9999 -9999 -9999 -9999
208.336349487305 185.112411499023 174.765609741211 209.706359863281 254.522354125977 304.766998291016 354.450927734375 386.494995117188 430.109344482422 452.245788574219 470.546478271484 481.731414794922 502.736267089844 531.204772949219 582.422119140625 618.52880859375 704.044494628906 805.340637207031 861.251037597656 911.463317871094 957.153381347656 1024.63537597656 1031.93579101562 978.790588378906 922.415649414062 903.191589355469 922.728637695312 988.124938964844 1063.79174804688 1128.33935546875 1135.77124023438 1134.55395507812 1131.24194335938 1087.49853515625 1037.91076660156 1033.35375976562 1065.58959960938 1158.09289550781 1238.00268554688 1297.86560058594 1330.37646484375 -9999 -9999 -9999 -9999 -9999 -9999 -9999 -9999 -9999 -9999 -9999 -9999
173.964996337891 161.402893066406 153.69660949707 140.609161376953 190.996566772461 205.467727661133 264.317901611328 301.973785400391 346.910736083984 383.183929443359 420.307525634766 442.980316162109 457.875854492188 482.672729492188 511.528137207031 561.83642578125 645.964965820312 769.516174316406 836.978454589844 914.391967773438 939.425903320312 946.524047851562 915.714233398438 891.816650390625 889.211486816406 907.181030273438 940.535278320312 1003.15466308594 1087.93322753906 1133.44421386719 1135.81689453125 1110.28491210938 1070.66320800781 1039.60473632812 1034.31567382812 1054.13549804688 1105.05297851562 1212.32788085938 1319.43054199219 1376.5419921875 1391.6142578125 -9999 -9999 -9999 -9999 -9999 -9999 -9999 -9999 -9999 -9999 -9999 -9999
165.230926513672 160.184005737305 135.879425048828 120.142295837402 130.075820922852 153.388763427734 176.853912353516 204.426559448242 262.370361328125 327.076568603516 356.393218994141 377.949981689453 396.029083251953 419.050476074219 434.921844482422 489.701690673828 577.298400878906 681.621337890625 768.212707519531 786.738098144531 803.35400390625 811.151428222656 819.8486328125 853.148315429688 888.5830078125 918.217163085938 939.288024902344 985.422912597656 1034.93481445312 1075.20617675781 1069.00085449219 1051.27087402344 1041.06005859375 1050.94506835938 1084.66931152344 1134.16625976562 1190.51025390625 1287.55871582031 1347.43518066406 -9999 -9999 -9999 -9999 -9999 -9999 -9999 -9999 -9999 -9999 -9999 -9999 -9999 -9999
154.177536010742 139.928771972656 127.125038146973 135.691421508789 145.400741577148 138.822479248047 151.84407043457 169.154815673828 202.529647827148 246.630874633789 293.590484619141 330.412567138672 349.673736572266 365.701843261719 374.834381103516 389.319305419922 444.610382080078 514.526489257812 556.564392089844 609.771484375 650.799377441406 712.999877929688 771.565673828125 829.525695800781 882.717834472656 901.243774414062 911.702026367188 930.5673828125 963.171691894531 1007.77966308594 1036.47180175781 1088.04565429688 1117.63781738281 1162.57983398438 1209.67565917969 1258.56298828125 1272.81115722656 1311.75036621094 -9999 -9999 -9999 -9999 -9999 -9999 -9999 -9999 -9999 -9999 -9999 -9999 -9999 -9999 -9999
148.324081420898 145.563934326172 140.977142333984 144.879730224609 188.924987792969 168.40934753418 174.700180053711 198.049392700195 232.405731201172 258.791412353516 291.2646484375 323.925048828125 334.688690185547 350.172332763672 346.60498046875 337.706207275391 352.105651855469 387.259796142578 427.425354003906 492.776397705078 566.430541992188 644.226013183594 756.846435546875 823.021423339844 868.282348632812 886.322143554688 881.215148925781 879.632751464844 896.940063476562 953.422058105469 1060.6357421875 1185.89196777344 1215.57958984375 1251.76538085938 1283.88647460938 1315.67346191406 -9999 -9999 -9999 -9999 -9999 -9999 -9999 -9999 -9999 -9999 -9999 -9999 -9999 -9999 -9999 -9999 -9999
129.209945678711 129.780166625977 157.61100769043 177.786560058594 206.26057434082 242.262649536133 253.489730834961 252.263229370117 250.133270263672 251.740859985352 295.707061767578 324.553497314453 343.330993652344 364.372985839844 387.753784179688 377.154113769531 368.535369873047 361.682434082031 407.320404052734 470.082733154297 530.505859375 628.222045898438 706.919128417969 804.476806640625 848.69580078125 865.971984863281 854.514465332031 839.448181152344 849.751525878906 930.977661132812 1100.98107910156 1183.23596191406 -9999 -9999 -9999 -9999 -9999 -9999 -9999 -9999 -9999 -9999 -9999 -9999 -9999 -9999 -9999 -9999 -9999 -9999 -9999 -9999 -9999
131.356048583984 129.882232666016 147.56608581543 195.321594238281 254.510620117188 304.893585205078 305.501770019531 294.115509033203 281.603820800781 284.906585693359 299.003295898438 320.153381347656 337.737701416016 374.907623291016 402.35791015625 430.947814941406 439.161407470703 454.328918457031 444.355865478516 464.836669921875 536.431396484375 607.837768554688 693.88037109375 768.301818847656 826.475891113281 845.846313476562 828.491638183594 817.904479980469 837.457580566406 934.111572265625 1113.05407714844 1225.62036132812 -9999 -9999 -9999 -9999 -9999 -9999 -9999 -9999 -9999 -9999 -9999 -9999 -9999 -9999 -9999 -9999 -9999 -9999 -9999 -9999 -9999
129.057693481445 140.928771972656 146.949523925781 189.595748901367 316.150695800781 375.935150146484 379.480255126953 359.141906738281 339.077453613281 326.343078613281 330.989959716797 343.72607421875 367.830291748047 383.018951416016 415.231719970703 441.541748046875 465.294586181641 484.427490234375 495.250213623047 498.099426269531 537.13037109375 592.9296875 662.139221191406 738.603515625 811.558288574219 826.478393554688 812.138610839844 803.236999511719 842.600708007812 952.016906738281 1123.78247070312 1198.20361328125 -9999 -9999 -9999 -9999 -9999 -9999 -9999 -9999 -9999 -9999 -9999 -9999 -9999 -9999 -9999 -9999 -9999 -9999 -9999 -9999 -9999
125.319114685059 129.50146484375 146.251739501953 216.085525512695 343.649139404297 441.181182861328 470.779724121094 447.978729248047 406.902984619141 372.450897216797 365.572723388672 375.774200439453 388.696411132812 411.272155761719 435.546966552734 465.682983398438 482.369812011719 504.479431152344 511.823455810547 523.720825195312 538.940673828125 583.700012207031 645.09912109375 719.451110839844 792.7373046875 819.185729980469 806.474365234375 813.527648925781 861.948852539062 973.430114746094 1119.86279296875 1177.98083496094 -9999 -9999 -9999 -9999 -9999 -9999 -9999 -9999 -9999 -9999 -9999 -9999 -9999 -9999 -9999 -9999 -9999 -9999 -9999 -9999 -9999
119.785087585449 119.633117675781 129.143005371094 221.739669799805 334.866516113281 481.47509765625 540.174987792969 528.508728027344 496.188018798828 454.630645751953 430.719635009766 424.999450683594 428.796020507812 445.102630615234 457.645538330078 480.251251220703 505.114349365234 519.448913574219 540.388488769531 542.364929199219 550.779968261719 599.005920410156 638.595642089844 712.640380859375 778.517211914062 816.413696289062 817.452331542969 834.877075195312 891.398559570312 1005.23663330078 1137.44396972656 1168.77294921875 -9999 -9999 -9999 -9999 -9999 -9999 -9999 -9999 -9999 -9999 -9999 -9999 -9999 -9999 -9999 -9999 -9999 -9999 -9999 -9999 -9999
115.914237976074 116.641670227051 120.730758666992 184.391708374023 303.244659423828 430.600311279297 546.224975585938 593.674011230469 574.05810546875 530.421508789062 506.024871826172 475.872985839844 464.574890136719 462.254913330078 467.041473388672 486.592620849609 503.222320556641 527.090454101562 544.800537109375 564.454528808594 586.198974609375 619.992309570312 645.594055175781 706.250610351562 772.027221679688 816.382446289062 833.65283203125 854.687744140625 912.648193359375 1022.67858886719 1095.25830078125 -9999 -9999 -9999 -9999 -9999 -9999 -9999 -9999 -9999 -9999 -9999 -9999 -9999 -9999 -9999 -9999 -9999 -9999 -9999 -9999 -9999 -9999
117.129150390625 108.92261505127 102.515785217285 123.599884033203 262.453643798828 397.721099853516 485.637725830078 588.832214355469 654.453430175781 652.100769042969 620.599792480469 587.785461425781 551.431762695312 529.544799804688 501.924346923828 498.659790039062 506.385681152344 514.08203125 542.342834472656 575.838317871094 618.682861328125 648.61474609375 667.062194824219 717.9013671875 777.975769042969 814.148986816406 830.633422851562 869.708740234375 925.136108398438 1017.92541503906 1137.55920410156 1186.59704589844 -9999 -9999 -9999 -9999 -9999 -9999 -9999 -9999 -9999 -9999 -9999 -9999 -9999 -9999 -9999 -9999 -9999 -9999 -9999 -9999 -9999
