Rscript/monthly_maps/SnowDepthMapFile-mean-1989-11.asc
ncols 320 
nrows 361 
xllcorner 618410.159 
yllcorner 5088785.286 
cellsize 100 
NODATA_value -9999 
[rows 23 to 45 of 361, columns 106 to 158 of 320]
-9999 -9999 -9999 -9999 -9999 -9999 -9999 -9999 -9999 -9999 -9999 -9999 -9999 -9999 -9999 -9999 -9999 -9999 -9999 -9999 -9999 -9999 -9999 -9999 -9999 -9999 -9999 -9999 -9999 -9999 -9999 -9999 -9999 -9999 -9999 -9999 -9999 -9999 -9999 -9999 -9999 -9999 -9999 -9999 -9999 -9999 -9999 -9999 -9999 -9999 -9999 754.549240366618 746.486468505859
-9999 -9999 -9999 -9999 -9999 -9999 -9999 -9999 -9999 -9999 -9999 -9999 -9999 -9999 -9999 -9999 -9999 -9999 -9999 -9999 -9999 -9999 -9999 -9999 -9999 -9999 -9999 -9999 -9999 -9999 -9999 -9999 -9999 -9999 -9999 -9999 -9999 -9999 -9999 -9999 -9999 -9999 -9999 -9999 -9999 -9999 -9999 -9999 -9999 -9999 760.383976999919 740.26256459554 708.273007965088
-9999 -9999 -9999 -9999 -9999 -9999 -9999 -9999 -9999 -9999 -9999 -9999 -9999 -9999 -9999 -9999 -9999 -9999 -9999 -9999 -9999 -9999 -9999 -9999 -9999 -9999 -9999 -9999 -9999 -9999 -9999 -9999 -9999 -9999 -9999 -9999 -9999 -9999 -9999 -9999 -9999 -9999 -9999 -9999 -9999 -9999 -9999 -9999 -9999 756.332801055908 740.478137207031 707.105835215251 678.272054290772
-9999 -9999 -9999 -9999 -9999 -9999 -9999 -9999 -9999 -9999 -9999 -9999 -9999 -9999 -9999 -9999 -9999 -9999 -9999 -9999 -9999 -9999 -9999 -9999 -9999 -9999 -9999 -9999 -9999 -9999 744.548018137614 737.433317565918 708.281973775228 689.614500172933 682.862776184082 689.359696451823 689.816343180339 -9999 657.762713368734 702.68481165568 730.909055328369 -9999 -9999 -9999 -9999 -9999 -9999 -9999 767.694216156006 741.582348632812 708.313120015462 684.250857289632 667.230566660563
-9999 -9999 -9999 -9999 -9999 -9999 -9999 -9999 -9999 -9999 -9999 -9999 -9999 -9999 -9999 -9999 -9999 -9999 -9999 -9999 -9999 -9999 -9999 785.504981231689 777.845058441162 773.064445749919 770.8496190389 768.050829823812 762.879636383057 742.804870605469 733.899199167887 709.562406921387 694.921079762777 669.586354573568 664.08636601766 681.064050292969 657.62267964681 636.81978708903 623.245177968343 660.051592508952 713.753473917643 743.449831899007 -9999 -9999 -9999 -9999 -9999 792.551072692871 749.376560719808 711.674662780762 678.531964874268 668.703987121582 654.468039449056
-9999 -9999 -9999 -9999 -9999 -9999 -9999 -9999 -9999 -9999 980.180700683594 981.632441202799 -9999 970.419320678711 -9999 -9999 -9999 -9999 -9999 -9999 -9999 844.081432088216 824.832834370931 803.19151763916 775.41381072998 771.921241760254 768.646049753825 763.47331161499 747.066253407796 730.474082183838 700.302660369873 676.614802296956 669.235930124919 664.837903849284 667.718011983236 681.444588216146 678.362269592285 651.979842631022 613.52643661499 612.369195556641 650.962278493245 713.660085805257 748.696667734782 -9999 -9999 -9999 -9999 792.083902486165 724.191942596436 683.819121805827 668.786906687419 661.857497151693 644.401436106364
-9999 -9999 -9999 -9999 -9999 -9999 -9999 -9999 890.69335530599 878.596156056722 919.274195861816 944.052972412109 923.046872456869 938.61581624349 904.485848999023 894.187766011556 897.069773864746 888.324633280436 879.485884602865 873.930989074707 867.389442443848 855.859595235189 829.569400024414 816.866986083984 775.319876352946 772.272788747152 769.059296417236 754.81149113973 734.00340830485 718.031346893311 699.453679656982 693.105563100179 693.489529673259 686.731404368083 689.251780700684 684.339581553141 684.813599141439 679.517869059245 640.873496754964 608.798343404134 611.63134765625 658.772343953451 715.353056335449 748.968703715007 -9999 -9999 806.709915669759 784.640782674154 707.379008483887 674.770602162679 664.57022450765 656.234564971924 624.820822143555
-9999 -9999 -9999 -9999 -9999 -9999 953.211182149251 907.001507059733 886.660931396484 869.932706705729 863.423654937744 873.074899291992 876.099603271484 873.496759287516 862.612628936768 880.683961486816 873.96240234375 865.636195882161 842.74792175293 841.329716746012 866.112602233887 861.222232055664 843.81780090332 817.37608795166 809.854521179199 805.743591308594 793.084708150228 785.443030293782 735.757069142659 715.779906972249 703.600640360514 704.391568247477 708.834106190999 706.219225311279 699.87036895752 690.372985585531 689.63975499471 686.820839436849 667.513174438477 619.477743021647 592.57567392985 599.624925486247 650.947984313965 708.071476236979 746.037311808268 778.725244649251 785.797004191081 731.581350453695 687.608067576091 669.394645945231 650.643610636393 628.719653574626 611.547295888265
-9999 -9999 -9999 -9999 -9999 976.943869527181 950.398970540365 903.581976318359 865.481142425537 838.856869761149 829.778374226888 835.993463134766 832.241557057699 836.752789306641 836.38446858724 835.191011047363 833.748648071289 830.106941223145 829.686748758952 829.585527547201 830.541811116536 828.441790262858 851.983261617025 843.022416178385 823.682116699219 818.277663675944 808.576715087891 783.631465657552 751.130959065755 722.057422383626 712.247299702962 714.082039133708 716.438608042399 711.857858784993 708.604173533122 701.752261606852 687.662474568685 669.899993133545 653.433474985758 623.231486511231 579.206137593587 571.879515838623 584.336892700195 637.884192657471 707.001876576742 747.223846181234 777.765038299561 723.78837890625 685.921294403076 660.724714660645 637.843349202474 624.085342407227 605.035065968831
-9999 -9999 -9999 -9999 987.395821126302 983.771875508626 967.015515136719 895.369348653158 863.7377881368 843.68802541097 822.188374328613 799.619332122803 794.823799387614 794.222664133708 791.702108001709 792.895331319173 792.385868835449 795.984173329671 804.793477630615 813.495876566569 818.962383524577 823.797052001953 821.159379577637 847.809338378906 844.670468648275 837.213798522949 825.932280476888 812.470789591471 774.326131693522 748.705398050944 740.35682144165 738.982131958008 721.720425923665 724.915826161703 709.688473510742 688.464646402995 661.577861022949 647.447726949056 623.256358083089 597.030423482259 565.876859029134 540.213542938232 544.767391204834 575.720900726318 631.801206715902 710.983127848307 722.774913787842 714.565472157796 685.303243509928 668.212131245931 638.778321075439 616.969761403402 590.495185597738
-9999 -9999 -9999 -9999 -9999 980.961104329427 952.686989339193 928.359798177083 860.668746948242 856.031905619303 828.69871190389 803.702300008138 778.390243021647 762.242442830404 756.528114318848 755.432838694255 752.877679443359 752.429852803548 750.566161600749 751.906315104167 772.119448343913 780.437687174479 807.944112904867 815.395132954915 807.651973470052 810.718776957194 809.938893127441 820.156734720866 798.956776428223 777.001772562663 763.716784667969 759.04307047526 730.901448567708 715.008619689941 696.414704386393 665.01768544515 632.395974731445 607.603936258952 594.573965199788 572.65607732137 550.045673116048 528.089717356364 528.239301045736 541.752628835042 588.927552286784 665.679885864258 701.701402537028 695.066132354736 686.696687316895 675.545297241211 653.517092386881 623.167732493083 592.561720784505
-9999 -9999 -9999 -9999 1016.17922515869 1003.56855214437 968.226946512858 925.427676900228 893.896817016602 835.749253845215 829.60983098348 817.019350687663 782.859878540039 767.5889503479 749.842362976074 741.82855351766 735.234511820475 732.978168487549 725.882608032227 713.899572753906 715.49628423055 720.136519114176 738.312554168701 767.040707397461 773.636087544759 777.687299092611 779.890690104167 785.021086629232 775.021755727132 796.886517333984 780.110998535156 769.968674723307 724.628081512451 703.503848775228 669.96460647583 646.391897837321 622.655051676432 596.458088175456 587.260925292969 566.787873331706 547.896299997965 536.052538426717 524.69568456014 535.082077534993 576.820054626465 648.721876017253 671.291930898031 670.408933258057 668.026447550456 670.220132700602 664.637169647217 635.015793863932 597.719880421956
-9999 -9999 -9999 -9999 -9999 1014.01170603434 981.857209269206 937.504675292969 903.978696187337 868.511328633626 822.825583902995 815.966020202637 801.539088694255 780.121276346842 772.465643056234 763.275593821208 756.01587193807 742.591293843587 730.694069417318 714.34470316569 698.176935323079 695.285894521077 695.504862467448 710.731107838949 718.1017771403 737.319724019368 735.15632019043 747.275510152181 760.158954111735 764.78045425415 746.991870625814 738.330662027995 714.158023325602 696.021753184001 668.917858632406 639.009294891357 619.531253560384 595.195983123779 589.758295440674 590.570657348633 562.088401031494 540.187186686198 525.333050028483 534.592793273926 580.327363840739 646.207247161865 656.957671356201 659.176687876383 647.530811309814 650.125142161051 654.725060017904 653.676904296875 625.394049835205
-9999 -9999 -9999 -9999 -9999 1018.44832407633 992.705026753743 947.006703186035 907.397440083822 864.785865783691 847.524101257324 844.415852864583 827.543341573079 810.447777811686 785.426329803467 771.949404652913 765.574338277181 753.203430175781 750.976753489176 736.987301635742 725.540724945068 700.868049875895 689.582745615641 691.106834411621 693.254523722331 705.162613677978 707.578421274821 712.984812672933 731.027015177409 732.153005981445 713.684503936768 705.272174072266 694.540680185954 684.712631225586 667.124560801188 648.15436223348 624.647695668538 594.483290100098 580.317782847087 596.17071762085 582.752734375 552.111347961426 537.16024055481 539.181462605794 585.309656778971 644.178872680664 656.188412984212 633.780515289307 624.340701548258 616.403463490804 620.645402272542 637.306581878662 637.624777984619
-9999 -9999 -9999 918.858622741699 923.455436197917 991.173866780599 978.602656555176 933.935762532552 907.155237325033 871.565750630697 861.326345825195 850.883107503255 839.484936014811 824.377947998047 807.548063151042 783.26477355957 776.378409322103 767.640774536133 747.768596903483 739.187421925863 733.084051005046 723.813056182861 705.160123697917 701.512747701009 703.114914957682 703.009614054362 703.73565343221 704.7334815979 704.875641377767 700.967884572347 694.394621022542 672.781507619222 666.788696289062 663.6352394104 661.758576456706 654.749281311035 625.845256296794 600.65835647583 577.201080322266 586.941748809814 587.108070373535 568.118606058757 543.336246236165 542.931654103597 583.207952880859 637.788363393148 630.904260762533 618.069638061523 607.02461827596 598.35829188029 595.676519521077 602.678340148926 616.148207600911
-9999 -9999 909.918943786621 899.521021525065 906.686158243815 933.421702575684 965.794465637207 945.642613728841 925.828483581543 892.548271687825 878.211172993978 869.269664510091 860.436935933431 832.187823994954 817.757510884603 784.40297571818 777.554643503825 763.774684651693 742.810957336426 736.161945343018 726.862315368652 723.426917775472 721.512836201986 720.468933105469 721.423749287923 721.876574198405 721.360266367594 705.811957295736 700.903662872314 689.056451924642 671.933251698812 663.087009429932 651.566781107585 652.18047281901 646.7000831604 649.474041239421 626.422927856445 603.281085459391 574.9238184611 574.747842152913 577.500342051188 570.973295593262 545.700551605225 554.738571421305 581.015599568685 603.725293731689 618.694188690186 610.27066116333 593.841237131755 583.53591486613 567.521361796061 562.143045806885 568.089870198568
-9999 -9999 907.503355407715 866.507569885254 852.815275319417 877.28298441569 927.949139404297 952.164119974772 947.870421346029 932.542232259115 910.084967549642 892.43946685791 869.44986928304 845.636151631673 816.019256083171 774.90247370402 766.015306091309 743.98977839152 731.660299428304 711.394242604574 702.310337320964 698.800475056966 696.379097747803 699.717909240723 702.75832824707 711.604725901286 719.278648122152 704.409708404541 698.723012288411 685.743162282308 675.297337595622 661.814111328125 656.821180470784 651.83903910319 647.696595255534 637.524780527751 616.909156545003 592.004700469971 569.820483144124 561.673470815023 567.234631856283 566.898253885905 549.955623626709 553.845516459147 575.266520690918 594.197111256917 604.835259501139 595.966178385417 585.13002243042 569.238677978516 553.045654805501 540.590696461995 535.985854466756
980.157787577311 949.764139811198 908.2869043986 857.541229248047 836.66694539388 854.072080485026 887.292841593424 936.401189168294 941.89343363444 956.154707845052 939.252539571126 916.016888427734 881.2912012736 842.545728556315 795.819750467936 762.770707702637 742.172942860921 733.35669148763 706.125382995605 691.789292399089 670.646196746826 665.937587483724 661.63185933431 660.891985066732 665.670973714193 685.293711344401 688.75381266276 693.931624857585 689.09255549113 685.746508534749 672.279144795736 663.614846293132 656.120751190186 655.240466054281 649.659710184733 633.81742960612 612.061476135254 576.572399393717 562.582728830973 553.775947062175 551.300514221191 554.91753133138 546.115902964274 548.395359547933 568.022328440348 592.46024500529 593.958295186361 589.389269765218 572.592994181315 560.263577779134 538.874144617717 513.734256235758 497.267014185588
971.965712483724 922.591224161784 883.25239054362 858.883144632975 831.686784617106 833.293231709798 841.134739176432 871.327186584473 906.160603841146 904.680676269531 970.646473693848 959.561512247721 911.308109029134 847.183671569824 789.217996724447 749.993956502279 747.310437520345 710.229558563232 697.300055948893 670.02515411377 660.491871388753 649.283490753174 637.445766957601 629.036697642008 625.278286488851 625.455889892578 642.345633188883 654.757345581055 659.275282033284 659.490503692627 658.24678141276 656.083516184489 655.372083028158 653.203345743815 644.950447591146 623.217734781901 605.207822418213 569.125125376383 545.294148508708 540.336224238078 539.029550933838 537.455258687337 535.898743693034 545.062033081055 562.350642140706 586.170424143473 587.943914540609 581.747937774658 562.020686086019 542.214734141032 524.60057665507 495.150495020548 478.417405192057
913.523203023275 855.896468607585 838.341615549723 845.040217590332 827.15862121582 816.8645362854 806.872915903727 830.973680114746 838.429855600993 864.295687103271 898.056239827474 978.290626525879 948.881199645996 886.081677246094 798.883881123861 740.764680480957 725.111245727539 707.7038869222 672.188278198242 661.519761912028 654.686819966634 659.043210601807 655.449203999837 643.073756917318 624.561879984538 614.598557281494 610.188018290202 616.058240509033 622.395635732015 627.820213826497 632.990744018555 634.54000600179 635.498997751872 634.558759307861 623.809327189128 612.474334462484 579.132303619385 551.478213500977 526.466240056356 524.88124109904 526.929918670654 528.358107757568 532.22832438151 540.0904712677 557.067695363363 578.473991902669 579.427061971029 563.144829559326 547.775445556641 530.593555196126 503.888794835409 485.256601333618 455.801542282104
842.57350209554 811.822787729899 819.549179077148 825.68637491862 821.362897491455 795.205055745443 784.862778981527 784.433293660482 787.080119323731 797.026383972168 824.624127197266 867.280169677734 872.846550496419 939.117957051595 838.185129801432 767.466178894043 733.731737772624 703.818399047852 688.703090413411 645.702931467692 653.985801188151 652.628248341878 661.454851531982 656.490274047852 644.184859720866 640.955162811279 621.8741065979 610.418501790365 610.558884429932 614.745145670573 615.195110321045 614.155354309082 612.833501434326 608.608633422852 601.196363830566 587.56523920695 563.065017954508 525.82928759257 515.859342066447 517.033167394002 520.184294255575 518.00192527771 520.338747024536 529.481302642822 541.888388061523 553.357118225098 554.897983042399 548.562841033936 534.591489537557 513.847195307414 495.361034520467 479.10961151123 453.132767105103
787.229867553711 785.389605712891 790.281770324707 792.842567443848 789.610586802165 782.528988901774 775.912358347575 760.638327026367 765.61263961792 763.426745351156 762.048289489746 790.072747802734 820.960074106852 860.76446762085 822.635266367594 834.061901855469 783.796477254232 729.725823974609 683.462581888835 662.756318664551 670.418683878581 663.816526031494 649.249285888672 654.364822387695 660.012787882487 657.757248179118 639.337787628174 638.257184092204 635.174335988363 629.876316579183 626.667986297607 617.070378112793 610.452270253499 603.498362986247 588.984081776937 566.890425364176 543.889581553141 518.471170171102 507.833754221598 521.636347325643 522.467966079712 515.018120956421 514.676238505046 518.7927831014 524.117388661702 527.622575378418 529.895242055257 528.328555806478 521.831675720215 503.052163314819 495.156187820435 479.269905598958 466.283440144857
784.465572865804 784.292861684163 783.825447336833 782.87510655721 784.602238718669 781.622587076823 775.76357828776 768.790892028809 763.405376688639 750.358116912842 746.370437876383 744.56102142334 753.645684051514 782.065053304036 826.71688486735 827.540755462647 842.977709452311 788.282945251465 725.83371073405 681.101538085937 668.79400990804 670.080352020264 667.130004882812 670.244660186768 639.025704701742 646.313126881917 653.050833129883 652.637324778239 652.417753855387 640.801541137695 638.48151067098 637.136873372396 617.022671000163 608.556893920898 597.093804168701 568.202117411296 551.704108428955 531.803829320272 524.339404042562 528.144974009196 525.708841959635 521.245935312907 517.165595753988 511.608712641398 508.764209747314 499.466900634766 500.377370961507 511.136313501994 509.92850227356 499.897619756063 494.645151265462 490.167058817546 473.5226050059
