Rscript/monthly_maps/SnowDepthMapFile-q90-1990-01.asc
ncols 320 
nrows 361 
xllcorner 618410.159 
yllcorner 5088785.286 
cellsize 100 
NODATA_value -9999 
[rows 138 to 160 of 361, columns 159 to 211 of 320]
404.942932128906 374.004028320312 333.986724853516 269.392028808594 180.722122192383 144.637710571289 102.153045654297 74.4263381958008 40.0622825622559 36.4472618103027 33.5514717102051 31.0857810974121 28.7169036865234 24.1411037445068 17.2651615142822 10.8856182098389 8.28520011901855 8.60748958587646 8.59396553039551 9.5810489654541 10.1766653060913 7.67754077911377 12.8298044204712 19.8749141693115 25.7801856994629 29.6296253204346 32.2557220458984 34.1679306030273 35.4038543701172 36.9388656616211 39.0217781066895 41.3291168212891 68.3235778808594 95.0767211914062 122.405967712402 144.002471923828 205.366256713867 320.886383056641 364.803863525391 425.947509765625 491.930297851562 533.810668945312 563.686279296875 595.115112304688 642.827697753906 697.031066894531 740.072021484375 785.46484375 773.916625976562 696.604736328125 625.645385742188 533.080322265625 491.425384521484
396.108734130859 351.802947998047 267.570983886719 170.771865844727 127.309783935547 109.27271270752 72.358757019043 65.0332107543945 39.5211181640625 36.0900573730469 32.9120941162109 30.5605812072754 28.0357646942139 22.9188251495361 15.29700756073 8.34222412109375 8.22152423858643 9.14677333831787 9.25398063659668 9.49260234832764 10.084924697876 8.10960102081299 13.3929862976074 20.7812252044678 26.0841236114502 30.4189376831055 32.6643676757812 34.4617576599121 35.7854499816895 37.2937774658203 39.5769348144531 42.0126647949219 71.3799057006836 87.1205139160156 111.817893981934 122.76904296875 156.910873413086 245.402557373047 338.80615234375 395.121551513672 470.0517578125 519.513000488281 550.249084472656 586.284423828125 637.762939453125 690.42919921875 741.731628417969 774.022583007812 746.932250976562 675.016296386719 592.044616699219 514.161499023438 480.409790039062
385.953491210938 326.866973876953 223.401351928711 149.088562011719 119.565818786621 83.5806579589844 41.2385406494141 40.3847732543945 38.0797882080078 35.4532699584961 32.5862998962402 29.9427108764648 27.2482643127441 21.7362976074219 13.2358179092407 8.85758590698242 8.80558776855469 9.84727954864502 8.63529968261719 9.06825542449951 10.128568649292 8.18173408508301 14.2535133361816 21.8730316162109 26.7198619842529 30.4331455230713 32.808780670166 34.5715141296387 35.8502807617188 37.790355682373 40.2994804382324 58.4331550598145 78.0843887329102 102.810401916504 112.914657592773 119.589797973633 154.011978149414 216.452575683594 322.017181396484 366.204193115234 451.798309326172 515.886352539062 548.520202636719 582.922424316406 622.365051269531 678.793090820312 730.893127441406 756.771240234375 729.80712890625 661.377075195312 568.2685546875 505.769744873047 466.718444824219
398.112335205078 353.361694335938 231.341049194336 166.041854858398 112.712944030762 71.6615676879883 41.1549797058105 39.7301902770996 37.1483459472656 34.9271850585938 32.5519943237305 29.7239608764648 26.1181411743164 19.6353397369385 11.5910005569458 8.49000072479248 9.0657901763916 8.8433780670166 8.04499912261963 8.84883499145508 10.3721618652344 9.73232460021973 15.6716508865356 22.8671913146973 27.5712642669678 30.6553936004639 33.012882232666 34.6069297790527 35.9354095458984 37.9560585021973 40.6218147277832 66.6656723022461 99.2678756713867 134.511810302734 138.326599121094 168.454711914062 190.378204345703 238.242630004883 310.534423828125 361.820068359375 449.417602539062 517.541809082031 549.255920410156 579.488830566406 609.674377441406 664.652038574219 720.97900390625 738.502563476562 721.22412109375 651.404479980469 558.203674316406 498.366027832031 452.251495361328
426.244079589844 380.232604980469 288.919616699219 178.589508056641 139.136993408203 89.5485687255859 57.4336433410645 39.1973991394043 36.430305480957 34.6853675842285 32.3915634155273 29.7931003570557 25.4385223388672 18.7566337585449 10.1204090118408 9.3005838394165 9.32944488525391 9.26175117492676 7.27309989929199 9.95966053009033 8.28114986419678 11.6151809692383 17.7205200195312 23.8628463745117 29.0079555511475 31.1637535095215 33.3452835083008 34.6848297119141 36.1689491271973 38.3128547668457 40.8942222595215 74.0043029785156 106.280479431152 135.674621582031 174.877792358398 193.170379638672 235.340286254883 272.392822265625 339.274108886719 381.665374755859 457.182006835938 521.044494628906 561.7353515625 578.073852539062 607.834533691406 650.014404296875 695.560913085938 723.118469238281 713.014709472656 638.876770019531 547.484741210938 491.436370849609 443.753997802734
448.264892578125 404.994720458984 347.801208496094 235.589828491211 150.357788085938 110.625175476074 67.2857437133789 38.5377235412598 36.0392684936523 33.9061508178711 31.9472522735596 29.6554317474365 25.1281852722168 18.5426597595215 10.0401964187622 9.14999198913574 9.01791858673096 10.2400712966919 10.6176290512085 9.68316078186035 8.68940162658691 12.9477548599243 20.1175918579102 25.5248737335205 29.8919239044189 31.884672164917 33.8396224975586 35.080005645752 36.7246475219727 38.8156242370605 41.3304481506348 70.8757476806641 122.247680664062 155.131500244141 209.05876159668 249.291885375977 298.192962646484 346.594848632812 386.685394287109 410.305694580078 478.723510742188 537.201721191406 568.128601074219 586.356018066406 610.723083496094 642.674987792969 681.752868652344 693.238342285156 685.795532226562 625.09326171875 539.98828125 485.636749267578 433.419067382812
447.852447509766 404.065795898438 368.886871337891 259.128753662109 172.506713867188 126.141387939453 77.6117248535156 39.0239105224609 35.5723991394043 33.3041534423828 31.3319358825684 29.4809684753418 24.8110637664795 18.3678588867188 10.8992261886597 8.50582027435303 8.99613380432129 9.67879486083984 10.1812181472778 9.6511402130127 7.08448886871338 14.5530395507812 22.6474323272705 27.3086891174316 30.5387897491455 32.4546699523926 34.2674713134766 35.4799423217773 37.2610168457031 39.3549613952637 60.7920074462891 81.6956787109375 125.581871032715 170.215850830078 254.720230102539 315.094421386719 368.257690429688 396.658355712891 417.293975830078 456.41064453125 514.914306640625 551.267272949219 573.380676269531 597.955383300781 621.855163574219 642.41552734375 656.649291992188 661.244873046875 648.289001464844 599.530517578125 532.468139648438 477.481781005859 421.023284912109
431.138153076172 397.905426025391 337.058898925781 227.477981567383 148.384811401367 130.547607421875 77.1336059570312 39.7792472839355 35.7469863891602 32.5796127319336 30.7505168914795 28.8781204223633 24.2706832885742 17.5693130493164 10.9361429214478 8.76183128356934 9.02627944946289 7.46278476715088 9.63699722290039 10.0283937454224 9.26923561096191 16.7167949676514 23.7834415435791 28.5756645202637 31.1860637664795 33.1655197143555 34.5656929016113 35.7620506286621 37.724723815918 40.0339508056641 71.4078826904297 95.436653137207 143.85368347168 178.066116333008 279.734710693359 367.224151611328 404.287353515625 435.641418457031 469.575286865234 512.542358398438 546.253967285156 569.9990234375 590.045959472656 609.07958984375 627.638732910156 633.308776855469 623.131774902344 615.410583496094 598.661499023438 570.176147460938 522.044677734375 468.543701171875 400.968811035156
403.418762207031 372.948852539062 291.539794921875 172.134536743164 139.933090209961 104.88508605957 77.8335494995117 39.3761405944824 35.2137794494629 32.1035079956055 29.9965972900391 27.4074935913086 22.8696708679199 15.9586791992188 9.82515621185303 9.53531837463379 8.84725093841553 10.2625799179077 9.52824783325195 9.53054904937744 11.6656084060669 19.1206340789795 25.0370063781738 29.7103157043457 31.647518157959 33.450855255127 34.6245765686035 36.2069435119629 38.2548370361328 40.6677742004395 75.8586502075195 110.756866455078 157.515899658203 233.080459594727 327.425415039062 394.1796875 438.617584228516 484.852691650391 527.721862792969 554.404541015625 573.732849121094 590.080261230469 603.877868652344 622.147827148438 624.258972167969 612.930541992188 595.934814453125 576.022277832031 552.894165039062 536.110290527344 506.323120117188 453.833862304688 384.745544433594
384.014923095703 335.673828125 234.096954345703 158.166595458984 128.218246459961 88.1627883911133 62.3131790161133 38.0747413635254 34.1805763244629 31.4693431854248 29.1909656524658 25.9010810852051 20.7489433288574 13.5793628692627 7.70060777664185 9.94179916381836 9.39822387695312 9.9326057434082 10.2117643356323 10.510835647583 13.4488925933838 21.374792098999 26.4201354980469 30.0928688049316 31.9835643768311 33.6757354736328 34.8440933227539 36.5452156066895 38.9576835632324 65.9985885620117 92.273796081543 145.246887207031 177.557052612305 281.963623046875 372.153503417969 413.716064453125 482.987762451172 540.060607910156 563.886962890625 581.080078125 592.404357910156 604.784240722656 621.9482421875 624.1220703125 614.518005371094 598.884826660156 574.481323242188 553.919250488281 531.324401855469 518.173034667969 482.929626464844 425.197204589844 350.263244628906
356.860992431641 280.358459472656 193.9794921875 143.148635864258 117.656730651855 75.4301376342773 40.0560836791992 36.2098541259766 32.8422508239746 30.6272602081299 28.5406112670898 24.0962734222412 17.0532894134521 9.83144760131836 9.37605571746826 10.2567892074585 10.1151132583618 9.97354984283447 8.88344478607178 8.46360015869141 15.3169784545898 22.8402557373047 27.181978225708 30.4675407409668 32.1127738952637 33.8801116943359 35.1096458435059 37.1456489562988 39.5038223266602 69.1803359985352 108.957931518555 155.728042602539 235.316452026367 333.200225830078 394.102111816406 452.684692382812 533.090698242188 569.5927734375 587.170593261719 598.758850097656 611.631591796875 629.799865722656 638.205261230469 629.716613769531 607.963623046875 593.272705078125 569.228393554688 547.0576171875 515.857177734375 489.741760253906 437.600341796875 370.006622314453 328.51171875
315.549896240234 209.414031982422 140.214874267578 120.480430603027 90.6969375610352 64.1341247558594 38.4930763244629 34.8218460083008 32.0126419067383 29.8189601898193 27.2288513183594 22.2607536315918 13.3960609436035 10.1737661361694 9.99637413024902 9.42971611022949 9.17514801025391 7.32602310180664 9.47658634185791 11.1179523468018 17.7115097045898 23.964298248291 28.0866985321045 30.7913360595703 32.7288589477539 34.1087188720703 35.6829376220703 37.8226776123047 40.1412696838379 83.5474166870117 123.800025939941 167.14111328125 263.522216796875 362.519012451172 405.226745605469 495.078155517578 561.076965332031 586.3212890625 606.618041992188 629.457885742188 648.798828125 653.3662109375 646.491027832031 632.195617675781 614.292236328125 598.025634765625 575.812927246094 539.389709472656 497.041534423828 445.582763671875 376.381286621094 335.127532958984 274.988189697266
256.335662841797 171.388977050781 135.864654541016 113.067649841309 72.6463241577148 40.2705955505371 37.107048034668 33.8141059875488 31.177806854248 28.870153427124 25.0472145080566 18.7775573730469 9.62473201751709 9.55691146850586 9.86926937103271 9.42825794219971 7.46277809143066 8.89726161956787 8.43779563903809 13.274432182312 20.2058658599854 24.9794845581055 28.952127456665 31.2263031005859 33.1502113342285 34.541446685791 36.3631935119629 38.5244178771973 60.5898017883301 88.6344299316406 132.453735351562 176.041976928711 277.832763671875 367.626556396484 406.153747558594 506.826110839844 566.517333984375 603.347534179688 641.724182128906 675.37548828125 683.893005371094 679.678100585938 666.308959960938 644.602966308594 619.106018066406 594.907165527344 577.126831054688 540.658142089844 475.008148193359 407.754516601562 341.998321533203 291.672485351562 208.94612121582
203.133651733398 139.505432128906 117.376068115234 85.1139984130859 63.0712089538574 39.4793968200684 35.8036727905273 32.8208122253418 30.1532726287842 28.0711479187012 23.065616607666 14.8384456634521 8.07641792297363 9.85978603363037 7.72590112686157 7.73966407775879 7.60660409927368 8.04342460632324 8.31138229370117 15.2280826568604 22.0676231384277 26.2858753204346 30.102108001709 31.8891468048096 33.7601509094238 35.1895561218262 37.1111946105957 39.2626419067383 63.1267280578613 88.9007568359375 138.407409667969 171.406478881836 273.846160888672 356.573181152344 400.376892089844 502.246520996094 562.215515136719 609.757385253906 673.669921875 705.514770507812 710.496276855469 704.231201171875 686.763732910156 666.745239257812 631.088623046875 598.846069335938 569.445129394531 534.577575683594 453.905822753906 372.623016357422 317.777008056641 234.114791870117 174.902542114258
184.804306030273 145.972137451172 116.82356262207 75.9513626098633 40.8521575927734 37.7640953063965 34.6644973754883 31.6436595916748 29.1542072296143 25.897928237915 20.1456623077393 11.6488180160522 9.44628143310547 9.55747127532959 7.21072101593018 7.66367387771606 9.64881610870361 8.52023696899414 11.4322376251221 17.6528549194336 23.9057083129883 27.7693691253662 30.9154376983643 32.6877098083496 34.3813133239746 35.9613418579102 38.0207633972168 40.3427581787109 67.6236953735352 92.7133102416992 128.724716186523 168.021987915039 267.535888671875 358.594421386719 397.957763671875 500.020812988281 555.107788085938 613.962097167969 683.1259765625 728.361572265625 740.736206054688 727.557312011719 707.892028808594 682.366027832031 641.297912597656 600.9287109375 570.007019042969 528.058288574219 445.946136474609 361.574188232422 296.931091308594 207.614273071289 164.972198486328
142.992416381836 120.065711975098 93.2128372192383 60.6633033752441 39.4543647766113 36.0691566467285 33.1170272827148 30.4932632446289 28.3634052276611 23.8588466644287 15.8613691329956 7.37660312652588 8.50289916992188 7.5528302192688 6.95968389511108 7.8464469909668 9.47520542144775 8.66547203063965 13.4859752655029 20.4672870635986 25.2907428741455 29.7197113037109 31.7834548950195 33.6290626525879 35.0031929016113 36.9389953613281 39.2333145141602 41.737663269043 76.5287628173828 104.339950561523 134.750015258789 169.728591918945 263.379760742188 362.266876220703 402.965087890625 512.26611328125 561.012084960938 618.234741210938 692.132934570312 746.844970703125 759.663024902344 752.33984375 725.009216308594 687.89794921875 631.100708007812 586.861206054688 562.81298828125 515.500366210938 429.573455810547 349.855285644531 258.354064941406 177.061981201172 157.352416992188
114.120529174805 102.754600524902 72.2846298217773 40.4486083984375 38.4740257263184 34.9971122741699 31.8608570098877 29.3406524658203 26.2949180603027 21.1613082885742 12.5812835693359 9.14109420776367 9.75143337249756 6.92946195602417 6.81867599487305 9.36178970336914 8.47466278076172 8.23474979400635 15.215087890625 22.2123908996582 26.7630252838135 30.4846992492676 32.3963661193848 34.1242752075195 35.4377555847168 37.6223793029785 40.4297103881836 74.9667816162109 93.0486907958984 126.503433227539 140.110824584961 173.224349975586 277.714447021484 368.189025878906 427.930572509766 531.880065917969 567.940246582031 626.446105957031 697.8193359375 760.363342285156 793.736877441406 789.853454589844 738.011352539062 679.211730957031 616.195373535156 571.132141113281 541.366760253906 487.870635986328 393.539978027344 341.787628173828 239.561996459961 168.353546142578 132.815887451172
83.2631301879883 72.2989196777344 57.3842468261719 40.9056625366211 37.6472320556641 33.9653587341309 30.7712993621826 28.2474136352539 24.020580291748 16.9327831268311 8.61845302581787 9.06609153747559 7.77664422988892 6.42317199707031 6.67586517333984 9.55130863189697 9.89122104644775 10.5636672973633 16.9786758422852 23.9690532684326 27.9961986541748 31.1330394744873 33.0788917541504 34.2673034667969 35.9947280883789 38.5730590820312 72.4731521606445 99.5708160400391 131.199432373047 138.261169433594 168.909393310547 200.458602905273 300.375366210938 376.109436035156 449.750183105469 544.103576660156 575.160949707031 633.096313476562 705.536560058594 780.348083496094 822.475280761719 821.233459472656 749.968200683594 673.1416015625 605.461486816406 560.756042480469 530.636352539062 451.410217285156 368.678588867188 321.257659912109 208.407135009766 152.803207397461 133.304473876953
41.7335014343262 41.4776496887207 40.5189781188965 39.4914894104004 36.5842781066895 32.9745483398438 29.5482921600342 26.52712059021 21.0106086730957 12.957573890686 8.46050071716309 9.45338916778564 7.04215002059937 6.0023250579834 6.47566986083984 9.61179733276367 9.19928073883057 11.6943492889404 19.1095180511475 25.0703525543213 29.7577629089355 31.7578029632568 33.5431022644043 34.5832824707031 36.4969635009766 39.6268768310547 95.6959457397461 129.051239013672 156.55924987793 185.073867797852 210.112579345703 261.957885742188 343.164581298828 390.494537353516 469.470672607422 549.073364257812 577.297790527344 636.089233398438 708.48779296875 796.106323242188 835.485656738281 843.521118164062 765.223693847656 671.445922851562 607.628295898438 561.148620605469 534.657958984375 439.952667236328 361.997131347656 314.412475585938 191.570846557617 149.232330322266 127.858474731445
40.1445655822754 39.5459976196289 38.8747024536133 37.3744316101074 34.9815254211426 31.6357975006104 28.3676662445068 23.9736213684082 16.6275844573975 8.31987953186035 9.41710758209229 9.31165790557861 6.41502380371094 5.70477914810181 6.29663181304932 9.67056179046631 8.93524360656738 12.8229331970215 20.4828491210938 25.9649791717529 30.0749435424805 32.4363479614258 33.9028015136719 35.4691925048828 37.7144165039062 70.5321807861328 106.869468688965 145.824188232422 196.088668823242 242.765335083008 294.728912353516 342.550415039062 391.067596435547 426.329345703125 498.828735351562 561.406188964844 581.320861816406 644.505065917969 718.38623046875 800.831726074219 849.162963867188 858.285766601562 788.349853515625 691.746459960938 623.264770507812 564.387878417969 537.773864746094 455.305725097656 375.98583984375 320.575012207031 211.485687255859 147.784393310547 135.350250244141
38.8111991882324 37.6234092712402 36.7415733337402 35.4090003967285 32.9226455688477 29.8561573028564 27.3029041290283 21.692253112793 12.9236927032471 9.28133583068848 9.54740619659424 7.32438278198242 5.93030309677124 5.55799388885498 6.43827819824219 9.31189918518066 8.31974792480469 14.2997598648071 22.2071838378906 27.1869964599609 30.4348335266113 32.7120170593262 34.2900733947754 36.37158203125 39.2536468505859 96.922607421875 134.733932495117 168.300689697266 245.532760620117 322.353759765625 378.180816650391 402.005645751953 431.967254638672 478.919281005859 547.727172851562 572.335327148438 597.672058105469 657.874816894531 732.3330078125 812.203247070312 857.793518066406 871.747863769531 796.839782714844 705.420349121094 630.090026855469 567.528747558594 540.964721679688 466.098602294922 380.158386230469 327.149505615234 214.859497070312 155.102813720703 134.984558105469
38.4637603759766 36.8224487304688 35.1074409484863 33.5010261535645 31.2499618530273 28.789665222168 24.6406898498535 18.360631942749 10.1929407119751 9.12524700164795 8.76197338104248 6.82423114776611 5.71028423309326 5.60948181152344 7.0638952255249 10.0275182723999 9.26774787902832 16.8844299316406 24.304084777832 28.697380065918 30.7708702087402 32.6954727172852 35.0038719177246 37.9637985229492 72.0353164672852 115.932159423828 150.085739135742 209.600387573242 300.052215576172 379.513702392578 418.9794921875 442.747100830078 488.531677246094 544.869384765625 574.927185058594 592.146545410156 627.578430175781 685.476196289062 754.944152832031 830.815246582031 873.921203613281 879.191162109375 798.214904785156 705.148803710938 625.088806152344 561.6494140625 537.419067382812 468.621246337891 386.551940917969 336.465637207031 229.563095092773 159.432189941406 138.303924560547
37.7659378051758 36.1286087036133 34.3587303161621 32.2402267456055 30.2445945739746 27.4426956176758 23.2592296600342 15.3799428939819 8.09966087341309 8.63238143920898 8.69567489624023 6.7021279335022 5.67311811447144 5.91495895385742 9.17196083068848 9.19901943206787 12.7957725524902 20.5047988891602 25.772310256958 29.4985942840576 31.5593547821045 33.1824836730957 35.8765258789062 68.8089599609375 106.096473693848 136.019378662109 182.671722412109 264.529235839844 358.282257080078 411.093933105469 445.695159912109 495.942993164062 558.913818359375 584.922729492188 602.080505371094 623.937622070312 666.539916992188 722.243041992188 780.3310546875 852.195007324219 898.76904296875 887.023132324219 789.3779296875 693.443115234375 613.248718261719 565.19091796875 547.9658203125 483.219909667969 398.023406982422 344.566528320312 235.002182006836 167.545196533203 136.265563964844
