Rscript/monthly_maps/SnowDepthMapFile-mean-1989-06.asc
ncols 320 
nrows 361 
xllcorner 618410.159 
yllcorner 5088785.286 
cellsize 100 
NODATA_value -9999 
[rows 203 to 231 of 361, columns 66 to 131 of 320]
34.6300783486202 30.6304979324341 29.0949219341936 29.7265750293074 27.4263079741905 30.4748136257303 27.2098849066373 26.9395397449362 22.5071539714419 18.8853508850624 16.3399323430555 14.0345357039879 11.2492477729403 7.0094958397335 1.62635461215315 0.288047461674131 0 0.0000654827594628622 0 0 0 0 0 0 0 0 0 0 0 0 0 0 0 0 0 0 0 0 0 0 0 0 0 0 0 0 0 0 0 0 0 0 0 0.0000796551687707161 0.00023431033859479 0 0 0.000747793129292028 0.0713938269121893 0.103312105968081 0.052780139035192 0 0.000226172409823229 0 0 0
31.7164506583378 30.146834768098 31.248124878982 30.2142168571209 31.1768893208997 28.5780301587335 26.2240879453462 24.1651698474226 21.9565886464612 20.2982825246351 19.7684287038343 19.7252812878839 17.886609932472 10.2572933301843 3.87729315678107 0.62562791232405 0.024034413798102 0.000226034477738471 0 0 0 0 0 0 0 0 0 0 0 0 0 0 0 0 0 0 0 0 0 0 0 0 0 0 0 0 0 0 0 0 0 0 0 0 0 0 0 0.0002069310285151 0 0 0 0 0.0000880000036980571 0 0 0
33.805011486185 32.5918573839911 31.137843132019 29.5070254227211 26.9897801300575 27.3840791768041 28.1202670130236 27.7924475834287 26.0287066821394 25.3841153835428 25.2473522383591 24.8824546748194 21.8114602976832 14.1149661623198 6.50342539055594 1.15798075445767 0.183087760004504 0.000605172445547992 0 0 0 0 0 0 0 0 0 0 0 0 0 0 0 0 0 0 0 0 0 0 0 0 0 0 0 0 0 0 0 0 0 0 0 0 0 0 0 0 0.00000334482746407518 0.000188896544919959 0.000250275856975851 0.000169103451330086 0 0 0 0
38.0007320930218 34.256327596204 30.5543004397688 28.7889227373847 30.6297404848296 42.3599923232506 48.7327265739441 50.1677184474879 44.4048755251128 36.6923537747613 32.4567461342647 27.0005770058467 22.0878829462775 16.2210714405981 7.774906812878 1.76558481413743 0.324688220846242 0 0.000197310337861036 0 0 0 0 0 0 0 0 0 0 0 0 0 0 0 0 0 0 0 0 0 0 0 0 0 0 0 0 0 0 0 0 0 0 0 0 0 0 0 0 0 0 0 0 0 0 0
53.2671047654645 40.8551297681085 39.3500604300663 45.1341682384754 52.0122644983489 64.5608745114557 72.7073517174556 73.7929533596697 67.0793501262007 50.9794856104358 34.5165985370504 25.9733552932739 22.1482999900292 17.6250184815505 9.06137501217168 3.12028885417586 0.632553889833648 0.0730909972355284 0 0.000211758619367049 0 0 0 0 0 0 0 0 0 0 0 0 0 0 0 0 0 0 0 0 0 0 0 0 0 0 0 0 0 0 0 0 0 0 0 0 0 0 0 0 0 0 0 0 0 0
63.4914583666571 56.4338604170701 57.5996097038532 61.9581621433126 72.647103276746 90.3826204826092 95.8391801242171 89.8256167050066 71.3944720893071 52.8934875500613 33.2633482834388 26.453636925796 23.1372307086813 19.1849181076576 11.3271731672616 4.642482161265 1.19744345237469 0.295788107247188 0.0393428638063628 0 0 0 0 0 0.0010723448519049 0.0328645870603364 0.0357823084140646 0.000904310366203045 0 0.000179862073654759 0 0 0 0 0 0 0 0 0 0 0 0 0 0 0 0 0 0 0 0 0 0 0 0 0 0 0 0 0 0 0 0 0 0 0 0
72.9820444994959 70.7150943690333 74.9272632598877 84.943311165119 100.453608332009 113.10307499458 105.084950529296 87.9614751092319 68.0248214458597 52.3220559646343 34.916212673845 28.8143164536049 25.0810321281696 21.6405761324126 14.5504329286773 8.58338524523223 2.9161294947282 0.877341895267881 0.306055825332115 0.139652696149103 0.0836165526817585 0.203772002253039 0.255860279346335 0.467970617886247 0.615148873164736 0.748963388903388 0.827125023151266 0.712018440509665 0.467486480186726 0.228016623135271 0 0.000357551725003226 0.0000191724132585885 0 0 0 0 0 0 0 0 0 0 0 0 0 0 0 0 0 0 0 0 0 0 0 0 0 0 0 0 0 0 0 0 0
92.3682249003443 96.0887230182516 104.231844441644 114.06016606298 126.094029755428 117.194306373596 101.087513989416 83.0565099716187 68.6118675429246 54.8267638107826 38.2843931461203 31.7790498733521 27.2841733735183 23.6420404171122 19.3687453105532 12.1954309693698 7.13736507193796 2.41553036919956 1.3204826815375 0.673117604748956 0.619874033434638 0.832012439596242 1.35273252684495 1.94661232520794 2.82123945990642 3.75133403050232 4.43778010650442 4.28710716448981 2.2853974918032 1.20325035884463 0.586768775150694 0.259582799056481 0.055139344314049 0 0.000372034497559071 0 0 0 0 0 0 0 0 0 0 0 0 0 0 0 0 0 0 0 0 0 0 0 0 0 0 0 0 0 0 0
127.149291926417 135.24284671915 138.085416136117 140.14816724843 127.789069636115 109.33692277711 96.2881760761656 83.7817562695207 73.5342120137708 59.5534411750991 43.4874612216292 35.7431221666007 29.582433240167 26.1640866049405 23.0274695363538 17.7968391549998 11.3860466069189 6.90597090125084 3.67714555696424 2.14029897492507 1.98389165154819 3.04992036036505 4.89032706143013 8.18935587257147 8.8565325218028 10.1893000602722 11.4100484354743 11.068928422599 9.04813833740251 5.27606155286575 2.21826816427297 1.18353848621763 0.829674687878839 0.540865207540578 0.324820781576222 0.000803034495690773 0.000248310348853983 0 0 0 0 0 0 0 0 0 0 0 0 0 0 0 0 0 0 0 0 0 0 0 0 0 0 0 0 0
170.83767525081 169.485033454566 155.644572619734 139.171036818932 121.317172576641 104.064882114016 96.4359423538734 87.555316333113 79.0992143236358 67.5021924314828 53.4295755583664 39.5121673057819 32.883710137729 28.3037108717294 25.64894932714 22.5115658990268 17.2688314174784 12.0091218208445 9.52740907887446 7.7301122592441 7.38600820893871 9.12141629180004 10.8506502611884 14.2039779465774 16.9639168772204 18.8699955446967 21.3174862203927 21.5899556258629 17.8717211690442 11.7205009624876 9.0030640995708 5.47893513662034 3.82022982321936 2.01574391332166 0.923390750227303 0.331531195804991 0.0152415170751769 0.000262172410971132 0 0 0 0 0 0 0 0 0 0 0 0 0 0 0 0 0 0 0 0 0 0 0 0 0 0 0 0
205.407441336533 176.728643680441 152.683998120242 133.739656201724 120.725980495584 106.222226142883 99.9708550222989 92.9444823100649 84.6607929262622 75.4662781419425 60.0056477312384 43.9215413455305 36.1484751865782 30.8530393468923 28.1875805361518 26.1422744948289 22.9758703955289 19.1900136553008 15.4905416883271 13.2641294413599 13.2680270096351 15.3136131681245 18.8285931883187 21.4557954360699 22.5160941091077 23.9138040871456 26.0630327750897 26.7992259058459 25.6975748785611 21.8431596427128 15.7559974933493 12.1057343894038 10.9989185990958 7.2175182426541 2.45720080671639 0.907098243976461 0.291787443489864 0 0.000378758614433223 0.000219241378764654 0.000201034488092209 0.000200655166830482 0.000130862069862156 0 0 0 0 0 0 0 0 0 0 0 0 0 0 0 0 0 0 0 0 0 0 0
198.134717579546 171.174590941133 152.210486444934 138.829734736475 125.233044098163 112.098166301333 103.74208867961 96.9812229419577 88.3828635380186 79.1946532150795 66.1269527797041 49.813339496481 38.9841563126136 33.897307494591 30.8632954564588 28.1651120679132 26.185545855555 24.7623501481681 23.1212964222349 21.96812019677 21.9321931806104 22.4094948275336 22.3483546355675 24.3353951881672 25.9982648389093 27.5947967068902 28.6379002209367 30.1762190522819 29.0524961866181 26.8647260008187 25.4135041401304 20.8501268584153 15.7356064566251 11.9563454923959 5.71295840498702 1.94107443710853 0.688905847483668 0.278511178904566 0.0702564140845989 0.0455543789370307 0.052214449849622 0.054366136419362 0.0310626214948194 0 0.000305379323404411 0.000016310344578634 0 0 0 0 0 0 0 0 0 0 0 0 0 0 0 0 0 0 0 0
189.007101519354 170.286785257274 157.052500363054 148.441429269725 134.337216722554 120.719580288591 108.760779709652 101.561387325155 92.9439251669522 84.0431182302278 70.5271363751642 55.9318908165241 42.5378663293247 37.6135754420839 33.7128618174586 30.8061324152453 28.6004094090955 27.1395382387885 26.3537621004828 25.7395219474003 25.3900434888642 24.6512484714903 25.1763142224016 29.8390157962668 34.2985383395491 35.464522378198 34.4798726048963 33.8755941390991 32.237659585887 29.9604119267957 27.8102388381958 26.3396854400635 20.0977279400003 13.5022660123891 9.48705309237643 3.63401960795103 1.65684042305782 0.840654175857018 0.636678366825498 0.587223447602371 0.626085478683998 0.611216577990302 0.49050811241413 0.255144415230587 0.0581535183150193 0 0.0000924827563094682 0 0 0 0 0 0 0 0 0 0 0 0 0 0 0 0 0 0 0
176.907046096078 170.84726135073 163.538994624697 155.320254227211 145.621384982405 130.049378526622 116.624425920947 105.806503887834 98.3518360729875 87.3270792467841 77.0702476830318 65.1850429567797 53.2604032056085 42.9364398430134 40.0617469261433 36.6429234373158 33.630242314832 30.3905243380316 29.2240258249743 28.354553913248 27.9159817202338 28.1290046099959 31.6625232038827 39.8930751537455 48.98447839145 47.7119145886651 41.9645768527327 38.9467753048601 35.1936235099003 30.9710980119376 28.6313535756078 27.2724333796008 23.0100687618913 16.0781600886378 12.3398155672797 7.60872017977567 3.65107823784688 2.1647598003519 1.91087657007678 1.86420539329792 1.94075064823545 1.89352456454573 1.559048455337 0.831113815307617 0.373474219749714 0.0607746880629967 0 0.0000946206875659269 0 0 0 0 0 0 0 0 0 0 0 0 0 0 0 0 0 0
170.248267588944 167.921760789279 167.042868186688 160.1805719836 152.21444143098 142.65612973838 127.188802784887 112.469956726863 102.446095713254 92.7979258175554 84.1051343720535 76.1376365464309 67.2244085607857 59.5497983303563 52.1967780014564 45.3515990684772 40.8929833379285 38.12472054054 35.7169623539366 33.8182925520272 33.622273609556 35.1665145610941 46.2862901358769 61.29661537861 68.9645027127759 67.1029326258034 55.6562950857754 42.239557332006 37.0006679666453 32.3627390368231 28.4030440758015 26.9562767620744 25.8763966395937 19.9823752107291 14.755766687722 11.2649622826741 9.53099350785387 7.38819512968947 6.41071976348758 6.16984084993601 6.08413788612033 5.35172241161866 3.35368412938611 1.98182224405223 0.876530680163153 0.29429580425394 0.0506414832739994 0 0.000237965522783584 0.0000424137949172793 0 0 0 0 0 0 0 0 0 0 0 0 0 0 0 0
170.069180653013 166.619057622449 168.412130947771 166.052182822392 158.391167936654 150.689225591462 138.021763768689 122.43823906471 108.040794602756 99.9945346569193 91.8677167563603 85.862582305382 79.7444683272263 74.6201104131238 69.0326375550237 63.218455121435 57.2108632983833 54.9307078061433 51.4426829897124 48.6181902289391 51.0070914071182 55.9121463709864 65.7145284784251 76.8453795663242 84.2450223462335 77.9321137625596 68.0022465771642 54.5009762028168 40.2212546118375 35.4816715963956 29.1553190165553 26.5402397616156 25.2159729661613 24.3630212257648 20.9441359947468 16.9069331267784 14.0962211181378 12.7478914425291 11.8844757902211 11.6386511819116 11.21370020406 11.1003941174211 8.69131472758178 4.06691526586254 1.90074578646956 0.835057028408708 0.395399290939857 0.234955376592176 0.0384809313149288 0 0.000149206900648002 0 0 0 0 0 0 0 0 0 0 0 0 0 0 0
173.407823558511 172.041805957926 170.327199195993 167.1298912147 164.304874288625 158.678800780198 148.783864119957 133.67747944799 118.593206109672 107.112401041491 101.631856836122 95.8757603415127 90.2841468679494 86.2930917739868 82.7550337561246 78.7286887333311 74.893312487109 71.1162429678029 67.5384735238963 65.4283997765903 66.9401044845581 73.6822656434158 87.8546362252071 101.26132978242 103.112651759181 94.8903008165031 81.4439445692917 68.303776346404 54.8834094220194 42.5492451108735 35.1802163617364 28.9123046480376 25.6271222870925 24.286346863056 22.9412566875589 22.6538015891766 22.2910694747136 22.1772208378233 21.9311560597913 21.8057387121792 20.4316931099727 17.0830709852021 12.3826872233687 9.92216255348818 4.38147517338652 2.09911958102522 1.35585390288254 0.745737536200162 0.419119703358617 0.183974512692156 0 0.00018124137844505 0 0 0 0 0 0 0 0 0 0 0 0 0 0
179.101931469194 174.140053839519 170.487388064121 170.1229133236 170.673625506204 166.192113381008 157.930225076347 146.169905925619 132.694031550966 119.531273513005 109.477644196872 104.510329591817 101.016682427505 97.3737402619987 92.4544471543411 88.8104745930639 85.9371300730212 82.6792056313876 77.8734397723757 79.6445907395461 87.9303170565901 100.970848922072 113.850506453679 115.430637228078 115.487257201096 112.841177447089 100.933953729169 86.4835230728676 74.5815253751031 64.8295828227339 52.1168984565242 38.4528211396316 33.1703610913507 30.1631132323166 28.0620457221722 26.6759466631659 26.2386219090429 26.2869851671416 26.0713495386058 26.058525776041 25.6210332738942 24.7475826658052 20.0767694999432 13.7784312346886 10.8494061961256 6.45401638900412 3.50418381319092 2.08713340759277 1.27943219809697 0.564109670704809 0.220820032317063 0 0.000153655170238224 0 0 0 0 0 0 0 0 0 0 0 0 0
181.477013300205 178.235600372841 179.07395912861 183.363978673672 182.541262741747 176.004655681807 166.302329844442 156.91353584158 146.203014834174 134.206743273242 124.138045080777 115.262958691038 109.780625507749 105.252831311061 102.636601678256 98.8767088363911 93.8756604687921 90.3490409522221 93.3467038088831 104.226324969325 115.388560196449 123.937104422471 122.406689545204 120.615337897991 118.609439257918 115.694177857761 113.034578487791 108.192545857923 96.5236405010881 85.0696060575288 75.4145298826283 63.9855178923442 53.7308147035796 45.0892497095568 41.4862632751465 39.0087065861143 36.1369667053223 34.474166343952 34.2784642186658 33.4629585331884 31.2389563856454 27.5704775514274 26.232426380289 21.9778546464854 15.9713509165008 11.8055212086645 10.5867715801658 5.73933872875982 2.28849595168541 1.31480101881356 0.482563413422683 0.102289380698368 0 0.0000145862065657074 0 0 0 0 0 0 0 0 0 0 0 0
185.885509474524 189.317676461976 196.649635956205 198.577732045075 196.430166252728 188.075768109026 174.502745052864 164.66913065006 155.821738539071 146.46063857243 138.240020488871 127.133413281934 120.715314240291 113.4948888976 107.985883548342 105.465904498922 104.967386410154 110.459792367343 124.487489437235 137.677529335022 142.155750241773 124.597482944357 113.975183914448 111.1860357153 110.461801002766 111.611782928993 114.499715936595 113.886052197423 109.468258857727 101.018627758684 92.0995685643163 86.3104233906187 77.8473638172807 64.1353668221112 57.7099567281789 53.5387197034112 49.9664506583378 47.9972649936018 47.784661523227 46.6068321096486 38.4615508441267 32.3576123467807 29.6546147774006 28.2928056716919 25.883576754866 20.3895827983988 14.7238693237305 11.9432990999314 4.92989784597965 2.16870636775576 0.81158447265625 0.264265175523429 0.000466758610102637 0.000141137937918819 0 0 0 0 0 0 0 0 0 0 0 0
194.61872248814 201.738499098811 215.533361944659 215.541260513766 205.331698680746 191.723804334114 182.593003897831 172.072890215907 164.014944199858 155.872299227221 148.611674900713 141.316437754138 135.315648999707 129.683788332446 124.592358720714 123.049320681342 127.667054143445 143.778412786023 163.053467660115 163.325958449265 143.262380797288 120.237119345829 105.775016094076 107.016621655431 108.456143971147 106.75795890545 107.957315412061 110.198264450862 110.458086967468 101.776616293809 93.180724867459 86.3795566229985 75.822768392234 68.9043206387553 62.5986688548121 52.3678323153792 49.4421926695725 49.614686308236 49.7819309892326 48.1868693910796 44.8770321813123 36.6641850964776 33.8235856089099 32.2409093133334 31.2299770486766 28.5273861391791 20.0290434607144 12.8330890597968 7.7662858310284 2.60432263078361 1.29878830087596 0.459813677031418 0.0659219314312113 0 0 0 0 0 0 0 0 0 0 0 0 0
211.37606561595 216.167992797391 228.585604478573 231.120393366649 224.408735061514 205.737313533651 190.315988252903 180.939208729514 175.664059005935 169.386119217708 164.941963039595 159.434411579165 156.363330068259 153.66499302305 151.29086570082 156.287117456568 170.303456890172 185.870432960576 191.859441773645 172.710742420164 147.789322096726 124.222519726589 106.261746110587 104.257995802781 106.900136783205 105.806195818145 105.434966876589 104.783825841443 104.173262629016 97.292004059101 88.9613027243779 77.0722521749036 62.3982972071089 53.571555828226 46.3566689326845 44.4068619300579 43.0163726148934 42.3018089820599 42.3611151596595 43.0357833730763 41.1051594964389 37.4571892310833 33.899820656612 32.4795123462019 31.0131995431308 28.8260491798664 21.0491145561481 13.5145848537314 8.96272123592167 3.32919653530779 1.71173293015053 0.650481717339877 0.254455138897074 0 0.0000942758653826755 0 0 0 0 0 0 0 0 0 0 0
224.648237540804 230.920421731883 241.473457139114 251.460821135291 249.093584595055 229.79283557267 215.96266802426 203.061210344578 197.856892947493 194.952595307909 192.737482909499 187.224962094734 184.541009027382 181.76379639938 185.475637370142 181.52590547759 198.455143361256 207.169722647503 203.414288159074 180.810736450656 159.954274391306 137.380921363831 115.340701267637 103.254121599526 102.874985727771 104.740868798618 103.131123838754 102.247180675638 97.8167619047494 92.4828448131167 82.9667478101007 66.5234234456358 52.694545482767 45.1980263940219 39.9023733467891 36.123673143058 33.7074401460845 31.3362010429645 30.252081081785 30.630036978886 31.2666588816149 31.1724108991952 30.5694580735831 29.9272320846031 29.6049545551169 26.0776697684979 19.448024355132 13.6898588805363 9.45137593933734 3.92096775975721 2.02816364682954 0.79699575489965 0.264785240436422 0.000430068964588231 0.000157655168581626 0 0 0 0 0 0 0 0 0 0 0
237.316893273386 239.024743877608 242.479318265257 258.625846492833 267.935345567506 253.761577803513 231.378350397636 219.718615540143 206.859150508354 191.029883203835 178.572539872137 169.265152996984 169.636692935023 168.983279696826 174.942893044702 194.922285523908 202.634993980671 204.760848185112 203.171129062258 186.585603352251 171.47813345235 156.406742885195 136.82601731399 112.562775414566 102.258029411579 101.129156244212 101.651382248977 100.088648894738 94.2034557605612 90.997774633868 78.9218322490824 63.5640285169256 48.6333781932962 43.394661870496 37.1976725479652 33.6606850459658 30.9636450142696 28.4612367893087 26.5192014431131 25.5297254365066 25.3675719951761 25.8488066443082 25.3335449613374 24.1636837926404 21.8955136003165 19.1312031252631 15.7374528934216 14.1962536155921 9.34611173083299 4.46707887437741 2.22624995790679 0.935627707119646 0.317792201864308 0.0311271034438035 0.000186000003254619 0 0 0 0 0 0 0 0 0 0 0
228.477014623839 236.654384728136 235.833531905865 236.959309002449 239.39247553924 239.423804398241 220.35046660489 199.629093770323 176.292468128533 162.213138892733 151.265684218242 146.938080427975 146.838281680798 150.778649560336 157.349065145542 167.079151729058 179.035550421682 188.56922228583 194.429386706188 183.469037705454 172.229105562999 156.954041579674 147.847143995351 130.463810920715 112.098767477891 103.359052888278 100.792034839762 99.8041001352771 95.7979571243812 89.7496473378149 77.775186308499 63.0150965801601 48.7409817268109 41.4355263545595 36.2641459497912 31.6207311893332 30.1895548392986 29.51623663409 27.4433416498118 24.5965682062609 22.4292176016446 20.0001797182807 17.7998485071906 15.6109486119501 14.4123119979069 14.0491593336237 14.3515666585801 11.4749095427065 7.97880383073513 4.00070834981984 2.30903461061675 0.979595250096814 0.362988208902293 0.0437258605299325 0 0 0 0 0 0 0 0 0 0 0 0
205.614408879445 204.89633667058 197.821245366129 193.675662517548 189.28239163037 183.94782516052 171.263073912982 152.498165212829 135.912009058327 119.047966439148 112.917458123174 114.616460898827 121.277623308116 128.798207447447 136.794845285087 149.406099631869 167.556947239514 180.596186826969 181.634142398834 173.068701176808 159.44276671574 150.322741080975 144.718923798923 134.653006882503 123.658792956122 113.192118578944 106.82473008386 101.948701036387 97.8761695993358 89.5743677533906 79.8775908207071 65.6876836891832 52.7706305405189 43.3966985899827 35.5337701337091 30.4732446012826 28.2340644639114 27.7716947424001 23.6897209430563 19.8732562065125 17.2950175712849 14.5230591214936 13.7590061713909 13.5056727114936 11.7209382311537 10.5026141891962 8.99747469057811 7.03726264204958 4.9773724540779 3.15653886466191 2.11522148395407 0.889717891298491 0.352270093457452 0.04461303250543 0 0 0 0 0 0 0 0 0 0 0 0
164.601833080423 164.138435618631 161.237324130946 156.727530051922 153.202029746154 147.760477024933 135.907889103067 120.888337542271 105.594311286663 99.1997430077915 99.0392959200103 101.849979038896 107.534587498369 115.339629962527 123.24449733208 141.2155346706 161.696434941785 175.151126323075 177.947120234884 164.181379712861 147.888434607407 139.413949177183 132.319003466902 132.22615047981 127.629392064851 123.08190740388 114.673671327788 112.334747117141 106.927765747596 97.521413638674 86.8440233427903 76.5012050497121 63.1825853031257 47.5558826841157 37.7596733816739 30.5674835731243 27.1931972503662 27.0478081209906 21.8041926088004 17.3773222134031 14.9278426396436 13.9375629192539 10.7000946805909 8.34718640296367 6.82461993242132 5.21432028779889 4.04461775154903 3.22259047935749 2.69093059671336 2.18274511139968 1.31645963931906 0.713573653122474 0.288197451624377 0.0282438274087577 0.000168689655075813 0 0 0 0 0 0 0 0 0 0 0
135.738618982249 135.59869998899 135.863241368327 135.942769868621 133.06452988345 125.653519659207 111.959334636557 100.142453818486 91.6653863643778 89.743424580015 97.2007471939613 100.762331469306 104.757192513038 108.166940491775 114.568900601617 129.824438621258 154.44290897764 171.49100424709 172.546829979995 153.568853411181 138.852319158357 128.281900274342 125.443591939992 122.488467348033 121.616516573676 120.024469507152 119.011610031128 111.490485224231 110.273634910583 103.403658801112 96.5189860113736 88.0755916135064 76.3977414328477 60.1816425323486 42.8255741514009 33.2516232194572 27.1604945412998 26.5688104629517 22.0906580563249 16.6624730702104 14.8326536910287 10.8970207840461 7.27605740212161 4.73278915112967 3.19687205347522 2.63727122339709 2.18664215350973 1.7545156807735 1.30940900999924 0.900152272191541 0.691280825384732 0.397995028002509 0.218655997309191 0 0.000124034479838507 0 0 0 0 0 0 0 0 0 0 0
110.595557903421 110.753298003098 112.877167142671 115.461367475575 114.896822962268 109.005235671997 99.4465486263407 88.8854843665814 86.5329220870446 90.766361006375 96.5023562990386 98.7620037013087 101.821295705335 103.114185990958 104.150227711119 120.164777426884 148.04355634492 163.681364848696 165.644627340909 147.053966324905 131.269352024999 125.492885458058 121.724124250741 120.122524129933 116.103950270291 109.916722593636 108.119285287528 107.528000798719 107.022366063348 105.149615682405 95.0902838542544 88.6566935900984 77.7148750403832 63.7054405664576 47.3196460460794 37.3565260130784 30.3545990319088 26.853964805603 24.5585951311835 17.3238700011681 14.1737178276325 10.1426510393363 5.68661645957237 3.2619392131937 2.35140964902681 1.54309105050975 0.84645363380169 0.614118049884665 0.452791378415864 0.319063679925327 0.320751058644262 0.19435793777992 0.026448379302847 0 0.0000560689669359347 0 0 0 0 0 0 0 0 0 0 0
