Rscript/monthly_maps/SnowDepthMapFile-mean-1989-06.asc
ncols 320 
nrows 361 
xllcorner 618410.159 
yllcorner 5088785.286 
cellsize 100 
NODATA_value -9999 
[rows 29 to 57 of 361, columns 66 to 131 of 320]
-9999 -9999 -9999 -9999 -9999 -9999 -9999 -9999 -9999 -9999 -9999 -9999 -9999 -9999 -9999 -9999 -9999 -9999 -9999 -9999 -9999 -9999 -9999 -9999 -9999 -9999 -9999 -9999 -9999 -9999 -9999 -9999 -9999 -9999 -9999 -9999 -9999 -9999 -9999 -9999 -9999 -9999 -9999 -9999 -9999 -9999 -9999 -9999 350.832373334416 350.744834480614 384.779458144615 391.845990920889 366.317669572501 366.720210502888 344.481354055734 322.898348709633 324.832037958606 314.763302638613 307.072744369507 302.34479720017 298.418396489374 286.626497170021 274.949099738022 253.759172398469 245.366007328033 240.252934883381
-9999 -9999 -9999 -9999 -9999 -9999 -9999 -9999 -9999 -9999 -9999 -9999 -9999 -9999 -9999 -9999 -9999 -9999 -9999 -9999 -9999 -9999 -9999 -9999 -9999 -9999 -9999 -9999 -9999 -9999 -9999 -9999 -9999 -9999 -9999 -9999 -9999 -9999 -9999 -9999 -9999 -9999 -9999 -9999 -9999 -9999 375.440791689116 354.580702880333 343.636922047056 329.155807982231 329.350609049715 341.177422480337 349.478042240801 348.367976945022 328.618391760464 326.159155483904 317.138662930193 308.886928689891 303.421288852034 299.355952410862 297.127382212672 292.320792083083 276.107751262599 266.410330492875 249.971888788815 244.184156286305
-9999 -9999 -9999 -9999 -9999 -9999 -9999 -9999 -9999 -9999 -9999 -9999 -9999 -9999 -9999 -9999 -9999 -9999 -9999 -9999 -9999 -9999 -9999 -9999 -9999 -9999 -9999 -9999 -9999 -9999 -9999 -9999 -9999 -9999 -9999 -9999 -9999 -9999 -9999 -9999 -9999 -9999 -9999 -9999 -9999 388.676875344638 374.08950539293 348.351248478067 331.746487387295 306.146592962331 296.110967701879 295.229385310206 307.168916044564 307.122727640744 306.188020081356 303.292476259429 299.385239206511 296.206372458359 294.860214956875 293.031786778878 293.108378287019 290.9426140703 281.402666141247 273.705374002457 266.645455023338 253.272772567026
-9999 -9999 -9999 -9999 -9999 -9999 -9999 -9999 -9999 -9999 -9999 -9999 -9999 -9999 -9999 -9999 -9999 -9999 -9999 -9999 -9999 -9999 -9999 -9999 -9999 -9999 -9999 -9999 -9999 -9999 -9999 -9999 -9999 -9999 -9999 -9999 -9999 -9999 -9999 -9999 -9999 -9999 -9999 -9999 397.831150318014 392.788406832465 369.737227308339 339.564322274307 327.908587357094 304.855050514484 287.767910225638 277.469760746791 275.022960703948 271.11846515228 270.034938351861 272.118624243243 270.140668605936 269.853390381254 269.726374889242 270.59792687153 277.079341214279 285.300389059659 278.640038243656 280.880245406052 275.378744618646 272.811235115446
-9999 -9999 -9999 -9999 -9999 -9999 -9999 -9999 -9999 -9999 -9999 -9999 -9999 -9999 -9999 -9999 -9999 -9999 -9999 -9999 -9999 -9999 -9999 -9999 -9999 -9999 -9999 -9999 -9999 -9999 -9999 -9999 -9999 -9999 -9999 -9999 -9999 -9999 -9999 -9999 -9999 -9999 -9999 -9999 -9999 390.70857896476 363.184479877867 339.797352725062 319.885171692947 310.196317952255 293.320420972232 274.129748788373 258.193638053434 247.390546996018 243.066948907129 241.993530980472 240.513286705675 239.816030707853 238.411668604818 239.188026674863 241.491146572705 253.547224217448 266.775021224186 271.577085947168 266.733972195921 268.333916960091
-9999 -9999 -9999 -9999 -9999 -9999 -9999 -9999 -9999 -9999 -9999 -9999 -9999 -9999 -9999 -9999 -9999 -9999 -9999 -9999 -9999 -9999 -9999 -9999 -9999 -9999 -9999 -9999 -9999 -9999 -9999 -9999 -9999 -9999 -9999 -9999 -9999 -9999 -9999 -9999 -9999 -9999 -9999 -9999 418.4153522623 403.423396011879 376.5339442286 345.603673852723 317.688265044114 304.801804575427 294.91388179516 273.695760225428 262.387153773472 243.173014599701 238.157660147239 231.294912724659 227.721033688249 221.046637346005 214.573104480217 208.662280148473 208.932924854344 213.992079405949 229.265367532599 238.785280416752 243.3944176641 250.289745306147
-9999 -9999 -9999 -9999 -9999 -9999 -9999 -9999 -9999 -9999 -9999 -9999 -9999 -9999 -9999 -9999 -9999 -9999 -9999 -9999 -9999 -9999 -9999 -9999 -9999 -9999 -9999 -9999 -9999 -9999 -9999 -9999 -9999 -9999 -9999 -9999 -9999 -9999 -9999 -9999 -9999 -9999 -9999 -9999 -9999 409.540766222724 391.579362277327 355.032643416832 319.715078222341 300.295539921728 283.987565698295 274.455747152197 265.960160386973 256.9636125729 243.097155661419 235.781167589385 231.316216912763 223.42973390941 218.76529894204 205.31288297423 196.781587789799 192.500300867804 197.985059244879 204.296309693106 211.265542342745 214.702170725526
-9999 -9999 -9999 -9999 -9999 -9999 -9999 -9999 -9999 -9999 -9999 -9999 -9999 -9999 -9999 -9999 -9999 -9999 -9999 -9999 -9999 -9999 -9999 -9999 -9999 -9999 -9999 -9999 -9999 -9999 -9999 -9999 -9999 -9999 -9999 -9999 -9999 -9999 -9999 -9999 -9999 -9999 -9999 -9999 -9999 428.648703936873 403.403209949362 365.625604432205 325.158677989039 296.605328066596 284.194038522655 276.921905073626 270.825024711675 263.775042574981 253.139952750042 238.515049967273 232.213887181775 225.524828335335 222.447838363976 214.966546847902 202.019946657378 193.485793549439 188.869795182656 190.178051726571 194.779523611069 197.544099421337
-9999 -9999 -9999 -9999 -9999 -9999 -9999 -9999 -9999 -9999 -9999 -9999 -9999 -9999 -9999 -9999 -9999 -9999 -9999 -9999 -9999 -9999 -9999 -9999 -9999 -9999 -9999 -9999 -9999 -9999 -9999 -9999 -9999 -9999 -9999 -9999 -9999 -9999 -9999 -9999 -9999 -9999 -9999 378.346565838518 384.973162420865 416.08349714608 398.974545051312 364.580692800982 327.035827439407 304.29538864925 288.360739116011 280.416076035335 274.803406920926 267.089725075097 259.815043959124 248.449859693133 239.860654625399 233.553447271216 223.242196239274 216.881462639776 210.888892107996 198.063423025197 193.322108975772 191.559886307552 192.561692492715 194.079720908198
-9999 -9999 -9999 -9999 -9999 -9999 -9999 -9999 -9999 -9999 -9999 -9999 -9999 -9999 -9999 -9999 -9999 -9999 -9999 -9999 -9999 -9999 -9999 -9999 -9999 -9999 -9999 -9999 -9999 -9999 -9999 -9999 -9999 -9999 -9999 -9999 -9999 -9999 -9999 -9999 -9999 -9999 357.530838635461 349.079424592955 353.935680590827 383.252409047094 389.604377697254 372.520324049325 343.829148193886 315.507704965 305.689166364999 289.154477218102 280.528776201709 270.922674203741 264.449383710993 251.293857648455 241.352631420925 231.19295334816 221.187028112083 213.161282794229 203.109309854179 197.828044093888 193.207120887164 191.682577412704 192.341890433739 193.270704696918
-9999 -9999 -9999 -9999 -9999 -9999 -9999 -9999 -9999 -9999 -9999 -9999 -9999 -9999 -9999 -9999 -9999 -9999 -9999 -9999 -9999 -9999 -9999 -9999 -9999 -9999 -9999 -9999 -9999 -9999 -9999 -9999 -9999 -9999 -9999 -9999 -9999 -9999 -9999 -9999 -9999 -9999 361.525474712766 331.005342023126 319.335400701597 345.336425777139 378.600129883865 381.883087536384 354.388908599985 337.195210522619 315.003519715934 302.332177195056 287.735932909209 270.533990629788 253.987300659048 244.396101762509 234.89891021005 224.618061065674 211.785810676114 199.431051155617 192.186946942888 188.966097280897 186.633696975379 186.061889023616 187.905448724484 189.860081475357
-9999 -9999 -9999 -9999 -9999 -9999 -9999 -9999 -9999 -9999 -9999 -9999 -9999 -9999 -9999 -9999 -9999 -9999 -9999 -9999 -9999 -9999 -9999 -9999 -9999 -9999 -9999 -9999 -9999 -9999 -9999 -9999 -9999 -9999 -9999 -9999 -9999 -9999 -9999 -9999 391.623865193334 365.776409675335 343.630168618827 315.188721788341 303.179628799702 309.856238134976 343.242407426367 374.177602570632 369.535489493403 352.798588160811 342.621025545844 319.244798068343 296.944006886976 267.926039169575 244.131334518564 228.55668172343 218.550695970141 211.003949379099 196.977703028712 180.246944961877 171.163172302575 167.975935952417 165.824011140856 165.93222284317 167.480825050124 171.426549352449
-9999 -9999 -9999 -9999 -9999 -9999 -9999 -9999 -9999 -9999 -9999 -9999 -9999 -9999 -9999 -9999 -9999 -9999 -9999 -9999 -9999 -9999 -9999 -9999 -9999 -9999 -9999 -9999 -9999 -9999 -9999 -9999 -9999 -9999 -9999 -9999 -9999 -9999 -9999 -9999 386.907315221326 355.661805646173 318.603467678202 314.469244726773 295.838309205812 292.687798796029 304.90653712174 333.981985026392 352.934966120227 346.628555297852 357.190038664588 353.783695072963 327.765467742394 277.201193118918 232.244636116357 210.712418827517 205.961343148659 198.263706166169 185.600389727231 168.530343433906 160.37825512475 154.750657389904 146.874540723603 143.421404575479 142.605783635172 145.874272601358
-9999 -9999 -9999 -9999 -9999 -9999 -9999 -9999 -9999 -9999 -9999 -9999 -9999 -9999 -9999 -9999 -9999 -9999 -9999 -9999 -9999 -9999 -9999 -9999 -9999 -9999 -9999 -9999 -9999 -9999 -9999 -9999 -9999 -9999 -9999 -9999 -9999 -9999 -9999 360.569500232565 360.746302917086 326.481334146754 309.298346223502 303.327763458778 293.773572650449 279.673308734236 274.777306564923 294.020071465394 302.867139651858 320.63541971404 338.060866323011 374.212872817599 361.873369677313 310.980913819938 241.994157889794 204.944081248908 197.641429013219 189.403595866828 176.391839594677 161.5036259273 151.514185708145 152.966061559217 146.543343511121 140.25262260437 134.8041173343 131.209192045804
-9999 -9999 -9999 -9999 -9999 -9999 -9999 -9999 -9999 -9999 -9999 -9999 -9999 -9999 -9999 -9999 -9999 -9999 -9999 -9999 -9999 -9999 -9999 -9999 -9999 -9999 -9999 -9999 -9999 -9999 -9999 -9999 -9999 -9999 -9999 -9999 406.385800591831 391.453650507434 354.902069408318 332.289504373896 316.63377988544 288.771803494157 283.752420721383 285.725754565206 280.861462913711 264.632699423823 255.031911792426 255.301843560975 265.322357046193 270.339694204002 279.93458551374 320.2154712677 339.105846796377 349.063340746123 273.633585633903 219.50836134779 200.508168730242 182.455307327468 170.135103460016 156.606495606488 155.704428385044 147.774407715633 146.508905673849 142.989329009221 134.911874639577 136.180859203996
-9999 -9999 -9999 -9999 -9999 -9999 -9999 -9999 -9999 -9999 -9999 -9999 -9999 -9999 -9999 -9999 -9999 -9999 -9999 -9999 -9999 -9999 -9999 -9999 -9999 -9999 -9999 -9999 -9999 -9999 -9999 -9999 -9999 -9999 -9999 -9999 396.001797445889 382.176520775104 334.534843213599 290.271808722924 260.674738785316 261.517519654899 266.867746591568 265.639560049978 263.071502126496 255.911545630159 242.192505384314 240.284374121962 241.972910330213 242.744842669059 245.420260503374 262.010221588201 285.954951968686 320.417345638933 289.938914759406 265.538652633799 227.382774402355 190.420412080041 167.779975969216 154.575253840151 150.842354252421 149.272293958171 146.687899162029 145.252905171493 144.13611125946 139.835314947983
-9999 -9999 -9999 -9999 -9999 -9999 -9999 -9999 -9999 -9999 -9999 -9999 -9999 -9999 -9999 -9999 -9999 -9999 -9999 -9999 -9999 -9999 -9999 -9999 -9999 -9999 -9999 -9999 -9999 -9999 -9999 -9999 -9999 -9999 -9999 -9999 386.873016094339 358.998122609895 304.886347540494 273.315213754259 254.424612357699 251.612977792477 254.995414183058 255.846134802391 254.194628501761 251.755008048025 244.236563378367 237.065021120269 236.077125434218 235.078876182951 231.904452463676 228.202605979196 245.279076082953 255.849049584619 285.668697727138 286.288798323993 276.632722229793 230.531199825221 185.661436080933 166.114093270795 154.992105414127 152.802535977857 150.916747401501 147.731762569526 143.435370379481 139.295289861745
-9999 -9999 -9999 -9999 -9999 -9999 -9999 -9999 -9999 -9999 -9999 -9999 -9999 -9999 -9999 -9999 -9999 -9999 -9999 -9999 -9999 -9999 -9999 -9999 -9999 -9999 -9999 -9999 -9999 -9999 -9999 -9999 -9999 -9999 -9999 -9999 359.58206097833 332.871687346491 285.492027085403 269.781329508485 264.442027675694 260.548755678637 258.958520946832 257.873674195388 256.489417643383 253.154877226928 248.688062807609 241.506986823575 234.591911562558 231.241201820045 226.433761366482 215.733414682849 211.622477917836 219.333873904985 240.758372306824 271.000072339485 287.301334266005 275.010906548336 229.870854188656 195.684650758217 179.070003139562 171.93284442507 161.101526872865 156.095121663192 148.208004154008 139.174251260429
361.045909059459 350.762657231298 343.013213519392 339.561831673671 346.629605745447 -9999 -9999 -9999 -9999 -9999 -9999 -9999 -9999 -9999 -9999 -9999 -9999 -9999 -9999 -9999 -9999 -9999 -9999 -9999 -9999 -9999 -9999 -9999 -9999 -9999 -9999 -9999 -9999 -9999 -9999 405.87754374537 361.079958011364 290.687060526733 265.710715055466 271.356782913208 269.983427861641 268.368984403281 265.464626328699 262.336278413904 259.248004017205 255.98874116766 251.891413696881 244.645128283007 237.314565148847 229.031558949372 221.922762648813 210.165251493454 203.986227660344 203.900233967551 209.29044681582 230.438968485799 260.409195653323 263.476187352476 263.471131933147 239.04715402373 215.935707823984 200.844947025694 189.533961180983 171.364825926978 154.234573545127 145.526532033394
326.283152473384 311.472234799687 287.300650835037 284.222633156283 293.873759721887 297.681758190024 337.590245074239 396.299992265372 433.314457071239 449.965920875812 427.345355461384 -9999 -9999 -9999 -9999 -9999 -9999 -9999 -9999 -9999 -9999 -9999 -9999 -9999 -9999 -9999 -9999 -9999 -9999 -9999 -9999 -9999 -9999 -9999 -9999 374.26621358148 315.30230295247 265.389937092518 265.124555834408 275.421612435374 277.015429233683 274.110771623151 272.528119005006 266.675119424688 261.960704984336 255.857855533731 252.427134990692 246.551619200871 238.85291474441 229.244646713651 222.852298744794 213.344223170445 205.418380934617 199.550324102928 199.60815556296 203.146656957166 216.905889256247 238.531073290726 262.586209247852 244.212708267672 241.37046462914 222.043573757698 212.746966501762 188.963540652703 165.81498781977 153.881786169677
285.792670348595 256.334773803579 241.131379333036 224.336869659095 219.445892449083 241.331981691821 275.548985830669 331.565537797994 385.972207365365 395.464076897194 371.88965968428 339.884838400216 365.109185284582 372.624223330925 381.475281287884 400.471519667527 -9999 -9999 -9999 -9999 -9999 -9999 -9999 -9999 675.546548777613 666.9888442467 650.169883464945 640.602861601731 -9999 -9999 -9999 -9999 -9999 -9999 463.725116861278 355.517226350719 285.477664602214 256.132352132222 268.597741340769 280.988553935084 279.256567963238 278.232702205921 274.94999402967 269.815382529949 263.910589185254 257.568541946082 251.616698347289 243.77800395571 238.542140426307 231.839510547704 226.723905933314 221.992860695411 215.183229454632 207.618680493585 198.984313915516 193.865195964945 195.094181899367 207.443978268525 226.494122570959 233.869385258905 233.263777979489 230.549628874351 220.842332502891 208.901498095743 185.215373927149 167.688769221306
253.724830684991 234.103640293253 224.262203257659 199.480939799342 181.999686224707 182.367256213879 207.717032375007 245.31956805854 291.745896586056 311.344124900884 319.563432779805 319.495043442167 338.802380331631 341.933067364939 365.652872126678 380.429011377795 390.815179364435 -9999 -9999 -9999 -9999 -9999 -9999 -9999 665.65886135759 649.306900550579 636.726548819706 627.58511142073 615.08368446087 591.851731135927 606.151751288052 647.457876271215 671.829952897697 706.871764610554 574.165255842538 366.880860558872 280.339263406293 260.138283561016 280.705514842066 280.913247305771 276.686310307733 275.544666791784 274.337971785973 269.93266285699 266.629445832351 261.050154924393 252.261031627655 243.650181301709 235.571683521928 233.437081978239 228.284613790183 223.873740779942 219.498504498909 212.998239656975 206.627576186739 194.642799287007 188.601294739493 189.75825442939 195.852555661366 205.903501091332 209.675938811795 217.628525733948 217.622226016275 215.160005914754 205.683920235469 186.761058938914
225.869719645073 212.469055068904 206.393082807804 195.114025535255 174.708060165931 163.300475301414 173.719539666998 199.06198897855 230.633905912268 248.951270103455 262.110170512364 274.328871710547 281.148703862881 297.963836916562 315.379267001974 345.716593709485 382.275758743286 401.565605032033 -9999 -9999 -9999 -9999 -9999 -9999 647.18637190194 635.091727947367 607.082234086662 584.272103145205 571.979515075684 577.611738270727 580.188589030299 608.239300431876 662.338818780307 674.207404301084 597.249847412109 431.070025739999 305.103103260799 283.945180942272 287.585170088143 286.982760955547 270.746502711855 259.440000139434 260.946104271659 259.265724667187 258.371665781942 255.172187484544 246.39011496511 240.62634989311 236.440134558184 235.913337970602 229.921091753861 225.452174071608 218.193296013207 212.921919773365 210.654175988559 200.689451604054 191.86600452456 187.696005171743 185.880476672074 188.84467910076 192.613217123624 194.814068892906 201.870222724717 208.011685124759 201.495855405413 203.041193024866
190.197697680572 182.023018639663 181.187370579818 178.065735241462 169.263997793198 156.205990199385 156.517699521163 171.613584362227 185.476220755742 199.48447876141 216.830909572799 242.705500249205 263.154318127139 268.504729501132 277.760415151201 310.330023444932 349.563502097952 399.099989332002 435.286050253901 -9999 -9999 -9999 -9999 -9999 644.005133793272 626.920640090416 580.117322724441 570.239411189638 560.454010141307 545.826628980965 534.132747123981 554.820001667944 565.762204137342 585.379304557011 619.021419656688 537.381722811995 417.542227120235 340.549721158784 319.889601740344 296.181685414808 278.94141236667 263.468231530025 250.457506927951 249.42090887859 249.501016625043 253.06392170643 247.434201174769 241.685552564161 238.239874535593 234.970345086065 232.112039796237 228.081169810788 222.411282942213 216.840655902336 214.034021426891 199.814351665563 196.351695118279 187.958115314615 183.12189542014 179.404302753251 175.900073906471 177.189126672416 180.042124904435 186.543677206697 189.372502746253 190.311267499266
163.916267723873 157.530133387138 160.629005670547 164.157286438449 162.544106902747 151.492191865526 146.363005966976 151.105182063991 159.005957184167 171.077845844729 190.571450619862 217.190623653346 240.80954806558 256.476893490758 254.760119980779 284.078598614397 321.548991162201 376.880720862027 440.626479642145 461.238714296242 -9999 -9999 -9999 -9999 640.35396602236 598.621194773707 581.81296881314 564.575868277714 552.344134626717 511.00768834147 506.538175369131 490.690222715509 489.355920495658 495.649802610792 551.190865352236 592.625218095451 542.180190513874 467.568490127037 416.766202203159 367.580557313459 335.227889258286 302.605253416916 282.502781177389 268.800394452851 257.285254305807 249.788319332846 238.685628726565 234.641571743735 241.806456500086 238.135030943772 235.378878667437 232.432718712708 224.757759184673 218.720599996633 212.988264914217 204.154087584594 196.644197094029 192.881687106757 186.980056244751 178.103073761381 171.563436541064 168.411831066526 167.399594216511 167.341886651927 166.905136659228 166.649984705037
144.713081590061 142.879160700173 146.221998210611 150.119973951373 151.932613915411 146.157472491264 140.899699334441 140.710340072369 147.227767607261 160.387396590463 177.302236195268 200.626892903755 224.95922904179 236.584093447389 244.931299209595 264.406670463496 298.541063612905 370.014565517162 439.220917907254 495.304309187264 534.006815680142 -9999 -9999 647.634113706391 633.536449563914 596.415445788153 577.526468211207 560.343252116236 550.800520140549 503.501313320522 498.803372679086 468.630135630739 446.819669111022 447.338236927986 454.197684990949 528.924593300655 578.108380810968 579.701521774818 541.098900104391 508.815969532934 476.971462381297 440.178966785299 369.961803732247 320.907209001738 302.615188911043 278.889224841677 262.853749875365 243.033201316307 247.475795778735 244.244188867766 241.730734060551 239.053297643004 233.072117443742 221.481488458041 210.891317211348 205.887332011913 200.496720807306 193.452849314131 187.982031427581 184.785589884067 177.579723588352 172.448071570232 165.908264784977 162.574806521679 156.042611964818 150.964739117129
127.479677533281 129.796889185905 135.006203704867 141.440829277039 142.426279178981 139.562424006133 134.081882123289 137.192833978554 147.874291847492 158.929298392658 170.695845677935 184.809916159202 201.628480763271 215.427861649415 226.988715180035 259.183649128881 291.869489102528 345.493585964729 400.819897182029 476.184788823128 517.941696364304 489.277590579 543.926968278556 598.32973927465 599.229824460786 582.074114043137 553.081620315026 523.629856833096 511.777856037534 498.821709147815 475.161188877862 460.522358483282 437.312066789331 433.37686941747 434.581328753767 443.415536831165 515.843989799763 536.005423447181 589.394912193561 569.837219764446 541.009090555125 510.434642397124 463.867641317433 393.162818053673 350.599999592222 323.003488655748 292.048118130914 268.402936211948 258.97131790786 254.229975938797 251.551187227512 249.11273036332 242.982980004672 233.854475078912 217.808189260549 208.056492509513 202.018639309653 193.40517684509 188.398240188072 185.378157969179 177.993167877197 170.979904910614 164.078713803456 159.422256128541 150.020184864258 144.455457490066
121.901439374891 124.825272823202 127.970504990939 130.999956640704 133.122470954369 134.568926990032 133.765339904818 138.67597456225 143.858821959331 154.63918691668 164.030443331291 172.173121666086 183.114640605861 200.289057657636 222.142692820779 255.831249511961 287.157606141321 331.004633623978 365.350127154383 369.628104571638 373.876867499845 404.190626206069 445.834299720567 489.582275867462 562.119002506651 557.804852452771 529.23648163368 514.634304441255 504.7940839899 497.968844052019 468.771894879639 457.618230326422 432.605279199008 422.945166489174 404.015664659697 403.82498037404 436.633826993663 506.365268575734 532.626798037825 531.617103708201 525.107246135843 481.596808795271 456.774212541251 423.408224960853 378.650770910855 358.551263480351 325.286861945843 295.455693014737 281.961528383452 275.641804917105 271.633664977962 267.19687078739 250.947646108167 237.845236268537 220.623286115712 207.452555483785 196.450810317335 190.61948596198 185.270128200794 179.073425342297 173.929439080173 166.818525745951 160.697025858123 153.781058936284 149.592694973123 146.800938836459
112.823335786061 117.62120332389 118.979859319226 123.282690508612 124.745446369566 127.076142935917 130.535508221593 136.448299137683 143.615606649169 146.372092900605 154.059551740515 158.236014234609 168.610909889484 189.624210768733 223.543004611443 258.635782595338 284.85802571938 271.532540617318 260.792005958228 261.136965706431 277.497751030429 284.664944023922 322.898388541978 405.167027929734 479.267077441873 526.368094345619 525.940460073537 516.444422162812 504.372882645706 481.135898458547 464.309293352324 455.609564287909 429.309307361471 415.724649889716 391.783593671075 387.004163018588 395.868635440695 434.48856725107 472.091594480235 493.455817946072 472.995703697205 442.941108276104 439.679158638264 429.62251761864 405.259545293348 386.099914813864 362.344021369671 323.926783331509 297.35375003157 288.493803122948 280.919241313277 270.535915424084 252.076583138828 237.649516368734 215.080045264343 201.213139320242 192.492728685511 181.664426844696 177.518362012403 173.497614243935 166.72757262197 161.05941160794 155.965290266892 152.409195472454 148.317585353194 145.644086114291
