Rscript/monthly_maps/SnowDepthMapFile-q25-1990-01.asc
ncols 320 
nrows 361 
xllcorner 618410.159 
yllcorner 5088785.286 
cellsize 100 
NODATA_value -9999 
[rows 50 to 74 of 361, columns 56 to 111 of 320]
1165.87475585938 1123.20837402344 1109.51239013672 1072.50708007812 1072.37451171875 1095.16033935547 1162.53051757812 1237.62109375 1246.56701660156 1199.98541259766 1161.78643798828 1134.48181152344 1115.13366699219 1052.48510742188 1021.86798095703 1008.30310058594 1055.73754882812 1137.34576416016 1216.18841552734 1260.99737548828 1267.33349609375 1276.39935302734 1299.07464599609 1329.18145751953 1358.00982666016 1406.98992919922 1429.47802734375 -9999 -9999 -9999 -9999 -9999 -9999 -9999 2067.76574707031 1995.36175537109 1945.42761230469 1849.17980957031 1819.55487060547 1735.08996582031 1830.16125488281 2029.77136230469 2205.00720214844 2378.62145996094 1830.93365478516 1305.72967529297 1141.587890625 1140.95489501953 1186.24554443359 1223.02496337891 1234.68914794922 1233.73687744141 1250.51000976562 1257.49090576172 1240.35705566406 1226.40435791016
1134.49639892578 1125.87426757812 1086.91979980469 1047.19409179688 1048.16052246094 1054.58276367188 1124.34686279297 1175.0029296875 1190.01232910156 1146.63305664062 1111.62615966797 1086.26171875 1083.73773193359 1063.00268554688 1015.79537963867 960.462646484375 994.252868652344 1048.26165771484 1109.15802001953 1124.32421875 1170.53472900391 1200.77374267578 1239.78918457031 1266.68511962891 1284.60229492188 1320.17791748047 1397.49072265625 1445.92138671875 -9999 -9999 -9999 -9999 -9999 -9999 1954.50390625 1865.8125 1777.60705566406 1706.35729980469 1700.88763427734 1664.93017578125 1684.47235107422 1806.30017089844 2041.09216308594 2189.86791992188 1820.31384277344 1379.04357910156 1207.98693847656 1153.26885986328 1180.06793212891 1182.83819580078 1172.70776367188 1167.64038085938 1182.90649414062 1208.30670166016 1229.25555419922 1217.32623291016
1094.05279541016 1091.447265625 1054.75726318359 1050.27398681641 1058.98321533203 1054.56427001953 1106.85766601562 1159.46118164062 1156.38226318359 1084.81884765625 1034.15252685547 1026.5263671875 1027.74987792969 1023.64947509766 1012.48425292969 968.1005859375 966.600982666016 997.170562744141 1025.91094970703 1049.15417480469 1096.42822265625 1144.13958740234 1207.40289306641 1231.30157470703 1232.77062988281 1261.34027099609 1344.93255615234 1420.95684814453 1456.74487304688 -9999 -9999 -9999 -9999 -9999 1921.08746337891 1845.68188476562 1690.83178710938 1671.474609375 1644.61865234375 1611.58599853516 1600.81878662109 1603.67816162109 1621.94805908203 1707.16864013672 1800.65698242188 1655.08636474609 1354.16680908203 1248.32775878906 1212.72399902344 1190.015625 1165.01495361328 1130.69641113281 1128.48724365234 1150.36877441406 1168.86743164062 1188.91790771484
1051.64416503906 1047.15417480469 1047.25225830078 1047.53558349609 1057.33349609375 1052.04522705078 1101.90380859375 1154.91143798828 1121.89086914062 1031.99182128906 985.806762695312 978.327789306641 997.998138427734 1007.05960083008 1008.79299926758 964.010314941406 937.055541992188 941.565185546875 959.094970703125 994.709381103516 1040.19598388672 1106.09790039062 1177.14434814453 1193.63623046875 1177.30084228516 1203.85614013672 1278.63995361328 1380.66857910156 1469.02935791016 1530.50970458984 -9999 -9999 -9999 -9999 1979.10852050781 1756.21752929688 1685.13891601562 1652.60083007812 1622.08752441406 1596.61053466797 1539.53594970703 1520.92700195312 1507.46704101562 1512.02526855469 1592.99212646484 1691.87139892578 1617.92944335938 1473.33630371094 1370.49365234375 1303.71533203125 1271.0732421875 1208.50354003906 1174.060546875 1155.89532470703 1158.68499755859 1166.84973144531
1022.66351318359 1024.18600463867 1036.52185058594 1040.89117431641 1043.51934814453 1024.85412597656 1081.50061035156 1129.01745605469 1082.34783935547 982.957489013672 943.063110351562 938.004089355469 968.147827148438 993.821258544922 1001.23071289062 969.639282226562 949.625061035156 930.823211669922 954.103759765625 983.223510742188 1025.94155883789 1080.64013671875 1130.30914306641 1154.97418212891 1159.2001953125 1170.78948974609 1252.16638183594 1361.96685791016 1485.71942138672 1592.74865722656 1636.91271972656 -9999 -9999 1948.2421875 1922.72106933594 1724.32055664062 1674.41528320312 1633.94024658203 1606.48992919922 1581.28594970703 1527.63366699219 1495.75054931641 1462.86499023438 1458.76452636719 1471.17602539062 1595.60217285156 1674.39727783203 1780.00756835938 1652.24853515625 1595.85284423828 1507.93548583984 1431.20397949219 1326.76153564453 1262.15374755859 1216.65264892578 1203.96221923828
1014.86352539062 1015.78085327148 1018.11782836914 1035.29522705078 1016.84652709961 1006.84173583984 1048.69458007812 1079.0888671875 1028.82385253906 938.927276611328 918.648162841797 937.842681884766 959.680480957031 980.269561767578 990.591522216797 967.881469726562 953.533172607422 956.343170166016 970.010162353516 1002.66583251953 1018.33563232422 1060.84936523438 1090.32409667969 1103.87524414062 1133.49383544922 1155.74182128906 1215.31610107422 1303.68463134766 1388.57623291016 1544.66723632812 1583.12847900391 1539.81628417969 1599.0478515625 1739.51220703125 1751.48248291016 1671.49444580078 1621.27447509766 1598.46319580078 1586.42816162109 1569.09649658203 1529.69287109375 1481.66467285156 1451.41455078125 1437.48309326172 1437.77227783203 1469.53729248047 1581.84906005859 1619.38531494141 1780.47137451172 1695.32635498047 1631.23529052734 1569.48291015625 1458.658203125 1381.52661132812 1313.07720947266 1279.48962402344
1007.58020019531 1007.42590332031 1011.21490478516 1026.28482055664 1009.71612548828 997.677886962891 1019.17114257812 1038.18896484375 989.946105957031 913.447235107422 906.74560546875 926.311004638672 956.789001464844 965.374237060547 983.987213134766 979.247283935547 965.120544433594 968.063415527344 993.13134765625 1004.60440063477 1013.10687255859 1031.08538818359 1047.35479736328 1075.4296875 1116.1533203125 1157.31262207031 1210.45593261719 1290.53179931641 1330.18542480469 1335.50048828125 1358.89251708984 1393.60095214844 1452.69201660156 1551.06781005859 1624.27593994141 1656.07952880859 1606.45440673828 1581.57275390625 1568.19610595703 1550.31823730469 1529.49133300781 1470.18078613281 1442.14141845703 1416.52923583984 1411.12005615234 1409.12683105469 1449.80206298828 1565.53369140625 1600.01495361328 1594.99157714844 1561.27325439453 1536.68725585938 1490.09783935547 1435.95910644531 1388.77960205078 1340.90130615234
999.008148193359 998.474884033203 1004.21557617188 1017.24069213867 1019.63037109375 1003.29013061523 1029.99060058594 1020.07293701172 969.154998779297 902.133575439453 906.781188964844 945.902557373047 952.809295654297 969.375305175781 977.136444091797 980.6630859375 981.163543701172 983.727142333984 993.425384521484 1000.31860351562 1002.13375854492 993.433044433594 1017.41387939453 1055.83703613281 1125.47137451172 1185.66119384766 1223.99566650391 1190.09197998047 1164.70471191406 1152.23626708984 1165.28747558594 1192.990234375 1256.28833007812 1399.09515380859 1513.48419189453 1602.73138427734 1601.16809082031 1572.66156005859 1554.65972900391 1534.43981933594 1516.25695800781 1468.13342285156 1432.74530029297 1406.60510253906 1388.83197021484 1376.72235107422 1390.24353027344 1448.10418701172 1534.15051269531 1537.60369873047 1508.01104736328 1464.86047363281 1463.88372802734 1460.67224121094 1440.38494873047 1401.73956298828
983.076171875 982.227752685547 995.610198974609 999.412780761719 1000.40924072266 1002.31195068359 1046.46148681641 1022.32781982422 965.015441894531 904.094970703125 915.914581298828 942.851531982422 956.372131347656 958.708953857422 966.666656494141 973.063079833984 975.529754638672 985.311828613281 990.620422363281 990.190399169922 985.486206054688 968.324645996094 978.175354003906 1042.04248046875 1157.45513916016 1247.87689208984 1203.39794921875 1111.05218505859 1047.4833984375 1043.51055908203 1049.63525390625 1074.18432617188 1135.34027099609 1251.10369873047 1425.58044433594 1564.21118164062 1594.31207275391 1570.54968261719 1544.36041259766 1523.55383300781 1507.64398193359 1469.27215576172 1421.65869140625 1392.08404541016 1375.97625732422 1356.6220703125 1348.95837402344 1393.56799316406 1441.31079101562 1505.04876708984 1461.45007324219 1442.19067382812 1438.23004150391 1445.75567626953 1470.55322265625 1460.55255126953
978.247863769531 973.444671630859 979.697937011719 980.229797363281 987.083282470703 998.475402832031 1048.00439453125 1009.77767944336 959.646636962891 901.248779296875 915.267913818359 931.61669921875 931.137390136719 931.951232910156 937.690948486328 956.819366455078 967.69970703125 975.602600097656 977.941131591797 980.485504150391 959.932556152344 929.5634765625 942.790161132812 1031.75842285156 1183.04803466797 1234.28155517578 1166.24060058594 1064.79034423828 1007.32510375977 1006.17883300781 1011.87130737305 1025.12103271484 1066.87078857422 1148.81079101562 1306.10015869141 1478.01159667969 1574.66265869141 1577.974609375 1532.39465332031 1518.67419433594 1497.31268310547 1457.21118164062 1414.42315673828 1388.59649658203 1365.65734863281 1344.66625976562 1328.97052001953 1336.14599609375 1388.12475585938 1404.75866699219 1397.640625 1394.27258300781 1386.37451171875 1409.20953369141 1427.60986328125 1409.06463623047
970.012786865234 966.283660888672 952.420593261719 954.0595703125 954.435089111328 979.425018310547 1025.37091064453 984.866088867188 934.7880859375 885.793975830078 891.597198486328 902.677124023438 897.705718994141 899.279357910156 908.52392578125 922.706268310547 935.536315917969 948.585845947266 968.230377197266 957.768615722656 945.633544921875 910.830474853516 926.573059082031 1032.53656005859 1197.58624267578 1195.54284667969 1106.22784423828 1039.73376464844 1023.30883789062 1024.28726196289 1027.89727783203 1025.59817504883 1036.45886230469 1063.04907226562 1174.17211914062 1354.14385986328 1521.44934082031 1579.17395019531 1531.64068603516 1504.46240234375 1478.15734863281 1445.51812744141 1407.23779296875 1370.61431884766 1359.66143798828 1323.85192871094 1312.64660644531 1303.58947753906 1322.32092285156 1328.96881103516 1343.71014404297 1350.99444580078 1358.77154541016 1359.10845947266 1355.11102294922 1355.86486816406
940.806701660156 937.571411132812 933.030639648438 932.071014404297 925.153137207031 947.459625244141 992.845245361328 952.927429199219 903.325317382812 857.174896240234 851.706146240234 860.768402099609 851.184814453125 845.515838623047 854.165893554688 875.415679931641 904.34326171875 931.536163330078 945.203765869141 946.930999755859 921.857818603516 891.223022460938 926.593658447266 1053.64294433594 1121.21496582031 1139.27111816406 1050.29150390625 1026.79986572266 1028.03302001953 1041.45141601562 1027.50964355469 1020.59039306641 1021.26898193359 1030.662109375 1083.9140625 1239.49761962891 1450.38446044922 1547.02734375 1546.43548583984 1502.37670898438 1466.36285400391 1441.54663085938 1395.51715087891 1357.98931884766 1349.43316650391 1329.12768554688 1309.25207519531 1275.06115722656 1278.03869628906 1290.96044921875 1313.935546875 1316.26666259766 1323.21051025391 1320.86743164062 1310.28955078125 1305.27294921875
916.766052246094 920.181732177734 905.246520996094 904.834686279297 889.127471923828 902.542572021484 923.926727294922 931.469940185547 862.527557373047 815.200714111328 806.153045654297 796.972442626953 795.980834960938 796.057067871094 813.726898193359 841.320526123047 871.374084472656 912.106903076172 933.304779052734 928.156402587891 894.915710449219 888.145141601562 962.684387207031 1094.19317626953 1112.77569580078 1053.26837158203 1005.76327514648 1017.46524047852 1042.76489257812 1037.60687255859 1030.34576416016 1023.68014526367 1019.09362792969 1005.00424194336 1047.52471923828 1163.06274414062 1342.74365234375 1512.51953125 1550.70520019531 1499.80389404297 1467.47924804688 1433.74957275391 1389.90948486328 1345.46655273438 1339.83435058594 1333.70404052734 1303.87817382812 1289.17437744141 1271.40203857422 1269.8603515625 1280.60406494141 1303.55194091797 1306.03332519531 1305.78112792969 1304.75201416016 1285.99505615234
888.050720214844 889.214996337891 870.497741699219 870.067474365234 865.113983154297 867.581939697266 871.138153076172 874.459899902344 824.697082519531 778.486145019531 763.294494628906 758.803192138672 758.787200927734 756.754241943359 771.501525878906 795.716827392578 839.682067871094 895.311859130859 915.928558349609 897.118103027344 880.115264892578 910.672698974609 1015.82501220703 1105.92431640625 1041.47442626953 981.175872802734 975.090850830078 1013.83020019531 1036.509765625 1047.85473632812 1035.29498291016 1018.80026245117 1007.60229492188 998.198059082031 1018.85629272461 1102.35687255859 1292.84326171875 1524.60235595703 1534.23266601562 1509.63134765625 1452.16412353516 1427.07434082031 1388.36938476562 1336.91436767578 1329.49127197266 1334.01184082031 1312.50317382812 1303.00408935547 1274.61413574219 1263.70086669922 1262.50518798828 1268.34399414062 1279.33538818359 1291.50317382812 1288.08331298828 1274.77911376953
853.837493896484 854.997131347656 850.246643066406 841.512176513672 817.474334716797 826.464813232422 816.715270996094 821.526123046875 776.722503662109 749.639434814453 743.725677490234 752.299377441406 754.573150634766 765.269866943359 773.250701904297 791.947875976562 814.549987792969 868.534912109375 890.808929443359 883.057312011719 895.324005126953 964.240905761719 1075.91912841797 1046.76782226562 976.641967773438 939.186737060547 972.541625976562 1010.51190185547 1043.67388916016 1042.43725585938 1029.4599609375 1013.15640258789 1004.11364746094 989.132873535156 1000.98107910156 1073.779296875 1234.53216552734 1503.00592041016 1553.22998046875 1503.36926269531 1455.46954345703 1431.62322998047 1388.02697753906 1362.53863525391 1329.23760986328 1327.41357421875 1311.25048828125 1297.666015625 1279.38598632812 1257.48712158203 1237.40698242188 1233.55340576172 1239.09826660156 1259.90515136719 1261.72290039062 1259.90545654297
808.775665283203 809.027374267578 806.340850830078 792.252258300781 798.755004882812 781.968872070312 787.023101806641 772.096618652344 757.545288085938 734.364685058594 739.133270263672 748.975738525391 762.386810302734 776.764068603516 770.824401855469 777.017028808594 807.039947509766 850.06884765625 865.102203369141 879.947723388672 929.762603759766 1032.86517333984 1057.10925292969 1004.37963867188 936.652221679688 943.422668457031 989.944519042969 1008.48492431641 1026.77905273438 1027.95336914062 1026.14663696289 1007.62387084961 991.094573974609 968.865112304688 967.268829345703 1028.14880371094 1188.4794921875 1485.07238769531 1585.55676269531 1519.830078125 1455.64947509766 1422.43670654297 1377.84820556641 1353.05328369141 1330.80615234375 1314.04724121094 1306.72003173828 1289.30743408203 1270.10900878906 1250.60974121094 1223.07940673828 1197.27624511719 1198.07598876953 1210.94458007812 1229.9716796875 1232.71832275391
777.776000976562 777.542022705078 775.465484619141 765.501831054688 763.051513671875 766.857360839844 763.627532958984 747.223846435547 741.804962158203 727.892211914062 734.509521484375 756.362152099609 759.563293457031 777.432739257812 763.663726806641 771.131408691406 793.701171875 831.258575439453 863.481567382812 898.484832763672 975.108154296875 1071.78155517578 1030.87615966797 962.497711181641 930.173706054688 954.279388427734 986.320526123047 1000.39547729492 1018.86883544922 1024.20639038086 1022.35089111328 1002.76580810547 973.148803710938 941.609283447266 938.559783935547 994.130584716797 1147.08044433594 1437.75518798828 1580.74652099609 1545.41497802734 1459.517578125 1390.91625976562 1350.72344970703 1333.46899414062 1296.52893066406 1294.00823974609 1292.64178466797 1273.93029785156 1255.25231933594 1236.40924072266 1206.75793457031 1187.42407226562 1182.56774902344 1188.26300048828 1190.65209960938 1195.58697509766
707.882781982422 707.199584960938 725.758880615234 736.025482177734 740.475494384766 741.734558105469 733.024841308594 711.527984619141 716.065612792969 708.529205322266 715.640747070312 728.76318359375 749.061401367188 758.892364501953 748.057312011719 758.503326416016 789.330474853516 830.229614257812 865.756225585938 916.873413085938 1003.85791015625 1030.63354492188 997.25048828125 934.539978027344 933.290893554688 949.70849609375 977.262603759766 989.611328125 995.367370605469 1018.99194335938 1014.57385253906 999.211334228516 966.986755371094 937.175048828125 931.140747070312 976.01611328125 1122.15960693359 1416.20904541016 1536.64361572266 1499.25811767578 1416.49725341797 1360.17547607422 1310.72479248047 1274.73803710938 1277.31817626953 1275.22436523438 1263.32421875 1250.68920898438 1234.62707519531 1216.92895507812 1192.96136474609 1190.72589111328 1169.85986328125 1172.88104248047 1172.79302978516 1183.23608398438
628.617065429688 656.133056640625 671.427001953125 695.433013916016 709.62060546875 709.659820556641 685.815521240234 670.850402832031 654.425354003906 654.159454345703 644.024078369141 643.640960693359 692.530029296875 715.726287841797 725.755004882812 748.971008300781 789.900543212891 828.231506347656 865.878967285156 918.747589111328 982.430633544922 997.267669677734 952.625549316406 915.283905029297 923.414306640625 942.667877197266 963.689758300781 970.672576904297 987.034454345703 992.458831787109 995.075897216797 981.3857421875 960.107360839844 935.559997558594 935.224731445312 979.183380126953 1122.59436035156 1410.70153808594 1511.49572753906 1432.56475830078 1335.89483642578 1288.78717041016 1269.3798828125 1257.42944335938 1253.56085205078 1248.77313232422 1238.03973388672 1222.61663818359 1196.60699462891 1190.07928466797 1183.31793212891 1179.06182861328 1176.72296142578 1170.07202148438 1168.27337646484 1165.91668701172
522.778259277344 551.997192382812 574.036773681641 595.408233642578 642.350708007812 632.593231201172 620.026000976562 573.685577392578 564.947509765625 549.668182373047 583.985900878906 599.925231933594 600.175140380859 621.609436035156 668.451843261719 693.470062255859 745.012298583984 798.498565673828 842.213806152344 901.624176025391 973.714019775391 950.972625732422 906.804382324219 891.339935302734 909.584106445312 925.074920654297 946.696563720703 960.535919189453 968.302825927734 983.094116210938 973.042358398438 957.874603271484 945.217437744141 940.153503417969 947.450653076172 995.95849609375 1138.90936279297 1430.02886962891 1504.32702636719 1407.65539550781 1307.01812744141 1272.13293457031 1261.01873779297 1251.87634277344 1243.34954833984 1230.14996337891 1219.86267089844 1193.60791015625 1188.25030517578 1179.53753662109 1177.72644042969 1178.001953125 1173.86041259766 1163.14733886719 1156.81237792969 1157.35620117188
490.341384887695 489.086227416992 524.500213623047 551.023956298828 583.700927734375 566.609039306641 555.353515625 528.831970214844 525.54833984375 519.107299804688 534.334442138672 542.427368164062 553.099517822266 538.172241210938 572.876098632812 626.846984863281 674.027618408203 722.942657470703 806.325592041016 887.450256347656 922.745361328125 920.916839599609 869.562683105469 865.573364257812 892.328002929688 914.436126708984 926.099945068359 950.159423828125 960.62548828125 964.192474365234 947.757629394531 925.270355224609 926.719818115234 940.019866943359 957.8994140625 1013.40179443359 1156.88311767578 1432.62280273438 1481.78851318359 1416.14233398438 1321.2421875 1281.18933105469 1263.97052001953 1257.10278320312 1245.44793701172 1227.90563964844 1209.58795166016 1187.43078613281 1178.13269042969 1161.55346679688 1158.67059326172 1158.02423095703 1156.04223632812 1158.23114013672 1151.27764892578 1134.30950927734
506.194732666016 503.426116943359 518.214752197266 522.306854248047 548.39013671875 545.027954101562 517.439758300781 503.11116027832 493.260177612305 499.889495849609 499.805419921875 500.389877319336 500.786727905273 497.967376708984 502.678176879883 541.943084716797 604.839569091797 653.879852294922 744.176239013672 835.279418945312 870.775604248047 863.888519287109 822.404937744141 842.807189941406 860.650512695312 891.684417724609 912.204620361328 939.042083740234 953.805511474609 943.980224609375 917.249755859375 895.35791015625 903.541259765625 940.340362548828 987.002288818359 1052.46600341797 1184.32263183594 1384.11535644531 1464.51348876953 1431.5419921875 1338.32550048828 1299.15692138672 1259.61334228516 1255.74786376953 1246.74713134766 1226.47039794922 1206.83868408203 1184.16259765625 1174.48303222656 1165.02227783203 1158.82946777344 1156.05621337891 1153.53607177734 1148.07275390625 1131.23229980469 1130.53308105469
510.385604858398 512.454284667969 517.663604736328 520.966003417969 516.745178222656 507.206817626953 496.767791748047 498.315368652344 495.04524230957 503.815490722656 504.799530029297 501.623718261719 491.294616699219 475.904281616211 474.234649658203 477.423690795898 544.362091064453 591.717956542969 676.878784179688 759.940490722656 804.767120361328 809.140319824219 799.877990722656 811.255645751953 845.855346679688 877.821014404297 903.846221923828 920.927642822266 947.889221191406 937.907135009766 895.518188476562 863.369934082031 883.807678222656 948.735198974609 1038.86822509766 1124.63592529297 1204.29357910156 1290.89233398438 1363.64526367188 1421.45715332031 1367.12237548828 1324.52777099609 1282.48419189453 1266.86920166016 1242.279296875 1224.92761230469 1205.65002441406 1181.07092285156 1173.32421875 1162.50067138672 1159.08288574219 1154.57629394531 1149.87738037109 1140.16918945312 1124.87426757812 1113.98095703125
513.052474975586 509.880462646484 508.002090454102 502.465423583984 498.703323364258 497.778259277344 491.096282958984 493.171997070312 488.735595703125 492.137756347656 494.400543212891 498.350357055664 481.884246826172 470.307556152344 452.892608642578 453.281127929688 468.829116821289 550.375152587891 621.569366455078 702.833740234375 735.631958007812 750.411682128906 780.116119384766 807.166534423828 838.32373046875 852.806945800781 881.518035888672 912.203186035156 927.000823974609 921.061767578125 880.018768310547 852.597625732422 889.729248046875 983.338928222656 1101.12567138672 1181.97741699219 1178.58099365234 1181.81323242188 1259.56793212891 1339.97338867188 1407.57965087891 1367.18060302734 1291.75811767578 1262.19873046875 1246.93701171875 1223.41571044922 1205.73626708984 1180.6435546875 1167.40472412109 1160.71173095703 1157.82543945312 1154.84460449219 1149.05633544922 1129.47650146484 1121.98815917969 1101.68872070312
520.037109375 519.090576171875 515.620147705078 508.121627807617 499.658828735352 493.490493774414 498.718673706055 508.800491333008 509.37825012207 499.400512695312 496.534484863281 492.038772583008 478.332473754883 461.355499267578 467.219650268555 453.844055175781 453.313858032227 492.573272705078 576.143920898438 640.324676513672 675.295135498047 732.229461669922 772.042633056641 815.586761474609 825.9150390625 845.592529296875 874.725646972656 897.099761962891 912.600280761719 891.9033203125 863.570587158203 867.644836425781 933.840759277344 1049.43957519531 1160.98352050781 1188.9453125 1166.00622558594 1138.69744873047 1172.72863769531 1275.98791503906 1371.02374267578 1398.21685791016 1328.58911132812 1259.52362060547 1242.52777099609 1226.65869140625 1206.69744873047 1183.20269775391 1169.08489990234 1159.62524414062 1156.00347900391 1152.3974609375 1145.98040771484 1124.48693847656 1109.39556884766 1088.28259277344
