Rscript/monthly_maps/SnowDepthMapFile-max-1989-10.asc
ncols 320 
nrows 361 
xllcorner 618410.159 
yllcorner 5088785.286 
cellsize 100 
NODATA_value -9999 
[rows 112 to 139 of 361, columns 0 to 62 of 320]
-9999 -9999 -9999 -9999 -9999 -9999 -9999 -9999 -9999 -9999 -9999 -9999 -9999 -9999 -9999 -9999 -9999 -9999 -9999 -9999 -9999 -9999 -9999 -9999 407.533508300781 386.041015625 381.268402099609 366.994201660156 350.921234130859 341.904052734375 335.790771484375 331.101531982422 327.034729003906 329.064025878906 325.587158203125 323.745452880859 314.021423339844 311.029937744141 317.563293457031 317.058990478516 308.892364501953 304.980529785156 298.523040771484 302.831756591797 303.071624755859 302.254638671875 291.179779052734 282.192657470703 279.803985595703 273.876373291016 274.623291015625 272.870880126953 269.726684570312 263.800018310547 257.499908447266 257.141845703125 248.909255981445 242.681198120117 234.559387207031 234.272247314453 219.655517578125 205.158462524414 199.601257324219
-9999 -9999 -9999 -9999 -9999 -9999 -9999 -9999 -9999 -9999 -9999 -9999 -9999 -9999 -9999 -9999 -9999 -9999 -9999 -9999 -9999 -9999 -9999 411.720184326172 395.679473876953 382.018310546875 379.511566162109 361.581390380859 350.966461181641 341.559844970703 335.098876953125 331.412445068359 329.484924316406 328.339385986328 326.668548583984 325.191680908203 318.911743164062 316.331787109375 315.207611083984 313.525390625 319.397644042969 318.873657226562 306.186187744141 307.560272216797 311.928863525391 299.160247802734 284.346282958984 277.837707519531 274.690673828125 274.932312011719 274.615905761719 272.506469726562 269.269500732422 264.964752197266 256.430480957031 251.596405029297 246.948654174805 242.499847412109 233.800445556641 228.260513305664 220.385360717773 212.429702758789 202.488998413086
-9999 -9999 -9999 -9999 -9999 -9999 -9999 -9999 -9999 -9999 -9999 -9999 -9999 -9999 -9999 -9999 -9999 -9999 -9999 -9999 -9999 482.843017578125 444.902160644531 406.858093261719 393.196716308594 379.745269775391 369.593933105469 362.470581054688 348.338165283203 341.474212646484 328.193817138672 332.905944824219 331.122222900391 329.316253662109 328.222534179688 326.946166992188 325.209869384766 319.630950927734 318.303131103516 317.180023193359 316.557922363281 323.303619384766 321.831787109375 323.001770019531 312.257873535156 298.595275878906 273.14892578125 270.727905273438 270.096527099609 270.535339355469 269.228088378906 263.009063720703 257.466583251953 246.936935424805 241.329620361328 236.678100585938 232.322204589844 229.786224365234 228.373092651367 226.814422607422 223.343444824219 216.591995239258 206.691497802734
-9999 -9999 -9999 -9999 -9999 -9999 -9999 -9999 -9999 -9999 -9999 -9999 -9999 -9999 -9999 -9999 -9999 -9999 -9999 -9999 528.310607910156 501.583160400391 428.718292236328 405.174987792969 384.860809326172 380.838195800781 362.710174560547 353.378814697266 346.142364501953 341.30029296875 338.015441894531 336.190979003906 333.761932373047 331.260284423828 328.703552246094 327.398040771484 326.274108886719 325.642303466797 324.118469238281 322.994232177734 325.372589111328 324.412750244141 325.568969726562 325.928466796875 326.060516357422 299.705993652344 264.519226074219 264.412750244141 262.246002197266 263.529205322266 265.674011230469 257.876739501953 246.533020019531 239.913955688477 233.911270141602 230.568206787109 228.369476318359 227.292663574219 227.342178344727 227.609298706055 226.212356567383 221.418060302734 212.656555175781
-9999 -9999 -9999 -9999 -9999 -9999 -9999 -9999 -9999 -9999 -9999 -9999 -9999 -9999 -9999 -9999 -9999 -9999 -9999 -9999 542.06884765625 503.099395751953 427.384124755859 401.909271240234 380.133361816406 372.126403808594 363.221374511719 350.091857910156 342.512603759766 344.155426025391 339.369293212891 338.547576904297 336.588562011719 334.191802978516 331.088256835938 328.492980957031 327.334381103516 329.541015625 328.209350585938 327.497436523438 326.610961914062 311.900207519531 328.122772216797 328.851440429688 330.123260498047 311.409393310547 285.004852294922 265.439147949219 259.742431640625 252.861099243164 260.449127197266 252.164733886719 245.909255981445 236.365921020508 233.141250610352 231.171310424805 229.867935180664 229.254165649414 228.955902099609 228.533874511719 227.561859130859 221.697296142578 216.388565063477
-9999 -9999 -9999 -9999 -9999 -9999 -9999 -9999 -9999 -9999 -9999 -9999 -9999 -9999 -9999 -9999 -9999 -9999 -9999 492.079162597656 476.128112792969 429.637969970703 414.838195800781 399.176879882812 380.9619140625 370.309051513672 363.573638916016 350.234191894531 341.546295166016 338.145202636719 342.402893066406 338.938079833984 338.458465576172 336.557434082031 334.452941894531 331.043792724609 332.244567871094 330.246978759766 329.412078857422 328.990386962891 328.365356445312 327.749969482422 327.71533203125 333.191986083984 333.296478271484 323.992797851562 309.937072753906 285.584045410156 283.760070800781 263.375518798828 250.341201782227 239.936920166016 235.878936767578 234.021484375 232.909103393555 231.919631958008 231.037780761719 233.821640014648 229.701614379883 230.470397949219 228.782684326172 222.652221679688 218.010330200195
-9999 -9999 -9999 -9999 -9999 -9999 -9999 -9999 -9999 -9999 -9999 -9999 -9999 -9999 -9999 -9999 -9999 -9999 505.264312744141 479.039642333984 426.666412353516 409.862945556641 403.649932861328 397.382232666016 386.853851318359 377.620208740234 366.102233886719 350.957855224609 344.710968017578 343.699035644531 341.885894775391 338.840026855469 338.719146728516 338.331634521484 336.648315429688 334.035034179688 330.803741455078 332.239013671875 331.046966552734 330.804901123047 331.253753662109 330.2587890625 334.016540527344 339.31787109375 349.228759765625 334.467163085938 320.895843505859 302.414672851562 298.086853027344 260.487976074219 246.242034912109 236.359512329102 233.25749206543 232.82600402832 232.434265136719 232.475601196289 232.656723022461 232.402770996094 231.416488647461 230.654205322266 229.121536254883 222.557662963867 217.192184448242
-9999 -9999 -9999 -9999 -9999 -9999 -9999 -9999 -9999 -9999 -9999 -9999 -9999 -9999 -9999 -9999 -9999 -9999 588.194580078125 473.951843261719 422.953582763672 407.730346679688 401.387176513672 399.155822753906 389.293701171875 380.563751220703 366.319671630859 361.727874755859 350.182495117188 345.449554443359 344.245147705078 340.132965087891 340.350616455078 340.086730957031 338.836059570312 337.085540771484 334.574768066406 332.316467285156 331.567443847656 331.667694091797 333.961364746094 337.121246337891 346.137603759766 350.864685058594 349.778747558594 337.432891845703 312.618255615234 308.138092041016 280.306579589844 264.334350585938 251.580810546875 242.822067260742 235.130752563477 231.448272705078 229.877655029297 230.052749633789 231.65966796875 233.054901123047 232.963882446289 232.862274169922 230.476776123047 226.88932800293 216.610488891602
-9999 -9999 -9999 -9999 -9999 -9999 -9999 -9999 -9999 -9999 -9999 -9999 -9999 -9999 -9999 -9999 -9999 -9999 596.141418457031 498.327606201172 469.026916503906 408.734283447266 406.249725341797 398.408966064453 391.572692871094 383.470794677734 368.880920410156 364.430969238281 354.951141357422 348.244598388672 345.668487548828 344.219085693359 343.552185058594 342.793273925781 341.939361572266 340.762054443359 339.572296142578 338.389953613281 338.404998779297 338.607635498047 340.025573730469 349.529876708984 351.625823974609 357.438781738281 354.131652832031 340.143310546875 302.818054199219 274.577392578125 264.624725341797 260.378295898438 254.070556640625 252.163330078125 252.876647949219 245.271759033203 232.274398803711 230.875274658203 231.98469543457 234.147659301758 235.487213134766 235.064895629883 233.026809692383 229.84651184082 217.52326965332
-9999 -9999 -9999 -9999 -9999 -9999 -9999 -9999 -9999 -9999 -9999 -9999 -9999 -9999 -9999 -9999 -9999 660.762390136719 680.653503417969 549.3212890625 473.173919677734 418.630035400391 401.692108154297 398.406494140625 386.933288574219 378.773803710938 372.414428710938 367.158233642578 363.7421875 356.125518798828 356.000274658203 348.180389404297 346.743774414062 345.860534667969 344.814819335938 344.797668457031 344.010467529297 343.484954833984 348.495971679688 352.467529296875 353.206909179688 353.846069335938 357.261260986328 367.378753662109 365.879913330078 332.720764160156 300.163757324219 276.403961181641 262.083435058594 262.304931640625 259.257568359375 254.070495605469 248.262451171875 247.039672851562 237.820053100586 234.809387207031 234.334259033203 235.789794921875 237.231246948242 237.073440551758 237.928787231445 233.862945556641 221.016311645508
-9999 -9999 -9999 -9999 -9999 -9999 -9999 -9999 -9999 -9999 -9999 -9999 -9999 -9999 -9999 -9999 -9999 -9999 723.44482421875 589.129699707031 483.753234863281 421.048553466797 410.831451416016 395.470245361328 376.725860595703 373.086303710938 372.033721923828 371.495269775391 367.170349121094 364.545227050781 367.640899658203 357.981597900391 355.953857421875 354.846496582031 354.179962158203 353.833557128906 359.540985107422 356.336334228516 356.77197265625 356.539306640625 357.113586425781 356.687255859375 368.470001220703 379.333160400391 374.700500488281 340.251647949219 301.053070068359 267.144927978516 271.055389404297 267.781860351562 261.044555664062 256.963684082031 251.551345825195 251.007904052734 247.213607788086 239.341934204102 237.60774230957 237.696838378906 237.924880981445 238.109832763672 237.114379882812 235.192459106445 223.167175292969
-9999 -9999 -9999 -9999 -9999 -9999 -9999 -9999 -9999 -9999 -9999 -9999 -9999 -9999 -9999 -9999 -9999 811.139038085938 743.222045898438 590.987854003906 498.185638427734 424.173645019531 403.589538574219 392.204071044922 374.458160400391 374.675598144531 370.577392578125 373.414794921875 371.306243896484 367.815460205078 365.339019775391 358.224029541016 359.530212402344 358.169708251953 357.633880615234 358.615478515625 364.798767089844 359.930603027344 360.516479492188 362.236938476562 362.130645751953 367.075561523438 376.822692871094 384.515960693359 382.898193359375 338.641540527344 299.551452636719 296.513671875 285.343872070312 279.706848144531 267.558898925781 273.745391845703 251.488189697266 247.112823486328 248.03971862793 244.176544189453 238.716094970703 235.284271240234 234.884750366211 243.179016113281 238.612091064453 238.283096313477 234.314315795898
-9999 -9999 -9999 -9999 -9999 -9999 -9999 -9999 -9999 -9999 -9999 -9999 -9999 -9999 -9999 -9999 -9999 835.642395019531 738.155700683594 580.445007324219 492.549865722656 421.981964111328 399.890350341797 388.6982421875 380.077484130859 374.978485107422 373.299133300781 371.252624511719 372.674835205078 370.783966064453 367.500030517578 363.006591796875 361.769714355469 360.989044189453 360.652954101562 360.605163574219 360.585388183594 360.805236816406 361.493011474609 367.344055175781 365.938049316406 371.966186523438 388.659271240234 393.035125732422 388.178863525391 342.162109375 302.286560058594 296.157379150391 305.938446044922 299.498931884766 298.276916503906 283.567443847656 258.162017822266 249.947494506836 246.056579589844 243.161087036133 240.782135009766 252.265640258789 245.970275878906 263.821929931641 259.241088867188 255.414489746094 247.50569152832
-9999 -9999 -9999 -9999 -9999 -9999 -9999 -9999 -9999 -9999 -9999 -9999 -9999 -9999 -9999 -9999 -9999 777.563720703125 705.770629882812 517.66162109375 459.933227539062 425.729370117188 390.584808349609 385.539276123047 380.034454345703 372.856719970703 370.147338867188 372.247711181641 370.227935791016 375.083770751953 372.644134521484 361.961669921875 364.120422363281 363.274871826172 362.250213623047 361.396667480469 355.556457519531 355.850036621094 363.21240234375 365.199645996094 368.760192871094 375.080902099609 399.657104492188 402.387786865234 397.015411376953 339.671844482422 319.583038330078 314.381774902344 314.316833496094 306.691467285156 295.132202148438 288.638671875 288.220886230469 273.107849121094 266.703521728516 269.796966552734 264.405456542969 266.171569824219 261.096923828125 261.598205566406 261.662963867188 257.808502197266 250.763153076172
-9999 -9999 -9999 -9999 -9999 -9999 -9999 -9999 -9999 -9999 -9999 -9999 -9999 -9999 -9999 -9999 -9999 777.623962402344 727.648376464844 485.289855957031 462.312469482422 420.499114990234 395.362335205078 383.457305908203 375.712799072266 372.220062255859 368.524841308594 370.437286376953 370.824005126953 368.451751708984 366.42138671875 366.432098388672 364.953765869141 363.843658447266 362.721862792969 356.37255859375 356.513885498047 356.878723144531 358.513732910156 368.407836914062 370.213500976562 377.726379394531 414.212951660156 421.334716796875 411.59619140625 353.213165283203 329.389007568359 336.654266357422 333.506378173828 329.752685546875 317.789001464844 306.117431640625 298.699340820312 284.70947265625 279.367523193359 276.083190917969 271.611236572266 268.133209228516 270.018005371094 273.321960449219 274.00341796875 271.97705078125 266.496276855469
-9999 -9999 -9999 -9999 -9999 -9999 -9999 -9999 -9999 -9999 -9999 -9999 -9999 -9999 -9999 -9999 -9999 -9999 -9999 -9999 466.042236328125 422.172180175781 395.585784912109 382.337097167969 380.785003662109 370.786102294922 370.70947265625 371.191741943359 371.494445800781 370.732635498047 366.965972900391 368.000152587891 366.020935058594 364.927124023438 364.376373291016 364.093933105469 364.484985351562 365.715515136719 367.439880371094 374.307373046875 371.3359375 376.706726074219 401.328430175781 430.320617675781 455.654144287109 381.090026855469 343.422973632812 337.535827636719 334.336242675781 328.977874755859 322.725280761719 328.321075439453 321.456237792969 310.661163330078 306.503204345703 299.4267578125 296.031372070312 291.399719238281 309.026062011719 312.850158691406 321.343292236328 315.340576171875 319.252990722656
-9999 -9999 -9999 -9999 -9999 -9999 -9999 -9999 -9999 -9999 -9999 -9999 -9999 -9999 -9999 -9999 -9999 -9999 -9999 -9999 -9999 -9999 -9999 -9999 -9999 -9999 369.638000488281 371.282745361328 372.1015625 368.222534179688 367.704803466797 366.467346191406 364.240020751953 366.680297851562 366.500549316406 366.405517578125 367.010070800781 368.479919433594 368.078826904297 372.605133056641 379.228668212891 380.484466552734 405.074981689453 502.519104003906 505.716369628906 455.506439208984 360.799957275391 351.742034912109 351.838165283203 346.676574707031 339.890472412109 332.926818847656 326.189514160156 321.668609619141 323.692016601562 322.154266357422 331.166015625 337.000244140625 347.881378173828 345.302978515625 346.501251220703 340.999206542969 320.985778808594
-9999 -9999 -9999 -9999 -9999 -9999 -9999 -9999 -9999 -9999 -9999 -9999 -9999 -9999 -9999 -9999 -9999 -9999 -9999 -9999 -9999 -9999 -9999 -9999 -9999 -9999 -9999 372.585357666016 371.820465087891 368.758392333984 369.674102783203 376.021667480469 369.663360595703 367.071990966797 365.562255859375 365.979278564453 367.631774902344 373.784973144531 382.0546875 379.885772705078 379.830017089844 390.522735595703 412.945098876953 511.011322021484 579.11279296875 504.098449707031 451.159851074219 419.295806884766 382.007995605469 379.638946533203 372.503112792969 364.892303466797 359.408660888672 354.837463378906 351.39892578125 350.689361572266 352.273071289062 357.603851318359 352.054260253906 308.77880859375 318.029876708984 302.596008300781 294.232971191406
-9999 -9999 -9999 -9999 -9999 -9999 -9999 -9999 -9999 -9999 -9999 -9999 -9999 -9999 -9999 -9999 -9999 -9999 -9999 -9999 -9999 -9999 -9999 -9999 -9999 -9999 -9999 -9999 -9999 368.996948242188 370.3076171875 374.31640625 374.718933105469 374.406127929688 374.309997558594 381.734619140625 383.373687744141 381.549560546875 382.156524658203 381.161224365234 387.470031738281 400.9365234375 428.214508056641 511.188690185547 604.629577636719 622.153564453125 514.453002929688 433.424133300781 442.407928466797 406.064575195312 398.9658203125 391.253082275391 382.35498046875 373.133575439453 364.858306884766 355.511047363281 353.139556884766 315.792938232422 302.604858398438 294.442626953125 287.965911865234 282.033813476562 276.825958251953
-9999 -9999 -9999 -9999 -9999 -9999 -9999 -9999 -9999 -9999 -9999 -9999 -9999 -9999 -9999 -9999 -9999 -9999 -9999 -9999 -9999 -9999 -9999 -9999 -9999 -9999 -9999 -9999 -9999 -9999 371.013793945312 378.300933837891 382.21435546875 383.503021240234 384.938568115234 386.249420166016 385.934875488281 385.571441650391 384.575592041016 388.120483398438 397.109619140625 421.867034912109 445.211303710938 506.831359863281 614.032653808594 677.685607910156 560.128356933594 507.266571044922 421.527557373047 432.667724609375 407.589660644531 397.779266357422 385.690002441406 373.955780029297 362.088165283203 323.242828369141 308.649688720703 292.118713378906 287.662933349609 284.254211425781 281.693328857422 278.331298828125 274.436065673828
-9999 -9999 -9999 -9999 -9999 -9999 -9999 -9999 -9999 -9999 -9999 -9999 -9999 -9999 -9999 -9999 -9999 -9999 -9999 -9999 -9999 -9999 -9999 -9999 -9999 -9999 -9999 -9999 -9999 -9999 -9999 383.978729248047 385.409149169922 387.701965332031 385.831573486328 388.610290527344 389.135803222656 390.748413085938 394.565887451172 397.035949707031 403.931640625 425.050384521484 442.467041015625 492.462493896484 500.026702880859 482.790496826172 427.675628662109 409.936431884766 384.942230224609 391.51025390625 373.146453857422 367.71923828125 356.200408935547 342.355194091797 320.793212890625 301.014953613281 285.32568359375 280.893890380859 276.695617675781 274.658142089844 272.274230957031 270.701416015625 268.389434814453
-9999 -9999 -9999 -9999 -9999 -9999 -9999 -9999 -9999 -9999 -9999 -9999 -9999 -9999 -9999 -9999 -9999 -9999 -9999 -9999 -9999 -9999 -9999 -9999 -9999 -9999 -9999 -9999 -9999 -9999 -9999 -9999 387.574310302734 389.052825927734 390.185180664062 392.494323730469 391.208801269531 395.566284179688 396.413696289062 402.0927734375 401.262329101562 405.891876220703 439.391632080078 500.560699462891 467.635986328125 423.471313476562 399.653686523438 377.935546875 376.323150634766 346.792083740234 346.5771484375 337.074645996094 334.448486328125 319.075866699219 303.361389160156 289.546234130859 277.443145751953 271.185363769531 267.982238769531 262.723175048828 261.945465087891 261.542755126953 264.393493652344
-9999 -9999 -9999 -9999 -9999 -9999 -9999 -9999 -9999 -9999 -9999 -9999 -9999 -9999 -9999 -9999 -9999 -9999 -9999 -9999 -9999 -9999 -9999 -9999 -9999 -9999 -9999 -9999 -9999 -9999 -9999 -9999 -9999 389.651184082031 391.090667724609 392.783020019531 394.755432128906 396.848846435547 387.797668457031 401.784240722656 404.824157714844 -9999 -9999 -9999 424.323516845703 408.042633056641 395.091491699219 375.206665039062 347.027496337891 347.16015625 341.371917724609 331.619842529297 319.574096679688 312.5849609375 302.145050048828 280.619445800781 271.442260742188 263.664031982422 256.617980957031 258.152587890625 262.940277099609 263.686157226562 263.762481689453
-9999 -9999 -9999 -9999 -9999 -9999 -9999 -9999 -9999 -9999 -9999 -9999 -9999 -9999 -9999 -9999 -9999 -9999 -9999 -9999 -9999 -9999 -9999 -9999 -9999 -9999 -9999 -9999 -9999 -9999 -9999 -9999 -9999 -9999 -9999 -9999 -9999 -9999 -9999 -9999 -9999 -9999 -9999 -9999 421.298614501953 408.732971191406 396.80419921875 373.628082275391 377.665191650391 345.770477294922 340.495239257812 328.506317138672 317.265380859375 310.580535888672 299.199066162109 277.987762451172 265.100646972656 253.910583496094 252.269866943359 258.808013916016 262.065185546875 263.303283691406 263.175964355469
-9999 -9999 -9999 -9999 -9999 -9999 -9999 -9999 -9999 -9999 -9999 -9999 -9999 -9999 -9999 -9999 -9999 -9999 -9999 -9999 -9999 -9999 -9999 -9999 -9999 -9999 -9999 -9999 -9999 -9999 -9999 -9999 -9999 -9999 -9999 -9999 -9999 -9999 -9999 -9999 -9999 -9999 -9999 -9999 428.255432128906 410.64990234375 394.855163574219 374.690765380859 360.515289306641 336.869598388672 326.256378173828 316.498687744141 305.574768066406 299.231140136719 289.4736328125 273.836791992188 261.448791503906 250.45539855957 254.777038574219 258.339599609375 260.919708251953 261.953277587891 262.262390136719
-9999 -9999 -9999 -9999 -9999 -9999 -9999 -9999 -9999 -9999 -9999 -9999 -9999 -9999 -9999 -9999 -9999 -9999 -9999 -9999 -9999 -9999 -9999 -9999 -9999 -9999 -9999 -9999 -9999 -9999 -9999 -9999 -9999 -9999 -9999 -9999 -9999 -9999 -9999 -9999 -9999 -9999 -9999 -9999 429.606414794922 410.002593994141 393.248352050781 370.303924560547 364.523803710938 331.826599121094 314.866729736328 303.952758789062 300.652374267578 292.813934326172 284.374542236328 271.289306640625 259.936920166016 254.166046142578 255.528533935547 259.716491699219 258.066162109375 259.671112060547 260.165893554688
-9999 -9999 -9999 -9999 -9999 -9999 -9999 -9999 -9999 -9999 -9999 -9999 -9999 -9999 -9999 -9999 -9999 -9999 -9999 -9999 -9999 -9999 -9999 -9999 -9999 -9999 -9999 -9999 -9999 -9999 -9999 -9999 -9999 -9999 -9999 -9999 -9999 -9999 -9999 -9999 -9999 -9999 -9999 -9999 429.464477539062 403.866424560547 391.426116943359 362.164276123047 350.4248046875 321.183166503906 301.010223388672 293.005737304688 290.638549804688 287.308166503906 280.633880615234 271.619323730469 262.168884277344 257.404327392578 255.881805419922 258.314208984375 258.586181640625 259.284332275391 259.902435302734
-9999 -9999 -9999 -9999 -9999 -9999 -9999 -9999 -9999 -9999 -9999 -9999 -9999 -9999 -9999 -9999 -9999 -9999 -9999 -9999 -9999 -9999 -9999 -9999 -9999 -9999 -9999 -9999 -9999 -9999 -9999 -9999 -9999 -9999 -9999 -9999 -9999 -9999 -9999 -9999 -9999 -9999 -9999 479.079376220703 429.167755126953 397.946868896484 382.20166015625 358.819396972656 330.195465087891 316.183410644531 296.652069091797 285.148712158203 283.820159912109 281.599243164062 278.549377441406 272.94677734375 267.37060546875 263.776641845703 259.897644042969 258.877288818359 258.899353027344 259.622009277344 265.561218261719
