Rscript/monthly_maps/SnowDepthMapFile-q25-1990-01.asc
ncols 320 
nrows 361 
xllcorner 618410.159 
yllcorner 5088785.286 
cellsize 100 
NODATA_value -9999 
[rows 300 to 324 of 361, columns 168 to 223 of 320]
744.602813720703 743.365173339844 772.994262695312 850.888641357422 912.166564941406 895.121490478516 775.230285644531 687.010650634766 637.20654296875 558.575286865234 468.776123046875 407.069412231445 345.796890258789 276.129821777344 133.546485900879 98.9315338134766 75.1743240356445 65.5393905639648 51.3230400085449 22.9984436035156 0 0 0 0 0 0 0 0 0 0 0 0 35.5643348693848 70.3688354492188 126.38497543335 270.647521972656 351.653900146484 368.535522460938 412.284210205078 485.277862548828 537.025970458984 545.662170410156 516.412536621094 428.773162841797 333.555908203125 241.502220153809 161.743072509766 115.412155151367 79.0768737792969 51.0581874847412 26.6153192520142 6.31287050247192 0 0 0 0
752.086761474609 767.359954833984 786.8232421875 836.891662597656 882.028106689453 887.628875732422 787.9189453125 695.029724121094 639.706237792969 558.562713623047 466.123764038086 393.377792358398 346.502258300781 193.66478729248 108.427268981934 80.3766670227051 66.7326965332031 58.9279499053955 29.7006702423096 0 0 0 0 0 0 0 0 0 0 0 27.4136209487915 23.9070425033569 42.8945026397705 70.0959129333496 131.765785217285 294.630340576172 362.057357788086 432.952926635742 493.451950073242 525.453948974609 553.870086669922 557.019195556641 505.912902832031 422.135101318359 350.783599853516 298.289916992188 218.613388061523 172.703674316406 131.981262207031 114.980895996094 79.0747489929199 46.7799282073975 0 0 0 0
765.535430908203 787.304718017578 811.328277587891 838.471771240234 883.778564453125 884.855377197266 794.479644775391 714.751007080078 650.773864746094 578.595672607422 472.508972167969 410.164794921875 364.548690795898 241.270057678223 136.767906188965 89.735767364502 70.5596389770508 40.5481777191162 14.0383653640747 0 0 0 0 0 0 0 0 0 27.1230182647705 55.857759475708 61.7476844787598 63.2401905059814 66.3099365234375 91.0332641601562 154.596305847168 292.596054077148 375.007858276367 476.105178833008 523.838684082031 568.618286132812 577.949096679688 547.952209472656 491.632949829102 434.531448364258 374.925201416016 339.136672973633 307.345565795898 253.923126220703 205.465553283691 167.074287414551 135.552932739258 77.3898887634277 20.936164855957 0 0 0
775.195739746094 789.294281005859 816.61181640625 871.854187011719 913.704406738281 896.415588378906 811.610778808594 738.389282226562 669.480834960938 605.504028320312 496.384857177734 431.957885742188 378.567276000977 309.344909667969 163.488456726074 95.5639457702637 82.7303466796875 36.1182308197021 0 0 0 0 0 0 0 0 0 26.7205581665039 61.6393508911133 93.5294189453125 98.4100761413574 94.8864059448242 95.202995300293 98.1765632629395 160.207855224609 291.424652099609 377.993530273438 482.592758178711 549.831848144531 588.936584472656 585.485198974609 542.240936279297 504.313140869141 472.056365966797 419.623718261719 382.961120605469 361.708587646484 339.183837890625 292.187698364258 228.369216918945 173.588272094727 112.492176055908 29.274019241333 0 0 0
852.141052246094 852.505493164062 874.699066162109 921.79296875 943.323699951172 904.195434570312 814.742401123047 748.697448730469 684.510131835938 630.07763671875 526.291320800781 461.116348266602 401.436721801758 361.473175048828 225.518417358398 108.016563415527 68.8986968994141 35.6539077758789 0 0 0 0 0 0 0 0 0 20.0645895004272 68.6958694458008 112.010108947754 143.890548706055 146.174217224121 134.025817871094 140.712821960449 203.065391540527 302.178161621094 390.955047607422 484.591491699219 565.535736083984 602.361755371094 583.607238769531 546.279815673828 528.863616943359 504.613632202148 479.617126464844 455.498062133789 435.037292480469 403.541305541992 356.337463378906 291.940216064453 192.45344543457 109.489044189453 32.5469779968262 0 0 0
924.748443603516 912.542510986328 932.843719482422 955.894744873047 941.998291015625 866.404449462891 784.697662353516 720.857696533203 673.592163085938 621.328918457031 524.271667480469 458.370834350586 427.711517333984 374.955749511719 268.281967163086 112.655406951904 70.8561058044434 37.307014465332 20.3985395431519 0 0 0 0 0 0 0 22.7204303741455 35.5559768676758 63.6041202545166 111.783058166504 194.246879577637 212.664886474609 207.760025024414 220.665756225586 277.665374755859 332.11637878418 420.79362487793 501.94401550293 577.418701171875 603.091278076172 591.54541015625 563.837646484375 544.812377929688 528.491851806641 514.497955322266 503.196228027344 489.521102905273 459.019561767578 404.159271240234 312.831130981445 184.300926208496 76.2943077087402 22.2612638473511 0 0 0
1011.20510864258 1015.07348632812 1009.42935180664 965.151641845703 901.385406494141 815.296112060547 736.866851806641 674.349639892578 632.207611083984 559.737213134766 486.159820556641 443.783645629883 397.451019287109 349.079833984375 227.84065246582 100.735645294189 64.1198120117188 40.0336647033691 17.4536647796631 26.5067863464355 24.4634494781494 27.4110383987427 45.8283271789551 47.5805721282959 47.7448139190674 31.6024684906006 37.6690940856934 51.3782711029053 79.7691116333008 105.445022583008 228.03980255127 301.869018554688 300.687759399414 304.03466796875 339.58984375 365.911071777344 454.884674072266 518.135925292969 587.216674804688 605.36376953125 600.366790771484 584.131195068359 571.049774169922 558.423126220703 555.642425537109 547.325500488281 523.166625976562 485.042114257812 413.110382080078 280.033462524414 137.901763916016 57.7768898010254 18.5373935699463 0 0 0
994.727996826172 1028.380859375 1028.4228515625 938.044891357422 862.896606445312 766.590606689453 690.418212890625 645.000335693359 578.614807128906 492.458892822266 439.388641357422 396.336318969727 346.558563232422 288.206497192383 154.036285400391 90.2252883911133 75.0234718322754 51.6199932098389 39.3903255462646 39.7882308959961 55.1341953277588 69.4756965637207 94.6904258728027 113.481033325195 89.9530372619629 75.2911109924316 68.9333114624023 81.0377807617188 88.7753944396973 106.398891448975 223.262825012207 347.893630981445 373.111923217773 364.631683349609 369.952651977539 421.386291503906 478.735260009766 543.651763916016 601.740661621094 611.890747070312 609.017181396484 601.605438232422 598.893249511719 598.031799316406 599.297180175781 595.712799072266 551.473205566406 472.848983764648 366.145538330078 221.044296264648 96.0780715942383 40.2904968261719 14.2702736854553 0 0 0
948.974761962891 994.458709716797 1004.7258605957 926.973052978516 847.435882568359 743.340881347656 665.618560791016 625.208038330078 537.819610595703 470.296478271484 407.128433227539 350.407928466797 314.594955444336 203.338119506836 103.481960296631 88.7063102722168 86.2545204162598 67.5053825378418 61.957160949707 64.6984977722168 87.7096710205078 103.402973175049 133.160041809082 165.298034667969 151.623374938965 124.890621185303 108.914520263672 107.392864227295 109.695476531982 129.918678283691 225.708786010742 341.31413269043 397.223022460938 421.009155273438 441.04606628418 476.228286743164 509.177261352539 567.177215576172 609.913879394531 627.105346679688 622.464660644531 618.921203613281 619.652069091797 622.310150146484 627.277435302734 619.233032226562 551.833892822266 433.885345458984 304.664855957031 150.76505279541 58.3477058410645 26.8657474517822 0 0 0 0
889.609405517578 964.654632568359 971.502502441406 929.709899902344 840.497619628906 731.980560302734 655.290161132812 606.392150878906 519.382110595703 446.97184753418 389.730804443359 339.726684570312 272.048141479492 161.458480834961 141.837913513184 112.868412017822 94.3369140625 89.1778945922852 87.9436798095703 90.2533187866211 95.9427680969238 123.391025543213 207.116027832031 270.077941894531 278.203750610352 231.578536987305 185.677764892578 156.264060974121 152.856521606445 160.891418457031 240.073699951172 333.925735473633 403.603713989258 478.071502685547 495.703765869141 507.521545410156 548.368530273438 596.092376708984 628.59521484375 637.538360595703 635.966522216797 634.254180908203 634.251007080078 639.75927734375 636.791748046875 597.817504882812 496.185256958008 376.758041381836 238.589263916016 90.0775756835938 46.9665241241455 17.3014688491821 0 0 0 0
858.810089111328 934.643585205078 979.239593505859 942.684295654297 845.193969726562 723.511444091797 646.571563720703 599.367767333984 510.808410644531 441.046920776367 383.240463256836 340.590301513672 283.528381347656 206.997375488281 170.615661621094 152.268241882324 127.763549804688 112.791877746582 109.251083374023 113.807308197021 131.783821105957 165.566513061523 255.328086853027 346.251708984375 362.548446655273 360.514678955078 323.789886474609 273.978515625 236.985298156738 233.741790771484 284.672012329102 338.197601318359 402.392288208008 480.000228881836 512.792068481445 548.107147216797 585.044372558594 623.845855712891 642.162841796875 644.265808105469 641.674102783203 640.469970703125 644.561309814453 647.167419433594 630.741516113281 566.171844482422 444.751754760742 323.157791137695 188.134033203125 64.7866439819336 36.1824550628662 9.7205605506897 0 0 0 0
816.829895019531 910.726959228516 961.127197265625 957.669586181641 851.056762695312 722.262023925781 641.638885498047 594.688720703125 504.129516601562 440.20686340332 395.766677856445 377.627624511719 342.178955078125 294.472091674805 270.111618041992 232.479598999023 185.484588623047 159.120002746582 153.1884765625 156.668884277344 173.817428588867 223.237701416016 304.430160522461 368.250823974609 401.546936035156 406.30256652832 383.753372192383 364.636734008789 335.36003112793 332.107757568359 343.637100219727 363.239135742188 419.764907836914 465.234817504883 517.894958496094 577.991058349609 620.783233642578 648.654663085938 655.194732666016 654.942657470703 652.112640380859 652.427001953125 654.054901123047 653.311126708984 -9999 520.7080078125 433.710601806641 309.139602661133 154.743850708008 49.4063014984131 19.7506284713745 0 0 0 0 0
786.791687011719 886.912963867188 937.469573974609 962.433288574219 858.60400390625 722.568786621094 639.827301025391 590.618927001953 503.57926940918 451.542999267578 421.150329589844 407.147354125977 388.702819824219 370.970352172852 368.93180847168 357.209823608398 314.824356079102 232.391120910645 209.707717895508 225.040328979492 275.328430175781 315.436065673828 351.681259155273 381.25146484375 426.414260864258 487.768112182617 480.380874633789 444.311294555664 396.709259033203 377.367736816406 386.729141235352 419.540435791016 462.640823364258 477.240478515625 518.146942138672 589.667633056641 637.946136474609 666.509704589844 673.258514404297 669.175231933594 666.419738769531 665.671081542969 663.975341796875 -9999 -9999 -9999 -9999 -9999 -9999 -9999 0 0 0 0 0 0
765.727478027344 877.406768798828 926.685760498047 961.209808349609 853.574920654297 715.714141845703 635.461853027344 583.488464355469 508.246398925781 472.247573852539 449.95002746582 427.754928588867 419.901260375977 418.15266418457 416.336807250977 398.012313842773 369.004531860352 328.360427856445 300.674713134766 329.377075195312 355.945877075195 375.850021362305 390.669525146484 401.794952392578 457.266586303711 512.00813293457 519.701873779297 507.669570922852 478.948150634766 469.791564941406 469.995147705078 483.082473754883 495.374481201172 503.236709594727 529.728149414062 591.922607421875 640.861724853516 681.144744873047 692.007843017578 692.771484375 688.185729980469 678.151824951172 -9999 -9999 -9999 -9999 -9999 -9999 -9999 -9999 -9999 0 0 0 0 0
779.415222167969 884.276977539062 934.611358642578 955.696960449219 842.342407226562 707.251037597656 630.120422363281 582.166656494141 518.47900390625 503.506393432617 489.72102355957 465.300537109375 474.639541625977 501.135498046875 500.637832641602 466.536911010742 393.955871582031 372.135131835938 364.473556518555 379.615753173828 395.767639160156 422.989120483398 432.179107666016 453.765899658203 491.694046020508 513.371032714844 547.542541503906 550.955322265625 528.224365234375 514.64453125 514.512329101562 516.681945800781 521.952850341797 536.638793945312 562.928283691406 601.780822753906 644.029327392578 687.472473144531 707.781127929688 706.756805419922 704.641296386719 -9999 -9999 -9999 -9999 -9999 -9999 -9999 -9999 -9999 -9999 -9999 0 0 0 0
803.696838378906 905.278015136719 947.389923095703 939.639373779297 828.087188720703 695.550903320312 630.014068603516 590.730987548828 539.676055908203 533.552062988281 520.27783203125 518.441558837891 522.541473388672 544.742980957031 540.816284179688 511.628067016602 450.790100097656 392.643692016602 396.679000854492 403.709915161133 440.615478515625 493.342391967773 502.84098815918 506.528671264648 510.444946289062 522.713226318359 568.521636962891 596.090423583984 591.693756103516 584.295135498047 572.755737304688 560.908416748047 557.451873779297 567.845062255859 591.160034179688 613.957092285156 659.080291748047 698.985626220703 720.244598388672 722.296020507812 -9999 -9999 -9999 -9999 -9999 -9999 -9999 -9999 -9999 -9999 -9999 -9999 -9999 0 0 0
830.226745605469 917.438262939453 951.496002197266 918.542877197266 811.530151367188 685.260345458984 635.301940917969 600.618743896484 560.333923339844 557.227783203125 546.042541503906 546.718078613281 564.565551757812 615.3427734375 605.011779785156 549.270172119141 485.089859008789 441.897644042969 421.508438110352 437.496795654297 484.296264648438 520.267791748047 536.757690429688 530.941314697266 534.177978515625 550.654663085938 587.802856445312 620.726348876953 643.520538330078 638.809387207031 618.344787597656 609.941253662109 595.021484375 597.314392089844 620.477813720703 653.040374755859 687.502227783203 714.757690429688 729.752777099609 734.506469726562 -9999 -9999 -9999 -9999 -9999 -9999 -9999 -9999 -9999 -9999 -9999 -9999 -9999 -9999 0 0
829.942169189453 909.138671875 938.688751220703 904.594848632812 795.214935302734 685.344543457031 640.708526611328 617.715423583984 580.118255615234 571.349456787109 558.154449462891 571.861877441406 614.578094482422 666.68701171875 656.753662109375 599.518341064453 515.991577148438 487.305313110352 478.596710205078 480.198394775391 502.364929199219 529.231781005859 556.774475097656 571.810272216797 572.208221435547 583.952667236328 602.011016845703 654.491180419922 681.814178466797 688.361358642578 661.014465332031 644.210266113281 634.294982910156 645.722290039062 676.392944335938 700.736114501953 720.255615234375 728.805511474609 738.654205322266 -9999 -9999 -9999 -9999 -9999 -9999 -9999 -9999 -9999 -9999 -9999 -9999 -9999 -9999 -9999 -9999 0
781.583068847656 865.408630371094 911.564849853516 907.035003662109 795.447814941406 694.147674560547 653.068298339844 627.406707763672 598.011901855469 588.519744873047 591.121368408203 605.357635498047 642.706237792969 687.671844482422 695.759979248047 647.773376464844 571.218231201172 507.956878662109 503.641143798828 509.340240478516 523.626922607422 536.051666259766 575.168884277344 611.714447021484 611.674926757812 608.080810546875 634.989013671875 682.808258056641 713.628204345703 723.190093994141 698.964263916016 684.785278320312 685.495513916016 703.749755859375 721.287872314453 726.635955810547 731.52099609375 737.915466308594 -9999 -9999 -9999 -9999 -9999 -9999 -9999 -9999 -9999 -9999 -9999 -9999 -9999 -9999 -9999 -9999 -9999 -9999
748.013366699219 832.963409423828 912.011444091797 886.049011230469 821.477325439453 707.418670654297 654.356323242188 639.1748046875 614.638854980469 600.508483886719 604.536346435547 624.529113769531 652.583404541016 689.332397460938 708.266296386719 693.485412597656 614.787445068359 554.946411132812 523.045867919922 520.269439697266 539.515655517578 555.418365478516 589.622375488281 620.531768798828 647.011962890625 653.294067382812 677.808990478516 718.805908203125 748.512634277344 747.517913818359 725.216217041016 719.338714599609 722.770111083984 731.787170410156 741.765258789062 -9999 -9999 -9999 -9999 -9999 -9999 -9999 -9999 -9999 -9999 -9999 -9999 -9999 -9999 -9999 -9999 -9999 -9999 -9999 -9999 -9999
740.662353515625 820.774871826172 906.742248535156 904.707122802734 839.004272460938 714.410034179688 664.148620605469 649.715087890625 631.795166015625 618.598815917969 626.579833984375 637.265197753906 660.839630126953 686.194671630859 719.13525390625 715.143981933594 680.277618408203 610.105438232422 562.125091552734 559.250518798828 561.395324707031 581.266296386719 605.349731445312 639.06884765625 677.389099121094 703.767974853516 728.631622314453 773.883728027344 799.926635742188 786.585723876953 755.396606445312 746.477447509766 746.335083007812 -9999 -9999 -9999 -9999 -9999 -9999 -9999 -9999 -9999 -9999 -9999 -9999 -9999 -9999 -9999 -9999 -9999 -9999 -9999 -9999 -9999 -9999 -9999
752.705078125 831.880706787109 909.044494628906 910.203369140625 853.296661376953 728.754516601562 674.882476806641 658.203582763672 647.87255859375 638.869049072266 640.948150634766 652.101989746094 668.961975097656 690.343109130859 713.788330078125 739.335388183594 728.380676269531 673.15283203125 611.862487792969 584.415588378906 591.183563232422 609.222137451172 632.068023681641 670.561553955078 713.137451171875 745.613098144531 774.463653564453 812.298889160156 829.480743408203 806.50732421875 787.689239501953 774.244537353516 773.946899414062 -9999 -9999 -9999 -9999 -9999 -9999 -9999 -9999 -9999 -9999 -9999 -9999 -9999 -9999 -9999 -9999 -9999 -9999 -9999 -9999 -9999 -9999 -9999
761.505554199219 850.302459716797 911.560333251953 911.112365722656 859.513519287109 746.497283935547 688.069458007812 673.543487548828 664.117889404297 655.273071289062 655.893493652344 667.690399169922 685.872985839844 705.025146484375 726.687713623047 756.234008789062 781.742797851562 760.043853759766 681.761932373047 648.881439208984 649.047576904297 658.656188964844 685.188507080078 713.291687011719 743.5849609375 769.744476318359 -9999 -9999 -9999 -9999 -9999 794.529693603516 -9999 -9999 -9999 -9999 -9999 -9999 -9999 -9999 -9999 -9999 -9999 -9999 -9999 -9999 -9999 -9999 -9999 -9999 -9999 -9999 -9999 -9999 -9999 -9999
772.039642333984 849.952911376953 905.883331298828 917.511474609375 883.27490234375 782.52783203125 708.732604980469 689.683929443359 684.977874755859 679.274749755859 684.720458984375 694.807067871094 704.130432128906 722.208129882812 746.940521240234 786.427185058594 829.461517333984 837.507263183594 794.072479248047 736.947906494141 721.528411865234 725.963562011719 734.875457763672 750.073425292969 767.710327148438 -9999 -9999 -9999 -9999 -9999 -9999 -9999 -9999 -9999 -9999 -9999 -9999 -9999 -9999 -9999 -9999 -9999 -9999 -9999 -9999 -9999 -9999 -9999 -9999 -9999 -9999 -9999 -9999 -9999 -9999 -9999
777.544342041016 848.657684326172 900.11767578125 916.402374267578 906.831695556641 835.834197998047 753.69384765625 712.842346191406 701.686401367188 705.425415039062 715.464324951172 723.265472412109 735.331085205078 762.535583496094 794.954620361328 829.872283935547 856.670013427734 873.345642089844 847.976226806641 803.202850341797 771.23583984375 760.065185546875 762.257263183594 768.854553222656 773.402282714844 -9999 -9999 -9999 -9999 -9999 -9999 -9999 -9999 -9999 -9999 -9999 -9999 -9999 -9999 -9999 -9999 -9999 -9999 -9999 -9999 -9999 -9999 -9999 -9999 -9999 -9999 -9999 -9999 -9999 -9999 -9999
