Rscript/monthly_maps/SnowDepthMapFile-q75-1989-12.asc
ncols 320 
nrows 361 
xllcorner 618410.159 
yllcorner 5088785.286 
cellsize 100 
NODATA_value -9999 
[rows 50 to 74 of 361, columns 224 to 279 of 320]
403.950057983398 409.527557373047 426.255661010742 455.301040649414 531.751220703125 583.398986816406 630.020172119141 700.410430908203 749.864715576172 789.018463134766 824.297210693359 849.199859619141 863.030883789062 865.580993652344 865.101989746094 855.624084472656 854.594757080078 849.466461181641 851.499084472656 861.524383544922 871.420349121094 878.157135009766 886.707855224609 893.001129150391 903.671051025391 926.751403808594 940.800109863281 945.116607666016 945.104614257812 941.908721923828 939.602996826172 935.131774902344 930.695007324219 927.041931152344 926.732177734375 930.074798583984 927.154022216797 924.680816650391 915.281982421875 903.200561523438 894.667694091797 881.730010986328 879.890045166016 888.737884521484 885.205810546875 881.081665039062 889.710083007812 920.502807617188 982.410949707031 1009.70278930664 1018.4973449707 1022.09371948242 1025.48977661133 1029.26931762695 1031.234375 1029.58361816406
392.80810546875 384.404998779297 422.290863037109 444.869735717773 522.088195800781 586.042144775391 658.643249511719 725.590881347656 785.9521484375 824.137084960938 835.689758300781 843.648559570312 859.4619140625 850.445587158203 842.648590087891 825.092224121094 811.231475830078 792.786010742188 816.096710205078 828.394409179688 849.501892089844 867.055999755859 880.910125732422 889.435485839844 904.013275146484 929.114410400391 939.047729492188 943.968658447266 943.266143798828 938.766784667969 932.8564453125 924.195770263672 915.708648681641 913.596069335938 915.365936279297 921.258850097656 922.911041259766 918.373291015625 911.336883544922 893.388916015625 874.743225097656 864.782287597656 858.031616210938 853.111511230469 831.151519775391 824.145080566406 836.337554931641 871.892852783203 942.181915283203 994.942474365234 1019.58224487305 1024.85748291016 1027.86361694336 1032.78649902344 1048.36553955078 1053.84387207031
370.493148803711 392.350570678711 395.108779907227 443.646255493164 504.50715637207 592.121459960938 654.016632080078 702.429382324219 758.064575195312 784.109039306641 790.676727294922 790.828857421875 789.85888671875 791.950775146484 775.297393798828 753.126190185547 721.824859619141 716.502563476562 750.697875976562 784.009552001953 822.322387695312 848.794189453125 867.521850585938 884.743591308594 903.160369873047 925.952728271484 933.741455078125 930.261962890625 926.753326416016 925.041046142578 914.529907226562 893.847625732422 886.979125976562 889.0107421875 898.588562011719 911.106536865234 912.009735107422 905.467376708984 889.053833007812 866.610565185547 851.446136474609 828.282470703125 818.951934814453 802.304656982422 777.125122070312 764.311187744141 771.761840820312 817.147033691406 890.907287597656 974.365936279297 1017.73104858398 1027.36639404297 1032.09497070312 1047.43701171875 1052.05291748047 1059.78680419922
359.970779418945 358.529556274414 378.24333190918 422.549041748047 495.936309814453 577.914642333984 634.744781494141 673.901977539062 676.709014892578 686.300262451172 681.530029296875 679.171661376953 674.989837646484 678.260772705078 656.847930908203 655.546783447266 652.543395996094 668.387298583984 685.579376220703 718.435363769531 783.851837158203 823.782409667969 855.702270507812 863.083435058594 886.198760986328 902.705139160156 906.621032714844 907.677917480469 902.468872070312 891.626434326172 871.450317382812 856.856994628906 850.643920898438 861.433532714844 878.226135253906 882.100738525391 874.91943359375 858.671203613281 834.332092285156 821.125152587891 806.936370849609 789.200347900391 767.705352783203 746.479034423828 733.272064208984 736.112945556641 718.579620361328 770.239440917969 861.036865234375 957.249938964844 1014.80932617188 1029.51049804688 1047.22943115234 1051.83514404297 1058.65692138672 1066.76654052734
357.331787109375 349.550765991211 353.119995117188 402.338562011719 476.454025268555 532.999633789062 604.525970458984 614.758056640625 604.229095458984 584.538024902344 582.539916992188 578.617004394531 574.138610839844 573.834747314453 578.555236816406 578.778778076172 580.450012207031 618.585388183594 648.952514648438 680.026397705078 715.321624755859 775.999816894531 817.162078857422 830.603302001953 835.456390380859 841.085601806641 842.902069091797 865.959411621094 862.834197998047 837.286163330078 831.432739257812 825.160522460938 821.619140625 827.312133789062 831.051666259766 825.47509765625 813.01513671875 771.171051025391 772.749176025391 745.927673339844 737.164489746094 730.483428955078 722.868957519531 716.179107666016 719.162200927734 717.981384277344 696.619384765625 716.729095458984 823.742156982422 928.839569091797 1000.08221435547 1032.74676513672 1055.20489501953 1059.16070556641 1066.82916259766 1071.42468261719
340.246856689453 342.811904907227 343.94856262207 376.940292358398 429.805816650391 500.148590087891 535.9296875 540.693328857422 535.72802734375 511.33528137207 492.725387573242 484.146697998047 482.236831665039 474.238311767578 478.203247070312 505.159652709961 535.164398193359 568.547058105469 602.571868896484 627.874633789062 653.650451660156 686.810089111328 739.996307373047 763.892181396484 756.405059814453 758.831085205078 770.277160644531 779.158203125 781.594879150391 781.258605957031 774.799407958984 773.18212890625 759.65673828125 759.38720703125 768.814300537109 749.915863037109 717.435668945312 699.818786621094 672.902252197266 672.505340576172 669.755065917969 659.143890380859 664.168640136719 685.919647216797 696.9521484375 702.172576904297 689.361785888672 705.226928710938 773.878295898438 874.462890625 968.908660888672 1021.62783813477 1056.86798095703 1065.68151855469 1071.38006591797 1088.65258789062
332.939926147461 337.035568237305 331.109191894531 352.63883972168 401.674713134766 462.873001098633 488.164627075195 481.441513061523 476.139007568359 467.088302612305 444.258575439453 431.701553344727 420.153472900391 418.489685058594 405.513854980469 439.955154418945 465.312484741211 485.845230102539 534.744140625 566.841094970703 580.086273193359 589.779479980469 618.395599365234 623.545135498047 637.671234130859 641.508636474609 640.301055908203 668.507202148438 693.635467529297 703.5625 702.621734619141 696.662933349609 673.280609130859 675.333435058594 644.894165039062 635.710632324219 599.372375488281 603.59375 610.258239746094 612.400329589844 636.687957763672 647.259674072266 665.591644287109 674.891510009766 693.216369628906 704.881378173828 695.364227294922 720.107666015625 753.545776367188 823.937561035156 894.106414794922 977.257293701172 1031.32022094727 1057.35461425781 1072.17205810547 1091.056640625
326.635848999023 332.662200927734 326.089508056641 339.681411743164 375.26774597168 398.504989624023 435.784576416016 436.076385498047 409.389404296875 407.954803466797 378.639434814453 361.732376098633 356.825012207031 354.897094726562 357.207809448242 374.966415405273 389.200927734375 433.357940673828 460.816543579102 481.79573059082 499.640197753906 544.324188232422 548.352172851562 551.923187255859 554.612335205078 554.211853027344 560.155975341797 572.371185302734 580.234741210938 577.475341796875 605.880920410156 577.581604003906 585.269226074219 583.282012939453 576.917510986328 576.972961425781 572.399566650391 572.087280273438 607.230133056641 632.075714111328 641.218566894531 656.739654541016 677.591430664062 679.971588134766 705.229217529297 729.288391113281 738.082550048828 748.48486328125 772.496459960938 804.063720703125 863.73046875 908.445770263672 985.6787109375 1038.7900390625 1065.45959472656 1075.25183105469
303.450531005859 323.667816162109 324.782516479492 321.78190612793 345.598510742188 361.616806030273 388.923599243164 391.600692749023 378.390899658203 370.711929321289 354.303344726562 331.020553588867 317.708435058594 329.13818359375 332.675430297852 338.698150634766 341.942962646484 356.534149169922 399.668609619141 429.755172729492 448.17138671875 473.272094726562 486.779373168945 498.260284423828 499.134399414062 499.586837768555 500.552322387695 509.997161865234 540.727661132812 542.43408203125 544.859252929688 544.932891845703 542.656341552734 551.900115966797 559.684478759766 565.840240478516 576.776397705078 605.114562988281 630.160583496094 643.572113037109 651.462036132812 680.584320068359 690.013458251953 700.780242919922 722.916290283203 748.310729980469 763.222076416016 770.795745849609 786.161407470703 843.414489746094 862.872222900391 894.483184814453 962.363830566406 1010.34973144531 1045.80645751953 1071.62023925781
286.97688293457 297.524291992188 295.1689453125 317.810073852539 319.664199829102 341.860397338867 338.525573730469 342.496551513672 346.131286621094 344.536712646484 331.688262939453 318.783599853516 312.478607177734 302.838790893555 299.750381469727 299.331237792969 306.105224609375 324.745681762695 352.619979858398 376.877807617188 424.937133789062 447.651107788086 465.465026855469 477.00537109375 480.76188659668 479.459854125977 488.704528808594 475.088821411133 482.280731201172 489.716552734375 526.366851806641 524.271667480469 533.273162841797 549.797698974609 552.019104003906 579.193298339844 599.635345458984 626.174713134766 634.800476074219 656.137908935547 676.353942871094 686.592559814453 699.490325927734 716.198303222656 746.809387207031 770.669036865234 785.557678222656 802.686065673828 842.717224121094 870.551910400391 880.817352294922 898.826141357422 961.437896728516 1004.0251159668 1041.45751953125 1067.33081054688
256.763732910156 277.033172607422 289.914352416992 304.892807006836 286.866836547852 306.097885131836 312.833755493164 320.903121948242 311.887802124023 305.866622924805 296.84049987793 294.958038330078 308.159729003906 299.026473999023 309.645645141602 317.447189331055 327.883331298828 365.87678527832 379.654983520508 394.467575073242 407.048568725586 425.022796630859 445.923477172852 459.59635925293 466.001403808594 465.852645874023 462.34928894043 459.176254272461 460.421157836914 472.997039794922 491.608322143555 516.749053955078 540.931793212891 554.642913818359 576.757171630859 588.893463134766 603.208312988281 612.951110839844 643.086517333984 662.658721923828 680.769927978516 698.607757568359 718.699676513672 753.577575683594 773.815399169922 796.777374267578 808.236328125 829.274749755859 860.484649658203 887.018737792969 924.753356933594 937.152313232422 973.881866455078 1005.21960449219 1039.05627441406 1066.15100097656
225.729385375977 238.463302612305 266.754318237305 263.324935913086 265.337066650391 272.215713500977 274.704147338867 283.918655395508 283.373168945312 275.916122436523 281.172409057617 305.764587402344 298.527206420898 310.447250366211 330.7080078125 351.750686645508 346.314315795898 381.404312133789 411.789627075195 420.754196166992 438.292465209961 443.180938720703 449.179275512695 453.452072143555 456.946884155273 455.890609741211 452.154113769531 426.371505737305 441.793533325195 448.758834838867 482.767227172852 508.77067565918 536.040618896484 573.055145263672 581.760009765625 592.095581054688 600.505310058594 615.723297119141 641.988433837891 668.043365478516 691.742950439453 719.679901123047 761.723968505859 792.063232421875 807.874938964844 821.562316894531 830.114013671875 848.054351806641 879.932861328125 916.749633789062 936.364288330078 967.895324707031 996.4189453125 1022.61801147461 1040.15118408203 1065.48217773438
188.903678894043 203.59139251709 209.519577026367 209.870872497559 225.373405456543 226.739959716797 230.549049377441 231.5595703125 235.707061767578 250.563194274902 286.653015136719 293.591003417969 320.762512207031 328.445236206055 334.343688964844 366.280731201172 389.170074462891 424.603729248047 448.905868530273 445.041107177734 435.671005249023 464.340911865234 471.36198425293 473.590393066406 474.531845092773 474.866729736328 472.432388305664 463.578369140625 452.868591308594 458.276580810547 482.013076782227 507.551132202148 535.90087890625 571.647033691406 579.029388427734 597.195892333984 604.904479980469 613.01171875 637.684539794922 676.544769287109 713.798889160156 763.591735839844 798.227996826172 818.265075683594 834.740783691406 839.713623046875 851.314544677734 876.999603271484 911.398132324219 943.4453125 964.993774414062 987.407806396484 1004.75094604492 1029.24102783203 1042.19445800781 1065.79418945312
166.223533630371 161.410591125488 165.581268310547 168.892051696777 171.417022705078 173.453353881836 176.669860839844 178.738815307617 181.80606842041 209.75904083252 253.666313171387 297.566070556641 323.325225830078 332.394744873047 350.601791381836 376.090957641602 411.773284912109 452.914840698242 475.690093994141 483.466888427734 486.845062255859 493.886489868164 501.328155517578 503.225311279297 512.615325927734 489.790786743164 487.498641967773 491.957244873047 493.099075317383 493.650802612305 500.07275390625 509.563552856445 549.311798095703 581.010162353516 595.096221923828 600.458862304688 603.773681640625 619.422637939453 652.617126464844 690.216979980469 749.580963134766 798.026580810547 825.388427734375 844.152038574219 853.086578369141 856.175079345703 877.964294433594 911.096710205078 944.504943847656 966.516998291016 986.383392333984 1001.85025024414 1021.75115966797 1032.8854675293 1043.13092041016 1068.02630615234
135.198577880859 134.029228210449 131.137664794922 135.510917663574 142.56827545166 148.604827880859 160.966949462891 161.376052856445 167.990432739258 199.772590637207 230.677116394043 294.570297241211 330.771087646484 342.173599243164 365.201019287109 390.016632080078 439.866363525391 483.495254516602 499.744186401367 500.861907958984 509.434020996094 514.756225585938 519.403747558594 523.648223876953 526.290069580078 524.729705810547 522.590301513672 520.223236083984 520.412902832031 521.662261962891 527.90283203125 542.191467285156 571.228912353516 593.157012939453 603.303833007812 607.142456054688 613.330535888672 623.199951171875 660.744903564453 720.796661376953 779.164276123047 820.337249755859 848.570465087891 864.11328125 873.302673339844 883.666961669922 914.346313476562 947.961120605469 976.314422607422 989.53759765625 998.637847900391 1003.87896728516 1023.38827514648 1033.47207641602 1045.28826904297 1071.42669677734
110.434741973877 106.106945037842 107.271976470947 109.054473876953 125.835483551025 138.417327880859 136.970924377441 158.508079528809 170.982841491699 192.029724121094 235.71605682373 287.986923217773 327.360977172852 356.137802124023 377.151733398438 407.866561889648 463.074508666992 506.269058227539 512.857421875 513.723495483398 513.886459350586 521.080749511719 525.858581542969 533.829406738281 535.82958984375 529.212097167969 524.903503417969 519.675628662109 518.974761962891 528.377349853516 542.295928955078 562.686004638672 591.570159912109 603.293823242188 612.561981201172 622.917449951172 631.880249023438 657.090454101562 687.370513916016 753.152923583984 807.629028320312 840.873962402344 863.298004150391 874.343566894531 896.751800537109 914.478393554688 941.28369140625 966.017761230469 992.055084228516 999.44091796875 1003.50900268555 1017.91998291016 1012.09634399414 1031.79696655273 1047.08538818359 1078.72027587891
86.5342750549316 83.6864166259766 91.8532562255859 105.81880569458 112.909465789795 123.297996520996 138.386268615723 162.33073425293 179.198173522949 185.946731567383 201.927856445312 259.974197387695 334.491912841797 357.199905395508 387.463836669922 432.733047485352 496.518218994141 541.421112060547 557.871673583984 558.745086669922 554.178283691406 551.662353515625 555.145111083984 558.145446777344 563.526184082031 560.602844238281 561.746826171875 561.491546630859 565.162017822266 570.330749511719 577.081787109375 585.873413085938 609.506896972656 622.255828857422 634.988342285156 646.017517089844 661.368041992188 679.846984863281 722.201995849609 782.234191894531 824.855072021484 853.250091552734 870.237701416016 896.067962646484 916.134368896484 935.8837890625 957.285034179688 978.712707519531 997.056610107422 1015.85247802734 1022.67663574219 1026.56503295898 1027.81600952148 1030.14691162109 1045.32055664062 1081.83636474609
75.1185188293457 81.9510765075684 91.8806114196777 108.050453186035 109.828010559082 119.890258789062 135.733726501465 160.320503234863 180.920356750488 175.612640380859 192.709754943848 227.307495117188 291.017883300781 344.053237915039 382.741882324219 452.611145019531 525.263885498047 601.884399414062 620.941284179688 615.693359375 612.824188232422 609.803497314453 608.015411376953 607.714447021484 605.705078125 601.945495605469 589.550903320312 588.893951416016 592.349304199219 604.472534179688 615.75634765625 622.365417480469 637.042663574219 658.533843994141 661.469696044922 676.75048828125 688.697479248047 714.625 769.512603759766 814.180603027344 844.269439697266 862.403656005859 886.018524169922 906.074890136719 923.529357910156 946.973999023438 964.415008544922 984.860382080078 1000.93225097656 1019.43548583984 1029.21481323242 1036.17269897461 1038.48779296875 1037.30410766602 1024.43270874023 1045.79150390625
78.1420288085938 83.1352462768555 107.252593994141 130.067581176758 136.843231201172 158.181838989258 161.211822509766 175.674758911133 175.306709289551 189.983909606934 183.170745849609 210.961296081543 268.006896972656 309.958419799805 353.742050170898 417.45442199707 502.707290649414 609.067321777344 642.659790039062 655.381561279297 656.93017578125 650.704223632812 648.175201416016 643.84814453125 641.241241455078 632.562561035156 632.536376953125 634.255401611328 641.457244873047 652.767730712891 660.430511474609 668.516815185547 678.633087158203 687.961212158203 697.528503417969 704.515563964844 726.273590087891 767.013793945312 809.896270751953 836.956298828125 861.998046875 871.120727539062 894.228149414062 910.476684570312 928.414367675781 935.225036621094 961.331298828125 981.836090087891 1001.14141845703 1019.66650390625 1029.15539550781 1039.03857421875 1059.27380371094 1063.26879882812 1054.57934570312 1035.04708862305
107.639663696289 111.021026611328 131.324462890625 145.175567626953 144.033668518066 164.941856384277 193.831687927246 194.489501953125 199.934577941895 206.199615478516 193.29557800293 203.895988464355 239.82234954834 278.727600097656 322.348266601562 378.627716064453 436.079544067383 536.155120849609 596.835601806641 606.939636230469 630.049591064453 668.962585449219 663.535705566406 677.019836425781 685.407257080078 689.662353515625 688.399780273438 686.057708740234 686.976043701172 691.73681640625 700.22119140625 706.764984130859 709.723175048828 719.328735351562 727.941986083984 752.243103027344 779.768127441406 814.9970703125 837.829498291016 862.577819824219 879.289184570312 892.592498779297 903.259307861328 911.650756835938 925.055450439453 938.519866943359 970.400695800781 991.159576416016 1002.69854736328 1007.49856567383 1008.01223754883 1013.57376098633 1035.83160400391 1072.62805175781 1077.25201416016 1070.44689941406
119.882926940918 145.504386901855 148.894226074219 168.600479125977 184.469627380371 209.375946044922 227.311408996582 230.29475402832 224.220474243164 221.460380554199 210.84952545166 210.130012512207 218.261917114258 243.92308807373 274.116622924805 300.953308105469 349.657409667969 421.385528564453 488.386688232422 549.471771240234 587.348785400391 610.576934814453 638.308807373047 642.03955078125 663.294830322266 705.405700683594 721.699279785156 739.826568603516 752.958251953125 755.836944580078 754.720001220703 753.934295654297 757.247009277344 772.527313232422 782.49462890625 810.526733398438 830.335144042969 853.611938476562 875.828948974609 889.175170898438 896.595184326172 904.420959472656 912.903656005859 918.424987792969 930.571716308594 958.970733642578 999.316101074219 1018.38562011719 1032.5139465332 1021.27420043945 1003.93481445312 1008.28982543945 1010.16064453125 1036.96450805664 1090.96392822266 1080.45361328125
151.346031188965 166.120552062988 195.073043823242 223.672012329102 241.749465942383 253.299057006836 264.663024902344 271.567230224609 262.014526367188 239.580299377441 229.058128356934 225.146797180176 222.895652770996 227.914657592773 235.361175537109 247.887062072754 290.586669921875 335.502517700195 398.259384155273 465.860488891602 509.442672729492 553.727569580078 586.900726318359 615.103973388672 638.523132324219 668.916351318359 714.458831787109 774.387603759766 821.033843994141 836.817321777344 829.988952636719 823.903594970703 823.910247802734 826.493469238281 838.436950683594 853.88134765625 872.549560546875 888.821960449219 897.468963623047 902.169891357422 907.136657714844 914.288940429688 922.635803222656 928.350189208984 939.533386230469 972.978820800781 1015.05352783203 1044.13543701172 1054.30364990234 1055.0458984375 1042.43432617188 1064.23321533203 1058.6083984375 1040.47155761719 1032.91189575195 1083.74877929688
166.218147277832 216.046569824219 253.879776000977 301.206970214844 318.330856323242 335.244964599609 337.394332885742 328.986419677734 303.649398803711 279.03791809082 243.52140045166 227.978645324707 233.428031921387 233.243812561035 240.255668640137 245.556518554688 264.478897094727 307.997802734375 365.046493530273 399.956588745117 435.899261474609 494.641342163086 541.898712158203 576.329681396484 596.763366699219 630.100402832031 677.587738037109 750.537689208984 846.272125244141 886.647308349609 888.337249755859 872.669799804688 864.132202148438 868.978302001953 882.854278564453 893.06396484375 899.76318359375 907.760925292969 910.819305419922 921.528930664062 925.741851806641 930.913238525391 926.593231201172 936.4541015625 944.913208007812 980.299224853516 1031.23348999023 1064.59118652344 1074.46368408203 1077.39947509766 1091.49975585938 1132.32409667969 1177.96990966797 1136.00433349609 1076.49609375 1043.58538818359
192.050407409668 251.427742004395 314.385955810547 360.29736328125 392.516586303711 404.995788574219 404.209442138672 378.594177246094 347.213073730469 308.263977050781 271.606079101562 246.381072998047 230.359642028809 234.016525268555 239.682830810547 251.579925537109 269.742324829102 300.887359619141 325.489364624023 383.047012329102 419.566284179688 436.080856323242 502.070343017578 544.387054443359 589.846252441406 605.202545166016 652.509765625 716.29638671875 807.505950927734 880.200561523438 920.831329345703 919.157867431641 904.617553710938 898.397674560547 906.603363037109 914.055511474609 920.74755859375 925.117614746094 929.751586914062 936.115753173828 944.389007568359 947.084411621094 942.702209472656 938.511688232422 948.544097900391 996.880218505859 1043.74761962891 1076.70288085938 1083.49792480469 1084.94055175781 1093.1025390625 1136.92095947266 1200.81195068359 1236.64361572266 1212.63928222656 1107.97772216797
221.960594177246 278.986541748047 335.095611572266 390.186676025391 450.724945068359 468.921447753906 461.121917724609 424.238189697266 385.463653564453 338.911407470703 305.900253295898 275.012786865234 250.801513671875 237.828254699707 241.087814331055 246.449104309082 269.426971435547 289.565032958984 327.380630493164 357.314254760742 397.090194702148 422.561569213867 439.383087158203 515.676147460938 556.300628662109 593.109588623047 616.342071533203 684.1796875 768.485443115234 845.765930175781 905.062072753906 945.662689208984 951.731872558594 938.915405273438 932.983337402344 936.881530761719 940.927917480469 943.209075927734 946.339202880859 952.866668701172 958.902557373047 961.659820556641 957.854919433594 943.379241943359 952.498901367188 1002.83837890625 1070.19311523438 1107.08862304688 1119.47674560547 1111.22906494141 1096.607421875 1109.32336425781 1166.03094482422 1231.63592529297 1278.19964599609 1235.71307373047
