Rscript/monthly_maps/SnowDepthMapFile-max-1990-01.asc
ncols 320 
nrows 361 
xllcorner 618410.159 
yllcorner 5088785.286 
cellsize 100 
NODATA_value -9999 
[rows 276 to 298 of 361, columns 106 to 158 of 320]
546.9853515625 540.193359375 564.101379394531 596.428649902344 645.024475097656 699.243591308594 741.864929199219 776.749450683594 793.098754882812 818.907531738281 839.116638183594 844.47265625 872.238830566406 875.207092285156 875.138977050781 878.111755371094 882.963562011719 879.536376953125 878.668029785156 841.225830078125 792.285705566406 714.015502929688 635.235229492188 580.192443847656 537.766174316406 504.978485107422 476.208648681641 452.551300048828 434.619598388672 421.167877197266 393.2470703125 358.347229003906 343.242553710938 288.821868896484 270.737579345703 296.782897949219 353.525238037109 366.413757324219 403.715728759766 431.942840576172 448.9501953125 455.373443603516 454.801788330078 452.000061035156 457.355133056641 471.060089111328 484.015472412109 483.071624755859 476.035583496094 485.807678222656 540.598083496094 633.293395996094 697.692565917969
546.989135742188 543.158081054688 540.071899414062 574.775268554688 618.1279296875 659.576293945312 698.504150390625 744.294799804688 778.396789550781 783.3271484375 796.267028808594 807.201477050781 809.7197265625 815.410034179688 826.802978515625 835.304382324219 838.151672363281 851.190490722656 837.491882324219 811.601135253906 757.148559570312 662.947448730469 581.278503417969 536.422912597656 499.856079101562 482.031951904297 461.642852783203 441.279510498047 425.510864257812 402.733428955078 372.708709716797 358.682189941406 330.22607421875 300.439758300781 310.430938720703 350.856201171875 362.082855224609 390.222015380859 417.183868408203 440.633087158203 449.197204589844 457.238616943359 460.214904785156 459.703399658203 460.66357421875 471.021697998047 488.144836425781 500.863128662109 492.537231445312 485.015533447266 513.997924804688 572.482421875 653.299133300781
544.332885742188 544.852355957031 540.378112792969 541.781616210938 587.9814453125 633.237731933594 669.794982910156 707.787109375 746.887390136719 772.926452636719 778.076477050781 776.178588867188 780.133972167969 780.230041503906 782.091613769531 793.479248046875 797.987976074219 812.017395019531 814.218200683594 775.572509765625 697.818176269531 617.277648925781 542.7431640625 493.296325683594 481.140716552734 464.411895751953 448.499481201172 430.45556640625 408.520141601562 378.812835693359 358.646362304688 350.342590332031 325.417816162109 330.580535888672 354.623077392578 361.902984619141 387.662567138672 411.009582519531 430.404418945312 441.398803710938 455.493408203125 468.164581298828 477.079406738281 476.337219238281 472.967163085938 472.288146972656 487.298706054688 503.994110107422 510.103057861328 504.119903564453 504.526306152344 557.208862304688 613.4931640625
542.220397949219 541.086730957031 540.262329101562 539.38232421875 561.697082519531 600.310913085938 643.142883300781 685.024291992188 732.650268554688 739.346435546875 746.832641601562 751.476989746094 751.885559082031 754.385925292969 762.335083007812 772.978149414062 778.658386230469 789.617736816406 782.804138183594 749.364135742188 657.7001953125 561.53173828125 491.246337890625 477.621551513672 465.158996582031 451.078918457031 437.747863769531 418.244720458984 386.9365234375 358.134704589844 357.968322753906 328.065795898438 338.028076171875 361.063446044922 367.262176513672 391.018737792969 414.013610839844 431.805114746094 439.884399414062 447.864074707031 468.698516845703 494.065460205078 534.316284179688 540.358215332031 531.182739257812 490.132873535156 491.019470214844 509.740875244141 514.490112304688 520.23974609375 521.175109863281 569.490234375 622.082153320312
535.014221191406 536.307006835938 539.381225585938 538.272644042969 541.512878417969 573.264892578125 613.646118164062 664.464477539062 698.890625 706.488708496094 712.324096679688 709.379455566406 713.349914550781 711.283264160156 729.523742675781 738.595336914062 759.976013183594 775.623413085938 768.876037597656 696.815307617188 607.961364746094 515.6689453125 478.813354492188 463.635620117188 452.595458984375 441.965179443359 428.155456542969 401.2939453125 370.305786132812 360.893157958984 339.855163574219 336.277862548828 357.519470214844 363.510375976562 391.478332519531 417.845947265625 438.922821044922 445.216888427734 452.196624755859 463.168762207031 487.620086669922 557.291198730469 602.185424804688 611.085571289062 596.934387207031 557.419738769531 527.728698730469 514.360595703125 528.547790527344 534.3896484375 554.733093261719 588.094177246094 641.149108886719
526.749267578125 535.262634277344 534.792785644531 536.272033691406 538.408081054688 545.867126464844 594.151977539062 634.016296386719 667.389770507812 679.670654296875 685.904113769531 683.93603515625 680.056579589844 683.426025390625 692.630432128906 705.832641601562 742.334289550781 747.632751464844 730.060913085938 648.726501464844 548.625122070312 480.620880126953 466.464141845703 453.751403808594 442.537353515625 432.9765625 412.508422851562 389.289886474609 366.763793945312 365.660064697266 350.766418457031 362.800903320312 364.007293701172 389.026885986328 417.425994873047 437.728210449219 450.401062011719 460.052825927734 467.693511962891 481.662963867188 530.557739257812 604.230102539062 660.699829101562 671.970397949219 661.184753417969 612.912170410156 560.857727050781 541.68017578125 530.279357910156 543.412963867188 559.930908203125 600.417358398438 657.359008789062
518.628601074219 528.764221191406 531.073852539062 534.301574707031 534.998229980469 540.881774902344 571.301879882812 615.654357910156 650.327758789062 656.560852050781 652.8984375 656.812438964844 653.479797363281 655.019714355469 662.050354003906 678.340454101562 705.846069335938 703.732604980469 674.847900390625 592.805419921875 506.887817382812 469.502685546875 460.088623046875 448.161499023438 439.065673828125 421.648132324219 401.242004394531 381.075927734375 371.387481689453 370.881164550781 365.696441650391 366.961517333984 388.106109619141 416.444702148438 438.622131347656 452.198577880859 465.545318603516 479.143035888672 490.250457763672 505.255218505859 564.171020507812 640.122009277344 689.615234375 722.619445800781 723.028747558594 653.934448242188 597.856018066406 557.727966308594 555.060791015625 576.892028808594 579.979675292969 609.761657714844 673.901306152344
529.401489257812 520.271850585938 530.078063964844 529.180480957031 531.436218261719 536.739562988281 563.918273925781 594.127197265625 622.236145019531 625.482299804688 614.705627441406 607.32861328125 601.147766113281 612.40087890625 624.507629394531 647.945556640625 667.46240234375 660.141662597656 627.581970214844 536.781799316406 479.230834960938 464.218475341797 455.060028076172 444.964996337891 434.434753417969 413.439086914062 394.374389648438 380.600738525391 373.997283935547 369.933197021484 372.642974853516 389.820343017578 415.596466064453 438.142272949219 451.400634765625 468.611389160156 484.287170410156 497.836120605469 511.528350830078 550.345886230469 599.28759765625 663.545837402344 723.017517089844 772.776000976562 745.198547363281 691.472106933594 628.10693359375 587.000122070312 584.420532226562 586.469970703125 601.282043457031 614.861389160156 658.28759765625
534.117492675781 513.128723144531 523.970703125 526.531921386719 528.390625 530.916198730469 542.854431152344 577.804870605469 592.344299316406 586.105285644531 573.099975585938 561.426513671875 547.083740234375 566.083435058594 577.729125976562 595.740112304688 614.361877441406 603.324584960938 563.601257324219 492.446350097656 468.604919433594 460.744750976562 454.280426025391 442.694427490234 427.640991210938 408.422729492188 389.810668945312 377.7763671875 378.765319824219 378.286529541016 388.889923095703 413.190979003906 437.953521728516 449.008422851562 464.003631591797 483.070281982422 502.590637207031 541.035949707031 558.084167480469 594.195129394531 631.919006347656 674.39697265625 742.400329589844 812.236145019531 803.238830566406 739.088012695312 659.097900390625 617.185729980469 604.847412109375 608.985229492188 625.38671875 631.835815429688 651.174621582031
542.640380859375 509.994140625 516.498229980469 518.139892578125 525.440063476562 525.145629882812 536.123107910156 549.915832519531 552.877258300781 544.040954589844 531.132690429688 525.318603515625 525.115661621094 529.744018554688 535.468139648438 543.442321777344 558.067749023438 553.112854003906 513.478210449219 481.237762451172 465.528900146484 460.057159423828 451.463256835938 440.824523925781 419.491546630859 402.241149902344 387.15185546875 382.927947998047 382.526062011719 387.400817871094 407.283020019531 432.615173339844 446.165222167969 456.279693603516 470.08935546875 492.508361816406 551.634704589844 582.606079101562 614.212951660156 634.088623046875 664.393798828125 696.150634765625 762.048889160156 864.748657226562 865.138916015625 807.863098144531 715.310974121094 648.840881347656 629.924621582031 627.113952636719 635.575439453125 656.669921875 658.984985351562
560.979431152344 527.653198242188 511.169128417969 519.138061523438 520.156555175781 520.072265625 525.952697753906 536.476867675781 532.314758300781 520.387878417969 507.704711914062 502.233734130859 501.544555664062 505.133636474609 512.457824707031 522.186889648438 527.4951171875 521.399108886719 496.585571289062 472.245422363281 462.597808837891 458.166534423828 445.805480957031 429.140563964844 409.515655517578 394.483032226562 386.179534912109 383.285675048828 387.789428710938 402.836273193359 423.388214111328 440.245666503906 450.676818847656 462.042358398438 476.529327392578 532.382202148438 599.561157226562 648.552795410156 661.225891113281 668.740661621094 693.523132324219 731.307434082031 793.133972167969 925.039794921875 970.862976074219 903.329223632812 769.882568359375 693.797241210938 659.838256835938 649.722961425781 656.788635253906 685.486999511719 683.207580566406
575.0458984375 535.729736328125 508.156127929688 511.669464111328 512.306945800781 515.776184082031 514.623168945312 514.675659179688 510.144470214844 497.443481445312 489.282348632812 486.516662597656 484.892395019531 485.349456787109 489.751983642578 499.076110839844 505.006591796875 498.889617919922 479.812896728516 463.896331787109 457.860504150391 450.145660400391 438.167327880859 415.951690673828 398.135803222656 385.62109375 383.004211425781 388.406616210938 400.029022216797 417.134399414062 436.756317138672 445.311676025391 457.555908203125 468.123626708984 511.016815185547 577.587829589844 654.386901855469 699.393005371094 714.881469726562 720.695068359375 736.027954101562 763.04296875 867.403381347656 1005.23547363281 1047.88549804688 999.40771484375 861.207824707031 740.654479980469 704.278076171875 677.579772949219 676.18408203125 692.62109375 729.325378417969
587.629455566406 541.147094726562 509.173553466797 506.132110595703 510.226440429688 510.130279541016 506.463439941406 499.2109375 492.943572998047 487.76220703125 485.959381103516 484.928314208984 481.504577636719 477.573333740234 475.354888916016 478.530670166016 481.279815673828 476.010711669922 462.763397216797 455.251403808594 450.839447021484 442.001373291016 425.017181396484 405.073272705078 389.61962890625 383.989318847656 387.458587646484 397.889526367188 413.575561523438 432.497375488281 442.131072998047 455.712554931641 468.955657958984 483.091247558594 551.966064453125 637.698791503906 719.054138183594 767.926818847656 770.55419921875 765.913513183594 782.925109863281 855.384460449219 959.769836425781 1055.14196777344 1096.13305664062 1070.93127441406 971.333984375 861.789428710938 763.526550292969 729.047729492188 703.596008300781 713.629272460938 741.922058105469
604.416015625 552.646789550781 513.777221679688 503.998413085938 502.887481689453 504.190551757812 501.518371582031 494.725067138672 492.278839111328 493.378662109375 486.797973632812 484.5625 479.470764160156 480.532684326172 474.335113525391 469.954650878906 466.740264892578 459.580261230469 451.688537597656 448.035095214844 442.950561523438 432.293762207031 414.997680664062 398.211547851562 387.780639648438 385.433563232422 396.198516845703 411.216125488281 429.067108154297 441.739562988281 451.134063720703 465.671752929688 484.579376220703 535.657836914062 599.811401367188 675.528686523438 762.974731445312 840.3515625 860.551208496094 886.829956054688 919.69482421875 972.681701660156 1032.60229492188 1098.45153808594 1123.91564941406 1107.39440917969 1053.29711914062 976.371459960938 907.58447265625 826.972900390625 768.001098632812 739.305725097656 747.172424316406
617.62841796875 573.956298828125 537.644287109375 507.648254394531 499.755004882812 496.970825195312 495.0703125 492.309143066406 493.074615478516 487.313018798828 488.443420410156 481.660675048828 477.135375976562 470.906372070312 471.7998046875 471.733062744141 464.787414550781 456.581787109375 447.999938964844 438.860687255859 434.127777099609 423.008819580078 409.060546875 396.744323730469 390.900848388672 396.901519775391 409.038940429688 426.026092529297 441.701934814453 451.450744628906 462.137481689453 480.945220947266 522.062072753906 574.200378417969 634.240356445312 694.915161132812 784.821899414062 874.059631347656 979.703308105469 1017.36077880859 1044.04248046875 1068.11865234375 1121.39660644531 1176.33996582031 1188.21215820312 1158.96264648438 1108.26281738281 1064.5966796875 1022.35296630859 965.578796386719 926.294982910156 872.906677246094 831.04150390625
638.636596679688 588.024353027344 551.790344238281 514.201904296875 502.956817626953 495.508728027344 494.091461181641 491.686096191406 493.580047607422 490.611663818359 487.389495849609 481.67822265625 470.117492675781 465.340881347656 468.101684570312 465.531402587891 461.404815673828 454.738708496094 442.554077148438 433.590209960938 425.967681884766 416.955383300781 406.183319091797 398.244750976562 399.645233154297 408.192962646484 422.775390625 437.557159423828 453.629364013672 460.698486328125 472.930511474609 495.668182373047 534.117309570312 574.650695800781 631.828857421875 681.959350585938 748.904418945312 831.137939453125 946.390747070312 1048.84985351562 1092.25305175781 1142.96472167969 1237.208984375 1310.94812011719 1294.4052734375 1250.20080566406 1178.09851074219 1142.66064453125 1110.18176269531 1074.00439453125 1030.5888671875 981.739807128906 943.759460449219
659.907775878906 606.214294433594 563.646789550781 521.622375488281 509.866455078125 501.135711669922 498.979949951172 496.241790771484 496.429534912109 497.151489257812 503.885467529297 492.298950195312 478.505310058594 462.096923828125 460.239013671875 462.063262939453 461.084045410156 450.664337158203 439.016357421875 429.597320556641 421.581848144531 414.475677490234 407.99560546875 403.944641113281 409.261657714844 420.474212646484 434.080047607422 451.525451660156 461.471923828125 472.439636230469 487.026672363281 507.108795166016 527.249877929688 568.403564453125 607.169982910156 651.605712890625 695.844787597656 756.872131347656 856.37060546875 989.5537109375 1059.60339355469 1162.96008300781 1312.20532226562 1447.54907226562 1464.17456054688 1367.70764160156 1274.564453125 1221.97839355469 1208.00012207031 1171.57470703125 1141.86157226562 1088.07373046875 1031.2958984375
670.284545898438 622.264709472656 579.59130859375 547.794311523438 515.833862304688 508.481048583984 507.810852050781 505.449249267578 504.877288818359 510.147613525391 524.765258789062 517.500366210938 499.120056152344 474.784484863281 461.913726806641 460.554260253906 458.346832275391 453.239410400391 440.232757568359 430.271575927734 422.468841552734 415.675018310547 410.846282958984 411.132293701172 418.787628173828 431.941345214844 446.714202880859 458.208160400391 468.426788330078 480.968811035156 497.352233886719 516.4541015625 531.199584960938 567.397216796875 604.697998046875 635.732299804688 667.722778320312 717.418701171875 777.531677246094 916.346313476562 1023.53747558594 1127.48791503906 1256.458984375 1452.83959960938 1590.61376953125 1506.39465332031 1388.32727050781 1319.50646972656 1278.18579101562 1279.18127441406 1266.88818359375 1205.50012207031 1159.66540527344
683.399475097656 640.624816894531 592.389709472656 552.295532226562 518.954284667969 513.52490234375 515.08154296875 511.112457275391 513.158203125 521.138061523438 560.561950683594 564.497985839844 530.820129394531 495.528411865234 474.934295654297 464.392364501953 458.436462402344 453.028015136719 441.444366455078 432.483123779297 423.871154785156 418.354400634766 415.944946289062 418.301116943359 427.102264404297 440.714660644531 454.31689453125 467.673675537109 477.356567382812 486.981994628906 499.86181640625 516.082946777344 557.322326660156 590.155395507812 608.501281738281 646.49365234375 681.638977050781 719.878234863281 751.20654296875 882.352416992188 1008.40716552734 1101.31066894531 1207.5986328125 1372.74328613281 1569.55480957031 1635.4765625 1557.4072265625 1438.109375 1381.619140625 1382.12182617188 1380.41723632812 1365.08251953125 1340.02087402344
689.286010742188 650.504638671875 597.116455078125 553.507995605469 522.212890625 517.958374023438 514.257019042969 521.205688476562 520.0810546875 530.405883789062 570.940551757812 586.93505859375 577.802978515625 545.62158203125 489.140045166016 467.603912353516 456.900756835938 452.138732910156 441.244262695312 429.997222900391 425.368865966797 421.383972167969 419.614929199219 424.504577636719 434.940948486328 446.732513427734 461.809600830078 479.374084472656 489.398162841797 494.387573242188 501.411315917969 538.420043945312 566.229125976562 607.2685546875 635.380676269531 665.648681640625 694.985290527344 731.86865234375 800.922424316406 945.031127929688 1042.98193359375 1128.58801269531 1200.84838867188 1322.89465332031 1494.3896484375 1641.43969726562 1641.67065429688 1543.90747070312 1465.71350097656 1444.76416015625 1451.44458007812 1472.88500976562 1464.9443359375
697.997192382812 660.362854003906 604.723754882812 559.80517578125 524.982666015625 522.263732910156 519.924560546875 526.579711914062 526.758239746094 556.603454589844 585.623291015625 604.275512695312 602.410949707031 556.789672851562 495.799957275391 468.554016113281 455.572906494141 450.804260253906 440.798553466797 429.691314697266 425.630584716797 423.1171875 424.343109130859 429.390960693359 437.596008300781 449.619415283203 464.215423583984 484.530303955078 500.298889160156 532.395141601562 559.109802246094 592.997253417969 631.566223144531 650.095520019531 672.767700195312 702.418334960938 736.830139160156 791.584594726562 897.445922851562 1013.34265136719 1090.10327148438 1178.20959472656 1247.14111328125 1316.33374023438 1453.76538085938 1586.3603515625 1650.90124511719 1643.26184082031 1595.70690917969 1572.02001953125 1579.90051269531 1614.85498046875 1583.99682617188
727.058715820312 667.288269042969 603.508850097656 551.92431640625 525.661926269531 523.964782714844 522.355651855469 528.922485351562 529.837341308594 558.635070800781 592.46923828125 614.517822265625 -9999 -9999 -9999 -9999 -9999 -9999 -9999 -9999 -9999 425.404724121094 427.302673339844 433.408599853516 440.999206542969 449.72314453125 460.146484375 478.726959228516 504.472595214844 565.482727050781 613.489562988281 662.387084960938 705.733703613281 737.073486328125 763.908569335938 800.836486816406 852.712829589844 951.970581054688 1032.4658203125 1094.74670410156 1160.22277832031 1232.97436523438 1296.00842285156 1371.37768554688 1464.28466796875 1541.26123046875 1646.77001953125 1722.80297851562 1753.55163574219 1774.51904296875 1802.7529296875 1753.33239746094 1656.203125
737.713623046875 704.451232910156 -9999 -9999 -9999 -9999 -9999 -9999 -9999 -9999 -9999 -9999 -9999 -9999 -9999 -9999 -9999 -9999 -9999 -9999 -9999 -9999 431.062957763672 435.652191162109 445.958740234375 450.524505615234 455.359130859375 472.114654541016 519.406188964844 589.679809570312 659.357666015625 703.977905273438 751.593688964844 793.133605957031 848.648010253906 898.969360351562 969.3896484375 1059.62683105469 1116.98864746094 1147.94604492188 1204.76098632812 1271.19714355469 1354.787109375 1436.75708007812 1528.73571777344 1574.79724121094 1669.11987304688 1773.36413574219 1890.50073242188 1994.21643066406 2024.56567382812 1954.36950683594 1790.548828125
