Rscript/monthly_maps/SnowDepthMapFile-q25-1990-02.asc
ncols 320 
nrows 361 
xllcorner 618410.159 
yllcorner 5088785.286 
cellsize 100 
NODATA_value -9999 
[rows 192 to 215 of 361, columns 162 to 215 of 320]
120.953413009644 135.601684570312 155.542774200439 227.543571472168 290.602500915527 321.80696105957 358.466873168945 372.860221862793 378.608924865723 414.204925537109 491.097938537598 554.813827514648 585.691741943359 605.959167480469 631.493133544922 672.539505004883 793.56982421875 892.716567993164 919.628448486328 931.582962036133 894.016784667969 855.686950683594 802.118225097656 738.970703125 678.679107666016 650.328033447266 658.886459350586 648.566528320312 666.075561523438 681.571136474609 761.903045654297 839.02522277832 925.156723022461 985.966598510742 987.617156982422 885.758911132812 785.369506835938 679.35871887207 611.444351196289 546.951019287109 488.420913696289 432.838104248047 348.055557250977 286.403282165527 276.586555480957 288.315467834473 299.454360961914 241.15417098999 202.201080322266 154.031711578369 132.249898910522 118.42654800415 114.234441757202 105.922088623047
124.116636276245 138.122922897339 179.09680557251 236.908893585205 293.714645385742 332.008575439453 370.680809020996 408.718078613281 442.485260009766 498.116218566895 560.760559082031 598.15397644043 627.404541015625 653.590667724609 668.26155090332 707.990814208984 819.694076538086 915.627624511719 947.517196655273 941.33903503418 891.792984008789 838.281936645508 774.273239135742 710.449920654297 676.168472290039 661.221130371094 651.575576782227 657.486022949219 653.421981811523 678.408081054688 762.134719848633 836.885650634766 917.430145263672 975.81982421875 967.596206665039 862.592498779297 764.706634521484 660.187698364258 592.156478881836 535.292007446289 484.81127166748 398.296043395996 293.237213134766 244.883182525635 216.261653900146 222.621269226074 219.325843811035 204.982276916504 181.937400817871 138.315977096558 126.069683074951 117.064432144165 113.228715896606 104.363439559937
132.111371994019 145.052837371826 191.864353179932 244.793594360352 286.137794494629 333.909866333008 387.984565734863 464.101066589355 529.563293457031 573.113555908203 600.948104858398 624.855819702148 666.010726928711 699.122528076172 718.354278564453 774.084457397461 867.388549804688 945.760070800781 976.835861206055 943.965286254883 888.895812988281 823.723587036133 748.553298950195 691.941299438477 668.699783325195 646.568283081055 643.774002075195 644.809646606445 646.414245605469 672.695877075195 751.56315612793 825.48616027832 916.365234375 972.066558837891 964.218551635742 859.155578613281 759.693801879883 650.457931518555 587.864105224609 526.427055358887 474.676826477051 371.908103942871 296.989631652832 257.365406036377 227.743103027344 197.130996704102 178.536140441895 153.58918762207 124.446846008301 123.567691802979 119.448560714722 114.502805709839 109.023157119751 100.124711990356
150.06665802002 189.639194488525 223.595794677734 267.517364501953 295.133399963379 340.133407592773 409.649658203125 517.765579223633 588.285095214844 617.915344238281 633.255065917969 660.613174438477 694.320861816406 731.991638183594 783.250473022461 860.01139831543 918.240188598633 981.100845336914 980.500839233398 929.54345703125 874.755813598633 798.552551269531 727.541061401367 686.310440063477 658.028778076172 638.3974609375 621.138671875 631.152069091797 635.554275512695 659.343765258789 734.817749023438 817.839324951172 900.06103515625 968.917129516602 995.008178710938 876.037673950195 773.109115600586 657.45783996582 591.178756713867 520.992698669434 467.854591369629 351.814918518066 290.259574890137 282.230461120605 248.738006591797 217.546630859375 187.225570678711 141.607303619385 133.275518417358 132.013132095337 123.889663696289 117.110319137573 92.9630699157715 94.5116596221924
156.675361633301 198.007614135742 247.339134216309 288.413139343262 311.224334716797 354.191436767578 442.893585205078 544.777969360352 607.466217041016 635.986679077148 669.012069702148 689.882858276367 723.013824462891 784.605438232422 853.670227050781 915.341033935547 980.899703979492 1020.56788635254 977.642776489258 916.012435913086 852.009353637695 781.520660400391 716.61946105957 677.47526550293 648.663497924805 627.663269042969 602.741424560547 609.817687988281 620.732238769531 637.696487426758 704.319976806641 783.615737915039 880.772674560547 943.034057617188 1015.07009887695 899.656829833984 790.079620361328 658.089965820312 591.361831665039 515.240364074707 446.29419708252 338.406646728516 330.319221496582 312.441093444824 290.794654846191 261.397453308105 195.720287322998 156.354030609131 149.03999710083 140.008993148804 131.903743743896 122.860437393188 94.7815456390381 89.101110458374
191.402423858643 231.770172119141 274.91104888916 293.359619140625 336.318504333496 379.675727844238 474.786148071289 553.964218139648 603.991333007812 655.422668457031 697.75325012207 718.891387939453 770.907287597656 844.123901367188 912.021484375 990.149322509766 1024.94816589355 1015.4581451416 945.438491821289 898.353942871094 828.541259765625 750.397171020508 690.527587890625 657.919250488281 632.77668762207 609.328231811523 584.867950439453 590.787704467773 598.211029052734 619.1669921875 667.30290222168 748.669464111328 839.671691894531 940.172744750977 997.318359375 923.612243652344 819.528106689453 668.338989257812 591.711990356445 537.194580078125 473.945205688477 374.100463867188 359.740478515625 346.591415405273 317.799606323242 300.001693725586 258.895584106445 239.402225494385 194.795444488525 173.941524505615 153.170059204102 138.664443969727 111.935457229614 85.6021671295166
188.840667724609 249.579444885254 291.533027648926 316.015396118164 350.56462097168 413.192756652832 498.842468261719 554.785873413086 596.590682983398 650.288192749023 698.063293457031 746.507354736328 824.144287109375 880.643997192383 978.851654052734 1022.04272460938 1051.24829101562 964.285842895508 917.048110961914 869.251037597656 798.401824951172 726.802169799805 683.143432617188 647.118759155273 610.285903930664 595.065460205078 575.319244384766 582.554946899414 592.15153503418 618.107116699219 646.043685913086 733.135498046875 812.501586914062 917.692855834961 1012.03617858887 948.984664916992 849.66584777832 699.404708862305 614.721115112305 557.789581298828 529.490203857422 446.80933380127 417.78736114502 396.862945556641 359.992042541504 328.104042053223 300.53980255127 264.746223449707 239.242977142334 183.125122070312 159.731224060059 142.09627532959 114.951011657715 84.191951751709
212.591911315918 271.497314453125 291.380729675293 336.250495910645 366.869606018066 449.567565917969 520.57014465332 564.776458740234 592.015106201172 631.818984985352 689.577484130859 753.933578491211 851.583404541016 916.139450073242 1014.73422241211 1078.89712524414 1009.84114074707 929.48371887207 886.733367919922 827.445739746094 760.574279785156 694.993591308594 655.927337646484 621.267028808594 595.076202392578 583.011123657227 569.609893798828 584.429107666016 592.895477294922 622.632598876953 650.11833190918 727.622482299805 803.262237548828 894.326461791992 978.382629394531 976.072418212891 880.051177978516 741.220840454102 640.346878051758 594.788772583008 571.823425292969 540.074584960938 498.172409057617 460.605491638184 420.545051574707 374.28882598877 335.869728088379 304.241485595703 261.805469512939 184.799228668213 160.452217102051 142.783729553223 123.999160766602 79.712646484375
243.483352661133 289.088005065918 324.233924865723 347.165550231934 392.069793701172 470.546493530273 532.977340698242 571.190979003906 594.97216796875 628.152862548828 674.59504699707 751.396728515625 848.660171508789 935.118408203125 1006.44819641113 1041.10040283203 952.47314453125 886.705200195312 820.458297729492 751.577407836914 688.434005737305 647.786560058594 626.187194824219 594.448379516602 574.395782470703 574.68815612793 584.415252685547 600.062606811523 620.268295288086 654.370544433594 697.021423339844 772.313629150391 839.247787475586 919.037261962891 980.459564208984 1031.5319519043 895.318649291992 804.550735473633 678.873992919922 633.974990844727 604.069442749023 600.210372924805 595.786178588867 583.624221801758 537.077087402344 446.249488830566 380.463989257812 332.052734375 284.470176696777 212.021095275879 158.043804168701 137.606826782227 130.464708328247 85.5998229980469
281.209815979004 308.204437255859 339.275970458984 365.896873474121 421.776893615723 491.4765625 555.212905883789 589.00373840332 611.661026000977 636.137069702148 681.984680175781 756.340301513672 845.868240356445 943.989776611328 996.996459960938 1007.59997558594 908.436294555664 838.023773193359 754.211563110352 677.196853637695 627.031478881836 603.338287353516 575.37419128418 554.530654907227 557.898193359375 556.740249633789 592.205413818359 596.839050292969 633.602569580078 671.701293945312 741.958312988281 824.059295654297 879.30290222168 931.336959838867 1031.39445495605 1034.00534057617 943.479965209961 847.236236572266 747.140914916992 669.945236206055 658.605346679688 638.307403564453 636.676422119141 634.377517700195 603.730194091797 549.639541625977 436.031623840332 354.697189331055 290.266326904297 203.072776794434 155.141914367676 136.384038925171 131.44563293457 106.551677703857
311.342384338379 347.441276550293 361.449424743652 393.565605163574 448.665596008301 510.872108459473 564.682464599609 594.632736206055 628.087768554688 653.052230834961 696.668640136719 770.026565551758 865.398300170898 954.950241088867 1008.68444824219 981.273254394531 881.520141601562 803.488754272461 706.141799926758 641.488067626953 599.512741088867 552.695220947266 534.486892700195 532.535064697266 550.576705932617 567.034912109375 584.36164855957 606.54167175293 643.95881652832 688.700332641602 784.117660522461 867.03288269043 905.815368652344 968.551940917969 1045.38668823242 1048.4055480957 1010.35125732422 898.272155761719 821.746047973633 737.267639160156 699.810409545898 691.762603759766 690.245819091797 686.404907226562 639.050048828125 589.08024597168 516.97696685791 381.752449035645 296.078308105469 215.480102539062 153.605781555176 136.243885040283 129.171510696411 116.540828704834
352.382385253906 374.534217834473 401.400428771973 422.259086608887 470.497161865234 527.415771484375 572.629669189453 604.129089355469 632.058502197266 666.714370727539 711.728439331055 790.215103149414 858.086517333984 951.736465454102 994.372924804688 929.364959716797 856.876739501953 773.241088867188 686.776840209961 628.841567993164 585.694442749023 535.974304199219 514.312782287598 516.176376342773 520.329627990723 561.746719360352 590.328536987305 619.873428344727 655.545288085938 713.070510864258 774.172821044922 827.332458496094 881.616226196289 909.647521972656 959.633361816406 1011.54046630859 1040.28509521484 970.084228515625 872.682907104492 814.474624633789 768.244186401367 743.016586303711 737.572891235352 727.122665405273 677.627899169922 604.510314941406 542.62287902832 404.039779663086 293.843353271484 224.695384979248 155.173599243164 139.897518157959 128.341035842896 119.062271118164
378.388236999512 412.739715576172 432.373970031738 457.110160827637 491.5732421875 547.534622192383 578.896896362305 608.885284423828 640.108215332031 681.995330810547 704.767501831055 778.247436523438 863.402099609375 918.440460205078 919.185638427734 885.892456054688 807.756439208984 730.419387817383 668.713119506836 614.091125488281 560.844802856445 527.047897338867 501.253341674805 499.693786621094 516.567123413086 540.41520690918 590.563385009766 633.581008911133 624.659652709961 672.550140380859 734.310073852539 789.776504516602 809.298782348633 829.986206054688 877.737808227539 974.265487670898 1056.70266723633 1029.09484863281 951.830230712891 900.652908325195 873.665161132812 830.176651000977 810.140319824219 737.363265991211 666.920669555664 592.574783325195 535.341613769531 410.177757263184 302.840393066406 237.902767181396 164.628814697266 146.773067474365 131.677244186401 120.120306015015
411.373733520508 448.169120788574 473.391677856445 481.236785888672 510.931785583496 545.137161254883 580.363845825195 604.333465576172 633.869491577148 671.747329711914 706.595642089844 761.311874389648 827.604339599609 866.802581787109 844.739624023438 813.442886352539 738.487152099609 670.338241577148 627.357177734375 581.215881347656 539.109786987305 506.365020751953 465.47681427002 451.090538024902 482.875534057617 516.17219543457 547.50651550293 589.901840209961 609.200607299805 613.034103393555 648.327301025391 696.548782348633 751.903030395508 803.242095947266 845.213195800781 930.554229736328 1016.76216125488 1077.7707824707 1038.34310913086 978.185852050781 918.798614501953 907.776321411133 831.90364074707 730.596908569336 656.302719116211 577.643905639648 529.536972045898 425.933616638184 315.162506103516 266.311935424805 201.689666748047 153.107460021973 133.448316574097 125.463441848755
431.76496887207 486.264030456543 489.153213500977 499.350639343262 504.43733215332 535.388641357422 566.982040405273 605.209854125977 636.373870849609 664.332885742188 695.788391113281 724.561264038086 766.912353515625 775.007781982422 753.124786376953 701.409439086914 658.022079467773 624.274993896484 581.857345581055 543.922805786133 510.934951782227 465.009765625 421.209495544434 392.307250976562 432.452217102051 479.049461364746 509.678726196289 536.287750244141 572.900863647461 598.517959594727 617.248016357422 673.250473022461 749.397155761719 778.442047119141 843.273956298828 911.946029663086 997.826416015625 1049.37503051758 1081.40060424805 1016.26460266113 964.408096313477 905.461517333984 827.7763671875 711.953063964844 635.55598449707 571.025527954102 532.328567504883 445.053260803223 347.637687683105 295.49633026123 232.999568939209 164.910091400146 140.704807281494 126.523069381714
459.065849304199 497.644981384277 501.060806274414 484.162292480469 500.458862304688 532.388671875 564.437271118164 602.501495361328 635.031448364258 662.589553833008 687.379241943359 705.435836791992 702.024887084961 686.586380004883 641.821395874023 609.89892578125 581.786376953125 571.30973815918 545.963851928711 512.638450622559 474.379241943359 408.605072021484 363.039085388184 347.263031005859 379.60376739502 445.039016723633 494.394538879395 527.596000671387 573.014251708984 581.976760864258 622.740249633789 718.596755981445 780.699035644531 854.027465820312 894.417343139648 938.240615844727 988.089584350586 987.885040283203 987.059646606445 953.200698852539 910.800445556641 875.183700561523 807.589248657227 706.23486328125 643.760650634766 580.082366943359 551.495223999023 474.47957611084 376.442207336426 321.335029602051 248.089389801025 174.23609161377 144.712184906006 130.063552856445
482.212951660156 480.727851867676 472.73868560791 456.224678039551 477.525482177734 515.010925292969 556.005584716797 601.19319152832 635.350112915039 656.488723754883 662.007888793945 652.624877929688 639.562744140625 612.949493408203 566.654342651367 537.106842041016 526.785011291504 514.469169616699 509.014518737793 483.439949035645 417.870147705078 355.567016601562 324.699478149414 312.864067077637 354.432563781738 423.520057678223 473.235023498535 528.383712768555 614.993576049805 647.549285888672 680.245712280273 735.306228637695 820.627548217773 891.44970703125 943.50634765625 945.945373535156 926.093246459961 880.321304321289 853.433700561523 840.886276245117 830.922058105469 835.282119750977 804.7158203125 724.75341796875 662.332321166992 605.640777587891 565.514587402344 504.466606140137 387.517219543457 321.055908203125 270.555534362793 205.916954040527 155.257205963135 129.725776672363
460.444801330566 469.28116607666 432.539154052734 418.858001708984 449.71541595459 500.333786010742 553.195297241211 596.242446899414 631.336898803711 641.670227050781 629.132202148438 599.697540283203 569.686813354492 536.380752563477 510.545906066895 493.397979736328 482.084419250488 481.211036682129 467.466865539551 427.723983764648 358.98558807373 318.927764892578 310.273170471191 315.219253540039 345.684295654297 443.929191589355 523.306503295898 573.943405151367 626.266540527344 671.508941650391 713.583908081055 795.890396118164 880.910583496094 941.906097412109 923.595031738281 879.568603515625 809.000045776367 758.056457519531 741.723968505859 732.014419555664 741.616424560547 766.951889038086 784.407470703125 748.151214599609 688.635406494141 628.26318359375 582.13850402832 537.916412353516 424.879379272461 334.156898498535 275.57349395752 200.523403167725 156.48006439209 130.487157821655
452.966194152832 421.82177734375 392.853034973145 386.915405273438 425.546051025391 478.003440856934 541.19612121582 581.156112670898 609.70915222168 617.808135986328 592.265838623047 545.563735961914 497.826812744141 483.707725524902 465.435531616211 444.382987976074 434.929512023926 413.204284667969 394.517539978027 357.222549438477 322.741180419922 299.355529785156 297.820404052734 306.562141418457 333.583702087402 441.057975769043 535.20100402832 586.648239135742 647.399169921875 696.409362792969 759.993133544922 857.120864868164 925.799179077148 902.315521240234 836.437194824219 762.025772094727 700.264175415039 647.436569213867 620.752151489258 612.085021972656 628.492721557617 672.787399291992 746.985778808594 767.473754882812 713.609680175781 649.591491699219 604.967529296875 564.201278686523 462.193565368652 353.677810668945 291.687782287598 230.97579574585 159.340991973877 133.574892044067
424.71021270752 389.139236450195 357.137664794922 364.997917175293 378.458190917969 448.363662719727 517.611968994141 551.425064086914 578.597961425781 587.130752563477 569.698425292969 514.957847595215 463.356231689453 430.807922363281 406.862915039062 376.518424987793 348.82373046875 319.447044372559 302.617156982422 294.088020324707 294.10863494873 300.386505126953 297.5576171875 302.616668701172 333.568336486816 449.794464111328 537.186828613281 605.057098388672 670.929840087891 734.76628112793 816.929962158203 860.028045654297 872.320526123047 828.160232543945 735.903778076172 628.174911499023 553.478927612305 518.009483337402 515.372863769531 523.804809570312 541.79133605957 611.688217163086 695.961380004883 756.351425170898 740.447601318359 670.198135375977 612.011993408203 569.602386474609 489.880950927734 373.909614562988 304.508178710938 244.291721343994 166.598468780518 146.260288238525
401.039566040039 362.362815856934 337.386924743652 327.173469543457 338.315017700195 393.86833190918 459.123573303223 509.476402282715 536.666259765625 555.102310180664 551.331527709961 503.602470397949 417.652778625488 354.467086791992 295.579078674316 274.588668823242 272.231002807617 271.578266143799 270.509952545166 274.400321960449 280.92699432373 298.686714172363 295.197723388672 314.523979187012 340.401924133301 458.417022705078 537.300842285156 607.0771484375 680.344497680664 760.474319458008 809.567398071289 822.801361083984 783.590209960938 705.995956420898 618.466461181641 544.924133300781 499.149307250977 466.275932312012 458.445617675781 482.392761230469 521.98966217041 582.440505981445 638.475799560547 702.969543457031 719.114929199219 654.393051147461 615.651794433594 572.110626220703 495.817565917969 372.470634460449 315.454612731934 258.540924072266 178.084465026855 156.584590911865
409.509788513184 363.183959960938 335.818511962891 317.021759033203 315.418251037598 328.92862701416 381.790489196777 433.548431396484 487.746353149414 520.088111877441 525.370300292969 453.728492736816 353.990264892578 282.880340576172 247.47696685791 254.457695007324 254.815189361572 262.61450958252 270.092620849609 278.839225769043 300.19408416748 290.298645019531 316.28434753418 329.501419067383 371.355339050293 479.143798828125 540.595764160156 616.179336547852 695.96842956543 772.39079284668 777.967575073242 722.110748291016 639.616058349609 580.344436645508 544.574996948242 501.339881896973 454.486808776855 423.946647644043 418.528686523438 445.912078857422 486.852996826172 528.279067993164 596.231231689453 621.169326782227 650.364349365234 638.04948425293 590.419677734375 554.949813842773 477.313163757324 359.303993225098 316.324340820312 269.458915710449 202.932952880859 167.717761993408
427.145896911621 394.19539642334 334.916702270508 315.950309753418 301.569854736328 295.834938049316 308.584854125977 356.710502624512 420.257743835449 457.483551025391 458.748268127441 375.732772827148 299.922157287598 266.09020614624 236.453586578369 228.047008514404 242.872489929199 259.11988067627 287.536010742188 282.770469665527 338.838363647461 337.594253540039 349.976692199707 361.284156799316 433.083198547363 516.567535400391 574.93977355957 642.111541748047 724.018798828125 745.540618896484 723.804733276367 612.444000244141 525.000770568848 476.489562988281 457.686904907227 439.652976989746 405.13304901123 375.86368560791 360.475402832031 413.549751281738 452.909942626953 481.672271728516 514.383186340332 536.18701171875 556.230056762695 546.053009033203 533.57780456543 513.352333068848 438.126747131348 342.885498046875 303.666717529297 258.188789367676 229.558704376221 171.444427490234
438.280334472656 409.369338989258 376.647323608398 330.69221496582 307.324417114258 292.965202331543 293.134788513184 297.814865112305 343.187240600586 381.051635742188 363.77513885498 302.08763885498 253.531394958496 223.986381530762 217.237804412842 217.839195251465 236.777881622314 260.79857635498 289.383018493652 326.730110168457 349.963447570801 367.340827941895 388.219108581543 434.472503662109 512.657516479492 562.488388061523 612.292175292969 677.546676635742 736.903625488281 727.176635742188 631.96337890625 524.238800048828 427.731475830078 372.122261047363 336.211227416992 309.814552307129 264.404685974121 241.564823150635 265.968521118164 324.095207214355 408.823654174805 440.52906036377 442.698265075684 441.131874084473 452.551139831543 442.307495117188 444.334098815918 415.64363861084 350.095993041992 306.439346313477 272.947784423828 241.479339599609 210.18367767334 154.899360656738
