Rscript/monthly_maps/SnowDepthMapFile-mean-1990-01.asc
ncols 320 
nrows 361 
xllcorner 618410.159 
yllcorner 5088785.286 
cellsize 100 
NODATA_value -9999 
[rows 69 to 91 of 361, columns 212 to 264 of 320]
174.518285935925 153.214195005355 137.795915665165 125.756210081039 118.600664323376 113.231267006167 110.885701579432 110.569622408959 108.343144324518 107.681947523548 109.044404306719 108.102490209764 144.966715658865 148.964861469884 168.864908526021 182.034322184901 181.179263945549 202.14993187689 229.75685070407 230.986267582063 235.728371404832 241.447614608272 222.253736434444 222.570172709803 244.440780147429 279.424707228138 321.928089757119 370.229470529864 430.20714446037 506.42682672316 568.161983366935 577.038357642389 599.705072218372 637.00988375756 631.566028225806 644.704034620716 653.442209551411 657.719732469128 656.043649981099 653.143822454637 653.532624275454 657.616856728831 667.33455141129 673.185899303805 676.58104484312 684.540856146043 694.650589481477 717.699640089466 743.12348593435 771.565110729587 786.481594947077 793.006511072959 808.786148563508
118.73608386132 112.67917202365 110.54235482985 105.518460427561 99.2718708899713 102.631941026257 100.20755164854 108.224608390562 109.164314762239 115.76087533274 125.822588766775 140.325080625473 158.118181536275 182.277443670457 185.593551143523 204.596895771642 220.406679707189 243.130497101815 258.407772433373 262.596337103075 258.01750429215 256.019091698431 245.701265888829 237.751270417244 231.804699313256 241.179497503465 264.882972963395 293.329865486391 336.778815977035 407.19054782006 468.452273461127 523.450636340726 555.497441445627 581.77058164535 609.301513671875 610.056288196195 631.66559625441 670.892385175151 687.485591765373 703.556024366809 715.439630323841 717.937389742944 716.982093072707 716.997814547631 722.099892893145 733.43509797127 746.378356933594 769.616012081023 782.178903887349 794.673745432208 805.06892641129 814.087120794481 822.568152643019
107.843072829708 99.8504855248236 103.847234049151 90.4606921288275 90.0351466517295 91.9123846484769 98.5290903891287 96.119867140247 100.110575152982 116.21801019484 138.24097934846 155.496024101011 187.356663365518 201.648262762254 229.020622499527 253.15086906187 269.556195659022 280.613090761246 291.014730638073 296.074038105626 290.503840784873 268.688745314075 261.956379552041 257.324530324628 249.74938817178 237.751988072549 233.900647563319 240.911939067225 278.286646689138 325.74838207614 385.181306900517 448.721131355532 487.382823328818 528.74404710339 558.242386356477 583.643861832157 606.522644042969 636.284032021799 679.054947391633 737.288312358241 776.317796276462 784.605435279108 782.113606114541 774.840759277344 778.304183467742 779.669307585685 790.600001181326 796.8397945281 805.663318264869 815.582747920867 824.32665031187 828.751604633947 833.04143499559
97.1308163058373 88.811155996015 88.9556910607123 87.8864859304121 92.2241575179561 81.1730114106209 98.9543618232973 112.377734276556 132.81219925419 138.188526522729 151.911727413054 179.730144377678 201.576356949345 246.167599585748 281.251446139428 322.109995195943 337.076518397177 350.307408486643 352.267625378024 346.264528336064 324.985584874307 303.624667259955 273.529134442729 261.06809800671 263.953030493952 257.246658817414 256.044339087702 248.761433755198 251.887971939579 294.729011781754 352.899597167969 389.281377976941 425.631536668347 474.734408470892 513.836472049836 542.421875984438 568.296179986769 599.105321084299 643.782787692162 715.390227287046 792.6747554656 816.19249110068 816.29211032006 805.759440760459 799.606100759199 805.163050497732 812.053640057964 819.143426710559 826.431634718372 833.12459047379 835.507784935736 843.717938823085 848.886147775958
96.3314501854681 89.9530859916441 96.3755613757718 89.263129326605 109.25938070974 111.397227133474 133.806646531628 141.567617354854 158.835843486171 166.515613432853 178.803022077007 184.78610327936 224.58829522902 277.90040539157 335.373321533203 373.686281265751 399.316934893208 410.227838331653 409.555330338017 388.626546552104 360.479128929877 328.413168630292 295.727361863659 276.370210216891 262.6468988234 262.164855464812 265.246597782258 265.837009552986 277.130706787109 295.402868947675 321.994788385207 370.866776989352 401.332986154864 425.600317185925 479.179225798576 517.023904123614 556.922400689894 575.353774532195 618.37212937878 683.248982091104 760.566589355469 810.026802309098 842.706515404486 843.022167574975 828.572310909148 823.144883678805 829.90678750315 837.945495605469 844.013947517641 849.057867234753 853.098292196951 858.641046339466 864.79879859186
77.5211395755891 110.445504588466 106.703572796237 119.217206647319 129.055607703424 162.324815073321 159.232739602366 180.121623869865 174.35142910865 183.932915472215 196.543903473885 207.19216574392 249.129829652848 295.464354484312 349.342618880733 399.848415251701 453.912388955393 470.697664322392 462.375135852445 428.683306294103 392.81838398595 352.445600940335 326.113240888042 297.746235509073 280.555322954732 267.764073525706 269.547011344664 273.746516073904 284.573816607075 301.828952420142 324.59814945344 353.861457086379 386.900612123551 403.301444761215 428.210931593372 491.678020846459 528.503566618889 564.188467702558 582.986784904234 650.535670126638 726.341968167213 779.993199502268 830.507129300025 867.417259954637 871.141215662802 861.373029155116 855.242943548387 859.778385285408 862.33263766381 864.002291771673 867.912922520791 873.859652611517 878.931146437122
110.196471921859 119.088871371362 134.070614722467 164.272430173812 172.488239903604 189.261344171339 188.902938842773 204.284063031597 214.450871621409 223.619408392137 238.850855181294 242.306844895886 258.084251157699 305.236506308279 338.773135277533 398.969710811492 466.565676781439 516.933688256048 523.491485595703 494.69382796749 433.254617998677 386.282649870842 347.020968529486 325.406177151588 303.534711776241 282.863601192351 274.851504910377 276.625518306609 289.629798643051 313.040507162771 338.249236076109 361.598553073022 369.883405131678 389.680075368574 395.570554671749 433.424573344569 495.798027776903 539.687866210938 569.792376118322 608.297989383821 693.600385112147 750.819410754788 798.072976389239 855.461764427923 889.586585260207 904.027889128654 891.520580660912 883.4706046812 875.654074392011 878.35509860131 878.659916047127 890.87836874685 901.059828235257
127.611475052372 160.98786212552 170.013226909022 190.768301194714 202.121420583417 231.469059605752 258.537739907542 274.643945509388 279.348559964088 278.231402489447 277.701079830047 279.453614265688 286.62637624433 306.243588847499 334.381036573841 381.338069792717 438.768837221207 507.861023933657 550.383980043473 540.730571131552 496.024100026777 431.435793968939 377.0469734438 343.32326679845 327.135636852634 301.640793338899 286.043808475617 285.22905805034 290.747162357453 326.843753937752 348.35393991778 377.00695407006 388.067281415386 403.789849065965 403.10206062563 415.026184082031 454.831746747417 502.394890569871 546.591492683657 575.680034022177 658.501019877772 724.527089764995 773.00204172442 819.218726373488 869.471313476562 907.163009151336 912.940667921497 906.066112887475 897.651341592112 895.13433641003 897.378421906502 909.273295740927 916.274437689012
166.295040499779 188.820645240045 189.549199750347 220.778608260616 281.229828865297 328.183901879095 345.431646531628 359.910330495527 360.244860249181 344.612076297883 319.402187716576 298.88433148784 307.61812468498 320.865312637821 324.343298635175 350.251279769405 417.977408132245 478.752713111139 544.535398421749 573.415637600806 556.629992085118 480.142593876008 414.626175418977 366.750678277785 345.715460008191 332.106685515373 314.81036918394 300.023983370873 301.599070887412 324.333921370968 350.532705983808 371.27501063193 384.228764687815 390.708227342175 392.153801702684 414.375828896799 429.234583700857 472.959263955393 509.798548544607 552.288220805507 604.65571741904 711.457169071321 763.973660376764 802.960587040071 840.878150201613 881.701890514743 905.158443327873 914.937818957913 910.089926442792 909.42761624244 913.068705897177 920.451490832913 935.218224310106
184.051830660912 205.266826998803 249.689005697927 312.07762687437 361.873838363155 389.023988785282 404.475794638357 406.292794504473 396.458690028037 388.932928269909 365.899913172568 341.359785510648 309.993811330488 329.362143239667 324.489007273028 340.865243234942 393.118752756426 446.872521185106 512.241110524824 581.110112344065 606.064783896169 551.548538700227 462.922526697959 396.276190973097 366.811901461694 352.858102121661 345.562002858808 340.588717552923 335.825669811618 346.583548268964 355.428453999181 372.314769129599 376.118316650391 381.394031155494 384.459935342112 394.624361099735 420.302189980784 453.731106665827 480.108790243826 523.796898626512 574.854074785786 688.601210071195 755.595429451235 802.803071052797 830.933646909652 865.694028792843 899.859688051285 910.016950053553 915.374425088206 915.39451156124 918.779155115927 931.794896279612 944.191089260963
221.246742002426 276.824687834709 330.036111154864 370.633014309791 408.262832149383 439.551239013672 456.151871219758 455.717177852508 444.768637380292 422.444006150769 394.131902879284 363.501152776903 334.097127606792 326.58336762459 321.813372212072 323.518515802199 360.0258050734 427.87691866967 483.547982492755 553.093581661101 618.753081290953 601.524419969128 532.040641538558 450.684328140751 399.508468135711 382.31404359879 376.962384623866 369.639310775265 370.366261143838 365.524157124181 378.154655210433 377.020495999244 381.297828920426 379.243343230217 381.06592289094 395.124658400013 413.740713796308 436.270719466671 475.097861013105 516.152566232989 564.683371267011 661.279383505544 746.401479413432 801.704507150958 837.683857579385 870.686614005796 892.650453629032 910.489574801537 916.730122227823 919.273772208921 924.005630985383 930.063901839718 939.673570202243
318.302269720262 358.493569650958 382.358331495716 411.755634923135 451.784236784904 490.665087299962 505.647789739793 505.781270673198 486.788406864289 457.931996991557 413.152247275076 384.399671000819 349.832086378528 326.916665354083 342.457795173891 327.711732925907 347.733993038054 400.194292622228 457.212810885522 517.491380260837 582.389792165449 623.094683247228 609.127843056956 527.984529556767 459.726208102319 433.972860028667 421.770852365801 413.844072895665 403.497333157447 395.901266774824 387.642352688697 391.69288586032 388.208231279927 381.441529304751 387.612341111706 389.031068863407 408.051482169859 430.525227208291 466.896466655116 494.739075691469 542.365536597467 633.898323305192 735.39889624811 790.65391688193 834.81045827558 869.689350743448 893.809245447959 910.95070328251 920.764047930318 925.320129394531 927.887850853705 929.316142420615 928.824311287172
381.493462347215 407.237079251197 426.189907935358 455.768316453503 492.792272752331 529.206317532447 544.380628032069 541.906541393649 520.974278603831 483.905529391381 435.681848341419 390.617345010081 359.8960699266 334.853547127016 331.703858406313 331.015468474357 342.500397712954 389.290477137412 432.597643452306 489.118021318989 552.795607043851 610.72762766192 649.233443721648 609.111111548639 532.668645058909 485.147351664882 464.227226995653 455.483345277848 445.467666133758 424.946735012916 408.063228484123 396.104229342553 395.620396767893 394.847679876512 396.070357784148 405.481930640436 403.546999039189 431.892120361328 467.800745810232 491.23817788401 533.625864336568 607.397979736328 711.10005827873 773.472264443674 826.66506859564 874.493073494204 904.207840458039 921.551206527218 927.610877252394 939.331556750882 947.666175103957 954.887585055444 953.579680412046
425.217887632308 457.674502465033 479.33895086473 498.346848026399 524.668224703881 558.915303876323 578.389852216167 563.471386324975 531.891036495086 495.76812547253 450.40481468939 398.708462622858 377.154022216797 347.353567800214 332.687184979839 350.619140625 340.490889026273 372.027296496976 421.700027958039 462.348464473601 522.94035585465 567.752060428742 636.949858634703 673.866277879284 601.02159266318 543.78507257277 510.557629985194 498.062497046686 489.266553325038 466.759831582346 444.253320509388 419.827872983871 407.83646023658 404.317554104713 410.105234453755 427.278194304435 441.53229055097 454.783995597593 478.145311909337 506.180975144909 534.439665763609 588.866791755922 689.688250141759 747.4237296812 790.049312468498 856.370733445691 908.398356776084 938.244109122984 952.237072360131 957.481214954007 968.232709330897 982.816534226941 992.15176686933
488.346495597593 507.725341796875 525.094947076613 533.629656391759 551.769365864415 604.827183877268 609.74569406817 576.537596671812 536.278473884829 502.674473916331 463.843411353327 411.93933499244 386.839982555759 362.004324636152 356.712738037109 358.143632458102 361.650846419796 367.292895901588 417.652517995527 451.157374228201 490.789241667717 537.255047213647 596.375089583858 643.259054860761 681.76758796938 593.843936058783 549.75294937626 523.183246243385 511.210327148438 500.207898539882 476.933543543662 455.896891932334 440.907416559035 429.232534100932 434.974159486832 454.259010561051 479.033721923828 488.448638916016 507.91055100964 524.072090395035 547.056861139113 570.25622952369 655.761021767893 705.142899051789 761.819731681578 810.686803017893 872.26896421371 929.819688366305 972.693373157132 986.086522256174 992.369634812878 1006.39348774572 1021.91121156754
532.29258383474 544.665735060169 548.76524500693 556.74759304908 586.356527020854 628.006351594002 625.780680994834 593.532042472593 544.663979807208 507.940270208543 479.754274429814 434.315895326676 394.921639719317 381.8648199266 360.898200250441 372.629758773311 372.324631229524 392.23584476594 413.803174418788 448.445127425655 471.955810546875 517.916900634766 559.667597616873 635.465442288306 690.85250952936 658.364897697203 585.954985587828 554.350682412424 537.65127366589 516.291107177734 502.83394499748 491.037945162865 482.246551513672 479.901869250882 487.052491218813 499.208092474168 514.775430986958 528.393198320943 541.951526272681 548.943777761152 553.876215780935 561.619649579448 617.459471671812 678.64952235068 721.995381016885 769.568757087954 827.314640168221 903.779562673261 958.358020413306 991.660758726058 1004.50784006426 1020.2964812248 1027.87673261089
561.519307782573 577.734331684728 582.014690768334 588.56441866967 618.325441422001 647.794656076739 637.143257387223 612.106685515373 558.118056758758 521.519406226373 491.856266144783 451.134155273438 407.027306341356 392.000494187878 377.931835543725 383.955618581464 373.759712465348 391.40912554341 423.483853247858 440.142910865045 476.358470301474 516.84911617156 551.430449455015 602.425429805633 689.211453345514 693.301238029234 637.490669496598 575.555194485572 552.635215513168 538.58738757718 520.487587221207 513.622608800088 511.966174710181 524.822646602508 542.137199155746 548.348241006174 554.130989320817 564.001318162487 570.237006402785 569.08736296623 559.745094545426 557.527545559791 580.90291078629 658.031848538306 698.485581920993 738.497662944178 789.828473491053 852.095311318674 916.347272319178 961.507278934602 992.333312988281 1009.36442122921 1012.50845632245
603.903046638735 620.112535045993 613.459334834929 620.368268412928 634.337124732233 661.881471695439 652.59971766318 628.870351483745 583.148805679814 537.24944773028 501.029197446762 464.403970041583 423.404438634073 396.453512868574 384.293251283707 391.355389010522 379.899229972593 384.631974743259 420.769705495527 447.598591466104 479.931685909148 510.172049245527 551.307325793851 592.085274973223 664.589217647429 696.980575069304 687.641873267389 624.105330928679 560.362495668473 536.813219624181 527.906824911794 535.345572194746 550.821163054435 571.156271657636 584.627150012601 591.60488694714 588.440099900769 587.706213182019 590.962420063634 585.637240502142 575.092342253654 559.542171355217 561.402870424332 630.58698297316 677.326388451361 721.786774666079 769.516605500252 811.98927750126 870.806195659022 914.501307333669 962.538761261971 992.021848617061 990.837024319556
639.839164487777 644.799619613155 641.918195170741 643.135383852067 646.012858729209 671.489604334677 666.634145429057 644.012212937878 597.410972349105 554.69822742093 509.021809239541 470.848178002142 432.734535463395 400.742802773753 391.531848538306 387.167218608241 388.561589394846 386.084812287361 422.918199108493 445.28124015562 485.185783140121 521.573594616305 563.476560531124 601.2650628859 653.819967946699 699.834096600932 720.379811932964 674.327920236895 602.118258568548 554.788406864289 527.578473491053 535.613502748551 563.148631434287 588.508830408896 606.696741903982 611.699510143649 607.978816863029 604.87148850964 603.191612981981 597.514233004662 583.135311003654 569.325366604713 559.383479948967 596.122160880796 671.110831968246 706.698754095262 756.924932664441 795.859146610383 839.704735540575 879.516062090474 929.451061617944 961.97845655872 972.964509041079
666.646614320817 664.253947596396 655.691896500126 657.796794276084 660.571513514365 685.885401571951 693.729360272807 657.460047568044 612.740866384199 573.199122275076 516.709532706968 484.729630008821 440.297277635144 401.71779804845 391.965615549395 390.86723179971 392.016608453566 402.842810846144 427.333259828629 447.130503992881 482.503262427545 524.038798670615 565.694186302923 600.495100452054 643.694999448715 687.523228799143 752.293640136719 765.907037550403 707.424397130166 653.599973617061 583.465300529234 546.570849018712 558.237149146295 590.91405265562 607.956596128402 616.594500141759 616.324732626638 610.773813555318 611.39266672442 608.770820863785 599.419959283644 580.83107929845 566.31540015436 583.622687555129 655.430904265373 697.95544827369 733.687261766003 775.3125492219 809.589278682586 845.98918890184 892.522561350176 943.68112281061 984.785863076487
694.508385442918 671.711730957031 668.131788684476 662.15926828692 668.789420835433 697.364450762349 713.844622212072 687.321440665953 627.833029470136 589.738605130103 531.137561428931 484.703388829385 445.195028981855 402.776570966167 393.727363832535 384.484586654171 393.746207944808 408.06438421434 429.85691390499 451.21776851531 484.196854129914 526.804057459677 565.616794709236 602.998963386782 637.30187594506 684.238127677671 757.690427718624 781.93806703629 766.621367423765 706.459277737525 656.88921922253 620.895224294355 567.283738659274 585.233196627709 603.123107910156 616.78854468561 618.525680049773 616.012193249118 614.225912770917 615.360259025328 609.356922764932 592.345365462765 582.254721364667 580.387550600113 650.106244487147 690.090895129788 711.525652485509 743.802893853957 777.299509356099 817.032557333669 855.57772531817 898.763803789693 952.792976625504
713.029958417339 696.927124023438 681.522033691406 674.490007954259 682.27597735005 712.705119471396 730.409750661542 710.520539314516 646.353291173135 599.097119731288 545.740600585938 486.127131308279 449.540849254977 407.045669063445 401.255995227445 389.305710331086 400.199962985131 413.644843316847 431.874438870338 456.20078203755 489.279417960874 528.895183932397 561.779589253087 595.140510805192 624.803752283896 689.36324187248 740.782338788432 782.935828424269 823.221346947455 800.447799190398 728.658748503654 644.561525406376 610.424672772807 565.773451282132 588.10049733808 612.1221195344 622.643473963584 620.978618006552 622.152066138483 622.221530052923 617.372487714214 605.820208149572 590.466065437563 576.877893263294 644.095894105973 690.71237281061 704.884858162172 716.052950951361 740.446283155872 766.498698572959 810.308430333291 853.53322281376 904.23436515562
736.02528233682 716.452555994834 702.562397618448 694.914690571447 698.365163495464 723.183705975932 739.760218466482 734.237119613155 670.801519578503 603.703666440902 555.4522468813 491.756793606666 455.81728929089 423.278422694052 408.833745156565 395.871141003024 393.457892633254 416.91165554908 437.079362438571 460.659218080582 492.488612021169 525.407581944619 558.292592694682 579.082322643649 607.634411227319 690.87703188004 731.435542937248 785.287388955393 857.488734091482 869.466659053679 820.245113249748 700.483331495716 615.438795520413 600.361749464466 569.127985800466 597.768034904234 621.981421685988 626.829455960181 626.83973546182 627.461134387601 624.888421827747 615.522208921371 598.741688389932 588.03184656943 623.265140656502 683.645789361769 699.769296953755 706.399036038306 705.594553301411 723.330099782636 759.305827479209 772.8534171812 779.552982453377
