Rscript/monthly_maps/SnowDepthMapFile-min-1990-01.asc
ncols 320 
nrows 361 
xllcorner 618410.159 
yllcorner 5088785.286 
cellsize 100 
NODATA_value -9999 
[rows 175 to 199 of 361, columns 168 to 223 of 320]
0 0 0 0 0 0 0 36.0345077514648 84.3793106079102 107.875 139.091903686523 162.366668701172 188.434280395508 208.40657043457 214.224411010742 236.48503112793 287.969482421875 345.932739257812 375.247741699219 412.454345703125 451.019195556641 496.304809570312 543.824768066406 622.381958007812 665.705932617188 691.311157226562 726.504333496094 784.438110351562 867.981811523438 892.117126464844 880.184143066406 812.313720703125 715.375854492188 648.269226074219 610.722595214844 532.027587890625 475.067596435547 455.299285888672 385.915313720703 340.917175292969 323.189422607422 273.027404785156 175.428359985352 105.304908752441 79.7303161621094 42.8389358520508 20.6127338409424 11.6836442947388 0 16.5189781188965 27.2275543212891 56.3030433654785 118.920097351074 139.646331787109 186.249771118164 238.62483215332
0 0 0 0 0 0 26.9736785888672 56.0371971130371 93.4042587280273 123.831352233887 155.732666015625 239.064651489258 308.029144287109 344.909790039062 347.945281982422 352.252899169922 367.6767578125 378.539916992188 406.052703857422 444.825714111328 490.862823486328 540.063598632812 609.115478515625 671.553405761719 695.668090820312 719.417846679688 734.500366210938 794.924255371094 850.260437011719 874.668334960938 849.674133300781 763.071533203125 689.501647949219 634.865661621094 583.5498046875 502.0712890625 463.884704589844 413.985015869141 341.390991210938 327.529357910156 301.177093505859 232.222106933594 157.005264282227 102.702484130859 78.2515182495117 42.6636505126953 23.4251403808594 0 0 21.156364440918 26.2136116027832 37.090633392334 69.979621887207 115.457534790039 200.199600219727 279.044464111328
0 0 0 0 0 0 36.0117721557617 83.5825729370117 106.406890869141 139.245071411133 203.774841308594 304.958587646484 374.615295410156 403.495391845703 409.148010253906 395.647674560547 396.681610107422 417.931121826172 445.835906982422 484.802795410156 539.289306640625 616.078247070312 684.027465820312 715.771423339844 716.144165039062 721.901428222656 731.434020996094 756.110046386719 823.957641601562 846.946105957031 803.002990722656 726.957092285156 664.02099609375 616.262939453125 546.211242675781 469.610076904297 450.069427490234 377.467742919922 341.427062988281 307.684692382812 257.046417236328 174.801849365234 126.594131469727 97.7060470581055 76.9895248413086 43.7254638671875 24.7420253753662 0 0 19.8057746887207 26.4700679779053 48.9626235961914 71.0118255615234 106.672538757324 211.555511474609 318.728576660156
0 0 0 0 0 21.1854915618896 60.2090721130371 97.0493545532227 138.326553344727 181.962295532227 282.028594970703 367.634399414062 390.854797363281 422.018096923828 448.445373535156 452.537902832031 454.505432128906 463.546325683594 499.043701171875 548.372619628906 623.188598632812 687.435974121094 722.411499023438 718.963928222656 713.414794921875 713.027648925781 715.499145507812 730.247802734375 775.869567871094 802.388916015625 782.788391113281 727.970458984375 657.05322265625 607.303588867188 510.692352294922 466.708679199219 419.349426269531 366.075378417969 330.568359375 299.467590332031 215.776214599609 146.262985229492 118.522804260254 88.3666152954102 72.2792663574219 43.253662109375 27.0189895629883 0 0 0 20.1870346069336 52.1101951599121 80.1957626342773 157.107772827148 266.669494628906 325.540435791016
0 0 0 0 29.3414821624756 51.3846244812012 90.0295104980469 115.250633239746 158.185073852539 267.563354492188 352.627044677734 385.339660644531 416.496398925781 450.891052246094 477.822296142578 498.308135986328 511.344543457031 538.776672363281 579.77734375 640.527160644531 691.116455078125 731.969848632812 714.810180664062 707.389221191406 688.670532226562 687.803161621094 692.504028320312 712.38330078125 753.183837890625 775.742858886719 796.844116210938 735.978942871094 662.351135253906 601.819152832031 503.237243652344 487.141845703125 427.6181640625 382.767425537109 362.095581054688 316.268371582031 218.429504394531 129.15202331543 112.268547058105 84.1650695800781 65.8338241577148 38.1228065490723 23.3051433563232 0 0 0 18.4244480133057 34.8656959533691 78.0846710205078 130.593933105469 238.896408081055 296.157684326172
0 0 0 0 33.8271331787109 71.4922409057617 102.082824707031 149.496688842773 243.565277099609 347.164642333984 386.983306884766 418.998901367188 449.803039550781 475.196746826172 503.908660888672 556.523864746094 598.559143066406 622.263305664062 655.767639160156 710.147399902344 742.068542480469 735.946105957031 707.000915527344 682.137634277344 656.60791015625 678.243469238281 687.227966308594 695.948791503906 734.045593261719 765.655639648438 795.341125488281 766.853088378906 691.493713378906 621.361022949219 535.405578613281 497.544769287109 453.577789306641 406.714172363281 371.767242431641 333.114593505859 243.725723266602 143.197814941406 100.815795898438 76.825439453125 56.5621109008789 28.2776069641113 0 0 0 0 0 22.7456741333008 59.2688827514648 106.313285827637 208.084762573242 276.270294189453
0 0 0 27.1206092834473 48.9414825439453 86.0158309936523 109.895843505859 170.957580566406 321.418640136719 379.846832275391 422.183044433594 456.538665771484 480.813842773438 505.532592773438 559.755310058594 614.511352539062 648.942932128906 697.039855957031 736.112731933594 765.439086914062 750.047668457031 714.090026855469 682.429565429688 653.2177734375 641.479736328125 655.178771972656 681.504638671875 695.838012695312 716.521667480469 765.01806640625 784.172058105469 791.460998535156 726.2529296875 652.849975585938 590.918273925781 526.196228027344 492.980346679688 432.738037109375 385.430236816406 348.487945556641 287.334442138672 171.204498291016 101.00048828125 73.6015777587891 38.3784599304199 18.0677127838135 0 0 0 0 0 20.0013866424561 58.2038803100586 84.3407592773438 155.043792724609 245.802337646484
0 0 0 19.2936191558838 53.7017517089844 89.4750137329102 114.069671630859 214.787933349609 342.026977539062 390.930633544922 453.058654785156 487.173095703125 521.128662109375 574.122192382812 622.115112304688 650.891418457031 709.875549316406 768.775573730469 795.272216796875 785.739074707031 741.607177734375 691.652099609375 659.469848632812 637.268737792969 615.190368652344 644.336303710938 665.590209960938 691.307678222656 715.383666992188 746.776245117188 788.918395996094 781.957153320312 741.883544921875 684.966613769531 640.568359375 569.615966796875 530.086303710938 485.965637207031 419.816802978516 371.655029296875 321.341461181641 186.418472290039 101.235527038574 76.1023788452148 34.7033386230469 0 0 0 0 0 0 36.5493125915527 82.5452499389648 115.515228271484 190.444305419922 238.673187255859
0 0 0 33.2192916870117 80.4616775512695 93.3095321655273 121.684059143066 235.494186401367 341.881896972656 406.918243408203 460.041473388672 502.385284423828 581.073669433594 638.157470703125 663.259826660156 704.062438964844 766.514038085938 815.220397949219 806.665100097656 766.203735351562 703.725219726562 666.408081054688 642.383972167969 611.055908203125 602.847412109375 628.189453125 660.457702636719 689.60595703125 714.895141601562 762.14453125 782.939697265625 786.155334472656 724.578308105469 668.927734375 630.215454101562 555.301086425781 517.35546875 485.394409179688 415.280914306641 351.672668457031 329.468200683594 204.690292358398 100.765998840332 67.6318435668945 24.2035713195801 0 0 0 0 0 0 41.8919563293457 89.6415100097656 151.2744140625 234.257873535156 315.360137939453
0 0 25.3267459869385 49.0375823974609 83.9431381225586 103.925628662109 135.404739379883 252.417526245117 341.966156005859 401.718231201172 456.959533691406 519.160034179688 614.169494628906 662.986633300781 701.648254394531 760.157409667969 798.147094726562 804.192016601562 791.874206542969 741.098205566406 688.465393066406 651.310852050781 612.548706054688 589.595825195312 601.093811035156 618.605163574219 658.885498046875 691.363037109375 722.600952148438 768.875244140625 787.190551757812 768.67919921875 686.553894042969 631.829833984375 565.042846679688 516.817077636719 489.195190429688 436.333282470703 386.000701904297 341.513977050781 311.604766845703 185.51872253418 96.506706237793 58.1885108947754 19.2529201507568 0 0 0 0 0 20.831470489502 48.3794059753418 99.7391357421875 187.487335205078 287.612762451172 336.838684082031
0 0 22.560567855835 63.9860687255859 93.0040664672852 119.98291015625 159.400695800781 279.036834716797 362.336761474609 409.814453125 458.370422363281 523.221862792969 625.063049316406 683.6728515625 736.999389648438 770.7373046875 794.581420898438 777.002990722656 747.526123046875 699.67236328125 660.761657714844 624.660461425781 597.60302734375 569.480285644531 578.4638671875 611.447448730469 652.836975097656 691.756103515625 739.549011230469 784.133483886719 783.979675292969 738.493957519531 650.694030761719 579.779113769531 499.851409912109 455.707916259766 405.183227539062 361.134399414062 321.420501708984 311.558197021484 267.706085205078 144.224624633789 98.7929916381836 49.375129699707 22.3212776184082 0 0 0 0 0 23.0521392822266 36.8130035400391 84.6030578613281 194.267761230469 305.370025634766 342.794067382812
0 25.4610767364502 41.0799140930176 78.1443023681641 100.044090270996 130.260437011719 189.055511474609 314.269866943359 372.149810791016 419.400665283203 459.300262451172 537.334167480469 637.859924316406 697.191650390625 743.491149902344 766.355712890625 750.2568359375 741.482482910156 716.332214355469 671.854797363281 634.6279296875 594.087646484375 568.848876953125 562.685852050781 568.461364746094 605.053283691406 650.484436035156 691.769226074219 740.804504394531 786.042053222656 750.769897460938 695.62890625 624.167846679688 542.397583007812 468.934234619141 414.163696289062 356.479278564453 317.389862060547 287.366851806641 220.686218261719 150.558807373047 99.3462066650391 75.3973159790039 38.0309371948242 0 0 0 0 0 0 0 33.563850402832 80.8508834838867 162.166351318359 275.261383056641 323.373168945312
0 20.6019401550293 52.7238235473633 86.4548263549805 122.086799621582 140.163192749023 232.269348144531 337.02685546875 380.471893310547 430.558990478516 465.335723876953 565.845642089844 659.755554199219 717.859069824219 740.315551757812 724.590148925781 721.847961425781 702.39794921875 687.542541503906 652.4052734375 612.520385742188 557.601257324219 541.842041015625 537.32275390625 563.443237304688 590.86181640625 650.656860351562 692.994934082031 744.944091796875 768.028747558594 737.311279296875 668.152770996094 607.9970703125 510.172821044922 461.954650878906 390.911529541016 335.050750732422 298.337066650391 215.08137512207 121.069946289062 75.0234527587891 66.3218841552734 55.7677574157715 26.5877494812012 0 0 0 0 0 0 0 40.3631210327148 93.6248092651367 165.219345092773 282.466949462891 332.0771484375
23.9836273193359 48.2973937988281 77.9035797119141 95.4056243896484 123.165153503418 162.268768310547 280.027679443359 368.966064453125 403.101806640625 451.924835205078 491.065307617188 598.877746582031 684.732055664062 736.303161621094 739.72998046875 713.065185546875 691.902709960938 682.892700195312 659.473815917969 626.962890625 562.775573730469 521.323059082031 532.877380371094 535.976013183594 551.457397460938 605.471069335938 653.578369140625 698.428100585938 761.719055175781 746.252197265625 693.006591796875 623.733947753906 550.956115722656 496.256622314453 454.225250244141 391.159790039062 340.100341796875 283.768859863281 169.77751159668 103.545776367188 70.7819595336914 54.5861434936523 32.7325706481934 16.0107936859131 0 0 0 0 0 0 10.8449106216431 43.3047828674316 106.683456420898 187.470550537109 311.198760986328 356.669769287109
44.6712455749512 69.092529296875 91.5190582275391 116.605361938477 137.242935180664 205.226638793945 327.334075927734 378.319885253906 424.107269287109 460.394866943359 523.108093261719 631.824462890625 698.320495605469 736.270690917969 737.532043457031 710.66015625 685.361694335938 659.679809570312 643.533996582031 584.334655761719 522.104675292969 505.946319580078 509.047119140625 535.1484375 555.354431152344 618.226684570312 664.703063964844 717.807373046875 747.116394042969 741.054260253906 661.342163085938 574.592468261719 498.468109130859 458.385925292969 421.659454345703 383.466156005859 341.888031005859 287.331726074219 160.728988647461 113.397346496582 71.6485214233398 56.1602401733398 23.7858219146729 0 0 0 0 0 0 0 27.4249153137207 58.9559173583984 110.647300720215 232.553100585938 327.352813720703 372.876098632812
71.4388580322266 92.0824966430664 108.224227905273 128.097183227539 155.059722900391 255.964599609375 358.065338134766 390.016784667969 445.279907226562 478.352569580078 564.501098632812 660.934448242188 717.568603515625 738.896728515625 724.569152832031 695.46240234375 676.785766601562 640.288818359375 586.58447265625 527.2880859375 504.879119873047 503.583221435547 507.110168457031 519.374145507812 575.829650878906 632.860656738281 683.578125 740.103942871094 767.623962402344 719.57275390625 632.666198730469 539.549499511719 465.722320556641 421.916625976562 380.750854492188 349.482208251953 331.458343505859 287.3095703125 193.254852294922 127.724281311035 92.9405746459961 63.8182907104492 18.7399635314941 0 0 0 0 0 0 0 20.1087703704834 80.5532379150391 129.335479736328 268.34619140625 332.304870605469 391.183197021484
100.65811920166 116.805068969727 130.52294921875 145.161422729492 206.783950805664 317.284484863281 378.384094238281 413.627410888672 454.470092773438 495.595397949219 594.046508789062 685.903503417969 722.434936523438 737.290161132812 715.530456542969 688.268188476562 646.993591308594 601.610290527344 545.671203613281 505.215148925781 483.742523193359 499.819030761719 503.477081298828 515.016784667969 581.827758789062 653.844482421875 697.245300292969 764.992797851562 751.52587890625 694.832214355469 614.428100585938 520.458374023438 456.630645751953 392.586791992188 349.375640869141 314.956909179688 295.045623779297 229.196334838867 173.65966796875 120.399467468262 110.664199829102 84.3145217895508 27.9879283905029 0 0 0 0 0 0 0 21.7247161865234 88.686882019043 157.283508300781 283.371246337891 336.069030761719 417.1298828125
135.77033996582 141.071670532227 150.361831665039 196.666732788086 290.237884521484 369.996368408203 408.478363037109 436.048431396484 459.925048828125 503.869079589844 617.302490234375 693.5849609375 716.024597167969 728.885681152344 697.403747558594 671.693908691406 614.169494628906 563.911193847656 509.088470458984 483.128631591797 483.872924804688 480.807189941406 499.595031738281 510.136322021484 589.025390625 658.002502441406 715.680297851562 763.456115722656 763.6728515625 681.783874511719 601.369506835938 499.400390625 442.541290283203 382.071411132812 330.350433349609 279.202056884766 195.127059936523 139.14762878418 117.262474060059 107.465538024902 106.489189147949 66.8824996948242 24.7836532592773 0 0 0 0 0 0 0 20.5440273284912 89.7431793212891 172.657379150391 307.143249511719 341.038177490234 411.277252197266
142.4853515625 177.698883056641 213.739822387695 288.645172119141 368.034362792969 408.234252929688 434.028137207031 458.717163085938 485.170440673828 529.853698730469 628.229736328125 710.034973144531 732.973388671875 720.584228515625 690.439758300781 645.255737304688 582.997863769531 536.797180175781 504.328948974609 483.898681640625 477.669342041016 480.584686279297 483.495849609375 507.714263916016 591.796875 658.950134277344 720.11474609375 767.868286132812 743.927795410156 663.484985351562 578.082092285156 490.838470458984 424.946594238281 371.876800537109 324.286956787109 228.037811279297 130.627731323242 95.2898330688477 72.4451141357422 65.0908889770508 62.3630332946777 43.1289596557617 21.8835048675537 0 0 0 0 0 0 0 16.2822399139404 69.4906234741211 150.697280883789 266.683807373047 322.161712646484 378.294494628906
174.348159790039 248.365768432617 310.880889892578 371.655609130859 408.64501953125 424.285949707031 459.502258300781 489.609741210938 514.17578125 574.254333496094 658.219787597656 718.0283203125 737.659057617188 718.832946777344 683.840087890625 624.037780761719 564.65625 511.68505859375 490.265258789062 477.693817138672 472.617797851562 476.072875976562 481.632110595703 508.136260986328 590.775573730469 656.571228027344 719.779968261719 764.608947753906 738.623291015625 650.360961914062 567.823486328125 478.256317138672 418.617980957031 363.601348876953 317.9287109375 188.403228759766 119.270172119141 80.4426422119141 64.5414886474609 52.4506645202637 30.5622024536133 14.7312793731689 0 0 0 0 0 0 0 0 16.1631317138672 49.3084297180176 95.2187805175781 225.843597412109 286.801574707031 336.364532470703
205.994613647461 318.475830078125 382.137939453125 412.993469238281 434.662506103516 457.578155517578 489.306427001953 518.59619140625 563.865661621094 629.405700683594 691.977844238281 738.373901367188 737.596130371094 715.713989257812 673.599853515625 608.690124511719 541.526306152344 506.907104492188 482.844757080078 468.485595703125 461.028961181641 469.876434326172 475.739715576172 506.323272705078 582.258239746094 653.563659667969 714.9091796875 750.075256347656 744.095275878906 660.376647949219 568.593017578125 465.474853515625 412.116424560547 345.661956787109 288.930603027344 159.63835144043 97.0634460449219 80.6554183959961 64.5439529418945 35.0057525634766 14.7811918258667 0 0 0 0 0 0 0 0 0 0 29.1455402374268 73.934700012207 157.028350830078 277.326232910156 321.801452636719
255.393753051758 366.408477783203 414.158508300781 442.469696044922 461.372314453125 488.270446777344 516.719848632812 569.328186035156 631.950561523438 678.492553710938 721.039611816406 756.760070800781 741.153381347656 700.458679199219 651.177490234375 584.24658203125 521.216552734375 500.454681396484 474.033264160156 459.421630859375 436.022857666016 458.580505371094 468.492309570312 484.580749511719 552.639404296875 629.635864257812 694.592590332031 743.394348144531 761.095703125 670.476440429688 581.080932617188 465.665344238281 408.279968261719 338.4404296875 279.791534423828 143.273910522461 121.743782043457 90.1950988769531 70.6658935546875 48.2527770996094 19.4352588653564 0 0 0 0 0 0 0 0 0 0 23.1116333007812 68.7383728027344 143.620147705078 273.406036376953 323.992279052734
293.58935546875 376.955902099609 420.931091308594 461.365539550781 494.971649169922 517.481079101562 562.940002441406 626.524780273438 676.305236816406 723.428100585938 769.467041015625 771.787353515625 723.407470703125 691.108947753906 629.005432128906 563.66357421875 510.240875244141 484.686737060547 462.442352294922 436.171630859375 425.337768554688 433.256805419922 458.578338623047 470.721282958984 518.818664550781 611.851806640625 666.891967773438 744.358520507812 749.005981445312 691.903991699219 604.854614257812 473.556518554688 408.101531982422 352.087493896484 285.121673583984 157.690246582031 127.226989746094 110.662757873535 91.1516647338867 62.7328071594238 29.8020153045654 28.8862571716309 0 0 0 0 0 0 0 0 0 19.4535732269287 67.244987487793 142.527069091797 263.439147949219 323.880645751953
325.638885498047 384.222717285156 423.798095703125 477.839965820312 508.745910644531 552.872192382812 611.045104980469 668.791076660156 726.144470214844 778.662658691406 797.261962890625 747.996154785156 714.667846679688 677.152648925781 612.809753417969 544.195922851562 504.277435302734 471.512908935547 438.937713623047 425.918609619141 416.812347412109 425.125305175781 437.397216796875 465.90771484375 505.868438720703 584.735412597656 654.67236328125 721.212951660156 766.459899902344 712.158569335938 619.462341308594 500.298553466797 419.874938964844 369.329284667969 325.451782226562 216.868286132812 172.322128295898 145.41862487793 118.599296569824 94.7717056274414 66.0084609985352 40.2838478088379 31.5745658874512 0 0 0 0 0 0 0 0 19.6851673126221 48.6850738525391 109.343811035156 264.863128662109 327.091979980469
342.981475830078 406.151824951172 437.148254394531 479.870086669922 518.581909179688 571.036560058594 654.776062011719 698.715087890625 781.887878417969 811.743896484375 782.491760253906 726.569580078125 692.556457519531 650.97705078125 583.911743164062 517.792175292969 482.473449707031 457.509735107422 425.227264404297 416.981719970703 412.8134765625 421.675506591797 434.319885253906 467.858184814453 504.238677978516 580.991394042969 639.836303710938 713.650024414062 761.982971191406 738.681884765625 640.396667480469 537.033508300781 439.268127441406 387.725921630859 361.677459716797 315.968170166016 256.367828369141 219.188171386719 175.246276855469 130.461166381836 104.234298706055 75.0591354370117 40.2608871459961 0 0 0 0 0 0 0 0 0 23.7521553039551 73.625 191.290161132812 271.853424072266
