Rscript/monthly_maps/SnowDepthMapFile-min-1990-01.asc
ncols 320 
nrows 361 
xllcorner 618410.159 
yllcorner 5088785.286 
cellsize 100 
NODATA_value -9999 
[rows 75 to 99 of 361, columns 0 to 55 of 320]
-9999 -9999 -9999 -9999 -9999 -9999 -9999 -9999 -9999 -9999 1335.62414550781 1279.58337402344 1166.17663574219 1114.65368652344 1108.03149414062 1102.755859375 1074.87084960938 1046.87573242188 1028.58813476562 1014.71936035156 1015.90283203125 1019.66955566406 1012.63427734375 1002.56616210938 994.075744628906 976.30908203125 973.528442382812 976.075073242188 973.232177734375 956.142944335938 924.596313476562 877.653442382812 796.900451660156 714.057250976562 634.838500976562 600.208129882812 575.531494140625 536.016967773438 536.790100097656 542.321105957031 539.556213378906 537.101440429688 533.564086914062 535.418579101562 533.099182128906 540.021728515625 533.081909179688 519.236083984375 512.296691894531 504.263366699219 506.843383789062 503.911682128906 502.158782958984 503.766937255859 505.509857177734 505.577056884766
-9999 -9999 -9999 -9999 -9999 -9999 -9999 -9999 -9999 -9999 1311.09008789062 1240.53857421875 1135.86633300781 1108.34680175781 1107.62548828125 1095.24523925781 1070.59375 1044.45764160156 1021.75549316406 1014.34820556641 1017.86511230469 1008.88916015625 996.700012207031 976.6650390625 955.230041503906 950.016662597656 947.070129394531 946.658630371094 948.850769042969 931.771301269531 895.700439453125 825.580078125 737.046020507812 661.791137695312 610.617492675781 591.091918945312 563.250854492188 570.091857910156 559.648620605469 564.104736328125 562.030395507812 565.424865722656 557.362487792969 562.733947753906 553.167358398438 543.042785644531 533.373474121094 530.764099121094 524.892517089844 515.475769042969 516.144165039062 508.498626708984 508.510009765625 508.074005126953 506.88818359375 506.623199462891
-9999 -9999 -9999 -9999 -9999 -9999 -9999 -9999 -9999 -9999 1296.6318359375 1221.27221679688 1117.88000488281 1104.99743652344 1104.99841308594 1090.91198730469 1067.39184570312 1043.71765136719 1026.29943847656 1014.20025634766 1009.30480957031 993.012390136719 960.581726074219 937.417114257812 926.121826171875 923.480407714844 919.742553710938 920.398864746094 918.688598632812 901.3671875 865.706176757812 791.272827148438 702.607177734375 640.237243652344 617.889526367188 585.935852050781 580.904663085938 592.949340820312 587.14208984375 574.04931640625 569.378173828125 572.144287109375 570.667663574219 567.106567382812 564.297302246094 544.663818359375 537.280517578125 532.4814453125 530.659606933594 528.617736816406 520.57275390625 515.216979980469 513.511596679688 512.878112792969 509.926422119141 511.855895996094
-9999 -9999 -9999 -9999 -9999 -9999 -9999 -9999 -9999 -9999 1268.20043945312 1192.22192382812 1116.63061523438 1100.02233886719 1101.3388671875 1086.97448730469 1063.99572753906 1043.23742675781 1027.9521484375 1012.25531005859 993.77490234375 964.651672363281 929.50146484375 911.680297851562 919.337829589844 913.027160644531 910.985168457031 909.723693847656 909.261535644531 888.605712890625 843.264038085938 764.246704101562 686.645568847656 645.92626953125 614.440612792969 612.097412109375 615.460144042969 606.226257324219 597.959411621094 596.522583007812 590.885131835938 580.870666503906 577.787109375 574.777160644531 569.996337890625 560.612548828125 546.825866699219 539.309509277344 540.170837402344 534.73486328125 528.428100585938 521.66064453125 520.600524902344 522.990356445312 519.781127929688 513.280639648438
-9999 -9999 -9999 -9999 -9999 -9999 -9999 -9999 -9999 1316.92370605469 1258.35461425781 1161.74597167969 1119.63879394531 1106.28747558594 1097.87158203125 1081.74462890625 1061.97875976562 1043.30615234375 1026.19665527344 1004.18756103516 969.993713378906 930.926696777344 906.139587402344 903.04150390625 912.898315429688 929.870239257812 931.898681640625 930.245239257812 916.801086425781 897.2919921875 839.957946777344 755.088562011719 683.010620117188 656.672058105469 618.697448730469 631.938903808594 623.93212890625 614.427429199219 608.8505859375 603.377075195312 598.441040039062 596.190795898438 586.882385253906 582.745910644531 578.324035644531 569.883056640625 559.46533203125 547.580810546875 543.656616210938 540.816040039062 537.29833984375 530.6396484375 519.578063964844 514.443542480469 508.561065673828 510.413238525391
-9999 -9999 -9999 -9999 -9999 -9999 -9999 -9999 1333.58666992188 1299.45202636719 1223.03088378906 1149.02966308594 1131.15344238281 1107.42016601562 1098.12463378906 1075.05847167969 1060.97119140625 1042.01220703125 1017.05700683594 985.992248535156 943.912109375 907.916381835938 901.401794433594 916.417175292969 933.738525390625 939.308410644531 930.275695800781 933.125305175781 931.454162597656 900.555358886719 837.746215820312 753.332153320312 699.332885742188 666.818420410156 635.16064453125 645.704895019531 641.83544921875 622.6611328125 620.28759765625 614.114685058594 608.867431640625 605.3525390625 596.090942382812 590.994506835938 584.261657714844 575.462890625 561.329345703125 550.229736328125 535.809143066406 524.147216796875 520.801879882812 520.254638671875 519.038391113281 528.244079589844 536.299926757812 557.354919433594
-9999 -9999 -9999 -9999 -9999 -9999 -9999 1347.59045410156 1333.0634765625 1257.41003417969 1193.6474609375 1151.33972167969 1135.89660644531 1120.1357421875 1101.47875976562 1077.83923339844 1064.37182617188 1038.99951171875 1012.79748535156 972.869262695312 932.732238769531 905.67724609375 906.173522949219 933.058471679688 948.967590332031 944.8193359375 953.313415527344 950.649597167969 945.130432128906 909.732421875 831.5791015625 751.999816894531 705.357421875 681.174621582031 658.352416992188 659.02587890625 653.482299804688 644.614562988281 639.032287597656 634.484313964844 634.756286621094 632.348510742188 622.570434570312 609.635498046875 586.546997070312 572.023803710938 558.810180664062 543.69775390625 539.251159667969 537.93359375 540.549865722656 549.081848144531 573.61669921875 609.002136230469 632.124694824219 652.548400878906
-9999 -9999 -9999 -9999 -9999 -9999 -9999 1320.60693359375 1278.57507324219 1205.34753417969 1187.1484375 1148.75085449219 1139.10815429688 1125.67736816406 1102.46032714844 1078.43518066406 1054.76989746094 1035.7890625 1008.85095214844 969.609924316406 935.115844726562 921.795349121094 933.027160644531 944.991455078125 944.840087890625 938.300170898438 936.676452636719 940.21484375 938.653564453125 895.24169921875 823.085998535156 755.358032226562 720.910339355469 702.605712890625 673.654418945312 668.39599609375 664.669799804688 660.972351074219 658.043823242188 659.132629394531 660.134765625 665.088134765625 662.260192871094 648.178100585938 628.689331054688 611.262939453125 589.863220214844 575.029052734375 587.141235351562 617.589721679688 633.585571289062 641.255798339844 656.610168457031 672.171569824219 688.553039550781 706.69677734375
-9999 -9999 -9999 -9999 -9999 -9999 1456.03662109375 1366.93334960938 1256.28686523438 1197.330078125 1185.88049316406 1174.97204589844 1155.51586914062 1125.97961425781 1101.16442871094 1076.46716308594 1049.93432617188 1037.5859375 1011.86413574219 984.919250488281 957.87158203125 944.745361328125 932.503723144531 925.773315429688 920.827819824219 921.145263671875 927.643127441406 945.361450195312 940.720764160156 892.209594726562 820.748413085938 753.871643066406 725.975280761719 721.030639648438 692.77099609375 679.181823730469 675.833435058594 671.607421875 671.19140625 667.681579589844 669.182189941406 679.500854492188 682.293884277344 678.471252441406 665.7421875 651.845397949219 652.375305175781 671.172241210938 680.9384765625 691.660522460938 703.882995605469 707.806396484375 715.767333984375 723.744689941406 736.755615234375 752.808227539062
-9999 -9999 -9999 -9999 -9999 -9999 1464.93139648438 1383.83129882812 1271.51245117188 1220.38610839844 1188.09350585938 1176.65490722656 1154.11999511719 1119.58081054688 1097.18127441406 1073.01867675781 1051.93811035156 1040.482421875 1029.23059082031 1009.01428222656 985.734008789062 958.314392089844 933.361145019531 917.10595703125 915.308288574219 931.719421386719 952.051208496094 958.873413085938 944.271301269531 895.30615234375 827.698547363281 760.859436035156 718.504943847656 721.046020507812 713.028625488281 686.762756347656 677.627624511719 680.370056152344 682.324523925781 678.998107910156 678.250427246094 680.496459960938 683.286926269531 692.316589355469 710.846740722656 725.323669433594 729.0478515625 731.628234863281 747.061340332031 769.699951171875 782.871154785156 781.098876953125 777.593139648438 774.289428710938 775.229797363281 801.472534179688
-9999 -9999 -9999 -9999 -9999 1531.65283203125 1500.38439941406 1398.322265625 1316.47583007812 1256.88891601562 1219.44396972656 1180.42407226562 1156.33215332031 1126.14025878906 1080.03308105469 1071.89685058594 1058.17614746094 1057.96118164062 1045.73937988281 1029.904296875 1001.66400146484 986.489685058594 964.526672363281 953.511291503906 957.55810546875 962.9658203125 978.325561523438 971.571533203125 941.643798828125 888.573425292969 824.009521484375 752.249755859375 706.48779296875 691.351501464844 709.626586914062 701.403137207031 683.184936523438 680.601196289062 683.944946289062 684.271667480469 682.211853027344 680.715576171875 682.276733398438 701.081970214844 740.031677246094 756.115417480469 767.421691894531 784.532653808594 810.528991699219 829.004150390625 847.379577636719 852.622741699219 847.064514160156 836.860778808594 841.506408691406 888.252075195312
-9999 -9999 -9999 -9999 -9999 1528.24987792969 1476.34814453125 1395.90209960938 1341.40783691406 1301.43347167969 1259.62329101562 1219.16430664062 1167.78662109375 1133.47790527344 1106.62561035156 1066.15087890625 1066.8291015625 1063.78564453125 1060.51306152344 1041.94543457031 1038.26123046875 1022.83178710938 1008.67321777344 998.504150390625 1002.95422363281 991.611511230469 990.653869628906 980.078186035156 946.539672851562 880.593444824219 809.903564453125 744.862060546875 691.598205566406 666.673156738281 675.227661132812 702.074584960938 689.506103515625 679.832702636719 685.470031738281 686.489074707031 687.5380859375 686.285522460938 686.931030273438 714.5078125 746.467407226562 763.427612304688 786.333435058594 818.188293457031 845.847534179688 868.360961914062 886.767150878906 901.678100585938 908.840454101562 913.142944335938 945.565124511719 972.307250976562
-9999 -9999 -9999 -9999 -9999 1527.26110839844 1469.46435546875 1399.57250976562 1343.42919921875 1322.11743164062 1296.75427246094 1257.97863769531 1208.99365234375 1162.46301269531 1120.57287597656 1102.96008300781 1093.51257324219 1096.33752441406 1093.10766601562 1078.55419921875 1068.0693359375 1062.59631347656 1053.10778808594 1050.69567871094 1043.84423828125 1030.31311035156 1018.36456298828 992.719604492188 942.047790527344 891.472900390625 840.510314941406 771.611389160156 712.084350585938 672.541442871094 657.448486328125 673.432006835938 698.748840332031 685.698059082031 688.9892578125 691.151672363281 696.255859375 693.462463378906 702.9287109375 734.32177734375 753.56005859375 769.888732910156 803.58447265625 838.918701171875 869.556762695312 892.938354492188 919.047729492188 939.244750976562 954.895629882812 967.585693359375 1000.9736328125 1033.41381835938
-9999 -9999 -9999 -9999 -9999 -9999 1433.8486328125 1385.337890625 1351.48425292969 1333.91577148438 1306.44323730469 1278.02392578125 1227.34692382812 1183.68835449219 1150.62744140625 1125.50451660156 1125.22058105469 1123.50952148438 1116.07482910156 1110.474609375 1103.89001464844 1099.87414550781 1094.26586914062 1091.81591796875 1079.75244140625 1066.361328125 1049.31555175781 1003.67425537109 968.150817871094 943.649353027344 913.545288085938 856.804748535156 771.699951171875 705.650268554688 664.087768554688 655.420288085938 685.18310546875 700.228515625 699.932922363281 701.036987304688 707.617736816406 710.283813476562 726.142028808594 750.571350097656 756.963012695312 776.537536621094 816.136169433594 856.481628417969 888.265014648438 917.067443847656 945.146240234375 967.986999511719 979.549926757812 989.062805175781 1034.44348144531 1064.77880859375
-9999 -9999 -9999 -9999 -9999 -9999 -9999 -9999 1375.81237792969 1352.01879882812 1326.75561523438 1280.89636230469 1234.45556640625 1212.27514648438 1178.90307617188 1160.76208496094 1153.23571777344 1155.95153808594 1149.43579101562 1145.96911621094 1142.61157226562 1145.18432617188 1138.67810058594 1111.91760253906 1094.96447753906 1092.8955078125 1068.3857421875 1030.97766113281 1035.3681640625 1032.87365722656 1003.59906005859 939.966735839844 852.930480957031 754.403747558594 692.440612792969 663.8076171875 676.318176269531 714.826354980469 725.151184082031 728.255676269531 727.813903808594 737.326416015625 755.373168945312 760.551330566406 765.985412597656 791.220336914062 833.086364746094 873.326110839844 903.535827636719 934.72021484375 960.349670410156 985.442565917969 994.611083984375 1003.67193603516 1045.23156738281 1074.10754394531
-9999 -9999 -9999 -9999 -9999 -9999 -9999 -9999 -9999 1356.24694824219 1325.45104980469 1296.66625976562 1247.05981445312 1222.0966796875 1198.17749023438 1190.32727050781 1175.96569824219 1174.11511230469 1159.35400390625 1158.86303710938 1156.95874023438 1152.39819335938 1141.77380371094 1135.69311523438 1118.97009277344 1096.01623535156 1083.88159179688 1061.51391601562 1099.7802734375 1113.79052734375 1086.76000976562 995.425537109375 902.957214355469 800.670593261719 729.586303710938 690.787231445312 686.889892578125 722.317504882812 751.573364257812 763.793334960938 762.18212890625 774.571411132812 772.394592285156 768.58154296875 778.340515136719 809.967163085938 847.689208984375 889.231750488281 922.785522460938 952.235229492188 980.242065429688 1000.39923095703 1007.10913085938 1023.82037353516 1065.69482421875 1094.58703613281
-9999 -9999 -9999 -9999 -9999 -9999 -9999 -9999 -9999 -9999 1321.9384765625 1295.73486328125 1251.671875 1228.43823242188 1214.79699707031 1198.06970214844 1177.640625 1185.60705566406 1186.75427246094 1185.34680175781 1182.23278808594 1165.66430664062 1159.68518066406 1149.833984375 1148.86340332031 1130.44592285156 1097.19982910156 1097.62023925781 1150.92700195312 1181.59301757812 1135.513671875 1019.33306884766 905.070251464844 836.17236328125 766.982482910156 728.10302734375 718.162719726562 735.234985351562 768.3447265625 793.865600585938 797.110412597656 794.0166015625 784.056030273438 781.823669433594 801.948791503906 833.170654296875 870.934875488281 902.601013183594 934.887573242188 960.150817871094 987.075622558594 1006.88897705078 1015.28576660156 1044.94775390625 1097.65698242188 1112.10778808594
-9999 -9999 -9999 -9999 -9999 -9999 -9999 -9999 -9999 -9999 -9999 1290.30578613281 1264.92651367188 1227.93603515625 1207.6923828125 1183.51293945312 1190.087890625 1192.66137695312 1192.65258789062 1191.68334960938 1190.51342773438 1188.390625 1182.8388671875 1163.16320800781 1148.25 1145.27368164062 1121.16418457031 1132.54125976562 1217.96997070312 1226.64904785156 1145.75610351562 1011.880859375 905.980163574219 854.923156738281 806.393371582031 768.288391113281 750.528930664062 759.919738769531 785.208740234375 811.97265625 811.08447265625 806.7265625 793.982299804688 800.668029785156 823.16259765625 856.554748535156 889.20947265625 921.869079589844 949.356201171875 972.27783203125 989.207580566406 1006.10736083984 1021.82885742188 1060.92004394531 1108.83923339844 1114.89282226562
-9999 -9999 -9999 -9999 -9999 -9999 -9999 -9999 -9999 -9999 -9999 -9999 1239.103515625 1223.07885742188 1203.77380371094 1194.572265625 1195.14953613281 1195.98657226562 1195.64636230469 1194.7490234375 1194.16137695312 1193.34423828125 1191.50915527344 1186.01623535156 1180.79858398438 1150.98046875 1139.22375488281 1166.87951660156 1240.98706054688 1291.49597167969 1126.5009765625 970.524169921875 903.678405761719 867.302429199219 831.70556640625 798.396179199219 778.642456054688 782.175476074219 803.777160644531 829.665588378906 823.870483398438 815.814819335938 808.217895507812 819.049438476562 847.234008789062 876.932434082031 910.046447753906 940.48486328125 961.079162597656 980.987609863281 989.306030273438 1000.85211181641 1031.044921875 1095.63488769531 1110.32312011719 1089.15686035156
-9999 -9999 -9999 -9999 -9999 -9999 -9999 -9999 -9999 -9999 -9999 -9999 -9999 1230.37280273438 1228.23120117188 1213.43225097656 1202.69836425781 1202.72717285156 1202.4013671875 1201.22521972656 1200.01196289062 1199.12768554688 1194.61401367188 1191.79724121094 1162.9921875 1153.29565429688 1157.39489746094 1228.26843261719 1298.326171875 1269.18225097656 1092.4775390625 953.555603027344 903.217651367188 874.887390136719 847.449035644531 823.472106933594 801.493103027344 800.984985351562 823.073364257812 846.809631347656 835.782897949219 830.90283203125 827.523071289062 842.261413574219 868.540893554688 896.324340820312 928.185485839844 957.76171875 983.496643066406 990.836486816406 991.533813476562 1004.01702880859 1053.59033203125 1102.27746582031 1130.32275390625 1065.7421875
-9999 -9999 -9999 -9999 -9999 -9999 -9999 -9999 -9999 -9999 -9999 -9999 -9999 1241.03259277344 1243.62280273438 1233.7275390625 1225.474609375 1219.43969726562 1212.9423828125 1214.59423828125 1204.7451171875 1203.99841308594 1196.05493164062 1192.41186523438 1157.1962890625 1149.904296875 1184.38427734375 1286.36608886719 1319.94396972656 1247.45751953125 1084.06469726562 948.654357910156 905.632873535156 882.314514160156 863.103271484375 838.830993652344 822.686584472656 820.668518066406 838.929138183594 865.053955078125 852.575805664062 849.936584472656 848.597534179688 863.572814941406 886.647399902344 916.532287597656 949.892333984375 980.59814453125 999.682556152344 1008.09576416016 999.3115234375 1005.14794921875 1059.57434082031 1109.83471679688 1134.44128417969 1063.70556640625
-9999 -9999 -9999 -9999 -9999 -9999 -9999 -9999 -9999 -9999 -9999 -9999 -9999 -9999 -9999 1255.07971191406 1250.89221191406 1234.02844238281 1233.39916992188 1225.37561035156 1218.70556640625 1214.41223144531 1197.86413574219 1192.78979492188 1158.95703125 1160.45849609375 1217.97241210938 1330.73803710938 1326.20092773438 1242.453125 1079.26098632812 968.659973144531 905.302917480469 884.057250976562 871.790832519531 853.747131347656 842.429321289062 837.173461914062 858.390197753906 881.962036132812 870.876708984375 872.984802246094 866.323120117188 878.950378417969 900.169189453125 927.641174316406 953.894104003906 982.121520996094 998.961791992188 1008.49151611328 1002.171875 1006.65313720703 1057.81323242188 1111.69018554688 1168.07385253906 1076.4560546875
-9999 -9999 -9999 -9999 -9999 -9999 -9999 -9999 -9999 -9999 -9999 -9999 -9999 -9999 -9999 1262.16589355469 1265.16491699219 1260.97741699219 1252.74584960938 1242.80981445312 1233.90368652344 1227.650390625 1221.11706542969 1205.80908203125 1173.49536132812 1191.33435058594 1249.33349609375 1355.17663574219 1351.70422363281 1259.29663085938 1098.50463867188 980.832702636719 906.714294433594 886.84033203125 886.300903320312 876.67333984375 859.515625 851.009582519531 867.615844726562 897.039611816406 888.006591796875 880.801391601562 873.016662597656 884.491333007812 903.021545410156 923.765625 938.832336425781 952.779724121094 972.121337890625 992.844116210938 1000.38684082031 1018.50109863281 1081.80981445312 1144.98693847656 1221.232421875 1095.20593261719
-9999 -9999 -9999 -9999 -9999 -9999 -9999 -9999 -9999 -9999 -9999 -9999 -9999 -9999 -9999 -9999 1270.08654785156 1268.18957519531 1266.25207519531 1258.85217285156 1255.48010253906 1249.21496582031 1240.29187011719 1230.32043457031 1215.76721191406 1216.6416015625 1273.48657226562 1327.14611816406 1314.80017089844 1239.00085449219 1102.20349121094 1002.59729003906 916.167663574219 896.119995117188 895.072814941406 890.828186035156 877.267883300781 866.987243652344 872.793395996094 892.176086425781 881.921203613281 875.437866210938 874.674133300781 883.908142089844 896.624145507812 902.179870605469 903.608154296875 922.857055664062 941.199645996094 959.023681640625 978.929382324219 1037.17492675781 1133.9814453125 1223.34643554688 1214.24853515625 1093.59631347656
-9999 -9999 -9999 -9999 -9999 -9999 -9999 -9999 -9999 -9999 -9999 -9999 -9999 -9999 -9999 -9999 1276.13952636719 1274.88000488281 1274.11926269531 1269.70947265625 1264.44543457031 1263.71203613281 1258.77490234375 1247.85510253906 1241.97607421875 1268.66625976562 1328.02563476562 1302.98046875 1269.71008300781 1216.42761230469 1137.34606933594 1059.02355957031 969.108764648438 911.1689453125 901.0703125 897.302429199219 886.262145996094 872.579284667969 872.028198242188 865.179382324219 874.597778320312 872.319458007812 875.03271484375 883.616516113281 888.598205566406 890.939270019531 893.785217285156 929.019714355469 957.2666015625 989.018432617188 1028.81213378906 1117.96740722656 1224.30114746094 1277.71228027344 1140.64038085938 1048.15283203125
