Rscript/monthly_maps/SnowDepthMapFile-sd-1989-10.asc
ncols 320 
nrows 361 
xllcorner 618410.159 
yllcorner 5088785.286 
cellsize 100 
NODATA_value -9999 
[rows 308 to 335 of 361, columns 126 to 188 of 320]
-9999 -9999 -9999 -9999 -9999 0 0 0 0 0 0 0 0 0 0 0 0 0 0 0 0 0 0 0 0 2.7995150174759 5.29339839523253 7.32857515926029 10.5929705856943 12.3518301038188 12.5900902287922 12.9119004184665 14.1133906693632 15.5657523574422 16.2305884135445 20.7095507564045 25.5457758555422 28.191562740601 31.0946230038846 33.3674367751044 35.4163797514281 37.9721377889862 41.2361264550588 43.1344628204021 43.8435013186091 40.3170344865141 34.9378297416566 31.104178291332 26.3768812836506 21.0615585712985 14.8270746239895 12.7868773217862 7.459739018152 4.51753506172136 1.45164965875037 0 0 0 0 0 0 0 0
-9999 -9999 -9999 -9999 -9999 0 0 0 0 0 0 0 0 0 0 0 0 0 0 0 0 0 0 0 0 0 3.32694184375432 5.44926497157944 6.69712971512677 7.25450263416713 7.50521175029737 8.25628809415124 10.8590898674327 13.9559909010577 15.5599630435217 18.8161806636779 24.0602597125187 26.9956957862638 28.3628383024192 29.7788894807046 31.8349583417046 34.2907381906178 38.0668367526588 41.5305960664316 41.7752113260828 40.0943980424149 34.9280722157921 30.737004673346 25.4906711368938 19.6162693767904 14.2340456355912 10.7405361016563 5.80965161819329 3.0308278243243 0 0 0 0 0 0 0 0 0
-9999 -9999 -9999 -9999 -9999 0 0 0 0 0 0 0 0 0 0 0 0 0 0 0 0 0 0 0 0 0 0 2.60316472611936 4.25609425747964 4.91154802982578 5.51701947950401 6.3675452435231 7.70578575757214 11.7571780401534 14.7047941105876 16.082299731585 20.3599268330909 23.8621791767218 25.6415952957818 27.1072740203884 28.6061015594633 31.1440173206981 35.307670432069 40.3642822910755 42.1693656709847 40.7875260891093 35.3089189159667 30.5560410483825 25.4833495692717 19.0698700755525 14.0370123676866 9.70056643234011 5.19532644874485 1.64812087729123 0 0 0 0 0 0 0 0 0
-9999 -9999 -9999 -9999 -9999 -9999 0 0 0 0 0 0 0 0 0 0 0 0 0 0 0 0 0 0 0 0 0 0 1.46859899104174 1.43271667529516 3.18306864056101 4.80943752646556 6.32744606325682 8.78352924752907 13.131935471914 14.6968634332136 15.7376489800493 19.3436348399919 22.3842980399167 25.0383270199326 26.9355339314385 29.3249048009879 33.3721045822186 38.8829710966735 41.4859752399741 41.0575846110043 35.6844037827651 30.7208865773438 25.5747219398255 18.8944552017364 13.7733484934979 9.41158871982358 5.23423793907329 2.27675399360685 0 0 0 0 0 0 0 0 0
-9999 -9999 -9999 -9999 -9999 -9999 2.81337162846391 1.42815818291551 0 0 0 0 0 0 0 0 0 0 0 0 0 0 0 0 0 0 0 0 0 0 1.656218373947 3.11677759136572 5.27121390931267 6.91658206595335 9.75362356354174 13.4372320754582 14.8344766477411 15.9102988614862 19.3424392727329 23.6225672927122 26.2863254422667 28.3616962340982 32.0591169549022 37.4117343218725 40.4005270522709 41.3181137101117 36.0501157954114 30.8651391728303 25.665874636609 18.9842521884941 13.7208669958498 9.75505442613949 5.92101562042884 4.1597101530236 2.57794010337998 2.19756107581084 1.87678681759661 1.3689113991346 0 0 0 0 0
-9999 -9999 -9999 -9999 -9999 -9999 5.37979281803954 4.12561382559283 1.59305995545159 0 0 0 0 0 0 0 0 0 0 0 0 0 0 0 0 0 0 0 0 0 0 1.37598923640185 4.35846682683422 6.0899628868785 7.57727887103631 10.9759870591334 14.1529859921964 15.6271182277466 17.3155586486412 22.5303435587134 25.7880809762923 27.9838172717156 31.5066122874774 36.8312121935346 40.2481381107451 41.3610288130344 35.9073720454618 30.4341926293261 25.1350426053394 18.6433856699999 13.9041416188448 10.663265677358 7.09116323742683 5.83308888233717 5.83720440454166 5.81350560897474 5.72660710635731 4.95717239292473 1.79682037690483 0 0 0 2.00448249854467
-9999 -9999 -9999 -9999 -9999 -9999 6.62051121033417 5.78768946015623 4.54739551200148 2.89748522069518 1.52092072374296 0 0 0 0 0 0 0 0 0 0 0 0 0 0 0 0 0 0 0 0 1.36679260413445 3.73319072452085 5.49789345789479 7.0509941728954 9.401365758732 13.5034727550923 15.4219276583434 17.1555201503605 22.7822788994726 26.4236712267316 28.9810974955757 32.4918704420221 37.5407021625292 40.2340496803029 41.1507452658385 35.4393981614964 29.8675274618716 24.5838050878722 18.382388399895 14.4898060798597 12.3697141005999 9.42879239142843 8.43959660156722 10.2202174149754 12.5926962292618 12.837005770219 9.35492431530004 4.62247827581015 1.60249844208764 0 1.71427421337576 4.11705814165934
-9999 -9999 -9999 -9999 -9999 -9999 -9999 7.31278240718205 6.95416500137137 5.5891575122179 3.56770923802535 0 0 0 0 0 0 0 0 0 0 2.09205347776688 0 0 0 0 0 0 0 0 0 1.6545354991793 3.48629646710065 5.19612566438516 6.73437939873804 8.90623848061584 13.4319540807885 15.4972568619463 17.7869501607956 23.583142286273 26.948633059266 30.1615208332757 33.5544190439911 39.0020620721806 41.2105593658835 40.5793550812909 34.6340775973821 29.4829361927675 24.2257018146248 18.5468003423905 14.956234925184 14.4176656138256 13.0435486520893 13.5128184553343 14.8726783041766 16.3583371349757 16.1380498570582 14.2642442474395 7.6851449690862 4.24176969597098 3.33760844357962 4.40712922757237 6.27342758170586
-9999 -9999 -9999 -9999 -9999 -9999 -9999 12.0179988960081 9.55446301997985 7.54895998432125 4.96318907608152 1.34888681660615 0 0 0 0 0 0 0 0 1.92262575699423 3.51441768986004 3.99600557674084 3.27141605452337 1.63128681978038 0 0 0 0 1.81084347687749 1.5636660854124 2.58087181681752 4.17994062007833 5.25317177895332 6.55243845494716 8.48579076150396 13.1606194867642 15.3197718253696 18.7244687008326 24.4221114413191 27.2779332582229 31.0962605913802 34.7720173193891 40.2469654157203 41.4773428536276 39.8881636530336 34.1055385017988 28.8829825351998 24.322986242066 19.4103503738687 15.8150651902922 15.9463265829638 15.5493031210102 15.5929063618133 16.4380661187639 19.5752883148755 20.179109144899 15.9107437726086 12.1464149383594 6.5605729859407 5.38279236032269 6.32534405418312 8.64798134684938
-9999 -9999 -9999 -9999 -9999 -9999 16.9210811111095 16.1564765523746 14.487061188281 9.39621558620509 6.27837748191795 3.02417888460598 0 0 0 0 0 0 0 0 1.48980766652379 5.04783639225947 6.81592398742664 6.59689047833113 5.40598025572962 3.46040297657827 1.43915253651872 2.01817758781197 1.61824689549898 1.69033320015384 3.59808114520688 4.60662927812516 5.08646834552726 5.71311644039933 6.7183389044637 8.13574321786494 12.5874780573026 14.8759185512208 18.2973269525723 24.0467929519745 26.9892015238216 30.1239237482789 34.7039243390432 39.6489299062255 40.8604571129982 39.4097349212203 33.6902481328281 28.8935159849543 24.7045829113295 20.4176421827247 16.3609446100189 16.5674525183864 16.3918506985309 16.5224022441664 19.6329549845345 25.0438804423594 25.0659403209526 19.9628214078546 14.52035884323 11.3201466759688 8.42677073483575 8.11684982977052 11.1183625271254
-9999 -9999 -9999 -9999 -9999 -9999 -9999 17.65363307132 15.9666397543481 11.7174296806328 6.9339204057158 4.5108617995382 1.68381477957781 0 0 0 0 0 0 0 1.37254675120275 5.1926132949209 8.24440218076411 10.245965573906 9.12402629046838 6.28721579047195 4.37199525583191 3.50412551896524 3.06950499682249 4.20617770823776 5.19253518897748 6.06986636466533 6.41792494730664 6.78646989673835 7.3474911855041 8.47167413994116 12.3163100471199 14.5769879925552 17.2268047413193 23.2896544406804 26.5820848318568 29.1160351750095 32.6378771709361 37.1521923986953 39.4855376175984 39.1737722828492 33.87199434684 29.6365382050738 25.2709703013283 21.4026061585876 17.1995340292474 16.7349527251133 16.9390927744191 17.5744338833299 22.9949823571957 27.1038878785056 27.994634166167 25.0724582834604 17.6334629788556 14.137168248203 13.0529356401067 12.7107880335491 13.9941188961911
-9999 -9999 -9999 -9999 -9999 -9999 -9999 -9999 16.9447865690606 13.639001618259 8.11016477517682 6.32573011215443 4.51777828636972 2.29937337204938 0 0 0 0 0 0 1.93003400295633 4.84139827296975 8.32077643510039 13.6363349984496 14.4208288498594 11.8514354783266 7.13731145239477 5.80296542881024 5.18917560570078 5.42249724260267 6.23140726928748 7.60445658725659 8.13907114432911 8.34539775646047 8.61498015203167 9.90449486879445 12.7742099138753 14.6739610847118 16.0844341662703 22.081414909253 25.9890945295104 28.2553025466271 31.3389878779665 35.7809117727969 39.1596859478437 38.7482435787589 35.4398237594596 30.4707700247511 26.1639918457911 22.95779667865 18.5260946459739 17.2434289175552 17.5805585184923 19.6210624295606 24.1925240431897 27.5507244345826 28.8633488762045 29.1862114002235 25.2629670364141 18.1718579942651 14.9947971516816 14.8494992676312 15.2581318110342
-9999 -9999 -9999 -9999 -9999 -9999 -9999 18.8355517368224 17.7961942718301 15.5319395109193 12.1660122829172 8.74829877960536 6.77129031252476 4.88138440516003 2.58747896300472 1.84016352309735 0 0 0 0 1.96834770876169 4.4169870197994 7.27986925214137 13.7303293255675 16.9509950090223 16.6310013652091 14.1184091198613 9.38839447481694 6.8694467287657 6.63326303330674 7.28278178166299 8.33515522794642 11.3706362395296 12.9288132147911 12.8728571157093 12.9017827631309 13.7025249893136 15.135618156993 15.8095232207656 21.2905283389863 25.536769126544 27.9536622451854 30.8627474685069 35.1585588076587 39.5132646586095 39.0254312568749 36.4305537885495 31.1048183362714 26.9814331996585 24.2285677534347 20.6488363254851 18.5401809193069 19.2706376792901 22.1004873702081 24.9586996554477 27.782534613939 30.0404116113808 31.5197605990451 30.1426050811912 26.034858989933 20.6207836748534 16.6661430734212 16.4877069115506
-9999 -9999 -9999 -9999 -9999 -9999 -9999 21.9850183315123 18.2312943327515 17.3424888800298 16.1924436809833 14.7045711169658 11.2962867577904 7.03364871878397 5.0196576177523 3.47669697259878 1.56418028287323 1.88292943896242 0 0 1.60571363214 4.29170782711828 6.79462032044788 12.8679159594798 16.7302064727377 17.8883331570874 17.5901368850126 15.2653627788385 10.8838177197418 8.12619116971677 8.06454655558076 10.0219099615657 13.7279909128607 15.7391551654767 15.9897855547552 15.4618379534572 15.5057206628367 15.718166169889 16.1059158456566 21.268644414374 26.0029315823149 28.9108774525659 32.2405086159131 35.8802537070312 39.7751821519164 39.5806086092575 37.0894582485146 31.7654036228702 27.9167882751774 25.5265720993988 23.4119850765599 21.8507142853592 22.8583788513502 24.4700002412433 26.4609521459348 28.3503316802508 30.947723689376 33.4043090588023 33.5548242653528 30.601941054089 26.5677625084119 24.322763951839 23.4354749626396
-9999 -9999 -9999 -9999 -9999 -9999 27.4692165139081 25.9832427100604 22.6111509873157 18.9438532584998 17.7531223678526 17.3294495909212 15.5154888960958 11.5635684135775 7.41668498918197 6.01759225775379 4.63166976952864 3.41404915457997 1.46800720149239 1.452254294672 2.12567962797248 4.50517650902529 6.67390552947766 12.1874199845045 16.2000278562622 18.7855234390496 19.0080510390603 17.3101309801796 15.1867846364318 12.2056029147518 11.0210217544194 12.5693016792893 14.7416309460644 16.3746057165566 16.851745301145 16.7774036439637 16.3606495176029 16.4257860938945 16.9657402405414 22.191820766054 26.2272420242637 29.484681706694 33.0469096191078 36.7718132760695 40.1674374770123 40.0017659403821 37.6214163496059 32.8824076498427 29.099416180287 26.9636566066557 25.7311921258549 25.0352542639996 25.7575482148814 27.0058356162271 28.5548638598078 30.2429406270555 32.0094320790455 34.5559764555144 35.9174715017631 35.2578946774 31.41901528463 29.4590924271209 29.1548842953715
-9999 -9999 -9999 -9999 -9999 -9999 -9999 28.9813829354388 27.590869315405 25.3058516767043 22.3126910665275 18.6956906855997 16.9963102825742 15.3545974980157 12.7465435159895 10.0860226065722 7.190555478209 5.76251388198162 4.17003760862091 2.81547483653236 3.49999857905146 5.00800133340712 6.93609895984958 12.2477217857883 15.6745632017896 19.6539483661168 23.2628441769042 21.3050946428559 16.8348381109705 15.2690947358827 14.455060321413 14.656174855541 15.8579904570202 16.5243502069704 17.4983636738984 17.6624368517986 17.3503528729173 17.6314049363137 19.7691365628354 24.0726500349305 26.8401003063703 30.0056627735879 33.4952220623476 36.9347389688302 39.6829062459188 40.5395216391633 38.627108568913 34.3862598503126 31.5019155084751 29.4514836022919 28.6914672212877 27.9522711762327 28.6201150012335 29.7575730175705 31.2406352014796 32.5327702708691 33.8719221308349 35.9221875942741 37.4038494408873 37.8282982443205 36.4390104506901 34.3946542766709 34.0021551325287
-9999 -9999 -9999 -9999 -9999 -9999 -9999 30.4588108805637 30.3418466858334 29.2929898465961 27.7604057425804 23.1897600432061 17.9826929058971 17.2503885209067 16.5458194881312 15.3169254388586 11.8317777694896 7.04995700005729 5.37590327908536 4.41106672631638 4.71483615591102 5.65849674862601 7.58608360330692 13.0459838572165 15.5434400960847 20.2945452687008 25.6948002980144 26.310966619052 22.1903171242967 16.9385693861438 16.2303089955684 16.4077540444197 16.4718925110817 16.7659208962276 19.3082035447386 22.4124657234334 22.8574434990165 23.0198845434108 24.4348828438773 26.1870792687189 28.0925858775972 30.4918864616311 33.8549998088945 37.0260577982375 39.506054072934 40.6159808913422 39.9014233791263 36.763814636233 33.929943451741 32.3234117426252 31.3732747331287 31.253215126947 31.9172242454024 32.4677814673656 33.8608268277208 35.00522937609 36.0985772432319 37.4653290202265 38.7174475682343 39.3929613353456 38.3220512796136 36.9147366601784 36.1037335970582
-9999 -9999 -9999 -9999 -9999 -9999 -9999 -9999 -9999 31.3541373230923 30.1419788938171 27.5134217527924 23.1062417218536 19.8446176197981 18.0932291520872 17.0950593797971 14.7131523678708 9.4078270364335 6.43535833090524 5.25110505458212 5.50381854735679 6.47621185015135 9.03838230528144 14.2577388947608 15.6886004222709 21.7393930188594 27.2598893380105 29.4588048965214 28.093154705083 23.1120543593847 18.3221723793433 17.4769297042563 16.9116957013302 18.3217071360573 22.9057300105991 26.2480285349665 27.73213142738 27.8475129996053 27.7237513694067 28.325948865075 29.4256697507796 31.1183763804 34.3298143560216 37.2740475427993 39.4517024677875 41.5940285361985 40.9067500260117 39.4208795892647 36.6389049255026 35.0779540968516 34.2901334891139 34.1124494366098 34.4193419329556 34.762401755134 35.6433466060156 36.9423311774328 38.5153120186465 39.0866833152946 40.0098102351394 40.2299349864955 -9999 -9999 -9999
-9999 -9999 -9999 -9999 -9999 -9999 -9999 -9999 -9999 -9999 32.0187421490065 30.3754303766586 28.5301069256486 26.470235985711 23.6940992561374 18.5497507231114 15.3668163594379 11.5772746224716 7.37788824623346 6.34946919874094 6.07848679431506 7.2115984913364 10.8821554592216 14.4554259910026 16.2301442422553 23.2048259655534 28.6424064929055 31.2751019515525 32.030343515093 28.3548225654131 24.4821518275959 21.693451407948 20.5646076696629 22.7895166221845 25.601932464756 28.5339019700958 31.3596132329574 31.5176785951055 31.1591310990037 30.3735737201477 31.0844799401118 32.4907896173164 34.9696297026873 38.5997605493834 40.4822851950852 41.9280013012438 42.5547370160194 41.5429244923758 39.7036036207777 38.5960736278877 37.2783521839942 36.3574145291383 36.2991475166666 36.5015145106179 37.202436663182 39.2017776009443 40.0128528412009 40.6462804422238 40.3846461734245 -9999 -9999 -9999 -9999
-9999 -9999 -9999 -9999 -9999 -9999 -9999 -9999 -9999 -9999 34.1265588823048 33.3069926579233 31.7521389472967 30.6129038200149 27.2287841568146 21.3665649512738 15.5132565693765 13.0649489368132 8.39263658228466 6.95609408136428 7.28465221346587 8.38532733435403 12.5655435179495 14.7664045485179 17.6412640378151 24.2847304950254 29.194108537446 34.2552652369019 34.5469901125883 32.1650020298098 28.6292515639447 26.6782196172833 25.4453040858993 26.2287546050342 27.4333659284435 30.3458621109686 33.7151238884621 34.2733716617045 33.8385241142651 33.4008025833084 33.722174141415 34.3710287964819 36.3979526330625 38.8388260813622 40.6604201568493 -9999 -9999 42.661523602391 41.6719887145526 40.3458468011904 39.8642876693842 38.743313283677 38.1248034366188 37.6788391779281 38.6870112561698 40.6425875579919 42.1422000390792 -9999 -9999 -9999 -9999 -9999 -9999
-9999 -9999 -9999 -9999 -9999 -9999 -9999 -9999 -9999 -9999 36.1927089403503 36.2502144020552 35.101448573903 32.3617859696788 28.132680382749 22.4329691451242 15.5068402440854 14.1137431815117 10.027902654141 7.83074017067498 8.3464137646187 10.5818458510829 14.0545802794507 15.2877628960936 18.8861468444511 24.4669851213408 28.9650014027313 34.1878605114483 36.8798854080234 35.5628691990937 32.3163487369135 29.8362104051422 29.0873935821852 28.3726151209245 29.2716610740496 31.0514980177035 35.1250370172708 37.009488464952 37.159798773103 36.2916531938511 36.3174237727703 36.3097530268296 37.3547549931471 38.5127919205873 -9999 -9999 -9999 -9999 -9999 -9999 41.4287571974848 40.6309526383998 39.9910310519 39.6027053721947 40.169589838623 42.5195588582476 43.812167119044 -9999 -9999 -9999 -9999 -9999 -9999
-9999 -9999 -9999 -9999 -9999 -9999 -9999 -9999 -9999 -9999 -9999 37.5075856658038 36.753240531987 32.8410525718177 28.1347527085097 22.3407070428655 15.5748066629625 14.3428526097414 11.7875073984439 9.47911040913673 10.3160751711678 12.7411288859941 14.9797859404125 15.9091060755447 20.0055441269587 24.4064528706762 27.6209823992403 32.3992123194101 36.9533607080376 37.4470460151983 35.0941470317847 32.6122045603688 31.1819827001989 30.8807183536865 31.0464146477242 32.6176280084342 35.5219471477386 38.2911781062394 38.2007982417569 37.5518327670214 37.4253838232739 37.737837081113 -9999 -9999 -9999 -9999 -9999 -9999 -9999 -9999 -9999 -9999 40.9008278819078 41.2248332885206 42.6474753706808 44.3896644977766 45.2204198885391 -9999 -9999 -9999 -9999 -9999 -9999
-9999 -9999 -9999 -9999 -9999 -9999 -9999 -9999 -9999 -9999 -9999 -9999 35.9113806541884 32.5118294095606 27.1003407399632 22.14321183912 15.8769953030174 14.9913870477419 13.501130743441 12.171122061677 12.8570585330935 14.5581024617382 15.6004960437769 16.793847436197 21.6810360949256 25.5511670360753 27.8104259045369 31.6535083250019 36.0730338094083 38.264387083053 37.3194640826119 34.5871565919191 33.0104185560088 32.5153622002774 33.157526115591 34.5405756013112 35.7100753888109 -9999 -9999 -9999 -9999 -9999 -9999 -9999 -9999 -9999 -9999 -9999 -9999 -9999 -9999 -9999 -9999 -9999 44.4561317756979 45.2317902255625 -9999 -9999 -9999 -9999 -9999 -9999 -9999
-9999 -9999 -9999 -9999 -9999 -9999 -9999 -9999 -9999 -9999 -9999 -9999 35.4865431978134 31.9277297994401 26.6775404062676 22.4146765988559 16.5248028735788 15.7030769060781 15.2384038284281 14.3293042479514 14.8743250511996 15.5017852213801 16.1562016683443 18.5674101925095 23.7227101171244 26.4772847439336 28.778288807108 32.095048105721 35.7888370984462 38.9557598990033 38.6208259212685 36.6040485265643 34.9878808344899 35.0385887827551 35.071959714671 35.6819196732959 35.8582153794153 -9999 -9999 -9999 -9999 -9999 -9999 -9999 -9999 -9999 -9999 -9999 -9999 -9999 -9999 -9999 -9999 -9999 -9999 -9999 -9999 -9999 -9999 -9999 -9999 -9999 -9999
-9999 -9999 -9999 -9999 -9999 -9999 -9999 -9999 -9999 -9999 -9999 38.2989313104121 36.0494239988726 31.3169036386808 26.8276740759339 22.9719177590391 17.7987284603828 16.5499542088866 16.3193314705824 15.9844500466128 16.0631658253757 16.3777503470766 16.723324324868 21.0252303100622 25.17096364421 27.4375360892617 30.3489410125821 33.2004484239355 36.7125434542016 40.2253782027023 40.0109852920009 38.8335249786864 36.704034693486 35.7885034983662 35.9936949422874 -9999 -9999 -9999 -9999 -9999 -9999 -9999 -9999 -9999 -9999 -9999 -9999 -9999 -9999 -9999 -9999 -9999 -9999 -9999 -9999 -9999 -9999 -9999 -9999 -9999 -9999 -9999 -9999
-9999 -9999 -9999 -9999 -9999 -9999 -9999 -9999 -9999 -9999 -9999 38.3165060569737 36.1225594142037 31.2605791763189 26.9580883001961 24.1877580491325 20.7079883746959 18.1974550114582 17.510252907432 17.3240287405631 17.1635857341232 17.2958879070688 18.9504565430734 22.8704039950154 25.5659035547977 27.6747166011168 31.0902814780683 34.5125179054821 38.6173555989273 41.2706724797397 41.2292098864683 39.6237536803655 38.3524605729486 -9999 -9999 -9999 -9999 -9999 -9999 -9999 -9999 -9999 -9999 -9999 -9999 -9999 -9999 -9999 -9999 -9999 -9999 -9999 -9999 -9999 -9999 -9999 -9999 -9999 -9999 -9999 -9999 -9999 -9999
-9999 -9999 -9999 -9999 -9999 -9999 -9999 -9999 -9999 -9999 -9999 38.5361144751823 36.1612865890946 31.4922890092576 27.5478685788216 25.6179299501955 23.8618967030008 22.6658294001162 22.8864901157356 23.159078140972 23.0114687377484 22.6868975973494 23.4617740682851 25.0219767860317 26.3591826687009 28.6666703617272 32.4255340224327 35.8619499192861 38.6956973875816 -9999 -9999 -9999 -9999 -9999 -9999 -9999 -9999 -9999 -9999 -9999 -9999 -9999 -9999 -9999 -9999 -9999 -9999 -9999 -9999 -9999 -9999 -9999 -9999 -9999 -9999 -9999 -9999 -9999 -9999 -9999 -9999 -9999 -9999
-9999 -9999 -9999 -9999 -9999 -9999 -9999 -9999 -9999 -9999 -9999 38.5957523326557 36.2639852588446 31.7901920471637 28.3243945155405 26.8393077509857 25.6845204816177 25.2164015622216 26.1488015970128 27.2934490458402 28.0433972115328 27.886660252995 27.3763134689842 28.0356072347138 29.0307662644266 30.9287068944194 34.5410479815283 37.4278982039286 -9999 -9999 -9999 -9999 -9999 -9999 -9999 -9999 -9999 -9999 -9999 -9999 -9999 -9999 -9999 -9999 -9999 -9999 -9999 -9999 -9999 -9999 -9999 -9999 -9999 -9999 -9999 -9999 -9999 -9999 -9999 -9999 -9999 -9999 -9999
