Rscript/monthly_maps/SnowDepthMapFile-mean-1989-12.asc
ncols 320 
nrows 361 
xllcorner 618410.159 
yllcorner 5088785.286 
cellsize 100 
NODATA_value -9999 
[rows 207 to 229 of 361, columns 53 to 105 of 320]
1004.2382891255 980.524140388735 952.743339292465 944.199366415701 943.885139711442 948.378845214844 960.632633332283 968.384338378906 953.176165180822 943.510131835938 931.624722388483 894.321938791583 854.140040243826 814.921502882434 775.815517302482 763.305827479209 759.629051946825 771.893585205078 809.342188681326 843.590883316532 857.390594482422 845.063551379788 819.048230571132 762.219339678364 702.198991344821 620.838090465915 566.787989462576 513.036202707598 471.358531336631 391.87555719191 373.892420614919 362.572711083197 349.851142637191 344.962727208291 339.782926497921 331.066415602161 328.938199443202 324.916152461883 317.699076990927 306.313168925624 294.625593616116 287.111923709992 267.416725404801 234.398609284432 210.266827983241 182.791178057271 173.256497290827 163.174894763577 160.213763329291 157.017225203976 153.640878985005 148.699187247984 145.609367124496
949.065748645413 929.284593151462 937.871912802419 946.02157297442 969.137201124622 990.37655344317 987.283512238533 976.815817556074 971.027103547127 953.454867455267 928.282787692162 893.604700888357 842.659431703629 799.523586150139 774.226906068863 772.881568170363 789.329134048954 834.104735343687 902.314451156124 919.926108083417 910.271106350806 851.737850066154 805.487593127835 753.348268570439 706.023741691343 634.958645728327 585.528585126323 529.513992801789 494.670718285345 434.846759919197 390.08947360131 382.523646693076 374.671462028257 366.67237312563 364.233911821919 355.80735089702 354.711854011782 355.015704739478 353.42100180349 344.773875574912 333.213331653226 320.625706826487 308.274129559917 296.766425840316 280.766715757308 252.6294683641 223.561239427136 196.291089950069 173.041043681483 164.77628351027 162.499894665134 165.112253496724 157.061787759104
932.077865108367 941.80312421245 968.298479633947 999.167752173639 996.668305427797 1003.75739312941 1003.44215245401 983.458320863785 964.982825494582 951.607158045615 927.029493762601 891.204211819556 846.050384521484 809.844943138861 799.880207677041 819.956588252898 859.637801631804 933.464446037046 980.803606587072 963.093440886467 900.161467521421 826.384009576613 800.435414960307 760.620094545426 734.661953833795 662.132475822203 612.908410841419 555.761261970766 511.057575841104 478.514393468057 424.690073320943 400.588668331023 395.718759352161 392.056659821541 388.734975014963 384.71450362667 388.540593793315 397.922196419008 404.786060456307 407.113096175655 395.554012175529 371.561293079007 350.018102830456 333.083177135837 316.418228149414 310.254383702432 297.427023610761 282.665830550655 258.375748665102 216.71673288653 193.149662633096 181.775526969664 174.160665696667
957.398179577243 994.866815382434 995.735070013231 1002.01478232107 1010.1144547001 999.06701266381 981.29489234186 972.667907714844 970.281064925655 961.626323084677 942.619024461316 917.461959346648 873.885158415764 858.133827455582 876.232085197203 921.75198265814 963.809446273311 1013.04766648816 997.9706046812 942.924556609123 872.61916523595 830.421296150454 815.161140688004 795.304430561681 760.954769011467 701.492509411227 637.814710063319 591.535897531817 537.888496645035 508.189544677734 479.004397484564 439.179132769185 420.684139128654 413.684590493479 425.160994006741 446.977173836001 470.098557010774 481.174139207409 493.052677277596 500.683824108493 495.642815374559 466.345858666205 425.560076805853 388.862653670772 369.789802797379 354.609420284148 340.350407262002 324.194318217616 307.617884482107 292.349753102949 267.198032009986 234.606018558625 204.458355811334
999.822178994456 1010.26186838458 1013.66306034211 1000.77769617881 983.394988029234 972.844874228201 976.467054797757 977.713006788684 994.398262270035 981.271486343876 975.278466009325 953.449557396673 950.886484453755 967.802748157132 996.400026382939 1014.31567185925 1010.2061452558 1003.82102720199 970.037835890247 919.797375094506 884.018771263861 867.16204046434 849.6483882781 820.325950376449 791.70608914283 744.734839654738 671.994083527596 628.664346018145 585.19280710528 538.52496141003 518.130108248803 494.836264333417 477.432874125819 473.424791397587 486.934411817981 507.547764931956 516.036676222278 524.741007158833 533.964452928112 544.611251338836 545.102116738596 524.24860406691 504.412330873551 471.464308707945 438.031889884703 415.068716233776 397.755386352539 379.500949982674 358.930192516696 337.818764471239 320.50310737856 296.885186964466 265.240755142704
1022.50518601941 1004.24586339151 976.883964292465 974.740139868952 981.149510537424 1000.34577991116 1016.27107681767 1020.18868920111 1025.9742726972 1022.09593348349 1012.1885179089 1009.16944343813 1045.69823234312 1074.23515664378 1079.11979035408 1028.17728547127 999.876332929057 978.451605027722 948.144897460938 923.404058641003 906.560115691154 888.03463843561 869.197588520665 844.580730807397 805.481725877331 776.396792504095 712.180858981225 656.064953219506 621.773565476941 584.573596585181 547.011391916583 530.554699313256 525.554631387034 518.467394428868 525.734739242061 533.210490565146 562.760971561555 583.513702392578 597.260423229587 613.235905801096 614.808815248551 594.6874015562 547.966853972404 520.431951707409 515.612530123803 497.918074084866 474.0995601531 439.163079046434 400.936444190241 368.334368305822 345.67236820344 335.067759852256 321.091567993164
991.316675986013 993.827550088206 995.550798969884 1011.13874866116 1029.49622369582 1040.63927631993 1042.06221648185 1040.78543976815 1042.56565413936 1046.38074124244 1057.00645200668 1091.51809987714 1133.18567288306 1149.65182790449 1064.0047272713 1012.77750913558 987.184912896925 976.198263845136 956.065018192414 943.334773894279 924.542354460685 906.949019893523 884.785867014239 863.899333338584 821.710410825668 790.522321147303 749.67630398658 688.065199329007 654.942252866683 629.087981193296 599.883966261341 578.468356224798 564.158532911731 561.276180144279 572.199773973034 589.819341844128 616.67281218498 638.364401540449 652.226166755922 663.079818233367 671.453177175214 649.351303592805 614.273102791079 582.372416834677 556.066061696699 549.926297095514 534.029811736076 484.75197773595 433.396526705834 400.272886706937 379.57971339072 366.765326223066 356.871138541929
1012.37765995149 1020.45844490297 1037.04078723538 1049.6636687248 1058.79573108304 1064.28821391444 1071.39012884325 1079.06578408518 1085.17666133758 1100.42932522681 1137.06100956086 1176.17486375378 1166.06462047946 1110.48203794418 1046.48842694682 1009.77491809476 994.838973506804 985.299534951487 975.414974089592 954.952821793095 935.297251055318 913.288723853327 892.521370180192 869.847378638483 831.494213473412 799.90612694525 784.880004882812 741.945926789315 694.03281820974 662.432628016318 638.617878575479 629.170975223664 617.153807609312 614.279457338395 620.442167220577 638.090495447959 679.208428167528 713.800533171623 725.910685877646 725.883539015247 725.807041291268 696.566225113407 666.153991699219 637.555297851562 615.917784660093 583.843274516444 560.354662495275 522.959756174395 465.561535250756 426.19571710402 406.278491604713 395.599569013042 389.277444654895
1056.10667567099 1076.22036054057 1089.29382127331 1104.76303395917 1107.1579156691 1110.12070391255 1123.83721136278 1156.35763451361 1163.18019743889 1172.96178608556 1183.13520271547 1167.40038668725 1134.26340607674 1091.25033077117 1059.17216836253 1035.50702298072 1023.81641806326 1009.50105531754 988.791647634199 971.439285770539 948.057898736769 922.58596703314 895.973609185988 875.168823242188 842.610906785534 817.356580180507 802.261226530998 790.186833535471 756.4115472609 721.164727980091 687.412036526588 671.941567697833 661.924955306515 661.041163290701 669.162488383632 707.448067941973 759.556728239982 781.599455802671 796.422965757308 796.943730508127 782.570770263672 757.709243282195 698.886993408203 665.840832125756 643.609302151588 608.271204794607 574.927659557712 550.068918535786 504.158798709992 466.434507308468 440.099650721396 429.384472754694 428.333662955992
1107.88918181389 1120.90803183279 1131.25991919733 1138.67197541268 1157.80048788747 1173.70993927986 1220.68449155746 1247.262210969 1232.22356587072 1186.47813956968 1136.75202991116 1120.62434042654 1086.60176135648 1062.70458196825 1064.69458401588 1062.51537692162 1051.48540669103 1032.16074297505 1012.5654867849 986.510913479713 963.70649374685 935.990553332913 901.74074234501 882.218041204637 870.034865840789 846.311374787361 826.650177001953 809.731798725743 801.171351278982 787.548073061051 761.290918165638 744.495732461252 729.901134860131 729.043385167276 744.365777784778 760.558486446258 797.017325124433 826.523268176663 830.086373606036 819.704627252394 810.556838497039 793.267482634514 731.551874960623 683.052592615927 650.250690091041 624.373999810988 585.770678120275 566.103913337954 542.66102944651 509.974587717364 482.642068186114 469.930449455015 469.22751445155
1157.47058302356 1173.50211654171 1183.74017924647 1197.97153595955 1228.17675190587 1255.02520751953 1273.96745644846 1275.20817319808 1184.11286975491 1124.40433034589 1099.2450187437 1075.15598420174 1061.29798347719 1062.40482453377 1073.70473947833 1077.72908659904 1072.77583952873 1056.46043937437 1032.0856008222 1005.29142121346 974.924273090978 949.060407084803 916.671654485887 897.124395555066 882.690717143397 874.115336756552 859.644444619456 851.38227499685 835.415208385837 821.096212079448 803.632900114982 788.81505953881 774.82128414031 772.692478302986 770.688264908329 787.481661888861 830.162685271232 858.797433176348 859.323146697014 840.207858177923 820.575446344191 803.15085921749 763.501104539441 697.25733898532 657.157373243763 636.632132253339 607.298278808594 578.006578014743 556.592583440965 541.65043000252 529.538509245842 525.630049182523 525.146842710433
1199.56750094506 1209.77779265373 1230.48451675907 1265.74074037613 1293.06537062122 1294.42741344821 1223.00676702684 1200.91042795489 1142.96353444745 1101.04744006741 1072.9067914409 1064.08737084173 1068.26474885018 1078.80459890058 1076.28922591671 1086.09984170237 1083.03815484816 1071.7802734375 1043.84507505355 1022.60530730217 989.730687295237 962.300531202747 938.765916393649 915.900745022681 900.09869187878 888.633741809476 883.085279895413 879.496383174773 872.776785573652 852.932805215159 834.557065902218 815.850651894846 799.639270413306 790.148297709803 795.873213245023 826.597215221774 867.48537125126 893.394562752016 881.327244912424 849.389822683027 830.295163062311 810.411658502394 786.74180258474 745.589508056641 686.481965095766 652.514607091104 631.765309979839 606.105028706212 583.6352292953 570.096091978012 559.069153816469 551.536698864352 551.144730106477
1252.70893712198 1272.98015963647 1306.79636506111 1301.11092056767 1236.53042307208 1219.1440961284 1172.55450439453 1126.40278871598 1098.59344876197 1075.72962213332 1068.49251433342 1074.65479106288 1086.52107878654 1095.01317571825 1097.44899232926 1087.12012900076 1079.06790653352 1070.121824203 1052.58314957157 1031.58773705267 1007.02618014428 980.38675812752 959.027308310232 943.304031864289 926.820383379536 914.588148547757 905.817855342742 897.471317414315 887.948594616305 874.316866966986 851.997727917087 830.15482453377 814.090505292339 814.926837551978 845.386417511971 901.244867140247 952.620554277974 957.545851184476 930.467468261719 876.646891932334 845.790085331086 827.198378039945 799.477311657321 775.754064744519 751.602087205456 701.604331724105 666.057156470514 644.604302190965 630.086527178364 618.581622708228 614.195844096522 611.510147586946 610.194732666016
1334.55849727508 1344.21773012223 1316.24740895917 1255.0395960654 1194.81301978327 1132.03919244582 1095.48089993385 1075.85567154423 1072.46149666079 1071.10666976436 1080.50580621535 1094.66200502457 1107.41500165386 1106.77435105847 1086.3197297127 1084.465574203 1086.76578644783 1090.96636569115 1074.52156509892 1047.1938929404 1024.37174347908 1002.5045953566 979.672060074345 971.738328503024 959.077055900328 947.346175655242 937.527845813382 921.968608240927 906.639715379284 893.865815193422 870.468485186177 856.979929277974 853.741095758254 881.159475018901 943.816597230973 1002.99865722656 1003.47896059098 1008.25821218183 1002.54957629788 950.73918890184 897.025943879158 862.524855090726 844.287855579007 818.260364163306 788.320303640058 773.960401965726 764.355964906754 741.629086402155 717.290189681515 696.34680274225 685.947114021547 679.042166433027 676.088121967931
1293.88529131489 1318.19626543599 1265.94917543473 1205.33477586316 1132.48049040764 1100.10969789567 1088.898183515 1084.89566532258 1087.00804482737 1092.68047701928 1100.43433404738 1111.81941272366 1114.71184515184 1097.1200600901 1088.8563468687 1100.16990218624 1106.03453999181 1112.5867585213 1095.3339922505 1071.28979689075 1040.42051450668 1024.55722735005 1009.35531911542 993.892016995338 979.422971663936 975.144261513987 965.993504678049 947.864958732359 928.842539141255 908.835354712702 890.709069036668 892.777784778226 941.353909400202 983.68318422379 1019.58477586316 1031.58158628402 1032.48949013987 1025.0000492219 1016.94646232359 1004.42765758884 980.531222435736 942.986597861013 908.225731634325 887.078483335433 864.315359792402 841.920051820817 829.962082401399 822.196046890751 815.623104956842 806.257120440083 792.58438897902 789.69103610131 781.560369676159
1245.16776989352 1270.3665554908 1240.28577447707 1157.88029430759 1115.61109185988 1099.0577727287 1105.52613682901 1115.14662810295 1099.20472569619 1108.98721018145 1113.21241809476 1113.65615352508 1104.37287755166 1091.93816744897 1118.76968088458 1128.16628929877 1131.59515774635 1130.34128496724 1114.85008781187 1085.45607634514 1064.87147768082 1037.29761726625 1026.55815665953 1016.60172591671 999.377770208543 982.975619408392 978.253794024068 958.567630890877 934.261653777092 929.716470041583 936.946137459047 989.108510663432 1029.17852586316 1027.54339205834 1008.72858256678 999.715328093498 996.973571777344 990.157580960181 995.552824943296 1020.1089398784 1015.02929096837 990.752744613155 967.32286219443 943.966928789693 932.82855421497 926.393836236769 890.986261183216 875.467794110698 872.081638459236 866.386839835875 863.172385923324 863.153422694052 854.21082921182
1172.47367022114 1206.9394117786 1206.55831416961 1160.88497235698 1126.4079983619 1115.48959842805 1122.11083787487 1118.34259033203 1122.49287857548 1114.95500724546 1122.75350656817 1114.94868912235 1117.00519783266 1124.89392286731 1147.92807499055 1172.00778099798 1192.25626693233 1164.96839363344 1121.52869046119 1098.3423383159 1077.64990825038 1067.47258537046 1051.75643625567 1038.79320895287 1019.83568942162 1006.51319540701 1003.98582015499 988.912430301789 977.873932869204 990.955525059854 1029.27836756552 1071.37942406439 1082.38586425781 1019.7970797631 979.723491053427 969.345890168221 973.530848349294 990.774774366809 980.854732390373 985.136575022051 995.73039983934 998.045951597152 965.20171922253 936.135990265877 916.244274508569 899.661589591734 899.531090521043 879.952092324534 838.747748590285 839.018834267893 840.622442430066 842.690386372228 842.532723703692
1115.61859524635 1151.18592096144 1178.50414645287 1170.97547764932 1149.95268003402 1148.3867108745 1158.4033774099 1161.94571415071 1155.54244502898 1134.2998539094 1126.58880615234 1133.46924812563 1143.40238312752 1157.88232224987 1179.79795197518 1207.05921197707 1217.07263380481 1213.27599506993 1166.04063169418 1121.82771350491 1101.69396185106 1090.02650303994 1074.88779769405 1071.58915858115 1070.82429159841 1061.57832385648 1051.98040968372 1047.41714969758 1053.77600688319 1085.03614462576 1122.87258222026 1147.07099766885 1084.66061106036 1022.94787400769 976.995812200731 958.113253685736 968.629445722026 980.035032210811 977.557436050907 975.855378181704 967.578406549269 966.314252299647 953.945720057334 918.429232689642 894.002675702495 857.007318312122 831.546473349294 817.463160361013 808.333462622858 798.980270877961 799.913292669481 801.206931821762 799.923703101373
1077.74314240486 1106.66106390184 1114.99224065965 1119.45136679372 1140.1622983871 1171.67317248929 1194.68162290512 1193.20589520854 1179.46541866179 1182.42940791961 1181.2910235005 1185.23283730784 1188.21026414441 1194.93681680003 1209.92724806263 1228.62166078629 1257.81551238029 1255.08018838206 1221.65394247732 1188.53405761719 1145.9375984438 1132.74466631489 1132.58168275895 1133.33883962324 1121.01583370086 1118.08399028163 1115.57394901399 1117.43317044166 1115.33034786101 1149.94324714907 1169.05785739037 1149.01845033707 1097.38619699786 1054.06094655683 1003.65368258569 967.904192524572 951.828121062248 962.946611958165 980.716176679057 970.388244628906 967.535928049395 952.321157147807 935.427041330645 909.066896500126 863.891953991305 827.445272138042 805.392768121535 792.351189397996 765.501130134829 734.117638372606 705.737870739352 699.385446856099 700.934617565524
1051.49224262853 1057.19641113281 1059.44776965726 1060.92303466797 1084.06061775454 1127.6145117975 1159.82117880544 1157.89878008443 1174.36438578944 1203.43654903289 1211.71183333858 1218.02604429183 1230.07264561807 1227.96827943863 1228.36170024257 1219.80407911731 1229.10234611265 1290.17817343435 1266.57081653226 1227.66843340474 1184.23440453314 1159.64110737462 1098.31428773942 1071.27203959803 1063.06440980973 1068.28457149383 1073.74483957598 1089.09127709173 1131.20864179057 1140.2163617534 1144.80550261467 1140.8536632907 1118.05514034148 1086.93256205897 1049.79624692855 1012.81617195376 970.509111958165 951.731890278478 959.319074076991 971.617073305192 975.716383411038 947.944141018775 944.045384560862 909.367713189894 865.528016121157 834.164301718435 813.950299662928 783.823742282006 722.540637600806 676.561159195439 640.824378228957 628.73531218498 625.136227515436
1007.74361690398 1011.62897516066 1010.18986068233 1009.31954266948 1026.49864935106 1061.30734745149 1091.40000078755 1108.96479846585 1117.30814484627 1137.77095474735 1171.82936736076 1198.91270200668 1182.23673371346 1184.19883678805 1205.47549340033 1199.51197667276 1198.60169047694 1203.13765790386 1202.54714079826 1163.69089237336 1109.91901619204 1055.34283841041 1015.43386151714 999.243429860761 1001.41179435484 1013.36561830582 1035.91035510648 1047.82439988659 1069.91348561933 1097.57584110383 1121.14312941028 1132.41733477193 1116.96907289567 1089.67855342742 1064.01627079133 1048.94692697833 1017.59409652218 980.170506631174 959.924044701361 961.470754315776 964.36227515436 961.685121597782 944.843876008065 916.611241494456 876.755227365801 845.816108949723 818.926904493763 777.16598116967 705.381916661416 669.121334937311 639.435911117061 614.91456062563 574.579144877772
949.036861296623 954.15277296497 957.954686318674 962.602832425025 978.601928710938 1003.40154241746 1012.28953109249 1013.90016420426 1012.39977436681 1024.33341930759 1071.20833070817 1107.28551655431 1119.62872905116 1133.6512608682 1121.403312437 1112.28254158266 1085.91866376323 1077.97620219569 1063.35067847467 1034.31354941091 985.326855074975 937.557504961568 912.583023563508 909.863312752016 938.164676789315 955.902578046245 984.284427765877 999.870282573085 1037.09047182145 1085.22729885963 1115.92071730091 1114.38832929057 1094.55968844506 1065.90912062122 1052.35699069115 1050.62630536479 1039.13562602382 1023.94691713395 998.527012978831 977.610591765373 966.18706094065 955.290155226184 936.432756977697 917.932652627268 887.093515703755 857.197672197896 823.442447785408 782.996972853138 707.968110115297 662.861873503654 629.761346632434 607.664814610635 590.082845380229
903.522896059098 906.0342781313 919.272537723664 928.420484973538 940.734191894531 946.636917606477 940.389754756804 929.247267200101 931.556516585811 949.762319257182 984.007389191658 1018.95475129158 1021.99625322896 1021.36684491557 1020.93905344317 1012.59765625 995.118536180066 981.757625456779 967.552631993448 934.630788495464 894.933767011089 866.814590946321 861.949133103894 889.894315658077 915.544291834677 941.484967631678 965.616486580141 986.586669921875 1026.52217741935 1069.67745873236 1104.53811940839 1114.43576935799 1071.7581078314 1040.78296095325 1030.2573281565 1032.69646823022 1041.83202140562 1048.10612832346 1035.30235635081 1008.14087504725 1003.36384631741 977.107868809854 950.686043031754 926.31047796434 907.276093513735 881.208065894342 834.373872818485 803.832709527785 729.591099892893 656.596892326109 634.203774729083 614.668510190902 589.806507725869
