Rscript/monthly_maps/SnowDepthMapFile-max-1990-02.asc
ncols 320 
nrows 361 
xllcorner 618410.159 
yllcorner 5088785.286 
cellsize 100 
NODATA_value -9999 
[rows 115 to 137 of 361, columns 159 to 211 of 320]
737.452209472656 635.188354492188 499.021667480469 418.481170654297 357.09228515625 294.687744140625 284.005096435547 278.944213867188 274.721282958984 274.793670654297 275.581970214844 274.603363037109 273.372039794922 273.280700683594 273.858062744141 274.415649414062 275.981719970703 276.611541748047 276.618957519531 276.908264160156 277.491424560547 276.024169921875 277.448577880859 283.734832763672 291.7685546875 309.332305908203 324.368560791016 337.701324462891 353.582275390625 410.047943115234 447.757995605469 483.4306640625 508.571105957031 551.263000488281 597.154296875 661.708374023438 739.075561523438 786.994689941406 813.783142089844 823.404907226562 835.440368652344 834.89599609375 844.969543457031 833.140258789062 841.192993164062 846.201782226562 859.533020019531 884.903259277344 899.202941894531 944.611633300781 980.799499511719 1006.62542724609 1015.48944091797
731.212341308594 635.002258300781 508.187683105469 451.060607910156 367.061767578125 303.793060302734 292.567810058594 284.845855712891 279.256469726562 275.580871582031 275.315002441406 274.971801757812 273.299865722656 272.745483398438 273.342224121094 273.808349609375 274.114288330078 274.293395996094 274.355163574219 274.613342285156 275.586975097656 275.639221191406 276.587097167969 281.588562011719 290.293029785156 306.858825683594 318.316040039062 333.905700683594 349.264831542969 393.658142089844 425.630828857422 451.304656982422 481.527587890625 511.460693359375 540.582214355469 612.412658691406 689.554382324219 743.26171875 777.387756347656 779.962951660156 762.96435546875 769.290649414062 790.964416503906 814.972961425781 836.401489257812 827.807189941406 839.393493652344 858.24560546875 898.622131347656 905.291015625 951.955322265625 983.7138671875 1004.24932861328
720.081787109375 651.6865234375 516.555297851562 462.18115234375 379.647552490234 319.092041015625 300.907775878906 291.126434326172 285.196746826172 278.138946533203 275.406707763672 275.283355712891 273.694885253906 272.320678710938 272.663879394531 273.012115478516 273.253051757812 273.424011230469 273.569305419922 273.745544433594 274.698059082031 275.406707763672 276.009185791016 279.848663330078 288.94091796875 304.8291015625 316.092437744141 330.475494384766 343.907806396484 356.644470214844 391.644775390625 433.326446533203 448.804382324219 472.319061279297 505.855529785156 551.542846679688 612.942565917969 695.919982910156 712.227416992188 734.152648925781 737.653015136719 752.46630859375 746.575073242188 766.70751953125 795.170227050781 806.229431152344 831.411987304688 857.898254394531 877.366882324219 910.283813476562 936.474487304688 970.995971679688 1000.39898681641
730.870727539062 662.827697753906 554.531982421875 465.042602539062 400.60595703125 327.006195068359 311.885437011719 296.769012451172 290.290985107422 282.050598144531 276.171569824219 275.406372070312 274.295104980469 272.136688232422 271.995086669922 272.257781982422 272.461456298828 272.627624511719 272.779113769531 272.963134765625 273.777984619141 275.086181640625 275.761138916016 279.306335449219 289.286376953125 301.999694824219 313.007019042969 328.783142089844 337.759063720703 349.148834228516 359.231719970703 394.350708007812 425.178466796875 445.714782714844 472.201416015625 495.632354736328 537.159362792969 606.6123046875 644.652770996094 696.509887695312 713.531494140625 739.493103027344 739.869018554688 765.754089355469 778.290954589844 795.787353515625 812.343505859375 845.609252929688 865.681579589844 913.011474609375 940.970153808594 962.123107910156 1000.25286865234
749.122192382812 693.070556640625 577.648010253906 490.764617919922 428.121978759766 368.027648925781 314.787963867188 308.053802490234 298.676788330078 286.972930908203 278.611633300781 274.895935058594 274.640869140625 272.315246582031 271.286102294922 271.552429199219 271.679626464844 271.802612304688 271.997039794922 272.246154785156 272.991424560547 274.510284423828 275.481536865234 278.649749755859 290.663146972656 301.971923828125 315.590423583984 328.072998046875 334.383026123047 342.875030517578 352.638885498047 361.803375244141 406.257659912109 433.307495117188 446.423034667969 477.443359375 497.562347412109 546.031433105469 607.633850097656 653.644409179688 689.659790039062 730.331359863281 730.509216308594 755.587463378906 784.946533203125 806.627746582031 813.916809082031 844.695922851562 863.605224609375 910.487854003906 944.908081054688 970.54443359375 1014.28674316406
781.25341796875 719.936950683594 627.135009765625 504.175598144531 431.581787109375 376.611846923828 320.638427734375 314.191284179688 305.778045654297 290.730926513672 280.640380859375 274.135681152344 274.355773925781 272.557189941406 271.085754394531 270.951599121094 271.030670166016 271.166351318359 271.372253417969 271.685791015625 272.307464599609 273.755035400391 275.442352294922 278.270629882812 289.932525634766 301.811401367188 314.243560791016 325.177307128906 332.416625976562 338.421081542969 347.455993652344 357.665496826172 396.690765380859 425.99755859375 460.168334960938 490.454071044922 514.340576171875 559.599365234375 595.843017578125 668.251403808594 693.41748046875 723.937622070312 728.130187988281 750.533752441406 771.23193359375 796.646545410156 837.844604492188 850.551208496094 890.400024414062 920.691772460938 943.184387207031 981.032653808594 1022.50628662109
831.592041015625 739.313049316406 672.365478515625 549.729431152344 460.737396240234 411.167602539062 330.566284179688 318.773681640625 312.111083984375 294.095031738281 283.904113769531 274.312255859375 272.933441162109 272.671051025391 270.907836914062 270.235595703125 270.292358398438 270.566192626953 270.860717773438 271.307983398438 271.916717529297 273.482299804688 275.618194580078 278.705627441406 291.161041259766 303.346740722656 312.582580566406 320.778137207031 328.371978759766 335.615844726562 342.866241455078 353.574493408203 400.308776855469 442.147521972656 490.985382080078 523.837646484375 552.515747070312 579.691589355469 621.949584960938 657.248840332031 691.014343261719 709.460083007812 720.243896484375 743.89111328125 777.988830566406 811.539916992188 842.878295898438 875.405639648438 904.101379394531 923.458740234375 953.338012695312 999.185974121094 1044.24560546875
869.024719238281 779.193664550781 716.406921386719 606.1337890625 501.6865234375 445.637756347656 392.072418212891 330.379974365234 319.145324707031 305.68896484375 286.568450927734 275.740478515625 271.847076416016 272.648101806641 270.974090576172 270.474090576172 270.339172363281 270.673645019531 270.365295410156 271.012084960938 271.913055419922 273.839996337891 276.478149414062 282.111175537109 295.062133789062 306.199340820312 311.647644042969 316.646789550781 323.520629882812 331.836486816406 337.878204345703 348.606811523438 403.312316894531 446.371551513672 490.445129394531 542.715454101562 561.659606933594 603.902282714844 636.466613769531 655.034606933594 684.585021972656 687.046936035156 715.968139648438 755.650634765625 792.676147460938 819.158386230469 853.271240234375 897.086791992188 917.771484375 948.369201660156 981.005554199219 1020.31158447266 1058.12133789062
886.386352539062 806.533142089844 737.659851074219 669.047546386719 562.117126464844 490.058471679688 431.818450927734 388.941925048828 330.987945556641 313.945983886719 290.483734130859 279.173614501953 272.164367675781 272.536468505859 271.022125244141 270.087677001953 269.621215820312 269.714752197266 270.457153320312 270.639038085938 271.999938964844 274.593078613281 279.683654785156 286.726928710938 299.650726318359 306.788238525391 312.071990966797 315.844329833984 321.296875 328.037322998047 333.400054931641 345.542999267578 403.256225585938 455.758331298828 506.868804931641 554.703125 583.455749511719 629.365051269531 634.054565429688 637.131652832031 630.946472167969 677.078796386719 706.982727050781 753.556396484375 799.2509765625 842.213928222656 889.602111816406 919.616088867188 944.910400390625 974.918579101562 1014.97290039062 1055.40502929688 1076.12670898438
895.757751464844 832.663818359375 766.817932128906 710.691040039062 605.877014160156 518.50732421875 458.105987548828 397.954223632812 335.560546875 316.168334960938 294.596313476562 283.187316894531 274.264709472656 272.734710693359 271.314056396484 269.976165771484 269.142517089844 269.008178710938 269.621704101562 270.305786132812 272.342926025391 277.280883789062 283.290557861328 292.390472412109 299.275360107422 306.43701171875 312.403350830078 316.435913085938 321.332366943359 328.181427001953 333.132049560547 345.814117431641 397.743225097656 448.411499023438 494.610900878906 546.197937011719 574.7578125 617.285949707031 614.33544921875 584.931762695312 611.499450683594 643.152893066406 687.577026367188 747.257629394531 800.902099609375 865.485656738281 917.515197753906 954.796752929688 987.824890136719 1020.29333496094 1062.8310546875 1090.5205078125 1103.90747070312
895.739196777344 844.112426757812 771.323608398438 729.987609863281 632.589233398438 523.243591308594 461.628967285156 404.427947998047 333.790985107422 316.414367675781 302.972839355469 287.191833496094 277.047332763672 273.492767333984 272.091430664062 270.301361083984 268.864440917969 268.526000976562 269.298065185547 270.999114990234 272.774932861328 278.389862060547 286.377105712891 292.496215820312 299.654479980469 306.872955322266 313.584625244141 317.540771484375 322.675384521484 329.340087890625 334.806243896484 347.522583007812 400.114318847656 433.29345703125 476.006683349609 525.610534667969 560.709350585938 568.95458984375 563.05029296875 566.313537597656 594.958984375 632.438293457031 689.85205078125 752.500732421875 803.227172851562 874.719665527344 927.821105957031 984.773986816406 1034.50305175781 1073.705078125 1100.23608398438 1109.30456542969 1121.75524902344
900.622619628906 848.606628417969 775.044250488281 734.181518554688 638.060607910156 523.41796875 458.061065673828 391.073638916016 327.304870605469 316.034515380859 304.999694824219 292.172210693359 280.368713378906 275.110137939453 273.101623535156 270.782348632812 268.861846923828 268.066436767578 269.10400390625 271.024230957031 273.036010742188 278.632019042969 287.039520263672 291.985504150391 298.372009277344 305.992462158203 313.140747070312 317.235534667969 322.390258789062 329.855316162109 335.928314208984 347.651733398438 396.694000244141 422.408142089844 453.627105712891 497.310119628906 514.892639160156 538.311828613281 543.546508789062 563.048278808594 589.14892578125 641.447265625 705.285461425781 779.163146972656 817.417297363281 873.487915039062 925.7216796875 973.245788574219 1056.36987304688 1099.73486328125 1127.17077636719 1156.845703125 1173.54711914062
912.031127929688 859.112976074219 787.364440917969 735.627624511719 647.721618652344 522.835815429688 457.827606201172 393.442352294922 332.881958007812 317.748352050781 306.265533447266 297.326293945312 282.173522949219 276.074005126953 273.710968017578 270.398010253906 268.729675292969 267.517578125 268.774475097656 270.650451660156 272.925933837891 278.095336914062 287.197021484375 291.559387207031 296.844329833984 304.764617919922 311.263702392578 315.963500976562 320.289916992188 326.455291748047 332.868438720703 342.628051757812 356.351348876953 402.637115478516 434.077606201172 447.822784423828 470.078918457031 498.038269042969 525.931274414062 561.562561035156 592.423217773438 681.896728515625 740.294189453125 800.089477539062 844.55322265625 890.401611328125 929.726135253906 969.529724121094 1056.68103027344 1104.5576171875 1156.70764160156 1176.64904785156 1185.05114746094
914.584716796875 861.271362304688 788.746398925781 733.248657226562 644.187377929688 522.460388183594 471.4052734375 418.031066894531 340.770416259766 324.484497070312 308.64306640625 297.178985595703 282.483703613281 275.712921142578 273.503723144531 270.901458740234 268.140472412109 266.034912109375 267.908264160156 270.035369873047 272.213623046875 277.319976806641 286.347503662109 291.077606201172 296.096893310547 303.448303222656 309.203186035156 312.575744628906 314.445709228516 320.066436767578 329.855621337891 337.940673828125 351.560974121094 362.97998046875 404.917053222656 434.156341552734 461.049835205078 485.795623779297 496.612274169922 534.512634277344 604.143249511719 696.421630859375 771.309326171875 825.44384765625 865.254211425781 908.740112304688 931.835266113281 991.874633789062 1058.77087402344 1110.10766601562 1163.9306640625 1193.00622558594 1218.08862304688
902.4775390625 852.502380371094 786.171691894531 728.07763671875 622.426452636719 511.755035400391 470.235565185547 419.278289794922 377.958129882812 332.1875 314.213348388672 298.070953369141 282.326019287109 274.343505859375 272.901641845703 270.636474609375 266.707427978516 265.089660644531 265.896270751953 269.036865234375 271.070709228516 275.946960449219 285.889678955078 290.582153320312 295.97509765625 303.477081298828 308.30224609375 311.150817871094 313.176971435547 316.331604003906 327.062347412109 338.393768310547 350.326141357422 365.073852539062 377.527282714844 420.777282714844 455.313415527344 489.730010986328 517.43408203125 547.293579101562 630.788757324219 705.686645507812 787.726013183594 845.173828125 890.321533203125 924.806579589844 975.238891601562 1025.38903808594 1089.421875 1123.482421875 1189.57189941406 1202.62243652344 1191.64343261719
901.341003417969 833.915100097656 774.623779296875 706.937255859375 583.678955078125 492.800628662109 458.453918457031 407.160430908203 377.264190673828 335.000854492188 322.267944335938 301.832214355469 283.464996337891 274.381042480469 273.15185546875 270.907531738281 266.765411376953 263.312225341797 264.282928466797 267.421142578125 270.446685791016 273.039703369141 279.888458251953 290.343414306641 295.553833007812 303.970397949219 308.988159179688 311.576812744141 312.51806640625 314.08984375 326.238342285156 338.7080078125 349.994812011719 390.154235839844 421.855255126953 447.972045898438 480.931427001953 511.509979248047 547.250671386719 590.55615234375 667.89794921875 716.880310058594 793.464599609375 847.8876953125 901.337890625 938.392883300781 1008.88061523438 1071.32824707031 1127.57946777344 1173.14331054688 1198.88854980469 1171.90905761719 1147.71105957031
886.942504882812 814.278747558594 765.746215820312 692.751708984375 557.805847167969 486.890106201172 432.740875244141 403.600921630859 346.71728515625 334.388336181641 323.370422363281 304.083038330078 286.160705566406 276.711303710938 274.747650146484 271.406005859375 268.369964599609 263.158874511719 261.267272949219 263.321594238281 268.846862792969 271.561676025391 276.760437011719 286.972290039062 294.624816894531 303.711303710938 309.94287109375 312.950378417969 313.37890625 313.907135009766 326.445098876953 338.485198974609 352.81103515625 405.77197265625 434.642486572266 475.534942626953 508.216857910156 550.628479003906 599.732360839844 661.330871582031 708.151977539062 755.178039550781 800.839416503906 850.738403320312 905.439453125 960.035339355469 1039.96484375 1104.2421875 1154.81994628906 1195.08959960938 1161.21765136719 1130.607421875 1093.19482421875
884.554565429688 806.854858398438 760.845642089844 688.253173828125 549.26416015625 489.17333984375 432.906799316406 386.201324462891 341.115478515625 332.471527099609 321.711669921875 304.974304199219 293.580932617188 279.585327148438 276.891143798828 272.839965820312 269.686340332031 263.546539306641 258.189880371094 259.591705322266 265.661560058594 270.716064453125 273.682067871094 283.966217041016 293.708343505859 303.319854736328 310.302856445312 313.922332763672 314.914703369141 317.503753662109 328.577392578125 339.447998046875 389.833953857422 424.205902099609 467.812774658203 506.584106445312 552.349182128906 612.822143554688 672.091369628906 718.20361328125 756.097045898438 799.931762695312 836.551025390625 866.125061035156 918.031127929688 981.339477539062 1058.59558105469 1127.99304199219 1177.32507324219 1194.14672851562 1149.99682617188 1097.33154296875 1046.43566894531
886.292114257812 804.837951660156 761.079284667969 688.3154296875 571.750793457031 489.605163574219 447.600738525391 402.007720947266 341.367309570312 331.919952392578 319.735595703125 304.451232910156 293.352020263672 282.180938720703 279.763946533203 273.379211425781 269.785583496094 261.533996582031 256.484588623047 256.683227539062 260.974578857422 268.88037109375 271.970306396484 278.961578369141 292.192169189453 302.545684814453 310.42822265625 315.388854980469 317.826995849609 322.610473632812 330.710113525391 340.840911865234 405.16552734375 443.627593994141 488.668762207031 535.228576660156 601.140808105469 673.420349121094 727.980041503906 765.379638671875 806.103942871094 841.59228515625 867.88525390625 893.907409667969 929.708251953125 1000.50848388672 1078.35168457031 1134.56396484375 1198.12634277344 1191.44421386719 1144.19921875 1077.12438964844 1006.20251464844
896.279296875 809.977844238281 763.4140625 697.625793457031 580.555847167969 502.596374511719 471.339630126953 407.312286376953 341.861389160156 331.218048095703 318.743347167969 303.680297851562 291.227935791016 280.417816162109 279.255004882812 272.824157714844 268.454376220703 257.959411621094 254.378936767578 254.285125732422 256.892303466797 265.163665771484 270.978881835938 275.558135986328 285.654418945312 301.522766113281 310.801788330078 316.223205566406 319.31982421875 325.967926025391 332.708099365234 341.957214355469 401.576110839844 450.183929443359 495.407531738281 556.73779296875 630.831604003906 716.25634765625 763.704833984375 816.386108398438 862.557312011719 884.8447265625 898.140075683594 921.419982910156 954.076232910156 1018.12780761719 1099.27966308594 1161.85339355469 1193.12145996094 1196.58959960938 1127.80383300781 1052.18640136719 958.576416015625
892.788940429688 815.446899414062 770.218505859375 709.979553222656 606.331726074219 504.591430664062 469.692565917969 410.761322021484 342.175689697266 330.61279296875 316.628326416016 301.326263427734 288.820098876953 279.300170898438 277.583526611328 271.355773925781 264.568176269531 255.097793579102 252.971664428711 252.856246948242 254.905288696289 259.672729492188 269.744720458984 274.509185791016 284.104125976562 301.208923339844 310.723022460938 316.510375976562 320.594482421875 327.669586181641 333.462554931641 343.796020507812 397.560363769531 456.030853271484 495.814056396484 570.371459960938 662.761413574219 733.583923339844 788.969787597656 845.566101074219 898.529113769531 916.869934082031 930.404174804688 950.613098144531 984.240234375 1050.8955078125 1114.123046875 1188.54504394531 1219.91394042969 1197.693359375 1094.14318847656 1009.68426513672 909.050720214844
888.881042480469 814.684753417969 769.976379394531 711.374816894531 615.723815917969 505.869934082031 459.528228759766 404.835174560547 340.760009765625 329.694915771484 315.294647216797 301.206329345703 288.798370361328 279.076446533203 275.140716552734 270.499877929688 257.668792724609 252.985763549805 251.526000976562 251.541519165039 252.402420043945 256.852416992188 268.974334716797 274.276306152344 285.109741210938 301.090057373047 310.740020751953 316.679382324219 321.304656982422 327.971527099609 334.743041992188 345.8779296875 398.395172119141 450.302185058594 495.426513671875 570.968994140625 672.278991699219 741.281188964844 805.796875 875.2861328125 908.881652832031 935.757019042969 953.394287109375 967.115295410156 1012.64624023438 1073.24548339844 1128.7978515625 1201.47961425781 1218.5458984375 1170.70935058594 1070.6162109375 961.918334960938 871.46044921875
831.25439453125 780.645202636719 752.523620605469 707.914489746094 599.986938476562 500.456481933594 458.62451171875 402.19091796875 339.504089355469 328.284790039062 313.264343261719 301.737976074219 289.601135253906 279.13330078125 274.154174804688 268.252593994141 254.71989440918 251.871520996094 251.014007568359 251.294616699219 252.305465698242 255.420349121094 269.099578857422 274.606140136719 285.827575683594 301.987976074219 311.489196777344 317.576904296875 322.5087890625 329.324951171875 336.328002929688 348.316192626953 397.499114990234 440.837982177734 480.809295654297 536.787780761719 646.976318359375 715.19970703125 778.584350585938 858.014587402344 891.220703125 930.541320800781 948.768188476562 973.126037597656 1030.1728515625 1090.75561523438 1147.80456542969 1219.91076660156 1203.91247558594 1131.12854003906 1028.00012207031 914.790710449219 857.661315917969
