Rscript/monthly_maps/SnowDepthMapFile-q75-1989-11.asc
ncols 320 
nrows 361 
xllcorner 618410.159 
yllcorner 5088785.286 
cellsize 100 
NODATA_value -9999 
[rows 144 to 167 of 361, columns 55 to 109 of 320]
958.204086303711 956.294525146484 957.021408081055 956.43017578125 956.193740844727 957.444702148438 956.677398681641 952.640884399414 963.484466552734 965.441711425781 968.032333374023 938.535217285156 889.926483154297 858.483963012695 830.241775512695 787.147689819336 762.509353637695 742.341003417969 733.744873046875 729.25846862793 726.596099853516 714.687927246094 711.167938232422 708.656112670898 689.992874145508 686.087432861328 657.962921142578 657.813217163086 661.859985351562 671.868392944336 706.965927124023 749.567733764648 780.03923034668 794.426712036133 816.579940795898 849.079055786133 870.155670166016 852.810791015625 800.244598388672 748.279876708984 711.199615478516 686.748428344727 677.638107299805 662.128128051758 649.692794799805 638.246459960938 606.234237670898 577.781051635742 562.268005371094 552.618927001953 545.81120300293 544.401992797852 548.917846679688 550.391693115234 571.514251708984
966.038665771484 967.218246459961 959.407165527344 957.877777099609 959.243453979492 963.214904785156 963.476760864258 965.568634033203 969.702529907227 991.063598632812 967.001708984375 931.769546508789 926.985061645508 889.16667175293 854.229919433594 821.403259277344 750.670654296875 732.75456237793 727.011947631836 732.440826416016 727.733047485352 726.809982299805 721.769348144531 709.824157714844 691.605850219727 681.635696411133 666.957534790039 665.725860595703 672.967239379883 707.182495117188 769.754547119141 813.782333374023 818.343841552734 819.249847412109 813.683090209961 852.514343261719 834.148162841797 816.5263671875 785.951324462891 744.336318969727 721.060195922852 702.21354675293 694.542327880859 689.746810913086 659.851135253906 642.82666015625 614.905471801758 579.772323608398 564.176681518555 548.555358886719 549.197341918945 543.477340698242 550.353408813477 555.925018310547 571.069473266602
987.853866577148 979.767929077148 989.879547119141 970.234405517578 970.726303100586 966.280731201172 967.15168762207 972.932159423828 996.651275634766 1000.03388977051 966.41276550293 965.462585449219 956.68244934082 911.610366821289 879.513320922852 820.528961181641 770.425033569336 715.950332641602 713.868911743164 732.307403564453 731.743301391602 727.789031982422 726.229095458984 701.201751708984 696.873321533203 687.061538696289 672.962509155273 671.692047119141 708.45686340332 765.555114746094 820.263946533203 832.024398803711 829.345489501953 812.736343383789 800.570602416992 796.248474121094 817.0126953125 814.312591552734 782.620819091797 764.52619934082 740.466323852539 733.792297363281 712.556137084961 693.129470825195 669.867294311523 644.721008300781 616.915740966797 589.435073852539 575.589294433594 565.423065185547 552.592041015625 560.126693725586 549.706146240234 557.863464355469 573.089508056641
1002.81759643555 993.959259033203 989.590209960938 983.461029052734 991.904037475586 991.651626586914 992.815811157227 995.296997070312 1004.71122741699 1001.99278259277 974.666076660156 984.447570800781 975.804336547852 955.675872802734 912.826477050781 827.637405395508 788.712951660156 717.865142822266 727.228500366211 737.079681396484 735.113159179688 731.477737426758 729.679931640625 730.297485351562 729.190414428711 701.902908325195 702.462905883789 712.966171264648 746.220108032227 813.419418334961 868.909881591797 832.059005737305 811.625122070312 792.538528442383 777.166976928711 777.804397583008 792.006500244141 812.06184387207 809.062149047852 779.971282958984 760.023956298828 737.596374511719 714.021438598633 694.267227172852 670.213638305664 645.54443359375 613.806869506836 592.394348144531 580.522857666016 572.907196044922 566.693756103516 567.286499023438 552.983261108398 557.592132568359 574.918823242188
1009.30908203125 1009.78886413574 1020.12452697754 993.509506225586 988.719039916992 996.76318359375 993.358261108398 1004.95149230957 996.948715209961 998.488342285156 994.435501098633 993.385284423828 983.75373840332 961.348739624023 927.948379516602 832.380996704102 761.961044311523 749.953323364258 747.623153686523 747.951278686523 761.336547851562 769.972793579102 751.225006103516 741.364562988281 731.794281005859 724.948959350586 719.402801513672 746.087799072266 818.077239990234 852.397064208984 889.91716003418 817.128036499023 782.783889770508 781.076370239258 773.131774902344 776.805389404297 778.019012451172 793.896926879883 811.250549316406 779.260208129883 774.475708007812 735.985580444336 704.466873168945 694.513153076172 651.852874755859 638.255722045898 607.005844116211 587.752944946289 582.155807495117 586.461181640625 584.637237548828 575.330902099609 571.027847290039 562.641906738281 580.440582275391
1043.24057006836 1038.96475219727 1021.62324523926 1023.54592895508 1014.14636230469 1005.30230712891 1001.28384399414 1002.19241333008 1000.74000549316 1006.61140441895 998.068832397461 995.902969360352 994.852691650391 963.64909362793 875.723129272461 815.528030395508 791.071136474609 786.995056152344 791.831756591797 799.369598388672 780.712783813477 767.108688354492 761.737045288086 736.592437744141 734.321990966797 732.767547607422 754.62760925293 816.867950439453 871.028823852539 887.06364440918 870.338073730469 802.073150634766 782.934692382812 778.558364868164 788.714752197266 786.963592529297 774.271591186523 777.716003417969 776.049850463867 742.496841430664 738.922103881836 702.365982055664 684.433364868164 653.371017456055 630.129150390625 604.592712402344 588.025695800781 587.666854858398 592.241577148438 590.757720947266 590.353393554688 583.22444152832 582.329010009766 578.613265991211 597.307525634766
1048.17633056641 1046.12115478516 1029.52947998047 1026.01274108887 1022.01071166992 1022.85473632812 1024.06480407715 1025.02061462402 1019.70794677734 1000.63876342773 1004.59625244141 1004.94566345215 974.237731933594 935.052673339844 871.168334960938 852.581390380859 858.444900512695 828.210006713867 815.744216918945 814.697982788086 784.601654052734 769.916076660156 752.500549316406 752.229934692383 755.674453735352 789.090454101562 828.607864379883 878.714935302734 923.51774597168 881.977523803711 857.12060546875 822.731506347656 786.219635009766 780.285232543945 775.426162719727 787.769393920898 770.707153320312 736.23014831543 701.989028930664 700.969757080078 685.182693481445 658.716583251953 638.508377075195 611.653137207031 584.967620849609 569.974868774414 587.987884521484 600.494110107422 614.942764282227 602.010040283203 598.172622680664 593.100891113281 588.472961425781 608.559783935547 635.055755615234
1049.08703613281 1049.70657348633 1047.85284423828 1042.49166870117 1040.2873840332 1040.66116333008 1040.72640991211 1041.58847045898 1025.70809936523 1018.99815368652 1000.19790649414 1005.44891357422 978.401123046875 962.959701538086 913.741897583008 892.486465454102 885.658340454102 855.960250854492 822.5537109375 812.156265258789 800.313278198242 803.932144165039 825.702835083008 831.076721191406 863.612350463867 886.295776367188 918.802124023438 942.975433349609 922.688858032227 881.610900878906 827.75471496582 822.183364868164 818.170593261719 785.729614257812 778.097778320312 774.909301757812 736.819076538086 700.027542114258 679.696960449219 655.114074707031 648.707473754883 640.187316894531 608.879165649414 578.657409667969 589.206985473633 600.278350830078 592.663681030273 625.779098510742 622.784393310547 608.499389648438 597.944305419922 600.960708618164 615.00715637207 630.504089355469 648.888412475586
1078.49575805664 1048.69564819336 1042.95574951172 1038.43612670898 1040.24429321289 1040.67568969727 1045.5251159668 1049.09875488281 1043.55996704102 1021.28672790527 1011.20246887207 1001.34455871582 987.168869018555 985.991989135742 956.481369018555 925.074111938477 903.374252319336 882.832489013672 857.113540649414 850.662902832031 861.929656982422 885.914840698242 915.794845581055 950.183029174805 960.983703613281 955.587371826172 956.78483581543 897.248641967773 867.984451293945 843.162078857422 824.529220581055 819.604644775391 815.980758666992 781.469879150391 759.36360168457 740.632461547852 700.06623840332 681.765106201172 651.309783935547 644.941299438477 650.788650512695 632.452667236328 621.438446044922 614.067352294922 601.965942382812 636.022323608398 638.46435546875 627.782974243164 616.620193481445 602.452896118164 606.545303344727 622.101760864258 637.689697265625 654.092315673828 672.252075195312
1081.05773925781 1076.78521728516 1062.38729858398 1061.81768798828 1071.40347290039 1066.69473266602 1074.84344482422 1056.20202636719 1049.76849365234 1042.99285888672 1025.3376159668 1024.38186645508 1018.8321685791 1016.1505279541 998.785049438477 971.490753173828 962.866134643555 962.321716308594 959.848831176758 957.338073730469 957.907653808594 958.046676635742 957.000228881836 896.844024658203 893.506454467773 894.77766418457 893.702392578125 902.278884887695 865.861785888672 829.378372192383 819.670379638672 817.621444702148 795.803833007812 780.200042724609 742.638870239258 703.904541015625 662.166000366211 666.289260864258 664.569091796875 666.118713378906 666.965728759766 665.51496887207 644.886749267578 667.512786865234 663.0908203125 639.896987915039 630.469863891602 602.692153930664 606.027435302734 608.695114135742 637.149063110352 654.911056518555 660.028625488281 676.679504394531 699.93571472168
1105.74212646484 1104.71237182617 1097.63781738281 1077.01229858398 1080.18798828125 1083.58581542969 1071.4084777832 1068.93280029297 1064.63543701172 1048.52944946289 1042.71011352539 1027.16470336914 1020.07363891602 1023.25030517578 1003.61479187012 999.363861083984 936.885330200195 901.243011474609 900.807952880859 907.063247680664 872.492477416992 896.886932373047 876.585952758789 867.893081665039 864.727569580078 865.527313232422 864.923568725586 863.866683959961 862.406707763672 823.443161010742 803.874435424805 783.563018798828 779.945388793945 755.292388916016 722.231689453125 685.98046875 659.335830688477 666.562072753906 673.179779052734 685.98551940918 676.024597167969 691.820922851562 676.079086303711 678.899261474609 649.702850341797 638.82829284668 609.247100830078 610.802474975586 624.747039794922 654.082748413086 665.404693603516 695.1494140625 697.733673095703 702.726715087891 734.651443481445
1118.84771728516 1113.126953125 1110.07122802734 1118.90893554688 1087.08383178711 1090.90170288086 1072.88128662109 1047.244140625 1064.13650512695 1060.92034912109 1032.27014160156 1029.08827209473 983.33869934082 978.019668579102 939.905944824219 903.413314819336 874.204879760742 852.994018554688 834.401077270508 831.53645324707 831.5302734375 828.848510742188 827.132400512695 823.958526611328 823.528442382812 821.911117553711 822.259750366211 825.728775024414 860.856155395508 823.580276489258 791.63818359375 782.052642822266 759.354263305664 739.095916748047 704.251663208008 680.548751831055 670.291549682617 681.349517822266 690.624893188477 713.230484008789 713.266967773438 698.149429321289 686.497451782227 671.983200073242 656.601211547852 652.101165771484 644.797470092773 643.817398071289 658.728607177734 668.885665893555 699.551162719727 705.729415893555 736.50341796875 739.024200439453 756.87825012207
1150.64364624023 1149.03433227539 1137.77450561523 1094.60238647461 1089.80322265625 1068.64337158203 1056.61834716797 1044.99938964844 1044.9543762207 1035.63961791992 1009.32397460938 978.050094604492 949.109420776367 903.96125793457 872.396377563477 834.254302978516 811.581161499023 797.994583129883 760.21875 756.334869384766 756.886505126953 754.823013305664 779.248260498047 785.99382019043 792.392730712891 785.654067993164 800.399490356445 818.676666259766 827.039978027344 822.561721801758 786.410766601562 765.765319824219 742.602478027344 728.961471557617 700.08283996582 693.656112670898 687.081588745117 699.243392944336 712.90185546875 717.539810180664 690.987518310547 691.113571166992 689.930236816406 691.072555541992 681.25032043457 676.56005859375 669.543838500977 698.305923461914 705.311096191406 729.050842285156 740.232788085938 741.568588256836 776.025817871094 779.521896362305 808.599975585938
1160.55184936523 1154.68475341797 1132.34222412109 1097.24432373047 1085.76000976562 1062.91427612305 1058.63110351562 1045.23843383789 1017.37594604492 1008.0013885498 954.904846191406 911.535491943359 884.375061035156 874.173690795898 832.181533813477 809.640090942383 791.419219970703 775.900131225586 750.862213134766 736.772994995117 721.128372192383 736.950836181641 746.072860717773 746.065139770508 769.772018432617 785.935516357422 782.176910400391 782.757232666016 817.187057495117 821.455917358398 789.292373657227 750.751419067383 740.957580566406 717.882385253906 699.727111816406 692.68342590332 700.809844970703 707.151245117188 718.328872680664 692.564086914062 695.941390991211 697.337554931641 698.479644775391 698.488800048828 701.520172119141 700.310134887695 705.095550537109 732.667770385742 756.668197631836 773.272094726562 782.491027832031 788.408599853516 782.051025390625 775.323944091797 775.742050170898
1177.62231445312 1170.35107421875 1137.35818481445 1099.97164916992 1083.37683105469 1063.09133911133 1047.26708984375 1013.13236999512 956.905776977539 948.751586914062 909.692245483398 877.219619750977 868.987258911133 832.539215087891 827.943206787109 791.321548461914 790.979034423828 767.903793334961 747.077560424805 746.62663269043 730.203964233398 727.611633300781 729.246963500977 733.384658813477 741.368667602539 746.415771484375 762.319213867188 769.069671630859 784.513854980469 818.041702270508 794.109130859375 751.649490356445 741.942718505859 716.459564208984 708.761566162109 706.717559814453 721.531753540039 718.782073974609 702.930862426758 697.113052368164 701.284912109375 720.745986938477 734.969284057617 732.54833984375 734.689422607422 708.515563964844 723.293487548828 769.357666015625 809.768463134766 814.388320922852 813.773193359375 777.875885009766 777.166351318359 774.906127929688 737.319061279297
1180.77081298828 1173.68783569336 1139.28225708008 1101.55316162109 1070.87716674805 1044.69046020508 1006.78367614746 985.098022460938 919.540466308594 910.88557434082 876.209945678711 872.111297607422 832.24885559082 826.715133666992 792.513168334961 790.192977905273 756.400344848633 746.409866333008 741.737823486328 741.3017578125 728.127746582031 722.616226196289 718.985214233398 722.474517822266 728.521636962891 736.997848510742 737.823364257812 741.014129638672 741.745651245117 784.623825073242 779.636520385742 780.392669677734 740.976776123047 723.342514038086 716.707046508789 726.223205566406 723.936325073242 712.436477661133 700.256591796875 704.411865234375 735.765258789062 752.024108886719 755.866897583008 754.120010375977 746.479766845703 745.192291259766 781.180084228516 811.010879516602 812.185729980469 782.107391357422 779.411209106445 757.396713256836 738.743347167969 733.044403076172 719.562484741211
1174.166015625 1164.51766967773 1140.95547485352 1103.01342773438 1077.54077148438 1024.59020996094 979.423782348633 916.588714599609 910.326843261719 873.717208862305 870.173431396484 847.259292602539 826.700912475586 803.537445068359 790.947937011719 749.656661987305 744.302047729492 743.390243530273 738.381713867188 721.849807739258 705.314071655273 699.285293579102 697.609085083008 696.464981079102 717.218765258789 724.238723754883 725.375030517578 722.026626586914 718.825317382812 743.918395996094 756.914184570312 775.949768066406 774.237930297852 737.307647705078 733.283020019531 729.845413208008 730.382568359375 719.163528442383 733.018951416016 737.484420776367 771.535247802734 774.613082885742 779.898452758789 777.979293823242 780.684020996094 782.402313232422 781.741821289062 814.745208740234 782.104888916016 744.025756835938 740.86833190918 737.021301269531 734.429718017578 731.786865234375 714.674301147461
1174.09518432617 1147.189453125 1138.1227722168 1087.37338256836 1043.00146484375 991.927169799805 945.119445800781 913.266311645508 877.443267822266 869.59587097168 867.38671875 832.777191162109 822.907257080078 789.331802368164 766.679214477539 744.771667480469 743.25016784668 724.983825683594 705.815368652344 699.068832397461 693.42204284668 676.322738647461 675.282791137695 687.950164794922 689.260696411133 692.417083740234 694.650955200195 697.013961791992 702.191802978516 703.918441772461 721.953994750977 759.470962524414 777.535385131836 774.732345581055 755.776184082031 738.060775756836 738.205139160156 769.229766845703 753.510101318359 772.213241577148 771.29997253418 774.3505859375 774.199966430664 773.51887512207 775.030227661133 776.556121826172 740.661575317383 713.853744506836 707.751266479492 705.296417236328 707.381973266602 732.502365112305 730.267715454102 730.076568603516 708.887939453125
1165.79220581055 1125.11538696289 1100.72265625 1039.40390014648 1013.42280578613 957.044891357422 923.126480102539 882.574478149414 873.349731445312 867.680633544922 842.674713134766 825.554260253906 819.399963378906 785.638778686523 761.484268188477 742.800109863281 728.24821472168 706.88801574707 696.899719238281 676.196319580078 647.508834838867 635.834426879883 632.151428222656 640.704879760742 656.975845336914 663.866180419922 667.998840332031 668.949401855469 667.659606933594 671.217102050781 688.02326965332 719.768615722656 773.118576049805 771.757888793945 776.191436767578 773.341873168945 772.562866210938 769.506607055664 767.818969726562 746.602905273438 736.03434753418 734.591857910156 753.131866455078 751.497711181641 737.058227539062 704.253601074219 664.210861206055 661.202606201172 647.515243530273 655.993286132812 694.368942260742 708.886444091797 708.577087402344 690.722457885742 683.137802124023
1130.93902587891 1097.9990234375 1027.58853149414 1003.50381469727 961.733245849609 939.697265625 898.690795898438 879.254959106445 868.854095458984 836.208190917969 828.846298217773 825.040145874023 816.956298828125 785.471908569336 760.42594909668 740.116561889648 718.500793457031 698.653411865234 682.471496582031 642.513534545898 631.596298217773 621.042236328125 616.892700195312 616.919326782227 620.716979980469 614.291488647461 625.569061279297 627.359191894531 633.202270507812 638.36003112793 644.877426147461 679.375854492188 697.264251708984 731.932647705078 773.164001464844 771.303451538086 749.521453857422 734.52571105957 698.392211914062 676.904708862305 672.371307373047 683.682037353516 701.893646240234 686.261657714844 659.669158935547 637.887435913086 607.565719604492 603.901245117188 597.369552612305 616.420013427734 638.202102661133 668.845245361328 685.239105224609 656.306228637695 630.978637695312
1099.81311035156 1033.38061523438 967.247543334961 930.799530029297 921.324737548828 914.98127746582 883.997253417969 874.492568969727 847.429870605469 830.686599731445 825.744506835938 822.59260559082 815.523223876953 783.006683349609 761.875900268555 740.479125976562 702.99006652832 696.213714599609 672.220840454102 638.982971191406 629.639511108398 631.723052978516 607.521347045898 605.052978515625 592.538711547852 583.423324584961 583.127944946289 594.438369750977 604.523742675781 619.106079101562 628.101104736328 640.466079711914 669.947448730469 686.145080566406 688.272384643555 688.397109985352 681.66194152832 654.375671386719 630.461059570312 608.696090698242 608.764175415039 625.010848999023 643.810485839844 633.53727722168 602.735565185547 593.484893798828 577.366256713867 572.218322753906 569.524765014648 576.273284912109 594.515167236328 626.187286376953 635.018280029297 626.308227539062 614.332138061523
1027.13659667969 965.706680297852 923.846740722656 917.580215454102 912.721389770508 909.710250854492 883.822280883789 871.65283203125 846.146636962891 831.066223144531 824.711517333984 821.183715820312 814.658401489258 792.673294067383 779.71012878418 739.01969909668 703.176452636719 684.016754150391 659.119873046875 659.113189697266 651.096420288086 650.050109863281 631.756591796875 611.623489379883 584.607025146484 570.42985534668 561.540756225586 573.172470092773 588.948135375977 606.173522949219 614.024108886719 629.072555541992 651.582809448242 641.965286254883 628.480041503906 615.623809814453 613.393402099609 591.266998291016 585.591537475586 577.592590332031 574.888488769531 599.522735595703 624.269149780273 625.401428222656 584.209533691406 574.101821899414 557.768157958984 555.73503112793 554.423049926758 553.393081665039 559.97492980957 569.258148193359 604.259796142578 600.217620849609 582.28434753418
994.664855957031 925.090347290039 888.767791748047 896.107666015625 905.749481201172 901.59162902832 905.457916259766 869.436492919922 865.08935546875 833.657638549805 824.9091796875 821.782455444336 814.582244873047 813.613616943359 777.593246459961 741.320922851562 705.273742675781 697.643951416016 672.124847412109 656.312896728516 660.781860351562 653.29541015625 645.776992797852 621.319686889648 592.003753662109 577.110885620117 573.139770507812 572.593719482422 581.414505004883 599.395050048828 607.215744018555 618.449569702148 623.991226196289 623.911376953125 581.850036621094 570.256591796875 569.139099121094 565.873397827148 559.695175170898 556.995407104492 564.244033813477 592.141815185547 616.327514648438 612.594650268555 587.447647094727 566.664611816406 550.252532958984 537.216720581055 525.942428588867 524.165725708008 527.098739624023 554.578460693359 567.572204589844 576.217056274414 564.089462280273
964.368804931641 896.633163452148 887.969421386719 905.26789855957 902.567306518555 901.641342163086 895.6455078125 874.779846191406 864.800354003906 841.820343017578 825.789840698242 822.024429321289 818.202407836914 811.211608886719 778.811859130859 755.349197387695 725.215835571289 700.156845092773 673.536804199219 655.189743041992 651.723281860352 650.631698608398 639.8330078125 608.783981323242 597.516647338867 583.575256347656 573.59114074707 573.582901000977 576.547866821289 581.952987670898 588.261962890625 595.493743896484 596.000869750977 574.900085449219 557.225250244141 528.804260253906 532.414794921875 530.102722167969 528.418350219727 537.866302490234 551.207717895508 583.338531494141 610.060012817383 621.061279296875 580.205505371094 552.146438598633 517.682106018066 508.311820983887 498.443756103516 482.376586914062 484.83024597168 511.934417724609 524.276123046875 549.736846923828 519.400268554688
