Rscript/monthly_maps/SnowDepthMapFile-max-1989-11.asc
ncols 320 
nrows 361 
xllcorner 618410.159 
yllcorner 5088785.286 
cellsize 100 
NODATA_value -9999 
[rows 115 to 137 of 361, columns 106 to 158 of 320]
343.143096923828 344.519195556641 346.240051269531 346.338226318359 344.412780761719 337.950134277344 326.813110351562 312.347290039062 298.524536132812 295.869262695312 299.988403320312 307.415649414062 317.591461181641 328.197113037109 336.525634765625 340.864379882812 345.544860839844 345.765502929688 344.860595703125 342.2939453125 344.933380126953 350.252075195312 358.811218261719 370.467864990234 382.043212890625 391.334503173828 397.412475585938 404.045623779297 413.756805419922 426.154663085938 438.357421875 437.111785888672 423.846649169922 409.700012207031 400.836853027344 405.10693359375 422.378295898438 434.446838378906 441.221923828125 439.556518554688 437.432739257812 441.141082763672 455.437072753906 483.070617675781 501.184204101562 520.0595703125 530.468383789062 526.543212890625 511.726348876953 492.478454589844 477.660736083984 465.242919921875 447.712799072266
364.361877441406 365.704345703125 365.125122070312 362.738220214844 356.859436035156 345.248352050781 328.711700439453 311.975006103516 311.789031982422 323.652374267578 348.356109619141 367.838134765625 375.808929443359 374.532592773438 370.625579833984 371.089111328125 376.916320800781 376.547729492188 375.060882568359 371.897521972656 377.445343017578 385.029174804688 392.855072021484 402.138977050781 413.445434570312 425.347747802734 437.284606933594 452.040496826172 476.850830078125 482.857330322266 484.288330078125 478.959930419922 470.199951171875 453.653747558594 441.47998046875 441.592407226562 457.090270996094 467.277465820312 476.209045410156 487.100830078125 495.969421386719 502.52197265625 513.187805175781 526.958923339844 541.929504394531 556.143432617188 562.05419921875 540.026000976562 518.846252441406 496.766052246094 478.484252929688 463.662628173828 444.470397949219
392.850067138672 393.895690917969 392.576385498047 388.247375488281 378.255706787109 364.119262695312 349.470672607422 339.996704101562 358.147766113281 388.486602783203 415.091400146484 430.87744140625 437.077209472656 421.686584472656 408.16796875 406.657653808594 413.732574462891 410.365570068359 406.829864501953 398.475372314453 403.405975341797 413.217834472656 423.354766845703 432.531127929688 440.655914306641 455.65234375 482.647979736328 499.484069824219 506.818664550781 508.697570800781 504.217041015625 499.021850585938 493.458160400391 488.284301757812 485.130645751953 483.440795898438 488.511444091797 497.754058837891 507.642608642578 520.510925292969 534.908569335938 547.432556152344 567.205749511719 580.833618164062 591.422973632812 592.467468261719 580.643127441406 555.704895019531 527.041625976562 503.613403320312 480.187805175781 459.511352539062 439.372711181641
425.762054443359 423.836700439453 421.630065917969 416.59423828125 408.317291259766 398.866333007812 398.946044921875 407.121795654297 424.830535888672 448.780517578125 491.154113769531 504.2607421875 496.049224853516 473.541381835938 446.810760498047 444.045562744141 445.499725341797 438.362854003906 436.172760009766 419.333923339844 422.964782714844 438.357177734375 450.363952636719 461.412078857422 484.487915039062 510.904571533203 533.896118164062 541.245300292969 535.501342773438 526.934875488281 515.881652832031 509.636505126953 508.076171875 510.890289306641 514.840026855469 516.349975585938 519.228332519531 527.093933105469 536.030517578125 553.691040039062 581.590759277344 597.949523925781 616.989440917969 627.634887695312 628.866088867188 622.765319824219 600.619506835938 570.645751953125 535.747375488281 510.509552001953 484.979309082031 460.549285888672 431.638641357422
452.411499023438 450.247680664062 449.644622802734 448.917266845703 445.123107910156 443.102172851562 450.653137207031 467.1796875 507.184844970703 533.784545898438 549.140258789062 541.357421875 520.086791992188 495.327087402344 472.246246337891 465.821990966797 469.857818603516 458.264465332031 453.780883789062 439.132110595703 443.597351074219 460.552032470703 497.692810058594 541.976623535156 592.460754394531 608.568603515625 616.991882324219 616.80615234375 602.559387207031 587.810607910156 563.234497070312 546.109924316406 545.546569824219 548.554016113281 544.158508300781 546.30908203125 552.436706542969 558.021301269531 577.471374511719 595.366394042969 616.595275878906 633.370361328125 648.14697265625 661.168701171875 667.84326171875 656.438415527344 620.886657714844 578.702758789062 543.904968261719 518.813598632812 493.745422363281 467.106018066406 436.602722167969
511.739379882812 477.549957275391 477.907409667969 482.900207519531 493.357666015625 509.668518066406 547.667724609375 594.098937988281 618.013977050781 640.953552246094 621.91845703125 576.397277832031 536.0908203125 509.913970947266 489.057586669922 485.480133056641 480.324157714844 483.612426757812 470.012878417969 463.163940429688 466.912658691406 499.515808105469 553.9853515625 625.025390625 704.919250488281 727.058349609375 707.479919433594 688.04931640625 665.24365234375 645.899291992188 614.452026367188 606.064758300781 601.34814453125 612.099365234375 608.798278808594 598.50927734375 590.99609375 593.465515136719 601.146179199219 622.9365234375 644.436584472656 663.049194335938 671.450622558594 671.632995605469 679.216674804688 669.940307617188 650.299621582031 610.37890625 550.097412109375 526.366516113281 503.165344238281 477.613311767578 453.527465820312
583.803344726562 567.296936035156 545.786193847656 547.609130859375 581.642822265625 606.558959960938 667.500366210938 723.960876464844 738.118469238281 681.521484375 641.80224609375 575.859680175781 544.7822265625 520.484680175781 503.403533935547 502.430694580078 498.472198486328 496.655822753906 482.394500732422 486.192108154297 495.439575195312 528.567565917969 618.094055175781 733.060241699219 815.7060546875 825.828186035156 800.309326171875 777.17919921875 763.924743652344 779.441040039062 794.046081542969 788.823974609375 731.070434570312 674.255065917969 650.502197265625 626.596130371094 623.734191894531 624.005920410156 635.279479980469 650.833312988281 674.143615722656 679.799621582031 692.179260253906 734.760314941406 745.407043457031 734.180358886719 669.269836425781 618.458801269531 554.410583496094 532.523620605469 512.339233398438 490.880950927734 466.433288574219
793.364501953125 744.435363769531 724.934814453125 704.666137695312 728.792724609375 779.161560058594 819.226989746094 811.220336914062 756.882202148438 682.134460449219 612.138244628906 559.407836914062 541.030883789062 527.172973632812 516.532104492188 524.941345214844 519.709533691406 503.496459960938 491.698089599609 499.614654541016 516.556396484375 562.018310546875 673.327697753906 817.963562011719 908.451354980469 909.949951171875 880.098999023438 866.59814453125 877.135864257812 892.480651855469 920.827880859375 918.192260742188 864.115966796875 760.143493652344 692.884460449219 660.975036621094 660.512573242188 659.826538085938 666.754760742188 677.076904296875 694.547058105469 699.802001953125 745.414245605469 812.647155761719 858.753295898438 815.758239746094 723.268310546875 624.777587890625 583.512939453125 538.881408691406 521.566223144531 503.064422607422 479.775665283203
902.803649902344 896.330322265625 893.363891601562 899.312561035156 921.25537109375 923.524963378906 877.221801757812 811.438171386719 680.363525390625 611.457336425781 552.274291992188 534.861999511719 528.38037109375 523.576477050781 534.005249023438 542.713317871094 514.758056640625 505.772491455078 499.980010986328 509.329803466797 532.103149414062 609.692016601562 742.010009765625 886.870849609375 953.675415039062 955.649108886719 946.994445800781 942.704956054688 946.931640625 961.255798339844 981.925659179688 972.501586914062 936.44189453125 865.949401855469 797.220886230469 731.596984863281 700.202697753906 694.819396972656 702.919128417969 724.10009765625 740.289855957031 747.573120117188 798.573364257812 874.634887695312 935.235534667969 913.990112304688 781.507995605469 642.65625 597.95703125 545.865966796875 529.844177246094 512.78271484375 489.212738037109
1034.46911621094 1015.50872802734 1013.10400390625 958.087951660156 949.742004394531 882.706359863281 810.623291015625 671.1171875 587.991943359375 547.727111816406 529.848876953125 524.166931152344 523.26904296875 536.812927246094 547.683776855469 535.861999511719 515.366271972656 506.980133056641 509.050170898438 523.634338378906 559.291015625 658.6494140625 808.791137695312 940.493896484375 983.060913085938 1001.64654541016 987.304992675781 971.476684570312 976.491271972656 1021.40173339844 1031.53271484375 1013.65270996094 962.614685058594 940.445617675781 885.153564453125 854.371032714844 808.744812011719 797.576354980469 777.367858886719 752.615600585938 759.549194335938 783.014709472656 818.311889648438 894.787475585938 948.163024902344 948.159240722656 819.016479492188 670.564697265625 606.471862792969 552.616149902344 536.435546875 519.010314941406 495.363159179688
1077.10705566406 1004.12585449219 965.205078125 953.130310058594 881.261596679688 771.087341308594 645.430419921875 577.207824707031 551.878295898438 536.154968261719 530.04296875 526.890563964844 542.468444824219 550.201904296875 546.84423828125 522.027038574219 509.649169921875 507.777954101562 519.849243164062 547.770568847656 622.533996582031 702.323669433594 829.154235839844 946.232666015625 984.611328125 1008.27795410156 1015.25305175781 1012.16271972656 1045.20056152344 1064.69274902344 1065.48706054688 1022.96380615234 994.837646484375 969.175537109375 954.415771484375 941.971740722656 922.805908203125 891.684692382812 868.294250488281 829.524353027344 808.111511230469 810.587097167969 850.531005859375 910.932922363281 950.701843261719 953.379150390625 846.935485839844 681.522216796875 614.437744140625 557.999145507812 540.540832519531 521.4599609375 497.483276367188
1011.63958740234 962.050354003906 898.889526367188 836.445983886719 726.613952636719 630.525024414062 573.375 557.088562011719 545.135498046875 538.622253417969 536.015869140625 548.208312988281 554.334655761719 550.558898925781 532.877807617188 516.010498046875 509.701171875 517.574035644531 541.579650878906 611.953125 678.296997070312 755.712768554688 861.828430175781 937.38134765625 966.212951660156 1006.18389892578 1021.57946777344 1042.41430664062 1089.65234375 1102.01586914062 1077.77355957031 1029.462890625 1016.39233398438 1007.20941162109 998.015380859375 986.555847167969 968.287109375 952.877746582031 939.943115234375 893.680236816406 867.151184082031 865.197998046875 877.576171875 931.757202148438 954.516967773438 949.231750488281 848.23779296875 692.458923339844 621.719787597656 561.49072265625 542.234130859375 522.467956542969 498.847839355469
924.920288085938 853.266662597656 784.733825683594 689.645874023438 619.743896484375 570.684020996094 559.151977539062 551.019470214844 546.654052734375 546.697570800781 554.383361816406 559.098510742188 556.950500488281 547.78564453125 527.705871582031 524.142761230469 529.553466796875 558.590087890625 614.284606933594 666.071350097656 738.846008300781 807.637023925781 880.242614746094 940.64599609375 964.015441894531 1000.44354248047 1014.41552734375 1045.76647949219 1100.09350585938 1140.04858398438 1095.88171386719 1049.03918457031 1028.14770507812 1026.99487304688 1021.31787109375 1018.35791015625 1019.41363525391 1007.87115478516 965.332397460938 945.345458984375 929.756042480469 926.883056640625 938.342712402344 955.037048339844 963.129760742188 943.911437988281 829.031921386719 697.220703125 622.097412109375 563.430480957031 542.029418945312 522.565124511719 500.410614013672
851.322387695312 772.943359375 657.690673828125 604.536987304688 571.120239257812 561.405151367188 555.189758300781 553.989501953125 563.690734863281 567.403381347656 565.54052734375 563.074096679688 561.304870605469 554.682861328125 539.759033203125 544.283325195312 560.706176757812 626.368530273438 690.853637695312 746.132873535156 813.688720703125 870.029968261719 924.693542480469 952.689575195312 972.684265136719 1000.51043701172 1010.85491943359 1031.00061035156 1089.55419921875 1139.48645019531 1136.11267089844 1067.875 1050.49609375 1048.92028808594 1048.04077148438 1050.35119628906 1052.21557617188 1044.27526855469 995.705383300781 962.572387695312 951.315063476562 953.157531738281 964.852416992188 986.578918457031 982.737487792969 941.046508789062 822.351440429688 699.145385742188 627.6162109375 564.254028320312 540.2392578125 520.562683105469 499.800018310547
798.097412109375 678.356262207031 612.200500488281 574.79736328125 566.752319335938 563.31591796875 574.63720703125 577.751037597656 575.950012207031 572.818359375 569.794494628906 566.482116699219 566.441101074219 565.733642578125 566.844543457031 568.387023925781 597.687072753906 659.473571777344 754.270935058594 866.236022949219 910.454895019531 939.219177246094 954.35498046875 978.351501464844 994.696838378906 999.859558105469 1006.78173828125 1022.79119873047 1068.38916015625 1141.12316894531 1146.6904296875 1101.21752929688 1067.6494140625 1064.18029785156 1067.24194335938 1071.34497070312 1077.30505371094 1078.55676269531 1050.822265625 1001.52142333984 978.2744140625 978.923278808594 1000.15832519531 1002.82922363281 972.4658203125 928.097839355469 810.045959472656 695.258911132812 630.560729980469 565.766967773438 537.914733886719 515.073852539062 495.951049804688
702.240905761719 625.828430175781 582.745300292969 587.130126953125 588.252746582031 589.251281738281 585.614990234375 580.682556152344 574.555969238281 573.970703125 569.248901367188 563.578796386719 573.340637207031 581.961364746094 591.395568847656 600.131408691406 608.061340332031 644.5283203125 752.007385253906 887.124328613281 955.264099121094 983.689636230469 993.948181152344 1000.80316162109 1001.88360595703 1004.8486328125 1007.89910888672 1016.40954589844 1045.88073730469 1102.62756347656 1151.30224609375 1143.40625 1091.56762695312 1080.27770996094 1079.86645507812 1095.17565917969 1090.89123535156 1096.55603027344 1099.55859375 1073.82385253906 1043.98193359375 1003.89642333984 999.497497558594 999.871032714844 960.285095214844 902.139892578125 803.356689453125 685.660095214844 633.853515625 566.165100097656 534.870849609375 510.513214111328 489.077362060547
641.878234863281 617.021118164062 602.999572753906 601.482360839844 595.781494140625 591.266052246094 581.594909667969 581.380798339844 573.135192871094 554.565490722656 539.680236816406 545.156311035156 570.971374511719 589.721130371094 603.301025390625 612.526489257812 617.386474609375 638.692016601562 701.124755859375 869.323059082031 963.396667480469 1007.32562255859 1009.69470214844 1004.59460449219 1003.57672119141 1004.63275146484 1007.28271484375 1012.08209228516 1034.58288574219 1074.9345703125 1145.01818847656 1151.96850585938 1130.39208984375 1089.13916015625 1090.28515625 1100.40161132812 1098.01171875 1102.28515625 1143.56811523438 1147.91076660156 1108.546875 1052.4814453125 1005.58483886719 987.375427246094 955.316284179688 889.106811523438 792.520141601562 676.392272949219 628.722106933594 564.330749511719 533.249206542969 508.099975585938 485.049072265625
635.144104003906 614.437805175781 610.376770019531 605.507141113281 602.890380859375 592.080688476562 579.479736328125 549.426086425781 528.79296875 519.231689453125 524.890930175781 541.847229003906 572.086730957031 596.715209960938 614.077270507812 626.725158691406 634.176147460938 641.225769042969 682.087341308594 819.587219238281 954.70849609375 1010.86010742188 1026.7939453125 1008.02862548828 1003.56066894531 1004.72106933594 1006.89599609375 1013.97015380859 1027.9033203125 1058.9853515625 1107.29040527344 1155.865234375 1148.31604003906 1103.80590820312 1089.06176757812 1092.81884765625 1114.48559570312 1110.8193359375 1150.59887695312 1172.17919921875 1168.03466796875 1094.39416503906 1042.29504394531 994.866821289062 958.366394042969 892.957092285156 793.30078125 672.35107421875 623.812683105469 561.568542480469 534.2509765625 508.440032958984 483.856231689453
638.42333984375 626.550842285156 624.685363769531 614.054931640625 596.0234375 576.961486816406 540.85888671875 519.678039550781 504.584594726562 522.996826171875 553.801635742188 592.0654296875 614.721923828125 631.345825195312 649.838317871094 653.396118164062 660.180725097656 664.669189453125 681.2001953125 807.27978515625 951.709228515625 1030.2607421875 1036.91723632812 1015.66497802734 1005.72290039062 1004.42883300781 1006.94232177734 1011.8671875 1024.25341796875 1042.087890625 1082.62878417969 1144.30554199219 1163.07092285156 1134.7763671875 1101.8212890625 1095.62683105469 1101.56457519531 1139.61010742188 1165.37536621094 1183.76000976562 1177.529296875 1109.33630371094 1053.27709960938 1000.88952636719 961.479797363281 894.419555664062 795.200134277344 671.04150390625 622.5146484375 563.47705078125 537.824462890625 514.516418457031 487.338348388672
655.971557617188 658.488525390625 637.964721679688 618.200744628906 600 584.289794921875 545.164306640625 535.592651367188 537.20068359375 607.34765625 663.538146972656 677.161010742188 668.596435546875 669.979125976562 675.957580566406 679.291015625 683.03662109375 683.0361328125 686.683776855469 808.994689941406 942.156005859375 1023.71948242188 1043.90734863281 1028.02795410156 1008.75921630859 1004.73529052734 1006.38873291016 1010.09655761719 1020.38073730469 1036.98095703125 1069.67419433594 1113.18347167969 1169.83874511719 1172.0302734375 1144.27160644531 1113.77319335938 1114.34155273438 1159.67956542969 1185.87915039062 1186.74755859375 1158.2744140625 1078.19567871094 1018.83343505859 985.12109375 955.975891113281 889.006042480469 775.269226074219 677.839721679688 621.984558105469 568.693542480469 543.9873046875 520.38916015625 493.562927246094
689.492431640625 679.792053222656 653.315368652344 629.045837402344 608.082397460938 600.189575195312 609.268981933594 673.5009765625 743.630126953125 808.771179199219 857.857849121094 824.798950195312 734.873168945312 695.964660644531 692.891906738281 690.778259277344 691.439392089844 697.626647949219 706.414978027344 818.049438476562 929.659973144531 1022.48626708984 1055.91784667969 1040.91052246094 1013.32037353516 1004.44256591797 1005.6064453125 1007.58422851562 1015.14831542969 1032.13879394531 1054.77502441406 1097.62133789062 1165.24536132812 1202.80578613281 1191.82202148438 1168.67150878906 1164.47998046875 1184.47314453125 1189.32263183594 1158.65808105469 1066.40698242188 994.861694335938 972.491027832031 933.212585449219 890.594543457031 827.726623535156 715.034912109375 651.381958007812 612.866882324219 567.886047363281 544.484008789062 524.098205566406 498.705780029297
711.516235351562 693.0654296875 671.579833984375 672.922729492188 720.063598632812 745.738220214844 768.369201660156 814.83837890625 895.819030761719 953.538024902344 955.238220214844 886.51806640625 806.088745117188 735.458801269531 699.620239257812 701.262268066406 705.783935546875 704.325317382812 748.987121582031 825.708374023438 916.814392089844 1016.9296875 1059.45947265625 1052.90710449219 1020.74230957031 1007.509765625 1005.39520263672 1006.8251953125 1011.41589355469 1022.40771484375 1049.27880859375 1081.34777832031 1135.43725585938 1199.44848632812 1252.98364257812 1217.66076660156 1204.28747558594 1184.7421875 1145.12377929688 1058.45385742188 989.016357421875 940.32763671875 911.518249511719 880.959106445312 815.821899414062 733.891662597656 681.585083007812 635.406494140625 594.990966796875 556.595642089844 534.464050292969 514.17822265625 491.3935546875
745.342834472656 736.18359375 744.174377441406 798.342590332031 819.055847167969 833.628967285156 881.235412597656 936.165832519531 1015.18530273438 1057.54748535156 987.754943847656 915.691040039062 870.09765625 786.681457519531 738.63232421875 737.557922363281 742.698486328125 750.405334472656 780.614440917969 851.892883300781 910.297424316406 998.019104003906 1056.40466308594 1074.2001953125 1035.90930175781 1011.63415527344 1005.34393310547 1008.5869140625 1009.86486816406 1016.18035888672 1034.0283203125 1061.00903320312 1103.39538574219 1187.66491699219 1259.68603515625 1259.40478515625 1214.71423339844 1140.79663085938 1043.15234375 986.447021484375 936.779968261719 911.883056640625 885.448608398438 816.438842773438 717.189819335938 681.974548339844 646.527038574219 615.119689941406 583.321716308594 544.558898925781 520.879943847656 495.627716064453 475.65478515625
