Rscript/monthly_maps/SnowDepthMapFile-max-1990-02.asc
ncols 320 
nrows 361 
xllcorner 618410.159 
yllcorner 5088785.286 
cellsize 100 
NODATA_value -9999 
[rows 115 to 137 of 361, columns 0 to 52 of 320]
-9999 -9999 -9999 -9999 -9999 -9999 -9999 -9999 -9999 -9999 -9999 -9999 -9999 -9999 -9999 -9999 -9999 -9999 -9999 -9999 2850.76220703125 2837.75146484375 2655.89208984375 2605.2646484375 2556.62817382812 2518.3857421875 2492.17333984375 2441.72192382812 2429.34716796875 2431.29174804688 2392.43115234375 2440.94189453125 2442.74829101562 2375.01538085938 2380.98364257812 2382.82861328125 2401.62524414062 2383.25122070312 2378.40087890625 2334.69848632812 2353.17065429688 2355.47583007812 2354.73022460938 2373.888671875 2354.24609375 2306.638671875 2203.86010742188 2180.37963867188 2135.23828125 2138.29345703125 2153.87329101562 2028.55603027344 2001.90002441406
-9999 -9999 -9999 -9999 -9999 -9999 -9999 -9999 -9999 -9999 -9999 -9999 -9999 -9999 -9999 -9999 -9999 -9999 -9999 -9999 2869.80517578125 2839.53515625 2681.78271484375 2601.43188476562 2572.65014648438 2531.52685546875 2454.37744140625 2439.78198242188 2452.27294921875 2446.36083984375 2422.8740234375 2401.580078125 2378.40356445312 2434.58178710938 2433.01220703125 2365.68920898438 2400.60083007812 2365.77758789062 2358.2880859375 2356.01708984375 2340.97827148438 2351.10546875 2355.99243164062 2426.64697265625 2406.16357421875 2340.9697265625 2277.880859375 2144.08862304688 2131.61352539062 2141.251953125 2150.63256835938 2117.970703125 2028.74304199219
-9999 -9999 -9999 -9999 -9999 -9999 -9999 -9999 -9999 -9999 -9999 -9999 -9999 -9999 -9999 -9999 -9999 -9999 -9999 2865.0009765625 2850.1806640625 2826.91040039062 2659.29467773438 2613.04638671875 2549.67138671875 2488.353515625 2452.16186523438 2437.04638671875 2450.91870117188 2449.35083007812 2434.12622070312 2414.07690429688 2415.470703125 2391.49438476562 2429.59057617188 2428.41479492188 2386.82934570312 2383.61376953125 2386.47021484375 2369.40795898438 2365.52221679688 2357.06884765625 2399.30786132812 2429.33129882812 2373.8916015625 2414.09399414062 2232.89184570312 2270.98388671875 2159.60888671875 2125.22680664062 2161.00170898438 2036.23095703125 1989.39343261719
-9999 -9999 -9999 -9999 -9999 -9999 -9999 -9999 -9999 -9999 -9999 -9999 -9999 -9999 -9999 -9999 -9999 -9999 2965.43041992188 2922.37133789062 2841.77734375 2781.64428710938 2723.73022460938 2644.6962890625 2563.47314453125 2491.44677734375 2479.52465820312 2441.91748046875 2426.271484375 2427.73901367188 2426.30712890625 2408.87719726562 2408.02685546875 2415.36840820312 2411.94116210938 2433.6611328125 2431.298828125 2391.1982421875 2385.7119140625 2384.76416015625 2385.4111328125 2431.30346679688 2434.326171875 2415.7236328125 2381.54345703125 2343.96118164062 2368.13403320312 2223.0625 2273.259765625 2120.51293945312 2074.43994140625 2092.2978515625 2013.95349121094
-9999 -9999 -9999 -9999 -9999 -9999 -9999 -9999 -9999 -9999 -9999 -9999 -9999 -9999 -9999 -9999 -9999 -9999 3035.1455078125 2852.5537109375 2757.50610351562 2773.30737304688 2760.46997070312 2674.3330078125 2595.458984375 2504.8193359375 2474.8388671875 2468.19189453125 2432.55517578125 2436.6943359375 2432.73608398438 2412.51025390625 2410.70239257812 2408.35522460938 2419.27563476562 2412.0087890625 2434.810546875 2435.80688476562 2430.91528320312 2432.34008789062 2428.53271484375 2381.103515625 2413.015625 2444.87939453125 2443.9462890625 2353.2158203125 2341.60791015625 2263.77270507812 2234.71899414062 2186.06298828125 2152.69458007812 2104.13647460938 2061.48583984375
-9999 -9999 -9999 -9999 -9999 -9999 -9999 -9999 -9999 -9999 -9999 -9999 -9999 -9999 -9999 -9999 -9999 -9999 2926.18139648438 2851.01489257812 2870.97705078125 2763.5068359375 2760.8017578125 2693.21411132812 2594.87719726562 2554.55712890625 2478.560546875 2468.5966796875 2451.30590820312 2447.79931640625 2444.76684570312 2441.119140625 2429.619140625 2427.33911132812 2411.79614257812 2407.87060546875 2410.15942382812 2414.96118164062 2414.3642578125 2439.64379882812 2397.44604492188 2410.35864257812 2426.20458984375 2435.52978515625 2419.13134765625 2354.60986328125 2315.69775390625 2246.18920898438 2222.78833007812 2175.17993164062 2135.88354492188 2133.34228515625 2061.0966796875
-9999 -9999 -9999 -9999 -9999 -9999 -9999 -9999 -9999 -9999 -9999 -9999 -9999 -9999 -9999 -9999 -9999 3091.63012695312 3136.27490234375 2833.66821289062 2835.9580078125 2685.94873046875 2743.39892578125 2697.59130859375 2591.72021484375 2544.20776367188 2479.04052734375 2489.30639648438 2496.17626953125 2450.40551757812 2450.34326171875 2460.73583984375 2460.83203125 2440.70434570312 2429.75146484375 2416.57592773438 2420.79443359375 2412.64379882812 2412.75244140625 2441.58764648438 2447.4873046875 2436.82397460938 2437.970703125 2438.7958984375 2428.2021484375 2330.70947265625 2251.48486328125 2246.13549804688 2183.16064453125 2199.05493164062 2197.80224609375 2153.94995117188 2131.4404296875
-9999 -9999 -9999 -9999 -9999 -9999 -9999 -9999 -9999 -9999 -9999 -9999 -9999 -9999 -9999 -9999 -9999 -9999 3102.36474609375 2888.71240234375 2753.77587890625 2684.67114257812 2653.78076171875 2632.5234375 2572.34716796875 2551.03271484375 2499.2783203125 2516.42822265625 2462.50415039062 2475.75219726562 2483.91015625 2444.69506835938 2441.35888671875 2444.73364257812 2448.45556640625 2454.02490234375 2436.13818359375 2468.74487304688 2475.6318359375 2462.25341796875 2460.72998046875 2455.11840820312 2447.861328125 2466.27807617188 2430.06591796875 2328.89721679688 2208.30859375 2198.6220703125 2161.76489257812 2171.74926757812 2176.1474609375 2161.474609375 2115.82177734375
-9999 -9999 -9999 -9999 -9999 -9999 -9999 -9999 -9999 -9999 -9999 -9999 -9999 -9999 -9999 -9999 -9999 3306.697265625 3289.8505859375 2929.94067382812 2763.93701171875 2667.11108398438 2694.37084960938 2601.43603515625 2561.94555664062 2560.3701171875 2542.60473632812 2522.04956054688 2529.66088867188 2509.42651367188 2490.96508789062 2469.82153320312 2461.63159179688 2450.8603515625 2443.20654296875 2443.35693359375 2480.130859375 2490.77880859375 2492.7119140625 2499.13696289062 2480.20068359375 2461.83764648438 2483.13745117188 2496.79296875 2471.11889648438 2307.74609375 2187.701171875 2181.89013671875 2160.57641601562 2218.1513671875 2171.34594726562 2159.64331054688 2157.3173828125
-9999 -9999 -9999 -9999 -9999 -9999 -9999 -9999 -9999 -9999 -9999 -9999 -9999 -9999 -9999 -9999 -9999 3275.20556640625 3171.6884765625 2934.10424804688 2785.46826171875 2683.33764648438 2619.0166015625 2570.52758789062 2576.08666992188 2556.02172851562 2545.46142578125 2538.62060546875 2530.84619140625 2520.33178710938 2521.72045898438 2484.65258789062 2489.2041015625 2489.41625976562 2489.22094726562 2489.20678710938 2489.46484375 2489.70727539062 2491.35791015625 2483.6142578125 2479.7314453125 2464.828125 2587.23950195312 2533.88671875 2479.5927734375 2399.27612304688 2193.958984375 2196.4228515625 2197.65356445312 2220.66357421875 2252.88940429688 2181.86987304688 2173.96069335938
-9999 -9999 -9999 -9999 -9999 -9999 -9999 -9999 -9999 -9999 -9999 -9999 -9999 -9999 -9999 -9999 -9999 3340.64990234375 3190.05883789062 2905.7490234375 2861.62573242188 2699.072265625 2621.42211914062 2567.33422851562 2543.00244140625 2546.4208984375 2540.64794921875 2538.29125976562 2534.5888671875 2537.68115234375 2537.39453125 2480.150390625 2480.89306640625 2480.77612304688 2480.52954101562 2483.19848632812 2486.16088867188 2485.67700195312 2484.41723632812 2498.2041015625 2482.26831054688 2483.689453125 2573.41235351562 2583.6513671875 2495.31811523438 2311.33154296875 2209.79370117188 2218.74829101562 2240.46142578125 2200.357421875 2221.05932617188 2215.82641601562 2201.59619140625
-9999 -9999 -9999 -9999 -9999 -9999 -9999 -9999 -9999 -9999 -9999 -9999 -9999 -9999 -9999 -9999 -9999 3337.3388671875 3212.25927734375 2811.42919921875 2858.3310546875 2673.36791992188 2620.42065429688 2574.451171875 2567.939453125 2522.64184570312 2538.51879882812 2535.88452148438 2534.18359375 2533.62817382812 2523.568359375 2494.662109375 2486.90380859375 2482.87963867188 2484.91479492188 2476.48388671875 2484.49829101562 2484.67797851562 2483.61743164062 2502.41943359375 2494.58154296875 2493.84497070312 2551.17993164062 2640.95434570312 2535.74389648438 2317.66625976562 2305.07592773438 2272.8671875 2326.9013671875 2204.17333984375 2200.32373046875 2161.19262695312 2168.71362304688
-9999 -9999 -9999 -9999 -9999 -9999 -9999 -9999 -9999 -9999 -9999 -9999 -9999 -9999 -9999 -9999 -9999 -9999 -9999 -9999 2867.43139648438 2693.72094726562 2618.89331054688 2572.61376953125 2542.46069335938 2510.361328125 2538.32055664062 2533.52905273438 2531.14990234375 2533.81591796875 2531.27319335938 2522.57080078125 2504.0390625 2498.27026367188 2497.81860351562 2497.4384765625 2503.5966796875 2504.73779296875 2499.51342773438 2493.75341796875 2506.99291992188 2525.8681640625 2604.04565429688 2660.30444335938 2626.23974609375 2439.53491210938 2320.42211914062 2349.16967773438 2244.2666015625 2240.484375 2321.00463867188 2200.30737304688 2169.63940429688
-9999 -9999 -9999 -9999 -9999 -9999 -9999 -9999 -9999 -9999 -9999 -9999 -9999 -9999 -9999 -9999 -9999 -9999 -9999 -9999 -9999 -9999 -9999 -9999 -9999 -9999 2532.73486328125 2533.24243164062 2531.5107421875 2530.27709960938 2528.8671875 2528.94287109375 2530.02563476562 2521.08618164062 2521.24877929688 2521.60498046875 2523.3447265625 2525.12670898438 2497.45190429688 2496.353515625 2505.484375 2515.13061523438 2618.96923828125 2756.2421875 2688.93188476562 2498.00390625 2334.77709960938 2331.93603515625 2309.412109375 2297.84912109375 2290.60205078125 2241.1728515625 2321.3505859375
-9999 -9999 -9999 -9999 -9999 -9999 -9999 -9999 -9999 -9999 -9999 -9999 -9999 -9999 -9999 -9999 -9999 -9999 -9999 -9999 -9999 -9999 -9999 -9999 -9999 -9999 -9999 2537.42993164062 2528.2578125 2529.55786132812 2526.84399414062 2539.404296875 2534.09350585938 2529.3818359375 2528.72265625 2530.462890625 2531.31518554688 2551.76245117188 2540.6181640625 2494.52221679688 2504.77075195312 2576.1669921875 2653.90307617188 2799.69482421875 2807.55981445312 2682.8466796875 2515.83984375 2412.08056640625 2378.3369140625 2365.10766601562 2357.85522460938 2371.20141601562 2362.58520507812
-9999 -9999 -9999 -9999 -9999 -9999 -9999 -9999 -9999 -9999 -9999 -9999 -9999 -9999 -9999 -9999 -9999 -9999 -9999 -9999 -9999 -9999 -9999 -9999 -9999 -9999 -9999 -9999 -9999 2535.5654296875 2544.81494140625 2558.78002929688 2562.47094726562 2563.18188476562 2563.52026367188 2563.69067382812 2576.56958007812 2558.46337890625 2551.869140625 2568.14916992188 2558.060546875 2665.5556640625 2686.38232421875 2918.57104492188 3072.13452148438 2929.45703125 2710.85913085938 2516.52197265625 2599.69604492188 2500.72998046875 2522.26953125 2478.68530273438 2494.31298828125
-9999 -9999 -9999 -9999 -9999 -9999 -9999 -9999 -9999 -9999 -9999 -9999 -9999 -9999 -9999 -9999 -9999 -9999 -9999 -9999 -9999 -9999 -9999 -9999 -9999 -9999 -9999 -9999 -9999 -9999 2547.8330078125 2579.25268554688 2575.24096679688 2575.189453125 2574.8017578125 2561.7060546875 2583.11401367188 2594.54150390625 2575.79760742188 2617.853515625 2660.80419921875 2663.14453125 2774.84423828125 2912.99926757812 3070.73828125 3049.93603515625 2812.10278320312 2673.93017578125 2649.154296875 2584.78491210938 2546.03784179688 2545.5712890625 2496.58325195312
-9999 -9999 -9999 -9999 -9999 -9999 -9999 -9999 -9999 -9999 -9999 -9999 -9999 -9999 -9999 -9999 -9999 -9999 -9999 -9999 -9999 -9999 -9999 -9999 -9999 -9999 -9999 -9999 -9999 -9999 -9999 2586.0712890625 2585.4970703125 2600.138671875 2598.70703125 2588.92163085938 2595.69311523438 2621.80737304688 2654.623046875 2686.41577148438 2753.11181640625 2711.86840820312 2887.74291992188 2937.42651367188 3051.26904296875 3015.51440429688 2832.10009765625 2720.3623046875 2616.73999023438 2673.65087890625 2606.60009765625 2558.7890625 2512.564453125
-9999 -9999 -9999 -9999 -9999 -9999 -9999 -9999 -9999 -9999 -9999 -9999 -9999 -9999 -9999 -9999 -9999 -9999 -9999 -9999 -9999 -9999 -9999 -9999 -9999 -9999 -9999 -9999 -9999 -9999 -9999 -9999 2605.251953125 2603.47534179688 2613.0771484375 2648.44140625 2668.97290039062 2694.6259765625 2693.56298828125 2757.0966796875 2715.82446289062 2774.93310546875 2881.85400390625 2947.59155273438 2911.201171875 2808.833984375 2774.5048828125 2621.544921875 2578.12329101562 2591.14379882812 2533.03930664062 2494.416015625 2453.96655273438
-9999 -9999 -9999 -9999 -9999 -9999 -9999 -9999 -9999 -9999 -9999 -9999 -9999 -9999 -9999 -9999 -9999 -9999 -9999 -9999 -9999 -9999 -9999 -9999 -9999 -9999 -9999 -9999 -9999 -9999 -9999 -9999 -9999 2615.07177734375 2657.10522460938 2685.07373046875 2679.1298828125 2685.67431640625 2708.11352539062 2728.49829101562 2773.66577148438 -9999 -9999 -9999 2846.2822265625 2834.59106445312 2755.7451171875 2586.27319335938 2577.59765625 2525.6962890625 2503.25756835938 2459.98974609375 2430.37084960938
-9999 -9999 -9999 -9999 -9999 -9999 -9999 -9999 -9999 -9999 -9999 -9999 -9999 -9999 -9999 -9999 -9999 -9999 -9999 -9999 -9999 -9999 -9999 -9999 -9999 -9999 -9999 -9999 -9999 -9999 -9999 -9999 -9999 -9999 -9999 -9999 -9999 -9999 -9999 -9999 -9999 -9999 -9999 -9999 2826.88500976562 2817.68920898438 2744.16088867188 2589.92163085938 2535.2744140625 2506.22705078125 2497.576171875 2454.56298828125 2403.44799804688
-9999 -9999 -9999 -9999 -9999 -9999 -9999 -9999 -9999 -9999 -9999 -9999 -9999 -9999 -9999 -9999 -9999 -9999 -9999 -9999 -9999 -9999 -9999 -9999 -9999 -9999 -9999 -9999 -9999 -9999 -9999 -9999 -9999 -9999 -9999 -9999 -9999 -9999 -9999 -9999 -9999 -9999 -9999 -9999 2909.97021484375 2824.2763671875 2735.79174804688 2576.51440429688 2543.50634765625 2461.53735351562 2440.63012695312 2423.4384765625 2449.2333984375
-9999 -9999 -9999 -9999 -9999 -9999 -9999 -9999 -9999 -9999 -9999 -9999 -9999 -9999 -9999 -9999 -9999 -9999 -9999 -9999 -9999 -9999 -9999 -9999 -9999 -9999 -9999 -9999 -9999 -9999 -9999 -9999 -9999 -9999 -9999 -9999 -9999 -9999 -9999 -9999 -9999 -9999 -9999 -9999 2903.95922851562 2805.43139648438 2713.67041015625 2578.4833984375 2510.35864257812 2459.71069335938 2392.55541992188 2383.84423828125 2338.07177734375
