Rscript/monthly_maps/SnowDepthMapFile-max-1989-12.asc
ncols 320 
nrows 361 
xllcorner 618410.159 
yllcorner 5088785.286 
cellsize 100 
NODATA_value -9999 
[rows 115 to 137 of 361, columns 53 to 105 of 320]
2002.73229980469 1989.69470214844 1958.64978027344 1946.69177246094 1917.03576660156 1954.5224609375 1961.25598144531 1973.87341308594 1959.78015136719 1924.17590332031 1845.11242675781 1800.46789550781 1744.24267578125 1701.5302734375 1647.52368164062 1591.46142578125 1543.55358886719 1478.76940917969 1437.20556640625 1398.64794921875 1361.99560546875 1318.0263671875 1261.98474121094 1181.7470703125 1092.03955078125 1039.82104492188 985.332214355469 930.489685058594 887.186889648438 870.002685546875 862.874450683594 862.899169921875 869.272094726562 875.635314941406 877.756896972656 874.920776367188 855.451049804688 837.621520996094 806.760009765625 770.809326171875 705.946166992188 645.433776855469 594.706909179688 515.696228027344 447.032745361328 430.151824951172 401.056610107422 375.365295410156 345.895751953125 331.341857910156 322.458709716797 325.391754150391 324.380920410156
2005.05517578125 1972.3701171875 1979.49035644531 1972.21984863281 1979.42822265625 1989.01110839844 1984.0654296875 1977.34143066406 1968.35717773438 1935.48937988281 1868.99584960938 1817.00073242188 1762.31408691406 1698.2041015625 1657.69091796875 1595.36999511719 1541.71179199219 1477.37194824219 1433.91101074219 1398.04724121094 1369.76611328125 1331.82434082031 1283.90856933594 1215.5478515625 1126.44799804688 1073.11486816406 1021.99230957031 977.256408691406 937.078491210938 918.838500976562 906.4013671875 909.687316894531 915.564636230469 929.278991699219 952.0986328125 979.264526367188 986.326293945312 969.742614746094 922.831359863281 846.046203613281 777.6513671875 699.476684570312 653.529174804688 624.0439453125 571.977783203125 523.117858886719 491.879577636719 478.856475830078 461.401885986328 439.471282958984 431.252563476562 429.708831787109 427.991027832031
2009.07751464844 2004.52648925781 1958.65368652344 1990.78063964844 1988.29626464844 1966.34362792969 1966.62707519531 1990.00524902344 1995.80981445312 1957.1259765625 1917.78955078125 1854.63562011719 1795.42199707031 1718.38793945312 1679.53723144531 1623.69702148438 1565.62243652344 1490.02734375 1435.884765625 1411.39038085938 1386.314453125 1350.65356445312 1312.27429199219 1256.85388183594 1194.14526367188 1117.62512207031 1066.99206542969 1026.4208984375 995.537292480469 975.010375976562 950.954772949219 950.824584960938 959.834228515625 992.740539550781 1046.66064453125 1081.81701660156 1092.3857421875 1055.28784179688 987.71728515625 908.95751953125 827.203002929688 765.483520507812 696.535827636719 669.195190429688 659.545166015625 640.91162109375 628.496276855469 600.814086914062 592.438720703125 569.490783691406 563.287719726562 562.315734863281 562.972778320312
2013.23815917969 1999.78002929688 1990.40161132812 1984.0458984375 1979.39196777344 1977.82214355469 1979.76611328125 1976.33569335938 2006.88684082031 1957.28698730469 1919.36328125 1856.96569824219 1794.57434082031 1750.32739257812 1688.615234375 1656.37719726562 1600.34582519531 1542.27880859375 1470.77136230469 1433.86889648438 1407.09057617188 1375.45764160156 1339.29174804688 1299.85900878906 1260.89135742188 1213.47741699219 1151.2578125 1111.21166992188 1058.83093261719 1022.47198486328 1007.43786621094 1011.86614990234 1059.78125 1132.28625488281 1209.64331054688 1219.89147949219 1150.29187011719 1084.58947753906 1023.96221923828 959.766784667969 887.361083984375 820.645141601562 763.265747070312 714.003723144531 694.937316894531 685.818237304688 673.857482910156 668.67041015625 681.917785644531 692.85498046875 694.547973632812 677.020141601562 645.652893066406
2025.44689941406 2008.93896484375 1996.5703125 1993.98828125 1992.53955078125 1992.06286621094 1994.2119140625 1993.97900390625 1984.05310058594 1963.81872558594 1893.59912109375 1859.20654296875 1797.24597167969 1758.4609375 1720.22326660156 1677.77221679688 1652.11022949219 1604.84582519531 1540.53112792969 1480.55578613281 1436.21801757812 1417.71752929688 1387.63952636719 1358.12780761719 1331.37255859375 1297.44836425781 1265.85266113281 1216.96496582031 1169.84228515625 1131.09143066406 1119.71826171875 1161.6171875 1235.7177734375 1313.16784667969 1332.60473632812 1283.65576171875 1184.80627441406 1103.61572265625 1057.18249511719 1005.44201660156 947.56689453125 884.697082519531 820.299987792969 772.429809570312 747.059814453125 732.658264160156 726.459411621094 743.431396484375 789.119201660156 834.295959472656 857.132751464844 819.374206542969 774.065673828125
2100.28662109375 2031.64050292969 2013.43151855469 2007.79833984375 2009.689453125 2009.55603027344 2013.86999511719 2016.81872558594 2003.1328125 1993.66687011719 1895.56457519531 1860.93188476562 1818.12561035156 1789.20910644531 1747.01513671875 1719.13854980469 1686.87731933594 1650.17224121094 1612.91662597656 1562.064453125 1523.35534667969 1477.50341796875 1443.09680175781 1410.44470214844 1400.34191894531 1367.77172851562 1342.16101074219 1298.48876953125 1256.68444824219 1242.30200195312 1273.45300292969 1331.78332519531 1386.36853027344 1414.43823242188 1357.31359863281 1289.97399902344 1213.35974121094 1138.62670898438 1095.60009765625 1061.45825195312 1010.15368652344 958.633117675781 883.961730957031 830.780151367188 804.730529785156 783.109741210938 793.509582519531 825.490112304688 884.285095214844 960.586730957031 990.856384277344 957.931335449219 900.44775390625
2126.7763671875 2067.75024414062 2046.24975585938 2030.29943847656 2027.93603515625 2028.60864257812 2034.14782714844 2048.0263671875 2031.24450683594 2007.84008789062 1945.99694824219 1861.94616699219 1817.75317382812 1802.63586425781 1760.22583007812 1739.46203613281 1709.45849609375 1682.79479980469 1667.30395507812 1624.31359863281 1598.56030273438 1553.02221679688 1512.99743652344 1467.39221191406 1445.47595214844 1429.453125 1403.21154785156 1364.65673828125 1364.94592285156 1391.60717773438 1436.38879394531 1480.28503417969 1438.49243164062 1366.84313964844 1336.11218261719 1292.16149902344 1238.12707519531 1185.46826171875 1145.47668457031 1112.94348144531 1077.626953125 1022.52423095703 964.637939453125 901.620300292969 867.971252441406 866.712890625 874.1552734375 902.08349609375 975.214965820312 1089.20947265625 1132.39135742188 1103.39978027344 1020.07580566406
2135.9580078125 2119.82446289062 2068.93676757812 2056.10400390625 2051.0888671875 2048.23559570312 2056.22680664062 2062.51391601562 2046.173828125 1992.61083984375 1961.57836914062 1899.25939941406 1880.68237304688 1803.64868164062 1787.97094726562 1754.86682128906 1729.19592285156 1707.79956054688 1665.33288574219 1668.6650390625 1645.80029296875 1606.1640625 1569.66101074219 1525.74353027344 1488.95825195312 1474.40539550781 1451.54272460938 1463.34423828125 1506.24731445312 1531.21911621094 1492.43725585938 1409.83435058594 1374.27697753906 1335.60803222656 1314.30981445312 1289.33361816406 1236.66882324219 1207.07763671875 1178.88793945312 1157.72778320312 1129.13098144531 1092.79858398438 1042.08361816406 988.668701171875 960.486145019531 950.447265625 959.050903320312 998.474792480469 1093.41040039062 1217.80395507812 1282.7529296875 1244.90649414062 1182.93811035156
2175.56884765625 2123.57470703125 2114.89624023438 2105.94091796875 2062.35107421875 2102.19140625 2096.81884765625 2098.67944335938 2057.05419921875 2024.90942382812 1984.74597167969 1950.52282714844 1926.79077148438 1829.08239746094 1808.07373046875 1766.603515625 1746.734375 1725.58410644531 1705.04528808594 1664.95397949219 1667.52917480469 1655.40515136719 1611.88977050781 1569.27282714844 1537.84301757812 1527.11730957031 1541.69580078125 1575.51733398438 1592.82202148438 1516.77856445312 1428.9921875 1359.6787109375 1321.60925292969 1308.69812011719 1296.61437988281 1282.37426757812 1235.67919921875 1212.68444824219 1204.57043457031 1191.65209960938 1172.02478027344 1151.23388671875 1116.4873046875 1079.14636230469 1046.85583496094 1040.36889648438 1045.49169921875 1106.5751953125 1206.97241210938 1299.33374023438 1359.85437011719 1352.03894042969 1322.37719726562
2164.51171875 2116.76123046875 2110.38305664062 2104.3740234375 2095.6142578125 2069.59716796875 2077.18286132812 2116.29931640625 2086.11108398438 2006.93981933594 1982.56030273438 1971.97094726562 1911.12524414062 1886.17626953125 1817.50671386719 1778.21862792969 1753.70056152344 1738.92224121094 1722.00830078125 1681.60803222656 1669.19970703125 1655.86706542969 1661.99011230469 1619.34265136719 1598.67309570312 1595.20983886719 1623.45764160156 1624.904296875 1559.35681152344 1455.51940917969 1375.81188964844 1329.82446289062 1317.96875 1312.33459472656 1297.77954101562 1274.26794433594 1235.22326660156 1221.05908203125 1218.86193847656 1215.82177734375 1211.32397460938 1203.59130859375 1185.57238769531 1159.41906738281 1139.75354003906 1128.50854492188 1154.19067382812 1222.54028320312 1292.8740234375 1358.64978027344 1414.23754882812 1458.07568359375 1453.29174804688
2209.958984375 2200.36352539062 2156.90625 2128.00561523438 2084.09692382812 2093.63427734375 2092.11352539062 2075.66625976562 2032.57995605469 1990.63793945312 1977.19848632812 1943.16333007812 1923.56823730469 1890.50708007812 1845.60144042969 1802.48840332031 1759.26513671875 1735.84973144531 1720.50463867188 1720.53442382812 1694.40686035156 1686.25952148438 1669.34643554688 1675.171875 1664.52551269531 1655.28991699219 1645.36291503906 1585.51440429688 1509.06848144531 1421.91821289062 1366.81945800781 1339.97387695312 1327.85424804688 1318.54272460938 1294.65966796875 1265.64440917969 1253.37670898438 1238.79223632812 1221.79663085938 1238.52294921875 1250.48266601562 1256.59069824219 1254.79211425781 1244.23583984375 1237.998046875 1238.8115234375 1258.81494140625 1310.02209472656 1363.69018554688 1415.46215820312 1494.37072753906 1548.11987304688 1547.06457519531
2207.45556640625 2195.9931640625 2149.47314453125 2162.59594726562 2105.4169921875 2089.35668945312 2122.55078125 2130.7109375 2115.32885742188 2090.25366210938 2024.21069335938 2006.84289550781 1931.32214355469 1911.54699707031 1864.890625 1836.27612304688 1809.60339355469 1770.84521484375 1744.19641113281 1742.34948730469 1739.86010742188 1732.04516601562 1726.29821777344 1719.39916992188 1677.85986328125 1663.74768066406 1622.54162597656 1570.70153808594 1495.86840820312 1416.13940429688 1375.22302246094 1355.24462890625 1345.32312011719 1326.95727539062 1309.6025390625 1280.57702636719 1259.76806640625 1243.66979980469 1245.66589355469 1259.6435546875 1271.63879394531 1311.20568847656 1319.51879882812 1312.61120605469 1306.55029296875 1305.11206054688 1339.89196777344 1385.39636230469 1439.82067871094 1503.68859863281 1556.40856933594 1559.83312988281 1512.07836914062
2250.15576171875 2249.23999023438 2216.06469726562 2184.482421875 2178.87475585938 2264.45971679688 2325.30224609375 2356.68115234375 2342.69506835938 2305.12670898438 2199.70629882812 2131.89916992188 2038.99926757812 1995.42419433594 1945.93200683594 1901.8857421875 1868.91259765625 1828.63647460938 1786.08666992188 1768.75170898438 1759.39611816406 1754.48767089844 1745.89465332031 1737.37133789062 1714.62890625 1669.02001953125 1613.26550292969 1550.63195800781 1469.69018554688 1407.26330566406 1379.61657714844 1365.65869140625 1352.2265625 1336.13195800781 1317.16711425781 1294.75927734375 1269.65905761719 1264.98413085938 1265.70593261719 1284.03125 1313.59594726562 1334.97705078125 1355.02722167969 1351.73706054688 1348.62622070312 1355.88720703125 1392.5341796875 1451.69384765625 1518.79040527344 1569.39221191406 1568.29956054688 1523.24279785156 1382.5986328125
2358.73999023438 2328.3974609375 2326.02221679688 2365.634765625 2404.60205078125 2467.29150390625 2508.15625 2439.22583007812 2413.740234375 2378.7314453125 2359.46533203125 2262.54833984375 2214.64428710938 2079.7900390625 2008.81860351562 1979.69787597656 1926.13757324219 1883.15832519531 1832.61022949219 1814.54052734375 1800.22766113281 1792.19873046875 1762.05078125 1741.98364257812 1704.90356445312 1673.18859863281 1612.73291015625 1552.81616210938 1472.78210449219 1422.13562011719 1390.62512207031 1382.26867675781 1369.03454589844 1345.75256347656 1328.4150390625 1302.62243652344 1280.86108398438 1271.92626953125 1280.92858886719 1308.63903808594 1322.55297851562 1352.02075195312 1375.90209960938 1375.78552246094 1371.7021484375 1396.09533691406 1441.47399902344 1520.75964355469 1574.04565429688 1595.31701660156 1541.51831054688 1408.96887207031 1279.40283203125
2454.5390625 2463.78491210938 2469.29248046875 2506.55151367188 2505.61767578125 2532.95776367188 2474.96752929688 2452.3798828125 2402.60302734375 2331.03637695312 2339.55786132812 2243.04736328125 2207.60107421875 2143.48413085938 2061.72900390625 2037.404296875 1939.62524414062 1908.31860351562 1867.79760742188 1839.53088378906 1820.35510253906 1798.35461425781 1769.99475097656 1750.62109375 1709.77868652344 1676.71447753906 1622.21691894531 1559.69360351562 1491.01782226562 1441.79406738281 1408.82946777344 1395.93969726562 1388.78149414062 1367.83178710938 1338.92980957031 1317.67956542969 1301.45434570312 1283.38366699219 1299.07531738281 1313.37805175781 1330.89440917969 1362.43920898438 1386.17431640625 1393.72521972656 1397.15185546875 1438.15869140625 1521.73742675781 1593.48681640625 1601.36181640625 1555.98742675781 1443.59887695312 1336.11206054688 1215.47277832031
2579.96630859375 2567.79760742188 2570.82788085938 2537.81420898438 2481.84326171875 2463.55908203125 2365.87939453125 2318.26586914062 2292.44482421875 2273.20166015625 2250.17700195312 2239.53100585938 2213.26123046875 2156.99267578125 2132.49291992188 2069.87158203125 2005.26611328125 1953.80090332031 1934.72448730469 1872.56799316406 1849.66955566406 1844.18151855469 1803.50598144531 1757.98449707031 1715.72534179688 1686.67053222656 1647.05505371094 1590.87585449219 1520.47302246094 1461.89904785156 1432.07849121094 1412.28259277344 1408.72241210938 1392.26257324219 1356.61279296875 1329.32141113281 1308.36010742188 1304.28552246094 1311.63171386719 1319.62048339844 1336.55346679688 1360.08032226562 1393.43713378906 1417.60705566406 1462.2607421875 1532.98181152344 1627.42370605469 1663.73828125 1584.560546875 1468.57263183594 1372.15441894531 1252.08923339844 1153.50830078125
2591.7734375 2561.58471679688 2472.86010742188 2425.34448242188 2394.462890625 2285.18872070312 2287.02954101562 2287.37768554688 2269.30078125 2277.17724609375 2248.5361328125 2222.3125 2210.4462890625 2184.26098632812 2142.03759765625 2063.61108398438 2016.84997558594 2017.46398925781 1957.97497558594 1917.37707519531 1862.0322265625 1838.27868652344 1813.82287597656 1765.34729003906 1738.92114257812 1687.26281738281 1673.84436035156 1613.10241699219 1546.67858886719 1481.92785644531 1445.09545898438 1439.28466796875 1433.33215332031 1418.10986328125 1378.71594238281 1341.51330566406 1328.29565429688 1314.74230957031 1322.19775390625 1327.51110839844 1342.24548339844 1368.0146484375 1404.67163085938 1456.35778808594 1550.47485351562 1686.51501464844 1694.66931152344 1646.40600585938 1501.34692382812 1408.58923339844 1302.5380859375 1204.93774414062 1095.37609863281
2549.81787109375 2479.31591796875 2468.93798828125 2313.75830078125 2258.42944335938 2266.45727539062 2219.50219726562 2200.7197265625 2192.55932617188 2207.31103515625 2206.86767578125 2201.85620117188 2196.14233398438 2183.35888671875 2163.15576171875 2124.04174804688 2063.54150390625 2015.10998535156 2012.001953125 1949.62707519531 1892.23742675781 1849.58837890625 1815.564453125 1777.080078125 1756.99487304688 1728.90222167969 1682.19152832031 1629.95922851562 1561.86401367188 1493.54235839844 1454.70202636719 1446.08154296875 1449.51196289062 1436.10180664062 1401.77856445312 1365.2724609375 1351.32470703125 1332.28039550781 1339.51379394531 1347.17102050781 1354.10522460938 1380.0556640625 1417.56616210938 1491.03881835938 1644.97534179688 1743.03698730469 1733.34387207031 1578.9052734375 1446.69506835938 1348.74938964844 1250.54895019531 1168.27221679688 1052.95190429688
2487.7177734375 2469.20629882812 2376.400390625 2268.923828125 2264.31884765625 2200.12939453125 2169.7333984375 2130.27294921875 2142.96118164062 2160.55810546875 2176.74072265625 2186.14672851562 2182.9130859375 2177.74926757812 2169.49487304688 2148.09130859375 2106.44677734375 2094.14697265625 2003.22094726562 1981.41821289062 1910.67004394531 1860.13256835938 1834.91931152344 1798.81201171875 1766.67810058594 1736.35632324219 1694.47424316406 1633.95935058594 1562.47570800781 1494.07312011719 1471.74291992188 1467.15637207031 1460.63891601562 1446.93127441406 1426.75366210938 1395.08483886719 1371.7294921875 1350.37243652344 1355.83728027344 1365.83471679688 1373.35925292969 1397.15002441406 1440.74487304688 1540.68322753906 1714.29223632812 1795.65515136719 1690.11804199219 1515.79223632812 1397.97253417969 1297.18627929688 1220.76843261719 1131.35864257812 1044.94482421875
2448.86938476562 2402.56420898438 2324.62719726562 2238.25854492188 2223.91088867188 2183.1650390625 2157.76611328125 2149.1318359375 2164.49584960938 2175.64477539062 2185.44750976562 2189.88671875 2204.83081054688 2201.99536132812 2170.82592773438 2158.65502929688 2139.6572265625 2073.56616210938 2020.25708007812 2004.38269042969 1945.01428222656 1862.4833984375 1840.2490234375 1812.88098144531 1753.09057617188 1708.45593261719 1668.68054199219 1611.60107421875 1541.18200683594 1483.10729980469 1482.17370605469 1474.05395507812 1468.20739746094 1453.49353027344 1438.44689941406 1425.71850585938 1399.05297851562 1384.82666015625 1374.82946777344 1388.24169921875 1397.95202636719 1422.7255859375 1488.208984375 1619.77075195312 1782.23022460938 1711.43225097656 1623.06164550781 1456.111328125 1332.75512695312 1264.61901855469 1197.23815917969 1115.85363769531 1062.61511230469
2437.7236328125 2389.9716796875 2371.15478515625 2263.70483398438 2194.48022460938 2168.7021484375 2172.4326171875 2180.90307617188 2182.19409179688 2197.458984375 2206.60546875 2207.14331054688 2203.63842773438 2201.26953125 2195.73168945312 2160.53051757812 2148.48706054688 2109.826171875 2005.76965332031 1977.39001464844 1919.91540527344 1873.66271972656 1811.681640625 1764.89562988281 1705.14562988281 1656.17834472656 1584.26672363281 1502.62268066406 1453.69689941406 1441.87145996094 1469.42822265625 1477.40673828125 1478.30285644531 1466.14025878906 1454.54211425781 1443.23608398438 1416.88037109375 1395.45544433594 1401.27172851562 1419.25280761719 1430.41784667969 1465.62353515625 1549.34851074219 1710.36950683594 1798.48559570312 1707.30505371094 1525.35095214844 1409.87548828125 1305.78515625 1250.42504882812 1195.32641601562 1131.42443847656 1101.05993652344
2454.6201171875 2356.0126953125 2298.40405273438 2238.79223632812 2181.41552734375 2170.30517578125 2185.77612304688 2201.51733398438 2197.17504882812 2205.95825195312 2205.55688476562 2219.0986328125 2221.8515625 2205.89770507812 2195.154296875 2158.98803710938 2125.52026367188 2075.751953125 2015.34167480469 1947.12805175781 1875.14562988281 1814.46496582031 1761.58825683594 1699.09204101562 1653.15869140625 1572.93688964844 1487.11779785156 1429.16027832031 1414.94384765625 1426.23999023438 1468.71997070312 1493.48449707031 1495.99670410156 1487.98840332031 1466.90185546875 1447.68383789062 1422.96203613281 1419.84350585938 1440.3251953125 1445.79919433594 1473.19311523438 1521.21740722656 1646.66369628906 1744.77795410156 1796.74877929688 1628.24047851562 1476.48693847656 1387.06372070312 1302.69396972656 1265.48645019531 1218.63549804688 1160.01672363281 1146.09777832031
2402.29907226562 2300.92724609375 2281.32299804688 2209.65087890625 2181.892578125 2188.96606445312 2192.82495117188 2204.27514648438 2204.22290039062 2207.6748046875 2206.87524414062 2212.60498046875 2221.86450195312 2211.33764648438 2171.58837890625 2151.37377929688 2112.69116210938 2036.73742675781 1979.78198242188 1896.46142578125 1845.04870605469 1777.14587402344 1729.15246582031 1663.07934570312 1585.35400390625 1501.06396484375 1443.82348632812 1419.42797851562 1425.17211914062 1465.16540527344 1483.15930175781 1500.87854003906 1504.30883789062 1486.02978515625 1461.57397460938 1448.71459960938 1441.76318359375 1452.76721191406 1473.6220703125 1495.95629882812 1524.2705078125 1582.30529785156 1727.00891113281 1772.49304199219 1702.13684082031 1556.06042480469 1460.47985839844 1390.00866699219 1340.47509765625 1282.20678710938 1239.17102050781 1199.083984375 1183.73828125
