Rscript/monthly_maps/SnowDepthMapFile-sd-1989-11.asc
ncols 320 
nrows 361 
xllcorner 618410.159 
yllcorner 5088785.286 
cellsize 100 
NODATA_value -9999 
[rows 161 to 183 of 361, columns 53 to 105 of 320]
382.622469265165 385.211612086052 379.966727518232 377.030694719586 367.291019112212 359.775641140047 342.959367291219 334.424876225356 318.671130658985 316.639781894822 308.355390374299 304.496949168707 300.865417302101 289.253658034773 284.720405729612 273.327036602827 263.579328114484 256.10761349256 251.70354954196 246.919810122501 238.531126098408 236.25028560531 234.498541318795 232.171491622906 231.857948122576 233.244608496521 233.978600343876 235.313269223996 235.856081563394 235.918124090626 236.88258602516 237.818198123682 244.361635354392 257.772738607609 259.423667806904 257.751757450488 251.217652288992 245.205460296457 245.034289136162 252.063795647775 249.572503286462 256.253099558296 258.764318607148 259.683953948631 260.858798622991 260.099211374786 260.795464448339 261.868785773558 251.872606094306 240.860858966978 238.014284851604 235.833296409954 237.279326790031
382.787420116588 381.178465879304 378.672177910846 372.424548143092 362.967580424391 353.088127022224 337.718316960358 322.780343959238 314.636205077234 309.814507063705 305.855599045003 299.384862425387 293.688171538222 286.586673406137 281.728367820072 270.900717717892 260.647005996701 253.793054490635 248.36545278785 238.483412486029 234.893653735091 230.72273716736 221.967346951201 219.053014183323 217.437219003623 220.197520189978 224.418895655513 226.467367663302 228.785651093308 228.433826254399 227.576929584084 228.324417413097 234.265118378937 242.369927204725 257.54706566026 259.240377634249 258.055315166083 255.897612502027 255.455160143007 255.798645075911 256.528302473627 250.61246297735 248.249720496805 248.533358327204 253.577873189321 253.129809231917 247.990422933538 237.114639222493 227.177395504083 222.012219858759 219.486905537363 221.377785282305 232.372646252924
383.04760544625 379.645194666033 377.112113169616 365.977044929449 350.226570338685 339.775740609291 330.521540378795 322.336372054053 316.191214849909 309.436813581606 299.834816055063 289.628415368906 286.91755247531 284.181341361629 280.152567125076 269.204886417724 259.055420901925 251.245556117974 242.18932075221 235.528415822774 230.97436686185 220.584048897698 215.613802386703 212.83058340679 211.178750691497 210.681116873832 211.433281076186 211.8134975279 212.947439876589 214.421806950843 216.248007925198 217.913856979858 221.549228078355 230.839363205003 236.277573945656 248.325389986473 257.046611684439 257.277676558917 251.068388445954 243.999094768275 233.399557881202 227.815659271145 226.999662393038 231.443987333872 234.588028137598 232.188759105729 223.165696465226 217.383250198319 206.639244456397 205.236728546771 204.076994921964 210.566053628788 216.723923297738
380.29277655824 369.706382376068 366.104149735837 354.696283205516 343.876939040298 327.630474802313 323.360430891268 320.114099220435 310.848465986777 306.166519532059 296.155252170458 288.242542810142 285.190157255296 282.190623387585 279.236068133555 267.08831319463 258.646235377989 249.800577310519 237.208461220788 233.480507156863 225.086938335099 218.033332784113 214.160333087507 214.103149796489 210.297091228736 207.565476366719 204.963450506375 201.350672597756 200.982736947289 204.373712849336 207.957422230679 212.361458736629 213.99569774777 218.739550865539 226.309861196153 232.59257834418 233.271810733093 233.220763740855 228.555537999609 220.647962565879 215.105667455007 207.793103990242 208.009379576003 213.485854492101 216.448615480821 216.43451945193 205.692541709282 201.031896519298 198.857337237039 197.051460671333 196.177568068778 197.14683959396 203.291637705457
378.680039832565 366.942039510422 349.360830662459 336.910032727616 327.404211290221 323.305922433065 320.947410223106 317.664024942317 309.036020566647 304.373398905951 294.425869009828 286.7012017329 284.03524335045 280.827382527566 278.188314886 269.266905332844 261.505673834612 249.032951709744 235.891857019207 229.627407159451 220.586185630406 220.142178772976 219.189442383198 218.163934195789 215.434976078459 209.492777715772 202.718790724065 197.804191914012 194.125113536898 197.935625523397 203.589639836809 206.517634300282 210.446123990444 214.629771359973 221.317774161559 218.807704597043 214.627343532321 209.672556840841 208.9420061332 202.569467502148 198.552424084179 195.916567512317 196.879488294916 204.944578223797 211.168059889588 210.729072704424 199.005979198051 194.79970660029 192.799491330664 193.056320837078 193.976155460196 193.769770137064 193.846961346804
373.7737686885 356.469963942643 342.280772844533 327.195233805044 317.076788792565 318.154055867233 317.544672621999 315.420530080858 311.932027060893 304.137024392306 297.457614000643 286.237916919756 283.167888706829 280.062076548659 277.852199660166 273.234734199236 262.949873287957 249.451975489404 236.301439717671 230.630720156362 222.588876300067 216.927543597644 218.216860662974 217.374343938236 215.480085024447 210.72995525097 202.559499845881 200.240204619506 199.205538290286 198.431159468246 200.822080679311 203.957525013816 206.226064980332 210.585190419 214.626639253909 210.525946368562 198.919775301372 196.218592947638 195.848183530029 194.531193978589 193.325273564431 193.560868303287 193.874442278832 203.33599796941 208.339482970803 209.372521497877 199.534827696197 192.701184478467 192.17699426187 187.698367242988 182.717531760828 182.984245946745 183.419043302396
365.785147485963 343.624565240575 328.316741176106 318.310199075265 313.908091732916 316.334343181181 313.665536988797 312.035767331113 310.494116719106 302.523616813142 298.197078796426 289.438567481111 282.65437767405 279.735312651804 277.720086231802 273.126797397554 262.834138825846 253.77492488167 243.779906853263 232.381116346147 222.728451908708 217.218680841311 215.109266245457 215.492467487491 212.8695757414 205.806813982957 203.691065156575 200.28625063678 200.098764790274 199.873718010232 199.706176036799 200.686020227308 202.672508866728 204.410280114622 204.26024002997 195.420936620881 192.369476717953 184.265605161454 183.671834779042 182.78776557524 182.72995615804 188.072382254128 193.167346575467 200.054971857659 206.047621075112 209.512842692415 196.9360153668 190.923228318764 180.382318031045 180.611980267284 178.621138292175 172.361691239047 172.68407398087
356.37478867933 342.254508287209 326.021068635597 316.461495298034 317.147347951366 313.762406880649 312.69406467645 311.014572562046 308.150912695565 305.757264896089 298.660981477211 294.638713254318 286.459113930006 280.532826836569 278.133911653666 274.555649104715 266.331088881761 260.531279366557 247.898592642708 235.082376206183 229.757797443311 218.861226533855 215.940532359506 212.966956159569 209.805803429058 204.351518184166 202.171009962126 199.37680434355 198.54993069537 192.478075099762 191.990370986156 192.578057387432 193.051957999353 192.917220132083 192.239763299406 182.780199225056 180.34139485186 175.804910024303 172.606287887244 169.971640203505 169.837859922179 172.112061772183 180.426281768404 191.334449515018 197.330097028251 202.072714123131 190.058944381109 179.197848858891 177.685626436273 167.794521117043 158.009695561787 157.738046975838 157.800891114
345.3022763208 332.733090685645 326.208040919708 318.843403620015 314.232517132627 311.078420309713 312.117041883166 309.903975728133 307.440132112587 305.745301796461 302.231799746328 296.46591063063 285.901850817147 283.195181810997 279.041409959715 275.675286177029 268.895396948819 261.815573969058 252.73086332093 244.628890480423 233.051463649661 228.338389119166 220.151820056681 213.526965246241 209.059612356589 203.953220119679 199.132294354573 196.92514750595 191.73694578752 189.553127257302 181.491139049038 180.956778350392 180.988720231192 180.04023230341 172.350477757132 169.01105938402 159.622408499662 157.616666347991 156.902073273283 145.207039612047 146.385892697919 149.087996839277 165.219114328097 172.031005180318 186.021961864962 186.587018986072 179.444037137488 172.710722764909 157.545696414479 152.154005131478 144.755900754965 143.030363972659 142.031692587756
341.206492422289 335.324808128263 323.051379816536 320.345457963669 316.159883674434 315.513032983266 314.260208150643 308.513922786356 308.481985103861 304.323591516573 297.415602945748 292.533758489024 289.823314632514 284.478316815663 280.490400834934 276.512034698711 268.811002136707 262.154429290917 254.537136935505 247.420500316973 242.725707094079 231.386060303716 226.964891796216 215.874264359219 209.451360500428 201.640808005617 190.817280809012 188.637027258337 182.673183042689 173.817961055045 167.714803494064 167.317852729918 167.43355431318 162.779433658016 155.594948149196 140.540180546486 135.294089060744 127.137313393395 123.259655847904 121.680720036598 122.216416907192 125.186806907961 132.720284884636 144.477477883175 158.88299421133 168.986447431711 167.490720229298 156.934816363528 146.544227515089 140.748132754327 140.8887444188 136.478713652531 133.487598370164
338.964441383145 332.647714539679 330.245645996845 318.477416933127 315.495420112307 310.461030960636 308.602675488664 308.877439308467 304.960068884674 301.071630129749 297.072862273844 288.952783400642 286.978458980875 281.268432167687 280.407090981328 275.05810323573 267.166137381039 261.809513597964 255.498634619701 247.368768115409 243.856558044862 235.683608898091 228.392395750573 216.441951597421 209.832139540638 195.953102929278 188.947636358117 176.13833404417 167.157608926115 159.130651931244 152.89797641478 145.48028532459 140.761790312017 138.244867559343 126.18186840974 120.125877289928 123.533812595261 121.836118935699 121.330021724568 122.188206597481 122.332775099405 123.366147250591 122.550976937702 115.896477963526 121.738002234688 128.141351208454 139.641737257462 141.732104240149 136.986920387836 138.073096780249 133.061027344751 129.867313343818 124.272878817361
338.555065599688 334.548603823864 327.029464026768 323.519025177304 318.408250190822 313.105692920667 308.729221560585 307.697029046106 305.487791063626 301.155709698557 293.943544321807 290.153797558616 284.649886256252 282.394056963946 277.725743693372 275.060435859319 264.696165547305 261.563387193916 254.05204579867 247.100017667306 244.390132338159 239.039086089207 228.993736137854 216.774184844915 208.731558344268 195.807515942011 189.066259750663 175.175909720256 157.965615077926 152.253097707301 152.779603553131 143.406313462515 138.517319431457 129.171416427437 125.199049352312 123.102279081543 120.85002855851 118.987471957328 118.22667647114 117.514821527946 118.287226105408 116.434737004871 112.836292290364 106.772655165694 107.913373743499 116.089114607872 123.54116528807 127.283369704401 131.249129724887 129.778781321788 125.612987298988 122.338683241614 120.077928430528
337.68552788673 328.934861147516 328.116441132101 319.994352318175 315.169133283853 312.597530954135 311.605085729972 311.371344163416 307.959283808995 306.489689847838 304.174998541195 294.177054929927 293.345974352324 282.746477946303 279.413218519982 269.052592722106 264.669160355927 262.685359106348 253.462990698221 247.939801490571 245.062673181366 240.214153562234 229.851876369737 217.364420710747 209.281260806229 196.33439050167 189.977180084684 175.997345242507 161.024798921643 150.653577785563 145.598136170088 145.980790351931 142.88021051825 134.608115388392 126.04513601119 120.648998238378 117.972602923462 115.780109072987 115.006389009124 114.638114376342 112.786511782593 111.537221114208 107.534474000142 100.441858769964 100.30384169105 102.101376711173 110.17564317602 118.035457580833 120.847081764604 120.783324513741 119.218310400683 116.369485404529 114.549097272243
343.662115649986 338.917056484707 332.758315828206 329.651197174436 325.897587001528 325.834899916177 325.029595715267 322.757167040153 319.578490440387 321.118594398745 311.04293895701 304.230110467708 292.856101675871 287.983778712412 283.049515963116 278.182868885531 268.274136159316 263.980657655093 259.614026885143 250.043367172358 247.172050935114 243.433437295844 231.285034021683 218.726726711826 210.547556043592 197.90770962588 192.573424023525 178.738611817654 163.102587336864 146.466675787439 143.598216769983 142.606355382521 141.052072923455 138.144246726236 131.430056977111 121.010859076599 116.667061838563 114.275160042095 113.396999770444 112.402288907217 110.93430996969 107.628045618233 105.597844706208 101.954455897865 94.958173632959 94.6108409740021 95.9676181474566 100.465877557637 108.065216769775 111.352310024748 111.386723351885 110.858789391443 110.018218960984
367.306125450459 355.499404394509 349.262400376315 346.607168640673 343.397307895308 343.412417506306 336.307994087533 338.728453980281 324.458717962544 318.495636570116 311.051572620369 304.664557953448 303.004132777219 294.058582810138 285.286503897683 281.880193341348 277.10467783926 269.38830885279 263.455442071465 258.005803868993 248.134109923285 244.734747616438 232.47185173507 223.622843623764 213.376972106134 203.521169548322 194.798039926511 184.895006372302 173.166315418625 150.563749473508 144.424070587888 142.08713072144 138.967047392211 131.324574514192 127.212850593377 118.421510028352 119.229810267246 116.528252761365 113.252454893656 110.694901052135 108.562096562611 106.853196582324 103.380899958312 101.127417163056 97.5738757230636 91.1258298695957 89.8491517831622 90.0881756250625 92.1600092668032 99.9137185188578 103.303682860818 104.967741098908 105.746228734996
375.005171824952 370.695371218387 358.294094875739 354.956164324821 348.685348681317 348.070177941487 342.286071340852 337.305562712189 325.933965875726 313.960829223117 308.82688143605 304.824159450269 299.459045920472 286.985142955243 282.892623535272 276.873673985569 267.840596217349 265.794889455228 264.029935384814 261.329126182892 252.521676043683 245.432771673197 233.009911066427 228.244318312141 215.750775272764 210.115439165722 200.251588859414 191.682607398148 177.671377740343 164.466697216835 148.017490537687 140.524118460565 137.241351956844 128.135007115998 123.73481914729 118.337696033648 115.380154638309 118.175731869157 116.079021685373 112.024219959626 108.076189963523 105.247513350359 103.162693008867 100.834768016258 97.7361525565543 93.9767262446169 87.498793000781 86.1235643140477 86.651260923029 89.4611980393008 96.4032442320458 100.02100764411 102.104322417793
377.568473153337 370.633938287561 362.789744271252 355.053703253424 348.045281136331 349.145231924845 338.738303793822 331.954054686754 317.533468265168 312.967957432718 306.902897764387 300.566601739631 288.152592139578 283.02681084796 271.460666341697 267.903161183206 259.237386171358 254.40234774668 253.593388408713 253.794073189044 248.791471628245 243.870296686599 231.986595140536 227.90788998993 219.232901612173 212.442714909331 207.923343791974 200.231593622347 190.929392852285 176.922392854148 164.031022746435 148.189987319139 139.371108272093 126.388990740139 120.666580427731 114.709519082073 112.20366975118 112.27465431136 113.956879999417 111.579921451093 111.426190103762 108.718925432632 105.717755337666 103.469549003345 100.694904756651 98.1840514572159 95.7948180403705 92.2770621032587 89.9434489422445 91.3909170304129 95.2752160269083 96.8893561907005 98.5378697893587
363.140106770235 354.918248107557 352.800957990333 345.482703253822 344.919022409355 339.670816073227 329.046561816196 320.412089242506 316.82330255706 307.934395075462 302.417963431928 289.681565082064 286.324540766123 277.465375858546 269.56387372263 256.848437626393 252.936319101691 249.747090444452 248.46501888638 247.225836708796 245.32208704575 233.610934140294 230.372751817648 226.203552151636 222.219910963672 219.269607522669 214.009529745824 206.453942910377 198.050386795392 190.773730350262 177.554698980377 164.305685117878 145.279154550987 135.174206024321 122.16697584005 112.392395634322 109.764688138845 109.706260594236 111.111533108847 111.545793627974 107.939256333685 106.837367327928 105.550808274543 103.46967359377 102.648306952243 100.844268484335 98.4339230328915 96.6736124564806 95.4112898702214 94.91388075662 94.7923093158189 95.6816249354008 96.5505248572516
353.351725701766 344.871429012949 345.111426714776 343.442023506228 339.929450965818 334.93622913811 324.333046864129 317.468041348574 312.483146565063 305.412962796968 295.894693424077 287.512516485967 282.331819678007 270.716301248239 267.034594576721 254.554693798377 249.255512598497 246.835191751248 245.879973367888 244.559397498084 237.283071442719 230.649880506426 227.624266195282 225.843120283591 223.419390899955 222.435217711515 220.501759543502 213.420127700905 206.034155555896 194.725599124332 184.977779691305 176.308016540383 156.402094599582 136.860915250179 124.571793950443 117.387126592298 110.216297682565 107.576891357007 107.519680467825 106.830543510204 106.700949017115 106.668005390296 105.45867027168 104.153819751497 100.782638883211 100.126852038487 99.119618661726 97.6313059102336 98.0877540783396 97.3553758789579 96.6941734719638 96.5364734980869 96.4509699340153
350.876634364301 343.988304447823 339.523424304622 339.57609978726 336.634485384663 328.083814389841 318.534261412951 315.0617608029 307.037052280702 301.684124403614 288.896786672467 284.756095807821 278.354730598501 269.269441902873 261.009824150781 252.31190915609 245.833499691428 245.040025995199 243.834129353357 240.05139919737 230.942961839315 228.278160228359 225.831348276154 225.039295328525 227.511734725148 227.205131584324 222.817455615849 216.019733146832 207.431234139665 196.118723743875 190.263326118941 178.759106443107 166.699983581967 149.4309779425 128.812967310405 119.772132299684 114.863464764408 109.985506138728 105.793094636686 103.664786401264 104.471667696881 104.165373971001 102.917532310268 101.271345318325 99.752621192847 99.1350028734805 98.8783761448709 98.6898208123665 96.8833869059038 97.198839897292 97.6609267437454 96.6517230073359 96.7533427241841
357.117334723013 346.646088389771 336.499245447309 336.777868608528 333.547802160877 324.709570466895 315.603188175249 312.823991718573 305.767535404162 295.41043796071 287.054426267652 281.139333294872 269.870508486318 267.517260896411 255.21304451195 250.148810588526 240.545789324485 237.99103595138 236.678732875784 231.07676136819 228.025173554482 226.064079339769 228.838636965445 232.102324802281 233.232912145311 226.062562001679 223.922184779072 217.370169331089 210.282499858084 198.59057811988 194.192890094988 182.918916236487 174.321660983401 160.638238402136 142.621834885184 124.919691483166 119.065772893852 118.850330623242 115.553979305445 111.292050636343 108.840123124721 106.548885612563 103.72040142123 100.325928420889 97.3508880066444 96.2378508920239 96.043573528472 96.4260712610691 96.8393216784596 96.979639978243 97.4783708731978 97.5772148984107 96.1594787670708
362.731127113535 351.042840047077 337.505037136314 329.47304360228 322.861341258539 317.445703417021 313.12509626724 309.285477640845 301.999759045135 288.041216686439 283.18364102945 270.874788884228 268.493379941501 259.351200943483 253.279699813813 246.589460980401 236.463967701634 233.013716648697 230.817094274866 228.784865936799 226.299281490297 233.205781388135 234.555760624154 234.789406705611 227.19923033599 226.353508484353 225.907268029564 220.518201821877 214.703300553356 211.035728418409 203.9300207762 196.686624558539 182.579535999349 168.321355540573 160.059533481156 144.925609142028 131.931781639838 125.2232565815 122.314272359199 122.721547327498 119.642340474728 115.585571515854 109.806224542135 101.915460270395 95.9192307457837 92.4475893727724 90.4943069809279 91.8411102477088 95.0461085773166 95.517466361426 95.6509931214156 95.8384821119646 96.0064737053556
349.674492831663 352.224461729056 339.476442850538 323.996743034851 318.571422285004 314.11100641027 311.264613411377 303.672212841693 293.991412216417 284.501285261651 272.404808512324 269.566220564614 257.220891902393 253.180592868079 245.992836478667 237.6274084405 234.100676768551 230.949921868595 229.028996631115 231.545432713829 233.405550125934 234.627674239512 234.808046713722 227.267447831014 227.376714972853 228.226767260073 228.809183775887 228.413164374477 222.849615998161 223.60045358424 216.616933755338 204.665718977584 190.592388930758 181.529843952542 172.385745736788 165.61454437955 155.78755402363 136.328334987656 136.333997693356 127.43375160246 127.662538988054 124.227904768927 118.815730147237 110.887653275787 101.682443562287 95.4004348836131 92.7415863256794 93.0997628219291 93.8832374532381 93.5771298788858 94.4955419947225 94.7299251255524 94.7649326610805
