Rscript/monthly_maps/SnowDepthMapFile-max-1989-12.asc
ncols 320 
nrows 361 
xllcorner 618410.159 
yllcorner 5088785.286 
cellsize 100 
NODATA_value -9999 
[rows 230 to 252 of 361, columns 106 to 158 of 320]
1029.59521484375 999.820556640625 951.599487304688 909.863403320312 872.032897949219 844.457458496094 824.425598144531 811.032836914062 804.996276855469 800.800048828125 787.8330078125 762.215759277344 716.1015625 655.439758300781 592.824157714844 513.993713378906 375.7568359375 243.946350097656 170.216567993164 151.099105834961 127.948806762695 105.671058654785 66.5240859985352 24.8459510803223 24.2535076141357 23.4323616027832 22.556173324585 21.157543182373 20.0594005584717 19.4663791656494 18.6143169403076 17.9973487854004 17.4861946105957 17.2037811279297 17.0750312805176 16.9132194519043 16.711971282959 16.3890151977539 15.73912525177 15.4277896881104 15.129508972168 15.43519115448 16.7094192504883 18.896312713623 21.2653007507324 22.7051334381104 23.9017372131348 25.0389060974121 60.4843559265137 88.3539276123047 121.596008300781 144.219482421875 183.265029907227
1037.80529785156 999.336181640625 943.329467773438 886.298095703125 855.498779296875 836.439270019531 796.734375 771.749572753906 735.362487792969 726.124328613281 717.2158203125 697.747131347656 665.055236816406 623.426879882812 569.406433105469 495.924957275391 359.465576171875 236.788055419922 171.476669311523 151.35856628418 128.344131469727 105.453598022461 62.375545501709 25.0688381195068 24.327184677124 23.5769863128662 22.7706527709961 21.3569793701172 20.1150741577148 19.4629993438721 18.623197555542 18.086030960083 17.673225402832 17.4195423126221 17.2726764678955 17.0838527679443 16.8435707092285 16.3942890167236 15.8816032409668 15.4866037368774 15.0354175567627 15.2918863296509 16.3058128356934 17.6819133758545 19.4092426300049 21.302942276001 22.6124496459961 23.8329906463623 60.0915451049805 91.4840621948242 125.255508422852 154.278778076172 198.033660888672
1051.91345214844 1007.09075927734 955.251159667969 899.643310546875 849.755187988281 830.368347167969 769.422424316406 740.077697753906 686.128295898438 660.672729492188 644.895690917969 635.843688964844 612.741516113281 583.691955566406 524.425231933594 461.463012695312 334.303771972656 222.560928344727 166.930389404297 146.194976806641 127.509170532227 105.499008178711 65.7984466552734 24.9429664611816 24.4525508880615 23.7657585144043 22.9914283752441 21.5475788116455 20.1712169647217 19.4527778625488 18.8342933654785 18.2060985565186 17.8301734924316 17.5518913269043 17.3802032470703 17.1614055633545 16.8531455993652 16.2774028778076 15.7709283828735 15.5149917602539 15.0185298919678 15.3249635696411 16.1256065368652 17.1368236541748 18.164379119873 19.7042179107666 21.4547367095947 22.5807342529297 57.2401161193848 89.184196472168 130.200973510742 165.117813110352 218.345504760742
1071.02062988281 1040.55456542969 997.572387695312 925.46533203125 863.857666015625 823.040283203125 776.542236328125 724.120666503906 675.6298828125 632.039672851562 593.790466308594 570.299194335938 545.415771484375 516.258911132812 471.342041015625 392.603302001953 299.281585693359 198.813629150391 162.107421875 140.551025390625 126.018547058105 104.582237243652 65.7847747802734 28.3481025695801 24.5529651641846 23.869966506958 23.0681190490723 21.5884628295898 20.1756076812744 19.4855480194092 18.9620113372803 18.382303237915 17.9834327697754 17.6206169128418 17.376708984375 17.1076316833496 16.7601985931396 16.1118850708008 15.4232988357544 15.3431196212769 15.1028671264648 15.2787933349609 15.9590282440186 16.8280963897705 17.6075000762939 18.4526214599609 20.1882839202881 21.4837074279785 56.9332389831543 92.3735198974609 136.84375 172.220138549805 226.814300537109
1111.08630371094 1071.98022460938 1039.64086914062 990.056823730469 914.468627929688 838.188720703125 793.509399414062 727.030700683594 659.143859863281 603.174133300781 564.564147949219 514.33740234375 481.919555664062 439.458160400391 400.223999023438 326.063659667969 236.85661315918 173.310134887695 154.390853881836 134.381530761719 123.068130493164 97.4741363525391 65.224250793457 28.6375007629395 24.6125469207764 23.8951854705811 23.0260639190674 21.4815483093262 20.079252243042 19.5622825622559 19.1796588897705 18.6486415863037 18.1706695556641 17.6679286956787 17.2897453308105 16.9704494476318 16.6000652313232 15.9427499771118 15.6105432510376 15.3860511779785 15.1975269317627 15.2335996627808 15.9071655273438 16.5582218170166 17.1162986755371 17.7174453735352 19.2316551208496 20.8058280944824 54.9862060546875 96.7475662231445 132.477767944336 167.194641113281 220.246017456055
1139.4833984375 1115.73278808594 1087.72680664062 1044.45178222656 985.442565917969 895.82763671875 810.723205566406 746.466552734375 665.7568359375 604.563232421875 542.578674316406 480.900146484375 428.813598632812 370.343414306641 326.272918701172 250.31608581543 189.765762329102 159.59196472168 161.765670776367 128.676467895508 120.461486816406 91.6960601806641 63.0776214599609 25.3801383972168 24.6698207855225 23.8699893951416 22.9232025146484 21.3354740142822 20.0657825469971 19.7156658172607 19.4603366851807 18.9517230987549 18.429666519165 17.7905902862549 17.2365531921387 16.8075218200684 16.4775848388672 15.820611000061 15.6725082397461 15.1124219894409 15.0478658676147 15.1682071685791 15.6203746795654 16.209753036499 16.5779247283936 17.1237468719482 18.6079063415527 20.4625759124756 47.8050651550293 90.2433853149414 127.184036254883 160.660018920898 183.420455932617
1169.19970703125 1153.2392578125 1131.56579589844 1085.33178710938 1023.99243164062 954.474487304688 854.1650390625 788.644653320312 702.210327148438 626.740234375 572.223449707031 496.002319335938 429.727935791016 346.899108886719 278.244903564453 228.345428466797 176.30615234375 159.21891784668 139.156188964844 124.493377685547 112.416236877441 85.8711395263672 65.186279296875 25.3745403289795 24.6765480041504 23.8845062255859 22.9425525665283 21.3815231323242 20.2207279205322 19.9711608886719 19.7180118560791 19.3806133270264 18.7071475982666 18.0411968231201 17.3339405059814 16.7541732788086 16.3370933532715 15.8370714187622 15.5769653320312 15.271183013916 15.3402490615845 15.1248445510864 15.2879943847656 15.7933349609375 16.1124668121338 16.6494960784912 17.916051864624 19.9626026153564 21.8870754241943 71.3918533325195 115.955009460449 133.158599853516 155.276641845703
1210.3662109375 1202.89025878906 1159.41479492188 1099.80004882812 1037.08190917969 969.783996582031 877.86572265625 810.442138671875 740.897094726562 660.805541992188 605.673217773438 535.648315429688 475.028289794922 390.4189453125 309.145812988281 241.315170288086 202.035614013672 176.339828491211 151.660491943359 123.696586608887 101.609535217285 72.3365631103516 62.8543548583984 25.2163429260254 24.5495090484619 23.8111839294434 22.9628753662109 21.6066761016846 20.6051330566406 20.2614402770996 19.9753265380859 19.614818572998 18.9720134735107 18.3355369567871 17.5963687896729 16.845085144043 16.2659530639648 15.8098678588867 15.5364503860474 15.1005821228027 15.1442670822144 15.0395669937134 15.0351295471191 15.3629379272461 15.7013273239136 16.0539245605469 16.7474212646484 18.8719520568848 20.5047245025635 41.9571762084961 73.6627731323242 112.71166229248 128.289413452148
1255.37756347656 1229.36694335938 1172.736328125 1097.66979980469 1036.80505371094 977.448181152344 905.303649902344 840.750671386719 793.627990722656 721.517517089844 649.115661621094 594.227294921875 532.206237792969 472.227752685547 370.527252197266 277.69921875 215.011413574219 186.79084777832 156.296234130859 131.594497680664 110.54768371582 76.2341232299805 65.5520782470703 29.827356338501 27.0210018157959 23.6704235076904 22.9640502929688 21.9725093841553 21.1134624481201 20.496997833252 20.1503849029541 19.7694072723389 19.155590057373 18.5440616607666 17.8288345336914 17.015022277832 16.3088340759277 15.8938598632812 15.405122756958 15.1071939468384 14.7702341079712 15.043478012085 14.8725128173828 14.8918437957764 15.2273988723755 15.4783792495728 15.8038320541382 16.8098831176758 18.6153774261475 20.2021408081055 22.1414585113525 62.2343444824219 90.3420486450195
1268.07824707031 1225.74731445312 1165.69519042969 1105.61010742188 1051.44445800781 1003.21118164062 930.354064941406 872.251037597656 828.753723144531 775.290405273438 710.79541015625 651.059692382812 605.869323730469 546.886352539062 468.388397216797 366.877044677734 266.298797607422 201.816543579102 179.843002319336 139.712738037109 124.143447875977 85.2975692749023 64.4695053100586 32.242862701416 29.5233707427979 23.4165878295898 23.0061149597168 22.2646179199219 21.5987167358398 20.9087944030762 20.114839553833 19.6778125762939 19.2138137817383 18.6836853027344 18.0050392150879 17.1957626342773 16.4480361938477 16.0349998474121 15.4062232971191 15.2719268798828 14.6671457290649 14.8115558624268 15.0333204269409 14.6944417953491 14.683895111084 14.7433576583862 15.0853872299194 15.3126621246338 16.1055088043213 17.6574172973633 19.1400241851807 21.0915126800537 40.6557693481445
1275.50048828125 1227.69152832031 1175.98095703125 1122.41625976562 1072.34020996094 1026.98669433594 978.927978515625 919.758361816406 859.497497558594 817.9072265625 774.953918457031 725.772216796875 668.717529296875 624.916320800781 556.851257324219 470.687408447266 367.450775146484 267.452911376953 194.765396118164 163.170761108398 134.084503173828 109.378143310547 85.4034271240234 57.2480087280273 29.6090888977051 27.3479518890381 22.6692924499512 22.6060123443604 22.2118244171143 21.5707683563232 20.662540435791 19.7401142120361 19.2803630828857 18.771879196167 18.1306800842285 17.3793182373047 16.6690979003906 16.2236938476562 15.8955354690552 15.5627813339233 15.0543270111084 14.6355590820312 14.9047021865845 15.0079479217529 14.5147352218628 14.3691720962524 14.2635812759399 14.3674383163452 14.5633726119995 15.0049266815186 16.618558883667 18.5648555755615 20.4758338928223
1293.33520507812 1248.27978515625 1192.73303222656 1147.71447753906 1107.96887207031 1065.42224121094 1019.00701904297 976.422912597656 918.388244628906 861.08154296875 826.200256347656 802.433532714844 757.40380859375 690.609252929688 626.062622070312 552.657165527344 478.570251464844 361.554046630859 252.191619873047 187.618469238281 155.061340332031 134.153366088867 134.354278564453 100.375076293945 66.8059539794922 27.5488872528076 26.9610652923584 26.0200004577637 22.7043857574463 22.4535522460938 21.2649192810059 19.9201698303223 19.391092300415 18.9044094085693 18.2811374664307 17.5570583343506 16.9625282287598 16.5403919219971 16.2542991638184 15.8773326873779 15.5686273574829 15.1976356506348 14.8484554290771 15.0463857650757 15.015453338623 14.4183130264282 13.9911737442017 13.6908731460571 13.4852046966553 14.2620754241943 14.9108295440674 16.3514575958252 18.5818328857422
1336.15783691406 1289.47875976562 1230.98120117188 1190.32836914062 1143.08374023438 1108.865234375 1066.35046386719 1025.01867675781 989.721923828125 940.863891601562 896.384887695312 852.47412109375 819.829284667969 753.981567382812 667.094970703125 603.448852539062 536.579345703125 450.054595947266 326.539215087891 230.625350952148 188.438064575195 168.806900024414 149.966430664062 135.046173095703 118.369102478027 73.2916107177734 64.9755401611328 32.1034965515137 30.381814956665 22.9090137481689 21.8619422912598 20.5310955047607 19.560583114624 19.0519256591797 18.4498119354248 17.8276824951172 17.2839450836182 16.9163341522217 16.6400585174561 16.3606853485107 16.029712677002 15.3519668579102 15.1577558517456 15.1305646896362 14.9380855560303 14.7832841873169 14.456919670105 13.7796440124512 13.7478513717651 13.9346227645874 14.5663146972656 15.3372077941895 16.4484329223633
1399.21313476562 1358.92224121094 1297.3837890625 1250.75769042969 1190.4033203125 1145.96423339844 1116.75 1084.083984375 1051.8583984375 1019.37084960938 964.955261230469 902.024108886719 838.752868652344 787.263061523438 710.265014648438 643.389404296875 579.993469238281 500.684661865234 405.125762939453 291.413330078125 222.685485839844 194.23796081543 175.436172485352 152.352691650391 132.465225219727 106.635192871094 70.0061569213867 67.8861999511719 33.2248229980469 26.7673149108887 22.4139747619629 20.9969635009766 19.7301998138428 19.1714382171631 18.5980052947998 18.0583972930908 17.6252956390381 17.2940826416016 17.0674114227295 16.8027954101562 16.4992408752441 16.2025566101074 15.8381958007812 15.5602331161499 15.368332862854 14.8543109893799 14.7708511352539 14.4442901611328 13.9826650619507 14.060206413269 14.2852392196655 14.8622932434082 15.5130701065063
1457.47839355469 1429.04150390625 1367.86645507812 1296.55200195312 1219.88037109375 1172.12255859375 1142.66333007812 1115.49291992188 1080.38879394531 1045.58642578125 991.285949707031 917.3291015625 847.098510742188 796.454528808594 724.996215820312 656.569458007812 601.623046875 534.588317871094 453.940826416016 347.894775390625 258.295104980469 207.142852783203 181.863021850586 168.798492431641 138.535949707031 122.012840270996 91.878776550293 60.6255111694336 32.8544769287109 27.8946475982666 22.6645908355713 21.2317848205566 19.9167213439941 19.264928817749 18.7548694610596 18.2624225616455 17.9059658050537 17.6529331207275 17.4489002227783 17.2325706481934 17.0051345825195 16.7207069396973 16.4356117248535 16.1458911895752 15.4206438064575 15.3076257705688 14.4884281158447 14.4351806640625 14.6001787185669 14.2983732223511 14.2668781280518 14.3838949203491 14.3793172836304
1498.66125488281 1460.70886230469 1403.25549316406 1314.30163574219 1231.40124511719 1186.63159179688 1144.56555175781 1114.63757324219 1083.40478515625 1038.03381347656 978.145202636719 905.996215820312 840.160461425781 791.519226074219 722.459533691406 657.145629882812 602.080017089844 547.244445800781 468.761657714844 375.381317138672 274.259674072266 216.849151611328 181.885314941406 168.095367431641 134.662185668945 120.782699584961 93.7772827148438 63.4549942016602 56.8862457275391 27.1956253051758 22.7524356842041 21.3370113372803 19.9868297576904 19.3412837982178 18.9143180847168 18.5476036071777 18.239860534668 18.0134544372559 17.8089694976807 17.6250972747803 17.4820499420166 17.268835067749 16.9495105743408 16.5768222808838 16.054967880249 15.5874662399292 14.8519859313965 14.1032609939575 14.1446971893311 14.5800895690918 14.1563625335693 14.1301803588867 14.1096382141113
1528.41430664062 1486.09497070312 1430.06323242188 1344.31921386719 1263.1494140625 1193.88500976562 1145.24157714844 1103.85388183594 1066.09155273438 1015.81231689453 954.795959472656 879.959228515625 829.850158691406 779.614501953125 711.626953125 650.969360351562 598.042236328125 529.465454101562 458.213073730469 363.858062744141 265.001739501953 200.978164672852 174.015243530273 147.97200012207 131.457107543945 116.426689147949 87.3477783203125 61.9933280944824 25.0657501220703 23.9722213745117 22.7873821258545 21.3414669036865 20.0144138336182 19.4466381072998 19.083927154541 18.8252124786377 18.6111888885498 18.3614273071289 18.1645030975342 17.9962882995605 17.8455905914307 17.5739326477051 17.1805610656738 16.7410430908203 16.2427177429199 15.3675966262817 15.0399360656738 14.0215215682983 13.5502500534058 13.6533994674683 14.0515928268433 14.3646955490112 14.3882284164429
1545.52514648438 1492.47790527344 1442.78515625 1373.32580566406 1285.90734863281 1211.36193847656 1147.84057617188 1088.64111328125 1049.18774414062 1000.27709960938 928.966430664062 864.883422851562 821.712341308594 761.394165039062 688.007568359375 635.840393066406 582.014038085938 506.693695068359 429.717651367188 336.477447509766 242.345825195312 180.898498535156 160.043029785156 138.835266113281 124.903755187988 103.694282531738 75.5963592529297 64.0940551757812 24.9499053955078 23.8297843933105 22.65651512146 21.3454513549805 20.0896663665771 19.6133327484131 19.2915172576904 19.0647869110107 18.8956813812256 18.7424869537354 18.5618591308594 18.37327003479 18.0766525268555 17.6199512481689 17.1093673706055 16.6816520690918 16.2758674621582 15.4494466781616 15.2112827301025 14.1803293228149 13.2726421356201 12.9580173492432 12.9260482788086 13.1166963577271 13.3426504135132
1557.49523925781 1492.82299804688 1449.51171875 1393.9111328125 1315.66979980469 1232.44091796875 1150.81848144531 1079.96899414062 1034.34851074219 980.308044433594 910.097473144531 845.313354492188 801.877380371094 736.532409667969 662.660461425781 611.713317871094 550.338806152344 477.797973632812 395.899200439453 293.018707275391 211.334609985352 168.881256103516 160.150146484375 133.704391479492 123.325660705566 93.5658798217773 65.5805816650391 64.4324798583984 24.7978382110596 23.8635635375977 22.9859104156494 21.6039562225342 20.3825244903564 19.762149810791 19.4279346466064 19.2284717559814 19.1060924530029 18.9772510528564 18.9124393463135 18.6434764862061 18.1830463409424 17.5556964874268 16.9669971466064 16.5933055877686 16.2628536224365 15.5169439315796 15.4073944091797 14.4392528533936 13.4246606826782 12.7288980484009 12.2155475616455 12.0764207839966 12.0644474029541
1577.49853515625 1480.119140625 1441.83715820312 1378.06066894531 1294.89147949219 1214.8642578125 1137.57238769531 1076.85095214844 1027.85412597656 967.431945800781 885.628295898438 826.053466796875 779.715576171875 705.533386230469 646.038635253906 588.252807617188 514.001403808594 440.066070556641 338.602020263672 251.83349609375 191.282730102539 163.154693603516 162.144927978516 132.512115478516 120.202537536621 90.3066253662109 64.4574661254883 65.0456314086914 28.802734375 26.5285930633545 23.2457790374756 22.0904750823975 20.7554454803467 19.8008193969727 19.4464855194092 19.2809371948242 19.2264766693115 19.1902198791504 19.0306701660156 18.7825183868408 18.1824188232422 17.4826145172119 16.8906402587891 16.5605506896973 16.2771682739258 15.604700088501 15.3367080688477 14.7601194381714 13.828332901001 12.889422416687 12.0377569198608 11.5489492416382 11.2866830825806
1600.83679199219 1478.73876953125 1421.47106933594 1357.58996582031 1268.24365234375 1180.7255859375 1119.79113769531 1074.95556640625 1021.97894287109 954.046264648438 868.833068847656 811.20458984375 757.337524414062 674.222839355469 619.274291992188 558.875 481.914031982422 402.302734375 301.960784912109 224.196807861328 179.738647460938 165.039291381836 152.483947753906 132.95783996582 119.864059448242 94.2055892944336 66.6010360717773 65.7778167724609 32.1210556030273 31.5269412994385 27.0969467163086 22.4714698791504 21.3774757385254 20.2664852142334 19.4776935577393 19.2996368408203 19.253833770752 19.2271060943604 19.082218170166 18.7223587036133 18.0686950683594 17.4051456451416 16.8819370269775 16.5827579498291 16.3170547485352 15.6818590164185 15.7062368392944 15.163779258728 14.3362684249878 13.3136577606201 12.3480968475342 11.5359659194946 11.038948059082
1615.17858886719 1506.41296386719 1418.5498046875 1342.12121582031 1252.87756347656 1172.626953125 1121.36791992188 1071.86474609375 1020.79022216797 953.234924316406 864.262756347656 809.931823730469 739.952819824219 660.297241210938 606.479125976562 531.94482421875 455.764221191406 368.393585205078 271.402557373047 210.060760498047 179.712966918945 162.811874389648 163.373153686523 133.667373657227 124.906234741211 100.411926269531 83.3738479614258 62.9887351989746 67.8111343383789 34.0932006835938 32.184814453125 27.6010074615479 22.2013931274414 21.2312488555908 20.1485900878906 19.4018459320068 19.2688980102539 19.1874961853027 18.982307434082 18.4871921539307 17.8493957519531 17.2648754119873 16.8559436798096 16.6039009094238 16.3305511474609 15.7937927246094 15.7990760803223 15.4978017807007 14.8035936355591 13.8910722732544 12.9464378356934 11.8551177978516 11.0965375900269
1600.38330078125 1541.34448242188 1446.14294433594 1359.69616699219 1263.82507324219 1194.61572265625 1129.19689941406 1076.12670898438 1029.31555175781 965.118225097656 873.236083984375 812.506713867188 752.120666503906 665.177917480469 603.97021484375 523.259216308594 453.771514892578 350.674133300781 257.521667480469 206.774795532227 182.452346801758 163.418991088867 160.56233215332 136.216049194336 124.594604492188 118.35897064209 99.4666290283203 90.6127624511719 70.5095901489258 69.0249176025391 36.5094833374023 32.5607490539551 28.8184471130371 22.1486301422119 21.2253360748291 20.1601333618164 19.3778114318848 19.1433811187744 18.7923622131348 18.2212562561035 17.5603408813477 17.0882434844971 16.7880172729492 16.5894031524658 16.3235130310059 15.7814903259277 15.7242679595947 15.4598760604858 15.1331071853638 14.3720397949219 13.3447198867798 12.3435249328613 11.462119102478
