Rscript/monthly_maps/SnowDepthMapFile-mean-1990-02.asc
ncols 320 
nrows 361 
xllcorner 618410.159 
yllcorner 5088785.286 
cellsize 100 
NODATA_value -9999 
[rows 23 to 45 of 361, columns 159 to 211 of 320]
1459.49535260882 1443.54233660017 1438.38391549247 1413.43045915876 1384.60365949358 1339.52203369141 1294.36574881417 1242.7268284389 1179.81838117327 1119.1368800572 1062.70299421038 1019.85754394531 974.005722045898 948.362631661551 917.051858084542 926.948917933873 960.401264735631 994.083404541016 1010.92112949916 1065.26841081892 1191.16632080078 1332.86372157506 1368.28407941546 1370.08248901367 1369.41602870396 1355.02678571429 1316.25180925642 1269.34750366211 1206.98755754743 1160.92783464704 1140.72538757324 1144.16616603306 1133.54889351981 1104.87923322405 1073.08846173968 1055.0895211356 1023.22284807478 998.3304574149 958.001948765346 907.698996407645 855.843431745257 804.902160644531 771.239549909319 754.682015555246 738.227634974888 753.723194667271 734.877868652344 715.831501552037 686.717505318778 644.077721732003 616.685830252511 603.051025390625 591.977461678641
1359.42516217913 1319.51395961217 1295.36391339983 1294.77427891323 1286.29070608956 1267.6636832101 1246.89217703683 1210.52378191267 1166.47454833984 1112.37127685547 1058.88735525949 1023.15947614397 988.862969534738 972.532542637416 948.604182652065 958.210994175502 987.114015851702 990.424802507673 987.444761003767 1047.25773838588 1160.86971173968 1321.89216831752 1376.19832938058 1394.54084123884 1387.17904663086 1359.96042306083 1315.48025512695 1277.75500924247 1231.37433297294 1181.70373535156 1143.56948198591 1133.79696001325 1123.79661342076 1106.00677272252 1068.99625723703 1034.81400408064 1004.54960414342 990.060012817383 967.874666486468 930.828598022461 880.445598057338 824.239087785993 812.678259713309 804.396190098354 794.941670009068 796.902145385742 787.804776872907 750.768537248884 712.589758736747 696.000425066267 674.080196925572 665.52870287214 635.258738926479
1315.76909964425 1269.99757167271 1245.59451729911 1210.10544041225 1185.53233555385 1172.38404192243 1169.89475577218 1174.71657235282 1157.31743730818 1112.92352294922 1061.10190473284 1033.71756199428 1025.99426487514 1009.29034859794 983.039520263672 995.021349225725 960.138641357422 984.076093401228 985.946210588728 1032.97263009208 1155.0348815918 1317.39845057896 1392.39646693638 1419.93208530971 1389.38298252651 1344.07988194057 1304.72443062919 1274.91032627651 1241.41691371373 1199.33888898577 1165.99554007394 1138.04298618862 1111.94886997768 1095.90160042899 1064.9057573591 1018.43276977539 993.053538731166 976.28481401716 959.838139125279 941.264277866909 903.848484584263 845.276650565011 828.034271240234 824.559701102121 821.6019417899 817.229533604213 799.77099609375 781.402014596122 732.618268694196 715.985192435128 710.799458095006 703.640433175223 683.599722726004
1310.48584856306 1263.7475629534 1209.03563581194 1162.02172415597 1133.22220502581 1120.29305376325 1122.16466413225 1126.92338562012 1127.25435311454 1101.98373849051 1071.88250732422 1039.46003069196 1028.45174298968 1044.66717093331 1009.20128304618 991.334378923689 986.206767490932 991.932115827288 1007.14575631278 1048.55039324079 1157.40127999442 1320.26884678432 1398.39367239816 1410.78060477121 1354.75980486189 1321.79289027623 1292.33174787249 1263.45397949219 1241.69136265346 1212.19416155134 1189.15254429408 1155.37075369699 1110.5620640346 1074.40386526925 1035.69260951451 1008.19554792132 978.37521144322 952.247798374721 931.495616367885 931.071718488421 911.325140816825 871.052143641881 857.570146833147 855.885750906808 843.407930646624 835.830195835659 814.418818882534 796.082824707031 760.575400216239 749.454864501953 746.154259817941 737.025682721819 711.52534702846
1288.55708095006 1244.33850533622 1195.97589547294 1146.23422241211 1119.55177089146 1104.99067470006 1102.03599112374 1099.92177690778 1094.21064322335 1070.59622846331 1052.46959141323 1027.3325238909 1036.82314627511 1056.08491298131 1012.69031197684 989.896488734654 987.168402535575 1009.28051321847 1036.66452898298 1088.73078264509 1185.29685320173 1336.46732003348 1395.31518118722 1377.1927621024 1318.13134765625 1281.05295671735 1257.98835536412 1247.14522443499 1234.95320347377 1230.07359967913 1207.49489048549 1170.64478410993 1124.16556876046 1064.90815298898 1018.58370099749 994.092930385045 965.992045811244 934.494561331613 928.559871128627 923.475272042411 908.813422066825 892.146721976144 880.791796003069 867.647275652204 862.520124162946 845.557338169643 834.513870239258 788.79105922154 770.402014596122 760.663813999721 752.793273925781 747.250010899135 735.982761928013
1257.27388654436 1219.09519740513 1180.98109872001 1148.59981863839 1117.48164149693 1097.22273472377 1086.60521153041 1054.12406703404 1040.4157169887 1003.18591308594 1006.07376970564 995.020366123744 1029.25264630999 1054.70407976423 1048.1003439767 985.410376412528 991.338060651507 1031.09092276437 1084.77905055455 1129.30203683036 1220.26250348772 1349.09897286551 1361.99801199777 1313.90189034598 1256.40587506975 1225.1564113072 1206.99062238421 1213.64759608677 1230.19354684012 1234.69744001116 1221.1764351981 1192.6282523019 1135.90708051409 1071.87723214286 1019.46910313198 984.67680140904 952.959932599749 934.144921439035 943.689265659877 917.172838483538 940.354278564453 926.028307233538 913.557604108538 896.885173252651 889.963010515486 876.376491001674 828.708203996931 796.12999180385 782.113037109375 775.626299176897 763.889434814453 756.693278721401 750.878398350307
1228.7292262486 1198.85237121582 1177.75020054408 1164.35472760882 1131.11833844866 1095.40566144671 1057.81069946289 1038.00536891392 989.421149117606 957.328654697963 942.943073817662 955.615482875279 1002.76780264718 1020.14586966378 1022.82692173549 973.518947056362 996.638728550502 1060.07982962472 1111.90115356445 1126.90192304339 1234.82983834403 1310.27675083705 1291.92196655273 1263.76776994978 1228.06470162528 1208.8390851702 1210.19213867188 1226.91606358119 1235.87431117467 1240.01053292411 1232.48803274972 1197.41946411133 1152.20256478446 1086.3285042899 1025.52913338797 987.956575666155 974.399597167969 975.502134050642 976.97339957101 967.447625296457 969.382668631417 948.844497680664 949.615716116769 948.392054966518 936.890906197684 929.246451241629 860.116143362863 797.697592599051 793.33595929827 772.990561349051 761.894450596401 753.956085205078 744.201014927455
1217.36776733398 1193.63423374721 1176.55304391044 1156.83388410296 1125.19161769322 1089.89454214914 1058.43040902274 1016.87281363351 967.056468418666 920.670329502651 898.292103358677 912.629538399833 946.703589303153 996.629590715681 971.8447265625 944.611404418945 978.149817330497 1059.10197884696 1101.40503365653 1131.95801871164 1176.40466962542 1239.81461879185 1283.13107299805 1283.31143188477 1260.04019601004 1253.11296299526 1232.7375226702 1237.41560581752 1253.88621738979 1263.17623029436 1244.58904157366 1198.24913242885 1152.05983189174 1104.97478812081 1057.7133265904 1014.10733468192 982.902236938477 984.006155831473 984.454184395926 994.48014831543 978.605830601284 981.958502633231 969.421347481864 961.861790248326 966.02473449707 955.454060145787 905.431559971401 855.895924159459 803.352567400251 797.310219900949 785.82852608817 762.266010829381 753.795571463449
1217.61872209821 1196.69342041016 1179.05667768206 1153.55787440709 1108.736214774 1081.76721627372 1035.86509486607 988.992135184152 939.340138026646 888.774723597935 857.780785696847 864.865005493164 883.024036952427 919.825648716518 926.955119541713 942.154059273856 971.239065987723 1026.26222446987 1071.03002929688 1103.78986249651 1146.54756164551 1233.99632045201 1298.86605398996 1309.71526663644 1313.02986798968 1296.43816702706 1292.37683105469 1286.32055228097 1279.96610369001 1267.68644496373 1247.85690743583 1196.77325003488 1155.08081926618 1120.1331111363 1094.22985839844 1063.18306187221 1024.9673614502 1004.30122593471 1004.01439993722 997.244611467634 997.757169451032 976.417857578823 966.818091256278 977.896129063198 997.893310546875 998.690338134766 940.253513881138 898.680607386998 883.91520690918 843.52641078404 816.053056989397 795.152389526367 765.810202462333
1225.09829275949 1206.17570713588 1174.45417131696 1132.28409467425 1093.66678074428 1058.91265651158 1025.17024884905 961.110791887556 916.279998779297 859.31784929548 841.883852277483 854.847111293248 862.65304347447 887.952141898019 908.004098074777 937.148069109236 976.067459106445 1037.30363246373 1063.03132411412 1106.545438494 1163.1174621582 1237.17716761998 1314.26875959124 1356.93816702706 1334.2388218471 1315.65727887835 1297.15508161272 1286.39522007533 1281.30334036691 1267.55610874721 1242.66674804688 1197.78628540039 1157.44147164481 1131.52726091657 1116.09931291853 1097.23923819406 1065.72587367467 1031.58471461705 1013.85958208357 1014.14596557617 998.757143293108 992.123020717076 995.575162615095 1021.41285269601 1062.64339556013 1064.64735848563 1000.18618120466 967.494125366211 935.330302647182 931.545647757394 903.615055629185 835.390620640346 797.656186785017
1206.63735089983 1187.8331211635 1163.16373116629 1114.08512006487 1076.97887965611 1038.9234728132 994.625309535435 941.208670479911 878.69715663365 831.226723807199 820.008736746652 816.531361171177 855.460989815848 860.397354125977 898.23170035226 935.374768938337 988.057553972517 1031.86060224261 1082.13822283064 1120.00181361607 1167.9533996582 1238.37943812779 1313.67450823103 1351.05084228516 1365.32283673968 1334.44101388114 1321.39321899414 1308.58115495954 1300.71071515765 1279.94669886998 1245.03820800781 1199.85298810686 1169.7274257115 1152.95778547015 1141.2016557966 1130.25956508092 1101.23115321568 1065.35539899554 1043.36033848354 1024.04823957171 1022.81627110073 1034.59123665946 1065.16238621303 1110.64495631627 1139.53020150321 1127.47695704869 1073.49570792062 1040.78975786482 1011.13306318011 992.523777553013 956.471415928432 897.092252458845 821.764840262277
1202.03454153878 1168.34852600098 1133.63083757673 1095.61647469657 1063.42441667829 1030.40769958496 968.891841343471 906.494668143136 835.202885219029 784.592433384487 780.941600254604 760.997569492885 813.456438337054 847.127663748605 899.503952026367 949.997678484236 988.503132411412 1044.6892351423 1082.0592150007 1125.32324654715 1153.62946428571 1211.71943882533 1277.13200596401 1360.99537876674 1381.4423828125 1371.25643484933 1347.16545322963 1329.0305960519 1307.02873883929 1277.40664236886 1223.75943429129 1186.62693132673 1160.21088736398 1182.65179443359 1183.30080740792 1171.29221452985 1149.18830653599 1117.3232661656 1088.6165095738 1083.43325587681 1091.00260053362 1116.93478611537 1142.7811693464 1150.24927193778 1093.02366856166 1071.87384905134 1047.43619646345 1024.69563075474 1040.70201764788 1011.81425258092 976.866075788225 915.563393729074 843.503226143973
1200.59225027902 1136.44157845633 1110.95048522949 1079.13048662458 1042.64737374442 993.805624825614 941.532368251256 876.528788975307 807.205102103097 747.505732945034 754.041401454381 756.100200108119 765.182307652065 814.970537458147 874.697553362165 934.940686907087 984.424525669643 1040.80814252581 1076.65489196777 1101.9148210798 1126.77068219866 1175.39968654088 1233.52307128906 1307.51593017578 1355.05278233119 1389.74560546875 1367.61651175363 1310.63421630859 1275.00842721122 1228.68607439314 1189.12803867885 1153.49962942941 1142.72309439523 1144.6083177839 1112.37768990653 1130.3034362793 1184.70649937221 1184.50813947405 1166.86394391741 1157.25139072963 1157.61569213867 1156.07160295759 1119.29662431989 1105.55999973842 1064.77496773856 1045.29255240304 1013.86598859515 1004.38523646763 994.114911760603 969.708121163504 945.586297171457 897.845901489258 837.34368460519
1222.11429268973 1127.53984941755 1059.30529131208 1044.03838239397 1004.50028773717 949.372874668666 891.372329711914 829.399799891881 744.445292881557 743.339002336775 747.86618913923 736.096017020089 724.475086757115 783.778632027762 846.959372384208 920.78167288644 973.939359392439 1019.02581133161 1057.09455653599 1093.85280064174 1130.905216762 1142.04195295061 1167.50729152134 1219.06075613839 1307.93555123465 1355.77964564732 1345.46002633231 1267.33695765904 1201.80781337193 1149.23912702288 1120.20135934012 1089.48075430734 1063.57194737026 1056.26557268415 1051.02328055246 1080.3087790353 1101.54348972866 1086.56269618443 1098.86737714495 1116.30595615932 1121.11862618583 1131.9156363351 1102.00038800921 1074.34395490374 1044.12832859584 1004.47120012556 982.861576625279 962.688526698521 955.943533761161 944.494127546038 925.826577322824 883.263449532645 843.959348406111
1259.0295715332 1130.77405439104 1050.64555576869 1008.47115216936 978.428826468332 933.336737496512 873.416019984654 797.725261143276 740.736548287528 753.401670183454 767.259868076869 734.688127790179 717.462965829032 752.575014386858 827.55687386649 899.689710344587 976.070436750139 1027.11271231515 1068.64008222307 1112.49290902274 1137.30443464007 1148.79739379883 1153.31998552595 1170.84708077567 1239.62289864676 1291.67777361189 1291.3191179548 1205.85163661412 1132.27763148717 1092.17418561663 1057.21084158761 1022.16753496443 998.98711504255 988.184417724609 985.211785452707 985.527027675084 1002.4911302839 1022.81672668457 1032.07455880301 1054.76524135045 1078.52836826869 1084.76871381487 1084.02358354841 1068.70486450195 1048.38982064383 1019.30146571568 992.295734950474 977.164753505162 957.662704467773 939.860270908901 924.024335588728 875.202778407506 852.337110246931
1209.15133013044 1165.42208862305 1064.30435398647 993.459300449916 959.921833583287 916.778438023159 873.960085187639 776.15248979841 744.937744140625 774.163619995117 745.50269644601 745.184363228934 719.161472865513 753.396200997489 821.529990059989 897.649039132254 974.604943411691 1056.4212210519 1106.98040989467 1126.58867754255 1173.35256740025 1180.94847106934 1170.47964041574 1176.31174360003 1231.43994140625 1266.77081298828 1269.82648141044 1166.4003099714 1093.48439461844 1032.61080714634 1010.57222202846 977.601678030832 976.165276663644 982.453120640346 986.263098580497 978.700563703264 979.492538452148 975.679292951311 964.157150268555 954.608217511858 988.196742466518 1023.05608912877 1052.72317940848 1070.89862932478 1056.34085518973 1034.48961748396 1017.72330583845 992.67257472447 979.27581351144 953.734806605748 916.478842599051 879.706580025809 856.282895769392
1110.59284973145 1144.0521131243 1090.8646937779 998.073152814593 959.759913853237 919.705330984933 867.565168108259 785.415514264788 762.520915440151 772.664799281529 752.367235456194 748.292336600167 739.00397164481 787.280881609236 859.668511526925 931.237167358398 990.383159092494 1066.97513907296 1127.21858215332 1182.30738176618 1224.71222795759 1242.69740077427 1196.04143633161 1198.30638776507 1265.50170026507 1288.31492396763 1274.73604474749 1148.63702828544 1072.34020778111 1029.96339634487 1010.75500924247 998.884641374861 1015.67740086147 1030.38017708915 1045.07680184501 1046.02686418806 1029.74859619141 1012.3102242606 965.794413975307 925.613388061523 911.846143450056 936.50102015904 989.884401593889 1040.64006478446 1055.69928196498 1048.13775416783 1033.79520307268 1004.98806762695 988.073671613421 953.719379970006 914.282376970564 876.320831298828 855.162102835519
1032.72478376116 1060.7082824707 1064.81474304199 1027.05549403599 972.647809709821 924.879462105887 861.739135742188 783.547779628209 764.720110212054 776.469833374023 737.017488752093 749.607341221401 734.225790841239 793.077200753348 870.976885114397 939.206194196429 1002.12935311454 1070.42915562221 1133.15141078404 1208.07650756836 1254.94427490234 1266.68218994141 1261.5114528111 1267.82623291016 1305.31004551479 1323.51845441546 1274.8695765904 1148.70181928362 1077.78153119768 1044.49126979283 1043.68751089914 1053.21945626395 1039.79377092634 1058.01857648577 1085.90880911691 1090.33149283273 1061.0971963065 1038.31354195731 995.209673200335 930.215909685407 902.500409807478 881.048394339425 912.861068725586 964.103600638253 1021.0284009661 1040.1966683524 1036.64920261928 1006.51707240513 986.455065046038 950.728393554688 895.617553710938 867.421796526228 853.659550258091
952.296759469168 948.086432320731 979.089372907366 1002.29964120047 978.268356323242 925.472176688058 861.11627633231 768.809792654855 763.516863141741 755.219002859933 753.461312430246 726.749760219029 740.036265781948 815.221272059849 885.244526454381 950.344994681222 1015.47976030622 1084.1697605678 1167.18914358956 1250.6514718192 1285.21565464565 1290.31456211635 1279.88309587751 1293.1926007952 1332.9778616769 1324.74705287388 1267.93730817522 1155.23207528251 1092.98423113142 1080.83836800711 1096.94483075823 1108.60297720773 1113.34286717006 1111.1214730399 1110.88789367676 1104.47533525739 1086.69184439523 1041.9336177281 997.897646222796 946.578281947545 915.094576154436 880.313191005162 865.181071690151 904.15283203125 934.004383632115 982.684515816825 1009.46176147461 996.313781738281 972.040682111468 933.527921404157 885.482988630022 858.062002999442 856.15552847726
925.73286655971 904.898930140904 911.292245047433 926.37637765067 937.543324061802 912.974783761161 835.035818917411 757.225960867746 761.218444824219 758.2027457101 757.273766653878 718.519884381975 736.520854404994 827.83831351144 898.193341936384 974.744722638811 1042.16210065569 1129.54773167201 1216.00996616908 1278.02425711496 1299.18179757254 1303.40512956892 1296.87011282785 1312.15828159877 1341.22776576451 1336.38770839146 1266.55975777762 1179.92730712891 1121.88636561802 1110.34439304897 1114.28140476772 1122.95655386789 1126.27340916225 1127.84278433664 1127.43319920131 1112.23805890765 1081.4931400844 1034.96597726004 988.38132585798 967.198028564453 934.784234183175 889.226743425642 861.245873587472 854.051821027483 869.891533987863 903.133510044643 948.862873622349 966.087661743164 942.016503470285 900.910818917411 865.139927455357 852.941321236747 854.931924002511
940.812225341797 895.118227277483 855.598761422293 861.417369297573 874.879361833845 867.39915902274 798.542650495257 735.711449759347 752.08920942034 768.379433768136 748.329227992466 710.808901105608 739.315595354353 830.240681239537 917.988795689174 996.227377755301 1073.28250776018 1115.22075326102 1197.12165614537 1235.20418003627 1250.27617100307 1261.77187674386 1264.6274457659 1301.11916242327 1327.24340384347 1333.43479265485 1271.4088570731 1202.74536132812 1168.50439453125 1145.54196166992 1140.67057146345 1137.25659179688 1143.740234375 1145.71949332101 1138.58469281878 1105.30689130511 1072.94112723214 1025.63739885603 993.075077601841 962.170329502651 918.240208217076 867.675851004464 827.83544921875 803.892305646624 806.876613071987 833.800077165876 866.208746773856 897.390500749861 893.5680607387 860.830509730748 846.136239188058 846.017619541713 852.249010358538
970.641032627651 912.329214913504 866.521824428013 815.016721452986 797.226865495954 759.277808053153 733.797267368862 722.253367832729 743.115931919643 728.509192330497 722.717396327427 679.955716814314 724.432880946568 826.730078560965 913.256613595145 972.367813110352 1038.60765511649 1090.29657418387 1134.5741380964 1150.70198931013 1178.85462079729 1200.44391959054 1230.40768868583 1268.05400303432 1303.93163626535 1327.06202915737 1285.07693917411 1228.53306797573 1199.27982875279 1191.56726074219 1168.39519391741 1161.20795549665 1157.61258806501 1151.65209089007 1143.97286769322 1109.75205339704 1069.93738010951 1034.36209324428 1005.96886553083 963.169573102679 902.448379516602 842.63075038365 812.13958304269 777.526737758091 778.55324445452 786.315776279994 810.961286272321 824.195837838309 833.250595092773 834.0972769601 838.189651489258 841.291902814593 841.476791381836
994.795272827148 945.613919939314 856.023365565709 743.13973563058 683.038182939802 669.020138331822 668.058328901018 687.153286525181 710.433332170759 688.95359475272 679.909279959542 665.237424577986 704.459969656808 816.940468924386 883.548978533064 941.763946533203 1007.73417009626 1030.29335021973 1063.57032339914 1082.64648219517 1121.14037431989 1153.09000941685 1178.45805140904 1226.38681902204 1282.40400477818 1301.62665666853 1286.67290387835 1253.09547206334 1229.39630126953 1225.80564226423 1204.18892996652 1188.16132463728 1172.36289760045 1159.44540405273 1144.67822265625 1110.67863464355 1074.26675415039 1035.82489013672 986.6080191476 953.430038452148 880.33445085798 836.348240443638 811.782333374023 797.632594517299 789.478628976004 792.672260829381 786.508837018694 804.828907557896 814.615103585379 823.925356183733 830.521778651646 831.482652936663 828.578236171177
