Rscript/monthly_maps/SnowDepthMapFile-q25-1989-11.asc
ncols 320 
nrows 361 
xllcorner 618410.159 
yllcorner 5088785.286 
cellsize 100 
NODATA_value -9999 
[rows 100 to 124 of 361, columns 224 to 279 of 320]
196.537479400635 207.52730178833 209.595840454102 215.565132141113 223.662357330322 228.188659667969 230.687213897705 234.428894042969 240.495601654053 251.395095825195 268.555038452148 273.010383605957 287.082984924316 339.080467224121 348.224075317383 363.322830200195 402.236457824707 445.814498901367 513.448211669922 590.082489013672 631.675537109375 644.843490600586 549.882766723633 466.134178161621 437.364280700684 431.618537902832 439.113670349121 438.874702453613 431.060585021973 388.166084289551 328.69263458252 317.22972869873 317.113418579102 324.841102600098 376.402542114258 426.084022521973 446.045204162598 463.351867675781 486.946533203125 496.604446411133 511.836280822754 507.432266235352 493.565498352051 500.846832275391 506.424819946289 520.088531494141 539.580352783203 576.12939453125 583.020538330078 590.030517578125 616.212020874023 621.865600585938 647.461288452148 649.081146240234 651.377990722656 622.732635498047
215.679557800293 211.998569488525 216.603313446045 223.848201751709 231.688320159912 233.619132995605 236.339279174805 242.176235198975 254.368030548096 270.684867858887 298.335472106934 312.423858642578 330.653511047363 377.242919921875 355.007888793945 380.305610656738 396.555969238281 438.594215393066 483.154876708984 555.619232177734 622.281539916992 641.740432739258 610.296905517578 495.692611694336 442.170921325684 428.894889831543 441.965927124023 453.771072387695 447.820487976074 433.812454223633 405.173652648926 378.904685974121 373.407485961914 396.568267822266 431.607078552246 450.523399353027 468.57674407959 489.09838104248 504.411956787109 509.08984375 518.511169433594 513.742965698242 504.849517822266 489.648498535156 470.643173217773 491.243461608887 528.607223510742 550.517135620117 585.973617553711 602.789901733398 623.213256835938 627.741439819336 637.323867797852 645.169586181641 649.266723632812 657.029556274414
225.695846557617 217.141830444336 223.751365661621 231.137077331543 237.445503234863 240.707202911377 236.375198364258 245.426918029785 264.820121765137 305.668296813965 320.355621337891 332.468391418457 377.613807678223 387.76488494873 381.607872009277 379.948425292969 387.08464050293 419.596626281738 447.453109741211 496.424774169922 586.266555786133 589.3369140625 632.31559753418 536.272567749023 457.809242248535 430.406242370605 444.809814453125 471.420951843262 475.339218139648 455.537391662598 428.702026367188 409.155723571777 407.838897705078 418.091552734375 442.817176818848 468.456314086914 487.91780090332 509.832389831543 511.521591186523 522.880905151367 529.003662109375 527.180160522461 514.897323608398 493.398345947266 485.740020751953 470.566009521484 503.659706115723 521.743408203125 561.139068603516 597.689025878906 608.38330078125 630.858062744141 637.007827758789 637.029693603516 666.930755615234 675.260833740234
232.683116912842 226.557178497314 231.475704193115 235.51619720459 240.227600097656 241.852737426758 268.386070251465 278.47875213623 304.509376525879 330.43098449707 348.439086914062 369.2802734375 410.208595275879 415.801109313965 403.16682434082 404.258766174316 398.855514526367 409.379890441895 433.039001464844 449.903434753418 507.156578063965 562.036895751953 624.433151245117 581.516738891602 494.923721313477 443.943000793457 451.877532958984 483.17945098877 493.818351745605 483.556289672852 462.625793457031 444.916061401367 428.187438964844 430.868347167969 444.994850158691 474.556106567383 492.393913269043 509.808647155762 520.209564208984 533.020812988281 535.803237915039 536.874786376953 537.162017822266 515.674255371094 499.762939453125 464.542259216309 472.404907226562 483.571624755859 521.384780883789 556.07568359375 569.523788452148 615.253768920898 633.526443481445 640.760833740234 689.654006958008 724.531661987305
240.825790405273 236.433868408203 239.165561676025 242.650688171387 241.587303161621 290.576454162598 364.794296264648 393.94987487793 410.566795349121 400.056129455566 399.449157714844 415.181709289551 437.911056518555 445.615051269531 444.47127532959 429.191497802734 421.435760498047 414.608589172363 425.111755371094 436.647895812988 477.628303527832 512.422904968262 553.302047729492 621.46223449707 545.897964477539 473.890640258789 458.226356506348 488.937316894531 514.995254516602 514.803970336914 501.260864257812 483.737770080566 452.581184387207 439.985237121582 443.272285461426 466.855758666992 488.056648254395 506.445655822754 518.895462036133 526.471176147461 536.616271972656 543.498962402344 543.635101318359 537.158065795898 513.663101196289 485.484619140625 467.28295135498 446.604232788086 476.694259643555 496.507995605469 514.687316894531 549.631057739258 600.484664916992 640.679946899414 697.951965332031 756.875610351562
237.994018554688 244.722946166992 249.176696777344 254.03279876709 282.326141357422 384.296226501465 435.047996520996 450.530853271484 448.618789672852 444.728660583496 447.484657287598 456.388107299805 457.221954345703 461.861763000488 463.134407043457 457.669006347656 475.44775390625 448.065055847168 464.986053466797 476.809059143066 495.164321899414 509.576805114746 543.109771728516 615.590133666992 601.502975463867 523.67057800293 475.082550048828 492.588478088379 523.389266967773 531.100784301758 523.593994140625 501.01139831543 472.865257263184 438.904670715332 422.938972473145 441.278022766113 479.196083068848 506.242378234863 520.084030151367 522.196807861328 531.362655639648 539.142272949219 545.577667236328 549.386367797852 539.129165649414 510.221641540527 467.334167480469 440.916786193848 438.366149902344 460.285499572754 465.359657287598 487.978950500488 534.533676147461 606.832885742188 659.127807617188 -9999
243.160858154297 252.679168701172 261.874526977539 274.687843322754 328.532623291016 408.274101257324 470.464622497559 490.984107971191 485.933540344238 469.899505615234 469.107788085938 476.181816101074 478.392097473145 480.145599365234 479.98169708252 475.54354095459 500.303810119629 505.608924865723 531.234405517578 552.774948120117 538.13166809082 546.179763793945 576.692642211914 617.360733032227 622.792663574219 573.340393066406 502.340194702148 495.73738861084 528.555252075195 540.016464233398 528.795318603516 496.994438171387 474.742248535156 443.343811035156 415.702247619629 410.096496582031 447.463829040527 494.766502380371 521.893692016602 530.807342529297 537.05126953125 539.862335205078 544.589050292969 549.311416625977 548.239730834961 536.087707519531 509.192413330078 477.445121765137 431.000701904297 437.281097412109 439.993057250977 466.503532409668 527.9033203125 594.570709228516 657.062805175781 -9999
246.696586608887 258.247261047363 270.413619995117 296.289428710938 370.289665222168 415.862525939941 476.236633300781 513.471603393555 523.734283447266 486.742149353027 491.588088989258 498.044761657715 494.857635498047 490.462120056152 487.019554138184 482.925674438477 498.530197143555 527.690383911133 542.56184387207 561.966369628906 574.448776245117 598.068176269531 593.811004638672 609.281158447266 625.890838623047 611.720687866211 539.171615600586 501.574676513672 529.327972412109 543.114471435547 530.021301269531 481.760139465332 469.048439025879 497.078590393066 444.088310241699 398.47403717041 413.654563903809 467.258071899414 522.100433349609 539.559356689453 543.673751831055 543.201889038086 543.9697265625 545.098892211914 549.369003295898 551.438323974609 542.728866577148 508.778228759766 488.062431335449 468.921127319336 436.997291564941 452.788360595703 527.269393920898 562.567413330078 -9999 -9999
244.610252380371 257.401466369629 271.55256652832 308.098098754883 387.998664855957 410.919242858887 473.188331604004 535.926681518555 524.147186279297 497.61483001709 493.994071960449 512.250152587891 510.153930664062 510.145378112793 498.908111572266 491.330024719238 492.506248474121 524.876739501953 542.691192626953 552.952972412109 562.758163452148 575.343139648438 589.075668334961 611.107940673828 635.835372924805 614.429290771484 575.151992797852 521.281661987305 531.202346801758 551.890823364258 533.262115478516 471.540100097656 457.102020263672 528.214782714844 521.842514038086 460.421363830566 402.055023193359 429.976745605469 494.581977844238 530.687576293945 532.900054931641 533.952606201172 534.047622680664 538.52214050293 548.036224365234 551.666488647461 552.052764892578 543.805755615234 525.076873779297 488.803985595703 438.619354248047 427.889839172363 525.11735534668 562.359558105469 -9999 -9999
243.904594421387 254.807758331299 267.717292785645 308.224517822266 384.951873779297 406.618629455566 454.276016235352 526.611404418945 535.081665039062 499.231590270996 481.620941162109 490.533325195312 509.203605651855 519.062728881836 520.491790771484 508.857063293457 505.749145507812 519.366989135742 527.042129516602 550.379348754883 576.548110961914 611.774993896484 629.44482421875 643.181045532227 636.139434814453 639.343963623047 601.905960083008 541.599700927734 545.062835693359 561.924209594727 544.473205566406 471.158973693848 450.514976501465 518.954788208008 578.028182983398 565.717697143555 454.584548950195 419.084289550781 462.014831542969 495.774749755859 496.248153686523 497.809631347656 505.862937927246 519.2080078125 528.46989440918 544.894409179688 551.114044189453 544.954406738281 537.12922668457 517.586471557617 463.543144226074 412.501960754395 483.078567504883 549.373886108398 -9999 -9999
242.38875579834 250.586296081543 259.070465087891 304.773429870605 387.187408447266 404.380889892578 443.270195007324 520.432739257812 538.071502685547 526.134857177734 484.284507751465 473.315284729004 487.189353942871 498.11060333252 519.941802978516 528.399871826172 530.156997680664 527.356399536133 520.89826965332 523.597732543945 570.873397827148 617.330276489258 637.351715087891 669.697570800781 665.274200439453 656.275573730469 611.83056640625 565.691421508789 559.594863891602 567.883193969727 563.960922241211 483.040077209473 447.837478637695 499.189712524414 700.088150024414 621.697387695312 525.129165649414 461.605606079102 467.703971862793 461.056419372559 447.617553710938 445.815895080566 456.155090332031 472.995796203613 491.157554626465 512.147010803223 518.125396728516 525.325622558594 538.155212402344 526.345092773438 505.148796081543 450.577896118164 450.164840698242 550.78044128418 627.503814697266 -9999
244.143291473389 253.078762054443 263.11058807373 304.811676025391 387.048385620117 400.332748413086 444.538208007812 500.738235473633 560.693634033203 577.598846435547 537.740081787109 498.356590270996 484.546165466309 480.433807373047 492.803825378418 510.04874420166 530.198318481445 539.94416809082 548.254089355469 520.177886962891 522.248474121094 551.986312866211 649.220123291016 672.875717163086 685.291397094727 670.382751464844 644.682235717773 577.70344543457 564.487411499023 575.286376953125 578.228881835938 503.206008911133 467.029579162598 474.304206848145 662.974075317383 746.717224121094 631.424087524414 535.727630615234 517.78581237793 481.536666870117 446.445167541504 417.877418518066 417.295280456543 428.074226379395 450.176910400391 457.663619995117 454.486915588379 459.58374786377 491.234619140625 526.910949707031 552.317779541016 496.400077819824 461.994834899902 518.671722412109 583.74089050293 -9999
251.515319824219 260.680351257324 275.072128295898 308.175338745117 379.995574951172 391.33081817627 426.244773864746 475.044158935547 546.740982055664 512.560813903809 589.466979980469 591.420867919922 547.952987670898 515.725463867188 500.789642333984 501.034072875977 510.430702209473 539.957244873047 579.375 587.530426025391 532.790115356445 526.148330688477 595.531433105469 670.032409667969 681.072723388672 696.607498168945 662.105010986328 599.09700012207 562.853851318359 573.441665649414 600.228393554688 531.47575378418 465.685653686523 469.859657287598 591.275634765625 751.406158447266 747.63346862793 642.96809387207 595.575241088867 545.186401367188 510.980102539062 477.439949035645 451.104400634766 442.154846191406 444.924644470215 444.14217376709 429.927894592285 435.072052001953 460.999778747559 507.498138427734 555.065017700195 570.398254394531 509.452239990234 499.338691711426 567.224746704102 633.309967041016
277.453277587891 282.701026916504 292.245155334473 316.224632263184 379.096092224121 387.209297180176 405.536003112793 415.306053161621 421.921058654785 451.754623413086 491.405776977539 497.628700256348 581.569488525391 601.948928833008 578.316589355469 572.285675048828 565.919616699219 580.373916625977 593.207885742188 607.428741455078 598.760467529297 552.339157104492 567.118682861328 629.122512817383 691.343307495117 716.866516113281 677.794128417969 609.972244262695 556.937744140625 603.100936889648 574.160537719727 562.455673217773 504.437316894531 478.930786132812 587.882369995117 682.932464599609 835.121246337891 752.889312744141 700.841674804688 684.963043212891 646.28515625 601.090316772461 537.422500610352 530.479705810547 549.678451538086 549.255325317383 545.208694458008 532.821334838867 523.890640258789 533.82878112793 572.160095214844 581.718780517578 555.936553955078 528.655807495117 565.13134765625 604.605865478516
299.259872436523 311.391273498535 314.677017211914 332.809371948242 368.502136230469 367.835693359375 364.921241760254 358.939170837402 356.817665100098 360.074081420898 367.449600219727 419.183601379395 475.717819213867 482.595092773438 542.796508789062 596.273910522461 611.510314941406 629.433364868164 624.366165161133 610.942489624023 612.931091308594 605.44367980957 603.779861450195 632.702117919922 665.701431274414 681.943908691406 711.650146484375 626.593948364258 581.378982543945 602.171875 595.35173034668 579.266387939453 536.864791870117 511.957038879395 573.081024169922 750.939636230469 842.977432250977 812.201461791992 789.264358520508 808.576934814453 743.009628295898 696.385269165039 601.245147705078 587.178146362305 628.918731689453 641.797439575195 643.127304077148 625.540420532227 627.624740600586 603.899383544922 597.846817016602 590.654403686523 593.485961914062 566.139465332031 569.042343139648 597.351989746094
316.966209411621 336.992004394531 338.869583129883 333.49089050293 349.576057434082 347.222549438477 334.687088012695 323.683464050293 315.60018157959 323.916191101074 347.173583984375 363.330429077148 379.396026611328 429.170516967773 479.033821105957 519.600601196289 584.008239746094 608.154098510742 653.625015258789 637.075744628906 620.997665405273 628.794082641602 630.889266967773 634.788925170898 660.910507202148 704.749725341797 722.996856689453 661.760681152344 601.287887573242 623.323852539062 605.845932006836 590.016448974609 546.852737426758 532.682418823242 596.118713378906 747.096603393555 852.980560302734 853.156585693359 860.541900634766 875.250274658203 -9999 -9999 -9999 -9999 -9999 -9999 -9999 -9999 645.180297851562 633.760101318359 618.395980834961 605.504776000977 604.827224731445 608.504150390625 633.760787963867 614.510604858398
339.153625488281 348.20573425293 365.80965423584 365.925704956055 360.885261535645 341.750862121582 346.251365661621 334.381492614746 336.597511291504 340.052734375 344.070083618164 353.647010803223 362.989814758301 367.13990020752 404.841957092285 437.583274841309 481.644813537598 547.795837402344 622.025375366211 653.830490112305 647.560363769531 648.022857666016 648.328140258789 646.856002807617 663.08984375 705.542907714844 752.970291137695 710.480224609375 631.870376586914 632.217727661133 635.115509033203 600.142166137695 548.162826538086 544.24040222168 639.933486938477 757.002578735352 865.931488037109 896.9365234375 909.823699951172 909.637802124023 -9999 -9999 -9999 -9999 -9999 -9999 -9999 -9999 -9999 -9999 652.534149169922 631.718139648438 618.622650146484 642.509765625 663.836502075195 -9999
363.808944702148 385.037406921387 390.998321533203 382.363708496094 373.283012390137 357.949111938477 366.795303344727 366.91951751709 381.581329345703 375.485694885254 358.890243530273 353.850517272949 362.37036895752 391.06175994873 401.768218994141 418.842155456543 460.879913330078 487.014770507812 551.610855102539 591.682006835938 659.031387329102 665.882858276367 669.587036132812 666.86051940918 660.258407592773 688.601379394531 712.91081237793 748.776168823242 688.410720825195 651.39533996582 656.228897094727 616.801940917969 555.82292175293 561.587066650391 666.299774169922 806.4599609375 899.685165405273 928.107299804688 927.033218383789 -9999 -9999 -9999 -9999 -9999 -9999 -9999 -9999 -9999 -9999 -9999 -9999 -9999 642.961318969727 667.850631713867 672.613647460938 -9999
427.489303588867 440.653076171875 429.817741394043 411.682525634766 401.712181091309 402.812225341797 404.317436218262 419.013748168945 420.68595123291 438.53108215332 419.45783996582 412.489906311035 412.308372497559 424.225440979004 446.45198059082 455.106597900391 469.217697143555 484.402931213379 515.985198974609 558.094329833984 622.745346069336 643.109008789062 653.228851318359 651.709106445312 686.453674316406 680.09162902832 671.634994506836 715.959320068359 745.938980102539 703.061904907227 677.533340454102 652.522796630859 583.961059570312 569.453506469727 690.373428344727 772.952987670898 898.547561645508 -9999 -9999 -9999 -9999 -9999 -9999 -9999 -9999 -9999 -9999 -9999 -9999 -9999 -9999 -9999 -9999 -9999 -9999 -9999
460.178192138672 461.334693908691 458.897216796875 450.081390380859 446.264114379883 443.563270568848 446.98184967041 450.585327148438 460.019058227539 457.270919799805 458.137031555176 455.899726867676 461.171844482422 474.563140869141 507.223922729492 513.165786743164 499.97826385498 516.990219116211 523.330627441406 549.958541870117 585.077514648438 616.272735595703 648.482025146484 643.317443847656 671.297302246094 663.069488525391 683.714263916016 688.047180175781 743.134857177734 753.664352416992 728.234390258789 663.292907714844 621.945556640625 581.887481689453 648.209976196289 712.66975402832 -9999 -9999 -9999 -9999 -9999 -9999 -9999 -9999 -9999 -9999 -9999 -9999 -9999 -9999 -9999 -9999 -9999 -9999 -9999 -9999
484.301551818848 478.326904296875 469.092361450195 465.957023620605 470.349716186523 467.975662231445 467.278221130371 464.606056213379 469.408958435059 468.340721130371 468.83959197998 470.710601806641 476.014251708984 495.826805114746 520.298690795898 535.02409362793 555.553039550781 559.50032043457 553.042816162109 591.761444091797 591.30451965332 617.673110961914 643.218460083008 646.979049682617 642.223327636719 646.892471313477 646.29118347168 689.182098388672 716.160583496094 759.950622558594 758.960403442383 704.585739135742 670.588241577148 643.989501953125 668.489990234375 701.137588500977 -9999 -9999 -9999 -9999 -9999 -9999 -9999 -9999 -9999 -9999 -9999 -9999 -9999 -9999 -9999 -9999 -9999 -9999 -9999 -9999
510.785453796387 514.992233276367 502.972610473633 490.432968139648 499.018127441406 501.144683837891 495.173309326172 487.073768615723 469.7373046875 456.652267456055 451.63883972168 463.647476196289 491.169715881348 517.559555053711 534.947021484375 555.805770874023 563.686752319336 563.888214111328 592.960174560547 599.152893066406 621.754623413086 647.847442626953 648.125701904297 649.816223144531 651.20100402832 672.167190551758 655.861175537109 686.687210083008 679.997695922852 712.575576782227 735.095932006836 733.337356567383 706.943420410156 684.085601806641 727.264083862305 754.089218139648 -9999 -9999 -9999 -9999 -9999 -9999 -9999 -9999 -9999 -9999 -9999 -9999 -9999 -9999 -9999 -9999 -9999 -9999 -9999 -9999
531.120452880859 545.03059387207 538.661666870117 527.357437133789 526.533752441406 530.823425292969 531.337585449219 525.784027099609 496.401237487793 469.479370117188 457.331756591797 467.246055603027 496.411689758301 537.15559387207 556.966674804688 565.392669677734 569.364059448242 577.657379150391 603.939651489258 627.433319091797 627.541107177734 648.163208007812 652.277435302734 655.70182800293 667.819580078125 674.240829467773 688.705307006836 681.379776000977 683.070953369141 712.19612121582 727.366119384766 729.883285522461 728.965270996094 737.462921142578 792.268249511719 758.389205932617 -9999 -9999 -9999 -9999 -9999 -9999 -9999 -9999 -9999 -9999 -9999 -9999 -9999 -9999 -9999 -9999 -9999 -9999 -9999 -9999
551.495422363281 562.897705078125 569.872177124023 546.039932250977 549.436492919922 553.333862304688 551.099594116211 550.301910400391 535.345336914062 510.869094848633 501.779708862305 506.925346374512 528.2705078125 549.838989257812 568.249603271484 571.266448974609 573.427734375 594.926086425781 613.054550170898 629.504409790039 652.114593505859 651.267562866211 655.352874755859 662.244583129883 669.345413208008 687.640289306641 697.522796630859 700.769378662109 717.420471191406 720.475204467773 723.034606933594 713.156799316406 746.416687011719 773.980010986328 798.330963134766 -9999 -9999 -9999 -9999 -9999 -9999 -9999 -9999 -9999 -9999 -9999 -9999 -9999 -9999 -9999 -9999 -9999 -9999 -9999 -9999 -9999
493.116134643555 518.026641845703 542.974258422852 565.834213256836 561.953018188477 553.588973999023 546.9609375 551.057083129883 552.065628051758 546.146270751953 570.928588867188 585.704254150391 586.102554321289 578.867935180664 577.998657226562 575.522552490234 578.273666381836 606.631774902344 636.318771362305 652.595306396484 652.915878295898 651.412261962891 650.265243530273 657.921966552734 669.952499389648 681.269424438477 702.494812011719 727.672744750977 736.716247558594 739.250350952148 726.063552856445 727.430480957031 740.344909667969 776.215148925781 -9999 -9999 -9999 -9999 -9999 -9999 -9999 -9999 -9999 -9999 -9999 -9999 -9999 -9999 -9999 -9999 -9999 -9999 -9999 -9999 -9999 -9999
