Rscript/monthly_maps/SnowDepthMapFile-q25-1989-12.asc
ncols 320 
nrows 361 
xllcorner 618410.159 
yllcorner 5088785.286 
cellsize 100 
NODATA_value -9999 
[rows 125 to 149 of 361, columns 224 to 279 of 320]
429.437911987305 458.806671142578 493.872680664062 506.991744995117 497.524307250977 526.156311035156 520.125885009766 502.524459838867 481.914245605469 480.630493164062 492.363037109375 525.802459716797 568.930847167969 579.435455322266 563.684051513672 549.2158203125 558.465118408203 578.072875976562 602.364562988281 617.633331298828 618.281463623047 614.935882568359 608.684234619141 606.788543701172 614.9091796875 634.666473388672 659.233215332031 699.291870117188 707.751037597656 716.934509277344 717.749328613281 691.536315917969 710.77587890625 -9999 -9999 -9999 -9999 -9999 -9999 -9999 -9999 -9999 -9999 -9999 -9999 -9999 -9999 -9999 -9999 -9999 -9999 -9999 -9999 -9999 -9999 -9999
350.88916015625 370.490097045898 386.089706420898 430.142654418945 480.572952270508 487.689788818359 491.348709106445 495.305084228516 486.566650390625 467.34016418457 473.8359375 492.880294799805 547.301574707031 553.563262939453 563.671844482422 570.856018066406 591.478149414062 614.561370849609 622.720123291016 622.881774902344 622.100952148438 618.444641113281 615.243041992188 607.114685058594 595.016296386719 615.154479980469 652.311431884766 704.403686523438 734.755249023438 746.385223388672 745.991149902344 -9999 -9999 -9999 -9999 -9999 -9999 -9999 -9999 -9999 -9999 -9999 -9999 -9999 -9999 -9999 -9999 -9999 -9999 -9999 -9999 -9999 -9999 -9999 -9999 -9999
309.988052368164 335.38200378418 359.04167175293 394.873672485352 421.441619873047 451.618667602539 473.432144165039 480.906524658203 453.338119506836 450.607070922852 441.903594970703 472.4951171875 513.617828369141 524.031646728516 538.394256591797 559.012329101562 598.186431884766 626.503021240234 638.341339111328 627.86181640625 624.540374755859 625.727966308594 622.365020751953 614.364288330078 607.683166503906 592.268127441406 620.576904296875 652.248168945312 728.50634765625 760.95849609375 -9999 -9999 -9999 -9999 -9999 -9999 -9999 -9999 -9999 -9999 -9999 -9999 -9999 -9999 -9999 -9999 -9999 -9999 -9999 -9999 -9999 -9999 -9999 -9999 -9999 -9999
327.732635498047 342.177963256836 375.753433227539 405.926239013672 431.467056274414 443.724533081055 467.163619995117 460.464767456055 445.80436706543 445.689987182617 461.16520690918 477.822570800781 493.193893432617 530.863708496094 545.560485839844 562.244415283203 585.38037109375 615.796447753906 639.016387939453 639.495666503906 630.673492431641 629.093353271484 634.203979492188 634.552734375 619.454071044922 609.157897949219 592.936889648438 624.135223388672 675.94970703125 734.903045654297 -9999 -9999 -9999 -9999 -9999 -9999 -9999 -9999 -9999 -9999 -9999 -9999 -9999 -9999 -9999 -9999 -9999 -9999 -9999 -9999 -9999 -9999 -9999 -9999 -9999 -9999
316.919723510742 378.120941162109 408.111480712891 412.648788452148 439.079467773438 450.038696289062 467.482864379883 476.700424194336 474.137924194336 455.766357421875 460.844757080078 489.971466064453 501.594787597656 531.352874755859 558.207183837891 570.557373046875 595.1357421875 607.840972900391 625.130004882812 639.431365966797 638.930511474609 633.731384277344 638.706573486328 644.370330810547 640.417724609375 617.055755615234 613.507263183594 623.481079101562 627.742523193359 -9999 -9999 -9999 -9999 -9999 -9999 -9999 -9999 -9999 -9999 -9999 -9999 -9999 -9999 -9999 -9999 -9999 -9999 -9999 -9999 -9999 -9999 -9999 -9999 -9999 -9999 -9999
321.603317260742 386.549850463867 422.628448486328 451.627731323242 468.477157592773 490.740676879883 495.655212402344 498.318176269531 492.039779663086 467.389953613281 469.187438964844 470.491363525391 491.119201660156 517.420104980469 553.240112304688 585.846313476562 605.008056640625 618.148986816406 624.020233154297 633.966918945312 643.5888671875 659.088562011719 665.975158691406 646.123565673828 649.586761474609 643.472778320312 634.285034179688 651.474395751953 637.361541748047 -9999 -9999 -9999 -9999 -9999 -9999 -9999 -9999 -9999 -9999 -9999 -9999 -9999 -9999 -9999 -9999 -9999 -9999 -9999 -9999 -9999 -9999 -9999 -9999 -9999 -9999 -9999
319.087783813477 392.723434448242 424.735061645508 453.623626708984 472.813293457031 499.176788330078 506.666061401367 504.875244140625 498.970993041992 478.745574951172 462.134033203125 464.167984008789 477.899887084961 515.310424804688 565.002471923828 614.1220703125 633.120086669922 624.595336914062 629.392913818359 632.626739501953 645.9833984375 665.138061523438 680.996337890625 675.189514160156 662.062866210938 649.202178955078 651.079376220703 672.133514404297 707.357116699219 -9999 -9999 -9999 -9999 -9999 -9999 -9999 -9999 -9999 -9999 -9999 -9999 -9999 -9999 -9999 -9999 -9999 -9999 -9999 -9999 -9999 -9999 -9999 -9999 -9999 -9999 -9999
331.143127441406 398.980575561523 423.080947875977 452.783233642578 475.182907104492 506.431549072266 515.904296875 514.573944091797 508.719299316406 490.631072998047 470.170974731445 460.514846801758 470.093170166016 512.654434204102 577.509796142578 642.967651367188 652.978332519531 655.715667724609 637.482025146484 643.139892578125 647.217468261719 678.660797119141 685.780395507812 691.911804199219 684.751831054688 683.518280029297 683.966094970703 705.095611572266 724.755706787109 -9999 -9999 -9999 -9999 -9999 -9999 -9999 -9999 -9999 -9999 -9999 -9999 -9999 -9999 -9999 -9999 -9999 -9999 -9999 -9999 -9999 -9999 -9999 -9999 -9999 -9999 -9999
344.597213745117 402.838897705078 429.890090942383 454.37223815918 485.710556030273 513.719604492188 523.052154541016 524.993682861328 524.871948242188 511.863739013672 482.031509399414 461.200012207031 467.70002746582 508.533752441406 574.153045654297 631.4462890625 664.085205078125 669.436614990234 662.150482177734 664.120330810547 664.168365478516 686.699035644531 715.900970458984 721.817932128906 719.981994628906 711.503326416016 708.161651611328 723.767761230469 742.889221191406 -9999 -9999 -9999 -9999 -9999 -9999 -9999 -9999 -9999 -9999 -9999 -9999 -9999 -9999 -9999 -9999 -9999 -9999 -9999 -9999 -9999 -9999 -9999 -9999 -9999 -9999 -9999
368.367141723633 405.034957885742 428.746826171875 457.763824462891 485.799240112305 506.411041259766 515.922546386719 517.496978759766 522.514923095703 524.769927978516 497.422897338867 465.418914794922 470.471862792969 505.446014404297 562.998138427734 627.376922607422 687.360961914062 693.464996337891 689.262512207031 681.336822509766 688.196441650391 709.816436767578 727.873718261719 758.945709228516 739.194244384766 722.372222900391 720.617950439453 701.310974121094 704.653076171875 -9999 -9999 -9999 -9999 -9999 -9999 -9999 -9999 -9999 -9999 -9999 -9999 -9999 -9999 -9999 -9999 -9999 -9999 -9999 -9999 -9999 -9999 -9999 -9999 -9999 -9999 -9999
395.257217407227 411.315139770508 426.304061889648 451.620895385742 478.038375854492 497.413864135742 498.607498168945 498.578659057617 502.185928344727 521.418426513672 505.898345947266 476.884979248047 475.025726318359 510.533462524414 562.251708984375 621.092987060547 685.70849609375 716.686798095703 717.833526611328 721.454254150391 734.832214355469 745.523162841797 760.345184326172 707.327575683594 699.375335693359 700.023468017578 680.095672607422 672.239349365234 670.067230224609 -9999 -9999 -9999 -9999 -9999 -9999 -9999 -9999 -9999 -9999 -9999 -9999 -9999 -9999 -9999 -9999 -9999 -9999 -9999 -9999 -9999 -9999 -9999 -9999 -9999 -9999 -9999
413.102508544922 421.393493652344 428.229675292969 458.045623779297 488.688247680664 502.439437866211 495.30549621582 490.157836914062 490.723983764648 505.778213500977 525.193572998047 504.507858276367 500.134292602539 517.745819091797 562.430786132812 605.832824707031 655.050231933594 719.387268066406 751.773010253906 767.466461181641 767.375335693359 683.566711425781 700.711791992188 683.719635009766 670.198028564453 646.957977294922 614.84326171875 612.882110595703 609.391174316406 -9999 -9999 -9999 -9999 -9999 -9999 -9999 -9999 -9999 -9999 -9999 -9999 -9999 -9999 -9999 -9999 -9999 -9999 -9999 -9999 -9999 -9999 -9999 -9999 -9999 -9999 -9999
423.176162719727 436.758911132812 453.942779541016 477.600814819336 511.797592163086 539.688720703125 555.023620605469 551.690643310547 525.437255859375 528.796691894531 528.755706787109 537.1025390625 524.778594970703 531.086212158203 548.678680419922 589.285583496094 661.599731445312 736.849365234375 774.617065429688 703.274780273438 676.634765625 645.672058105469 642.767303466797 630.540496826172 639.2314453125 611.05859375 579.964263916016 562.362884521484 585.241149902344 637.146881103516 -9999 -9999 -9999 -9999 -9999 -9999 -9999 -9999 -9999 -9999 -9999 -9999 -9999 -9999 -9999 -9999 -9999 -9999 -9999 -9999 -9999 -9999 -9999 -9999 -9999 -9999
446.516647338867 468.845123291016 491.349578857422 502.218566894531 527.098541259766 552.005187988281 596.900146484375 619.876831054688 604.771911621094 580.641510009766 576.438049316406 557.338012695312 533.976165771484 522.122772216797 539.953125 604.836273193359 694.797607421875 739.342712402344 733.928375244141 650.275512695312 600.13623046875 592.129180908203 590.737487792969 610.940032958984 613.988006591797 581.839416503906 564.869110107422 555.386535644531 591.307922363281 613.986999511719 -9999 -9999 -9999 -9999 -9999 -9999 -9999 -9999 -9999 -9999 -9999 -9999 -9999 -9999 -9999 -9999 -9999 -9999 -9999 -9999 -9999 -9999 -9999 -9999 -9999 -9999
467.893020629883 499.194580078125 478.770156860352 490.0615234375 493.901123046875 524.884918212891 558.357727050781 571.240203857422 605.957946777344 617.833770751953 595.037445068359 564.056945800781 523.510162353516 528.776458740234 574.696594238281 650.000762939453 751.427551269531 685.371551513672 632.678558349609 593.536529541016 582.152313232422 577.992614746094 587.672668457031 596.017944335938 595.236236572266 583.640686035156 575.619506835938 557.650146484375 579.684661865234 614.304473876953 -9999 -9999 -9999 -9999 -9999 -9999 -9999 -9999 -9999 -9999 -9999 -9999 -9999 -9999 -9999 -9999 -9999 -9999 -9999 -9999 -9999 -9999 -9999 -9999 -9999 -9999
469.782943725586 469.774566650391 455.519058227539 438.470825195312 442.710418701172 460.087020874023 471.642486572266 503.154357910156 553.021606445312 578.30322265625 587.108612060547 571.528717041016 539.580139160156 564.949859619141 637.240020751953 732.500183105469 692.413879394531 652.936187744141 567.8447265625 551.126617431641 565.546142578125 601.733093261719 604.744598388672 606.059906005859 606.906677246094 581.609161376953 599.187866210938 578.428009033203 586.227142333984 612.356842041016 637.982818603516 -9999 -9999 -9999 -9999 -9999 -9999 -9999 -9999 -9999 -9999 -9999 -9999 -9999 -9999 -9999 -9999 -9999 -9999 -9999 -9999 -9999 -9999 -9999 -9999 -9999
482.391876220703 442.175598144531 412.502700805664 392.413803100586 404.131439208984 415.395080566406 443.9560546875 453.935653686523 462.187057495117 491.530242919922 508.964767456055 503.624176025391 529.962127685547 586.084869384766 693.556274414062 678.366729736328 659.506988525391 571.118469238281 552.497497558594 557.001098632812 577.819915771484 582.772186279297 580.036254882812 588.539093017578 605.298736572266 603.142120361328 600.149993896484 601.795562744141 590.271057128906 600.286804199219 -9999 -9999 -9999 -9999 -9999 -9999 -9999 -9999 -9999 -9999 -9999 -9999 -9999 -9999 -9999 -9999 -9999 -9999 -9999 -9999 -9999 -9999 -9999 -9999 -9999 -9999
419.356842041016 398.890701293945 381.956588745117 379.544021606445 393.647003173828 416.152221679688 425.105819702148 427.606262207031 429.215057373047 439.607574462891 448.663284301758 448.208572387695 481.957824707031 550.317749023438 649.469665527344 655.066345214844 598.035034179688 562.992523193359 542.283386230469 556.295928955078 565.203063964844 573.575744628906 557.369781494141 575.769927978516 602.403503417969 604.772216796875 607.793243408203 608.655609130859 608.178375244141 623.681762695312 -9999 -9999 -9999 -9999 -9999 -9999 -9999 -9999 -9999 -9999 -9999 -9999 -9999 -9999 -9999 -9999 -9999 -9999 -9999 -9999 -9999 -9999 -9999 -9999 -9999 -9999
379.554550170898 360.420928955078 342.363998413086 359.973617553711 378.58984375 387.692092895508 412.411392211914 417.668167114258 423.622573852539 429.582015991211 424.327209472656 427.557250976562 443.329391479492 511.018356323242 602.646667480469 619.8994140625 577.812347412109 545.619995117188 554.772094726562 551.551452636719 551.791290283203 551.525360107422 547.273345947266 551.758544921875 573.026794433594 588.338409423828 602.328247070312 592.657836914062 599.69140625 626.702575683594 -9999 -9999 -9999 -9999 -9999 -9999 -9999 -9999 -9999 -9999 -9999 -9999 -9999 -9999 -9999 -9999 -9999 -9999 -9999 -9999 -9999 -9999 -9999 -9999 -9999 -9999
330.518280029297 299.299087524414 311.637619018555 330.233612060547 349.241500854492 373.99658203125 398.681259155273 417.28498840332 427.478439331055 439.482818603516 443.14338684082 432.423645019531 441.81120300293 505.803207397461 591.530059814453 612.866638183594 588.658538818359 560.17578125 554.714202880859 536.990905761719 545.81005859375 544.649200439453 543.834777832031 548.133666992188 562.057708740234 599.529968261719 604.081756591797 591.135162353516 592.096771240234 624.487915039062 -9999 -9999 -9999 -9999 -9999 -9999 -9999 -9999 -9999 -9999 -9999 -9999 -9999 -9999 -9999 -9999 -9999 -9999 -9999 -9999 -9999 -9999 -9999 -9999 -9999 -9999
248.406402587891 224.691841125488 239.227745056152 291.475402832031 314.038711547852 345.180053710938 380.163330078125 418.389877319336 449.811737060547 470.524749755859 460.218719482422 458.753814697266 465.242263793945 503.231063842773 584.542602539062 572.339111328125 562.352325439453 533.715759277344 526.688079833984 544.818176269531 528.873809814453 542.476013183594 545.245361328125 559.815887451172 585.148803710938 583.024291992188 593.781555175781 596.995788574219 609.477874755859 -9999 -9999 -9999 -9999 -9999 -9999 -9999 -9999 -9999 -9999 -9999 -9999 -9999 -9999 -9999 -9999 -9999 -9999 -9999 -9999 -9999 -9999 -9999 -9999 -9999 -9999 -9999
200.455291748047 194.828475952148 199.791915893555 227.617645263672 298.051635742188 341.098739624023 378.571212768555 415.007400512695 459.860305786133 477.962173461914 486.944351196289 473.875991821289 490.32568359375 498.167846679688 520.035247802734 527.576721191406 521.327056884766 522.390777587891 516.011291503906 543.894958496094 549.885406494141 552.130340576172 571.039276123047 576.778961181641 569.032867431641 582.306091308594 585.037048339844 605.537048339844 626.802764892578 -9999 -9999 -9999 -9999 -9999 -9999 -9999 -9999 -9999 -9999 -9999 -9999 -9999 -9999 -9999 -9999 -9999 -9999 -9999 -9999 -9999 -9999 -9999 -9999 -9999 -9999 -9999
187.220710754395 182.808876037598 193.687225341797 210.566680908203 262.017333984375 340.03434753418 383.512741088867 403.247650146484 452.325576782227 486.606307983398 489.818481445312 495.956573486328 472.223892211914 462.734634399414 460.149108886719 466.365615844727 488.080795288086 501.317977905273 522.481201171875 551.470336914062 572.681335449219 550.305114746094 562.655029296875 554.63134765625 549.333862304688 559.581604003906 600.063018798828 627.035278320312 646.227355957031 -9999 -9999 -9999 -9999 -9999 -9999 -9999 -9999 -9999 -9999 -9999 -9999 -9999 -9999 -9999 -9999 -9999 -9999 -9999 -9999 -9999 -9999 -9999 -9999 -9999 -9999 -9999
168.125984191895 174.082946777344 194.124000549316 220.355674743652 256.237426757812 348.562850952148 400.348190307617 425.339019775391 454.648178100586 484.090026855469 514.5703125 486.293121337891 447.859817504883 415.348052978516 417.671508789062 443.412185668945 482.226470947266 517.963500976562 551.343902587891 576.922393798828 575.381713867188 574.416076660156 545.214569091797 531.583984375 537.846893310547 583.804748535156 616.393676757812 650.206390380859 666.814117431641 -9999 -9999 -9999 -9999 -9999 -9999 -9999 -9999 -9999 -9999 -9999 -9999 -9999 -9999 -9999 -9999 -9999 -9999 -9999 -9999 -9999 -9999 -9999 -9999 -9999 -9999 -9999
144.225944519043 164.748817443848 187.538833618164 221.616302490234 273.726898193359 368.093322753906 401.100357055664 439.553283691406 445.400756835938 483.088363647461 474.567810058594 440.32649230957 397.451446533203 390.683547973633 399.740036010742 441.20556640625 504.403625488281 546.475036621094 571.916687011719 578.578765869141 576.835357666016 553.576843261719 529.985656738281 520.128814697266 543.146148681641 608.803070068359 656.252532958984 692.420837402344 708.920745849609 -9999 -9999 -9999 -9999 -9999 -9999 -9999 -9999 -9999 -9999 -9999 -9999 -9999 -9999 -9999 -9999 -9999 -9999 -9999 -9999 -9999 -9999 -9999 -9999 -9999 -9999 -9999
