Rscript/monthly_maps/SnowDepthMapFile-q90-1989-10.asc
ncols 320 
nrows 361 
xllcorner 618410.159 
yllcorner 5088785.286 
cellsize 100 
NODATA_value -9999 
[rows 210 to 239 of 361, columns 69 to 137 of 320]
118.839050292969 125.280288696289 123.049041748047 111.933807373047 100.712020874023 93.5922012329102 91.0282821655273 85.5794372558594 80.2268142700195 76.0200271606445 69.9764251708984 64.1474838256836 56.6457633972168 39.2889709472656 21.3695220947266 6.69557285308838 0 0 7.25098896026611 12.4506902694702 19.7451782226562 29.1838397979736 38.6015701293945 41.6875801086426 43.8508415222168 29.9486598968506 24.1774158477783 19.9594631195068 10.0104398727417 0 0 0 0 0 0 0 0 0 0 0 0 0 0 0 0 0 0 0 0 0 0 0 0 0 0 0 0 0 0 0 0 0 0 0 0 0 0 0 0
125.381622314453 124.857681274414 115.572303771973 106.362579345703 102.246429443359 99.4145660400391 95.0826187133789 91.3739929199219 86.1637725830078 80.767219543457 74.0537948608398 68.0844650268555 62.2412071228027 56.772590637207 40.2326278686523 29.7443675994873 17.0482177734375 14.4156637191772 27.1892280578613 33.031421661377 43.2280349731445 50.6181373596191 55.5959701538086 61.9031066894531 62.4658432006836 54.0607833862305 41.7479286193848 26.0517482757568 21.9257221221924 23.7242317199707 18.8563327789307 7.22306394577026 0 0 0 0 0 0 0 0 0 0 0 0 0 0 0 0 0 0 0 0 0 0 0 0 0 0 0 0 0 0 0 0 0 0 0 0 0
124.517112731934 119.436302185059 112.699417114258 108.374443054199 108.878028869629 104.549987792969 99.656494140625 96.1428604125977 89.3922119140625 81.5727996826172 76.4185409545898 71.5605316162109 67.4596176147461 64.0477142333984 60.2028312683105 48.9060287475586 41.9382171630859 40.2295799255371 46.7228889465332 56.3243255615234 64.8458786010742 69.9714202880859 71.6270523071289 72.7369842529297 73.459098815918 70.8691482543945 62.8087463378906 48.1361999511719 42.5406951904297 37.2068138122559 22.3794803619385 13.5636920928955 0 0 0 0 0 0 0 0 0 0 0 0 0 0 0 0 0 0 0 0 0 0 0 0 0 0 0 0 0 0 0 0 0 0 0 0 0
122.43741607666 120.033813476562 116.883491516113 113.646347045898 111.211578369141 108.53978729248 104.955070495605 98.6506042480469 90.9997634887695 82.9635620117188 77.4146728515625 74.1211853027344 73.3326416015625 71.1813354492188 69.5418167114258 67.7404479980469 64.5976257324219 63.7213821411133 65.0965118408203 69.0398178100586 74.9995727539062 77.7156372070312 80.1915435791016 81.9981384277344 80.3343048095703 79.5470275878906 72.6632232666016 68.6526870727539 63.0679626464844 52.6439170837402 37.5858573913574 20.414041519165 0 0 0 0 0 0 0 0 0 0 0 0 0 0 0 0 0 0 0 0 0 0 0 0 0 0 0 0 0 0 0 0 0 0 0 0 0
124.306022644043 122.757797241211 119.578285217285 115.751731872559 112.070648193359 109.470092773438 106.413215637207 99.9115142822266 93.1265258789062 86.2063980102539 81.9904022216797 80.2603912353516 78.8411407470703 78.796630859375 76.6901321411133 74.9719924926758 74.1351776123047 73.4179306030273 73.1544494628906 76.550651550293 80.9358520507812 83.2146759033203 85.4470596313477 86.8091659545898 86.4797134399414 83.6066207885742 79.154296875 75.3261795043945 70.655029296875 64.5211715698242 52.5714492797852 28.9562873840332 12.3755569458008 0 0 0 0 0 0 0 0 0 0 0 0 0 0 0 0 0 0 0 0 0 0 0 0 0 0 0 0 0 0 0 0 0 0 0 0
128.060943603516 125.469169616699 122.19344329834 118.160415649414 114.066734313965 110.882484436035 106.68603515625 103.131698608398 97.7268600463867 92.8628997802734 89.9043655395508 88.0916061401367 86.3657836914062 84.3110122680664 83.8683242797852 82.3282852172852 81.496337890625 81.1971435546875 80.9513244628906 81.6401214599609 86.3451232910156 89.981575012207 90.9886322021484 90.7662200927734 91.3347854614258 86.4304809570312 80.5012969970703 73.9123306274414 67.4730682373047 62.2090682983398 57.6320037841797 41.3336410522461 23.3154773712158 7.57991123199463 7.51660108566284 9.39493560791016 8.31026363372803 10.1265001296997 9.50790882110596 6.89969682693481 0 0 0 0 0 0 0 0 0 0 0 0 0 0 0 0 0 0 0 0 0 0 0 0 0 0 0 0 0
132.286575317383 128.967468261719 125.447570800781 121.139610290527 116.499465942383 112.402961730957 107.898780822754 104.10578918457 101.940162658691 100.375663757324 97.6715545654297 95.6140670776367 93.7007217407227 91.5043716430664 89.0762786865234 87.2121429443359 86.0175094604492 85.0542678833008 84.024040222168 85.7753829956055 91.9319839477539 94.407356262207 95.3523178100586 94.7434463500977 94.1838073730469 89.8334732055664 83.0128784179688 76.5399780273438 70.2775650024414 64.9651718139648 61.5280075073242 52.5132446289062 35.9155616760254 31.6621189117432 19.4973983764648 21.3437881469727 20.1333045959473 19.6779880523682 17.701976776123 12.5158929824829 6.47846698760986 0 0 0 0 0 0 0 0 0 0 0 0 0 0 0 0 0 0 0 0 0 0 0 0 0 0 0 0
135.166107177734 132.782562255859 128.658752441406 124.069770812988 119.16429901123 113.959655761719 109.863990783691 106.299896240234 103.493293762207 101.947593688965 100.764930725098 99.9419631958008 98.2378616333008 95.7860870361328 92.7452850341797 90.5467987060547 88.5269470214844 86.8698501586914 86.4493637084961 89.5556793212891 95.074104309082 99.0758895874023 98.5433654785156 95.9157104492188 94.7896881103516 92.1386260986328 87.7070465087891 81.8074722290039 76.158935546875 71.2915649414062 68.481201171875 65.6667709350586 55.1414108276367 45.1881256103516 42.8655738830566 43.2437057495117 42.6327896118164 41.9057350158691 39.2552185058594 27.6650886535645 11.710090637207 0 0 0 0 0 0 0 0 0 0 0 0 0 0 0 0 0 0 0 0 0 0 0 0 0 0 0 0
136.861526489258 134.100952148438 130.36149597168 126.203117370605 121.727241516113 116.421768188477 112.880805969238 109.550994873047 106.80493927002 104.660690307617 103.433471679688 102.597885131836 101.305290222168 98.9470977783203 95.8626403808594 93.770133972168 92.0832443237305 90.9860687255859 90.8471069335938 95.6476135253906 100.84294128418 103.290588378906 101.620620727539 96.8139266967773 93.6432952880859 92.2335968017578 89.9145355224609 85.4975509643555 82.3033981323242 79.7604751586914 75.4664688110352 72.8536529541016 69.8047332763672 66.5434722900391 64.2267608642578 63.2046699523926 62.8243370056152 61.7431716918945 54.0940971374512 41.3300476074219 35.5464744567871 13.0808897018433 7.43558311462402 0 0 0 0 0 0 0 0 0 0 0 0 0 0 0 0 0 0 0 0 0 0 0 0 0 0
135.313873291016 134.228363037109 131.779220581055 127.994842529297 123.832466125488 119.21794128418 115.107315063477 113.388427734375 110.95125579834 108.965354919434 107.574401855469 105.917411804199 104.448715209961 102.164779663086 97.569091796875 96.9402847290039 95.9410629272461 96.0597305297852 98.5519180297852 104.953422546387 111.154472351074 112.019454956055 108.620544433594 101.007514953613 96.9472274780273 94.3091430664062 91.4004516601562 86.8678894042969 83.6645278930664 80.7686767578125 78.8307952880859 76.6601333618164 75.189582824707 74.5826187133789 75.4007186889648 74.8850860595703 74.7836303710938 73.7517776489258 70.6685562133789 62.6005249023438 45.3295745849609 38.1381721496582 20.1925563812256 17.3185768127441 12.9394788742065 0 0 0 0 0 0 0 0 0 0 0 0 0 0 0 0 0 0 0 0 0 0 0 0
156.586181640625 157.588027954102 154.204208374023 130.17121887207 126.403366088867 122.956504821777 119.492279052734 117.269355773926 115.267578125 113.43684387207 112.164909362793 110.180854797363 107.362861633301 104.891319274902 101.581069946289 99.9398193359375 100.90550994873 103.768165588379 111.660713195801 120.448799133301 120.088890075684 121.185638427734 119.825080871582 111.198127746582 104.197425842285 98.7001190185547 95.4940872192383 92.5691986083984 89.315788269043 86.077262878418 84.2393417358398 83.2949066162109 81.3161926269531 81.8562393188477 81.729621887207 81.3107070922852 81.2831802368164 80.6507949829102 77.5622863769531 71.6967315673828 65.5312423706055 49.6971206665039 42.6729545593262 29.4092388153076 21.5009269714355 12.1088390350342 0 0 0 0 0 0 0 0 0 0 0 0 0 0 0 0 0 0 0 0 0 0 0
157.958648681641 158.96711730957 158.336959838867 154.548278808594 129.166534423828 126.418785095215 123.922286987305 121.773399353027 118.961776733398 117.922264099121 116.11067199707 112.546104431152 110.635604858398 107.251670837402 104.34400177002 108.748634338379 126.164703369141 130.698699951172 123.094543457031 125.094970703125 124.662086486816 123.700141906738 122.120262145996 120.072814941406 116.431221008301 110.392517089844 105.10668182373 100.914688110352 98.0626754760742 96.28759765625 94.7126235961914 93.5724792480469 92.7368316650391 90.788444519043 90.5215377807617 90.1472778320312 89.5621490478516 87.625846862793 83.5194244384766 78.181999206543 72.6572036743164 69.0743637084961 61.4363746643066 47.3233833312988 38.3129386901855 13.1777830123901 8.77564334869385 0 0 0 0 0 0 0 0 0 0 0 0 0 0 0 0 0 0 0 0 0 0
164.801300048828 164.010818481445 159.425643920898 156.041870117188 153.233856201172 128.222381591797 126.435920715332 124.286636352539 121.703460693359 120.124992370605 118.188049316406 114.679786682129 112.541770935059 124.020561218262 125.118576049805 130.781311035156 135.45198059082 125.059906005859 122.060241699219 120.095176696777 119.822334289551 119.112228393555 119.696884155273 122.394599914551 121.335815429688 116.824371337891 113.747451782227 109.18391418457 107.245025634766 106.488929748535 102.299591064453 101.271697998047 103.754516601562 102.358909606934 101.057411193848 101.497436523438 99.8278427124023 93.9194259643555 88.0346374511719 85.1092910766602 81.4012908935547 77.1905975341797 71.3826751708984 67.0592269897461 48.5999603271484 28.7641849517822 0 0 0 0 0 0 0 0 0 0 0 0 0 0 0 0 0 0 0 0 0 0 0
173.443450927734 170.549682617188 159.920715332031 155.863357543945 153.533767700195 153.157089233398 147.118209838867 147.627349853516 138.822769165039 125.686080932617 133.09635925293 131.088043212891 129.085784912109 130.025100708008 135.397033691406 152.484786987305 156.377212524414 123.660461425781 117.091705322266 115.053451538086 116.723304748535 119.030212402344 116.489028930664 115.428489685059 119.245544433594 119.09309387207 114.22713470459 109.550910949707 102.383377075195 96.2307891845703 97.6692276000977 93.8624114990234 82.9211349487305 81.6608581542969 80.9489288330078 82.0505599975586 84.0556488037109 95.9731826782227 91.6049194335938 85.3931198120117 83.430778503418 80.676155090332 76.2612991333008 68.9012145996094 55.8077621459961 34.1461524963379 10.9283123016357 0 0 0 0 0 0 0 0 0 0 0 0 0 0 0 0 0 0 0 0 0 0
176.222579956055 175.575973510742 167.637512207031 158.598556518555 155.203033447266 153.664749145508 153.811584472656 153.193923950195 152.552703857422 153.143264770508 151.283798217773 147.11116027832 150.644058227539 156.313949584961 163.089630126953 166.655044555664 137.284652709961 124.177116394043 117.111763000488 114.16716003418 114.691635131836 116.358528137207 117.26286315918 112.838409423828 112.730430603027 114.085289001465 109.317718505859 105.283210754395 96.5551910400391 88.893669128418 81.0492706298828 75.0857925415039 71.4015197753906 68.8204879760742 67.591178894043 67.9698486328125 70.5049896240234 73.9568405151367 75.8658294677734 67.7896881103516 66.6210327148438 65.1828918457031 62.9638366699219 59.6242637634277 55.505786895752 36.9222946166992 16.2305908203125 0 0 0 0 0 0 0 0 0 0 0 0 0 0 0 0 0 0 0 0 0 0
177.445175170898 179.573165893555 177.23161315918 172.837188720703 165.899688720703 164.473175048828 165.711349487305 164.97038269043 160.308807373047 138.807846069336 138.240936279297 138.484085083008 161.015350341797 167.27262878418 167.74333190918 162.850219726562 135.207275390625 128.631683349609 121.109535217285 114.757598876953 112.821983337402 113.095390319824 116.32054901123 115.982810974121 112.950019836426 110.54468536377 104.7724609375 98.8805770874023 91.9535369873047 84.3128662109375 75.4679260253906 66.5702438354492 59.4832763671875 57.5942420959473 51.933765411377 55.171215057373 57.3119888305664 57.1394348144531 55.6400833129883 56.7561912536621 56.620189666748 56.176197052002 54.7572937011719 54.7109794616699 53.2691192626953 37.1101264953613 15.0112314224243 0 0 0 0 0 0 0 0 0 0 0 0 0 0 0 0 0 0 0 0 0 0
169.163681030273 181.50520324707 180.480316162109 176.986740112305 172.177917480469 168.685882568359 138.767044067383 135.642883300781 133.865539550781 134.980010986328 134.678298950195 136.181915283203 142.400085449219 144.252380371094 144.451416015625 143.456283569336 138.816223144531 135.249801635742 128.77262878418 121.900856018066 114.887161254883 112.280120849609 112.444564819336 114.85920715332 115.27074432373 103.366012573242 107.349426269531 100.572166442871 94.2642593383789 87.9439239501953 80.5367050170898 72.9168853759766 61.5546379089355 51.232666015625 44.9010696411133 44.0341644287109 42.7165336608887 44.6910438537598 46.4333000183105 46.6780815124512 47.2630043029785 48.2272262573242 46.6094551086426 44.9373054504395 46.8083076477051 34.957462310791 9.82635593414307 0 0 0 0 0 0 0 0 0 0 0 0 0 0 0 0 0 0 0 0 0 0
155.796493530273 155.965682983398 155.82421875 150.304382324219 141.468307495117 134.053131103516 126.382820129395 112.62818145752 119.420738220215 121.779983520508 123.388809204102 129.569229125977 133.894989013672 137.68424987793 140.820495605469 141.699737548828 139.10285949707 134.836578369141 131.152160644531 128.330062866211 123.023338317871 116.325927734375 112.751388549805 112.821922302246 113.528190612793 112.953430175781 109.607429504395 105.477836608887 102.878036499023 97.7242126464844 90.9922637939453 83.1105194091797 65.6450805664062 59.4526481628418 48.3265419006348 45.1908111572266 41.0018920898438 40.1805534362793 40.3799896240234 39.3019599914551 39.5176467895508 41.1291885375977 43.892520904541 41.4595489501953 39.2241744995117 28.5228748321533 7.41450977325439 0 0 0 0 0 0 0 0 0 0 0 0 0 0 0 0 0 0 0 0 0 0
135.740234375 128.664459228516 127.59203338623 124.649299621582 110.048789978027 103.543746948242 96.9358749389648 94.5164413452148 95.2560119628906 99.1965484619141 102.089286804199 114.972793579102 123.328018188477 134.585021972656 139.614349365234 139.002593994141 136.339294433594 132.106994628906 129.169021606445 128.362350463867 125.937286376953 123.24243927002 119.047462463379 115.471237182617 113.264236450195 110.822509765625 108.026557922363 106.121337890625 103.428916931152 100.562446594238 95.4914703369141 86.7638397216797 77.1526184082031 71.1055603027344 51.7421112060547 48.9080505371094 48.2410659790039 39.4894866943359 41.5554618835449 39.0914001464844 37.7576293945312 36.5405464172363 32.5646324157715 28.5028858184814 22.2333717346191 7.06216192245483 9.53623390197754 0 0 0 0 0 0 0 0 0 0 0 0 0 0 0 0 0 0 0 0 0 0
104.257911682129 102.581336975098 101.360450744629 98.3299407958984 93.3727340698242 88.5054016113281 85.0496063232422 87.2826995849609 90.5641098022461 93.2095184326172 99.1834182739258 111.898292541504 120.831924438477 133.391067504883 137.722061157227 138.891952514648 132.980010986328 127.828620910645 125.021018981934 125.165924072266 126.367485046387 126.722526550293 124.805282592773 120.444129943848 119.248603820801 115.326713562012 109.939041137695 106.931793212891 104.177314758301 101.612785339355 96.9286422729492 90.2733535766602 83.59130859375 74.0304489135742 65.1457977294922 59.6209259033203 45.7392425537109 42.3323402404785 40.787410736084 33.2909889221191 25.0114517211914 17.3066844940186 7.41964817047119 8.63940906524658 8.89547443389893 0 0 0 0 0 0 0 0 0 0 0 0 0 0 0 0 0 0 0 0 0 0 0 0
94.15185546875 94.0971603393555 92.8367614746094 89.0390243530273 87.9511489868164 83.9285202026367 84.9800567626953 86.1979675292969 92.1047973632812 93.9376373291016 97.9424209594727 103.605117797852 118.663917541504 131.730743408203 136.362426757812 137.050308227539 130.599426269531 125.30738067627 123.616264343262 124.352066040039 124.863716125488 124.402503967285 123.498725891113 122.83625793457 119.681015014648 118.256591796875 114.218849182129 111.59139251709 107.735137939453 105.483657836914 101.153793334961 93.6232299804688 87.0522766113281 79.1214447021484 70.9953765869141 63.3572998046875 55.6616554260254 46.5379943847656 37.9217338562012 23.2998638153076 9.08172988891602 8.55840301513672 0 0 0 0 0 0 0 0 0 0 0 0 0 0 0 0 0 0 0 0 0 0 0 0 0 0 0
89.6144180297852 90.7888641357422 89.9969024658203 85.4762420654297 87.6503219604492 85.2835311889648 82.5597991943359 88.3796768188477 89.9692001342773 93.5051345825195 96.2002334594727 101.560722351074 107.556838989258 128.342422485352 134.155609130859 134.528213500977 127.87850189209 124.339820861816 124.195991516113 124.764945983887 123.950225830078 121.952163696289 118.574363708496 116.921905517578 116.379692077637 116.245155334473 115.575263977051 108.699867248535 105.905242919922 99.7866058349609 95.6547393798828 97.0840530395508 89.7831726074219 80.2849197387695 73.3738174438477 66.9189300537109 60.6407279968262 54.4015769958496 38.9345397949219 19.6937656402588 8.61660861968994 0 0 0 0 0 0 0 0 0 0 0 0 0 0 0 0 0 0 0 0 0 0 0 0 0 0 0 0
84.0791473388672 87.4981002807617 87.8526763916016 86.3076324462891 83.8898239135742 81.7196350097656 82.04541015625 84.8806991577148 86.0267333984375 89.4867858886719 92.5659255981445 98.0397186279297 104.361053466797 122.41561126709 129.1015625 130.101654052734 125.889785766602 124.795486450195 125.102546691895 124.72200012207 123.0009765625 119.470626831055 115.355194091797 104.429565429688 101.359977722168 101.686500549316 102.98055267334 102.634773254395 98.3168640136719 94.5026168823242 90.2394256591797 84.8060302734375 78.788948059082 71.3832321166992 74.942008972168 68.4653549194336 64.818229675293 59.5006637573242 45.5298843383789 28.8374252319336 16.2126445770264 0 0 0 0 0 0 0 0 0 0 0 0 0 0 0 0 0 0 0 0 0 0 0 0 0 0 0 0
79.4967041015625 82.7199020385742 79.9324111938477 82.1533889770508 81.8854446411133 79.574577331543 77.799934387207 74.4834518432617 76.5347290039062 79.4169235229492 85.2253646850586 91.7502288818359 101.249671936035 116.262901306152 119.264427185059 122.453742980957 123.009101867676 125.073768615723 126.297874450684 125.079544067383 121.365585327148 117.121910095215 111.142951965332 104.360122680664 100.373184204102 98.9578018188477 98.6519470214844 95.5490798950195 92.2231597900391 88.3683929443359 82.86083984375 76.4201126098633 71.1675109863281 68.6493148803711 67.6430206298828 68.1849899291992 64.9031524658203 62.7551002502441 56.1713409423828 42.1219177246094 29.0445384979248 9.65492343902588 0 0 0 0 0 0 0 0 0 0 0 0 0 0 0 0 0 0 0 0 0 0 0 0 0 0 0
67.7507247924805 72.4079132080078 77.0196533203125 72.1000213623047 73.9455184936523 72.8300704956055 70.3176879882812 66.0856246948242 66.891975402832 69.973762512207 75.4696655273438 83.2905044555664 92.5613098144531 101.374084472656 102.362884521484 104.205322265625 115.93531036377 122.256912231445 125.976051330566 125.644676208496 120.787414550781 115.037086486816 112.645622253418 107.733512878418 110.63272857666 100.405662536621 96.9819488525391 94.2252426147461 92.7056503295898 88.8999481201172 82.5567245483398 74.9200134277344 70.0102005004883 66.2229995727539 65.0156402587891 64.4463882446289 64.1157073974609 65.0172729492188 63.5506172180176 56.49365234375 43.6810989379883 34.2310981750488 8.47388458251953 0 0 0 0 0 0 0 0 0 0 0 0 0 0 0 0 0 0 0 0 0 0 0 0 0 0
58.0549697875977 61.8352241516113 65.9265594482422 64.0512466430664 64.9823150634766 61.7037734985352 61.6349182128906 58.4376907348633 59.0013160705566 63.7092132568359 67.4413146972656 74.7010955810547 83.8038635253906 92.2380905151367 94.2370376586914 95.1464233398438 97.7616882324219 108.18106842041 121.935539245605 124.803329467773 121.734794616699 114.745849609375 111.411178588867 109.368919372559 110.122985839844 101.917297363281 96.1811752319336 94.299934387207 93.6197509765625 90.4850006103516 84.7466506958008 78.4660720825195 73.1683883666992 66.3571319580078 63.9655532836914 67.001335144043 65.496337890625 66.3806381225586 68.4288101196289 66.864616394043 60.5115585327148 43.8455123901367 30.5142269134521 0 0 0 0 0 0 0 0 0 0 0 0 0 0 0 0 0 0 0 0 0 0 0 0 0 0
40.678035736084 42.2324600219727 46.1135749816895 50.4515762329102 55.4051322937012 54.2129974365234 57.3534736633301 57.8233947753906 58.4934883117676 60.2015953063965 65.2504043579102 69.1312561035156 75.0393218994141 81.7546539306641 84.4728546142578 84.3866958618164 84.2452239990234 90.8480834960938 103.215538024902 120.328216552734 123.210334777832 116.409507751465 111.279777526855 110.401756286621 109.973846435547 100.309257507324 96.5278778076172 94.3789138793945 92.6460342407227 90.1541519165039 85.7867660522461 79.8443222045898 78.9143142700195 74.0541763305664 71.5403137207031 69.8050308227539 69.4685440063477 70.6105499267578 71.1219940185547 70.6968231201172 66.3193054199219 54.4378089904785 32.9117698669434 9.76090812683105 0 0 0 0 0 0 0 0 0 0 0 0 0 0 0 0 0 0 0 0 0 0 0 0 0
20.4146785736084 23.4542121887207 27.2817897796631 29.9482440948486 35.383861541748 45.8473739624023 50.6090774536133 48.9095077514648 49.6860618591309 52.4554824829102 57.3239631652832 65.767463684082 67.1440277099609 72.1875152587891 73.2189407348633 73.799690246582 74.7071914672852 78.0025253295898 88.0557250976562 104.933570861816 121.145301818848 120.377784729004 114.112945556641 109.317001342773 108.127632141113 106.776565551758 104.965843200684 93.8814468383789 91.3048934936523 89.0951614379883 89.9554138183594 84.6493835449219 82.046012878418 79.75390625 77.4000701904297 75.667350769043 74.5341567993164 74.2186126708984 73.7615966796875 71.1768798828125 65.407844543457 57.8599166870117 36.8151550292969 15.7270164489746 0 0 0 0 0 0 0 0 0 0 0 0 0 0 0 0 0 0 0 0 0 0 0 0 0
9.98118495941162 11.2781791687012 13.0120801925659 17.4543571472168 26.2929649353027 30.6347103118896 37.6303253173828 42.2026634216309 42.2710647583008 45.4047660827637 49.331184387207 58.7413215637207 65.7625427246094 66.9505004882812 66.5125503540039 67.3852996826172 63.7436370849609 67.349006652832 74.4341583251953 88.2212600708008 114.64720916748 121.356033325195 119.050384521484 111.670791625977 107.551834106445 105.997596740723 104.608764648438 104.304405212402 101.159652709961 96.9140014648438 93.5528869628906 90.0195083618164 87.3328552246094 85.539909362793 83.506965637207 80.7912750244141 78.0629119873047 75.6970901489258 72.8191452026367 68.8125534057617 64.1347503662109 56.9461631774902 38.347957611084 18.1670989990234 0 0 0 0 0 0 0 0 0 0 0 0 0 0 0 0 0 0 0 0 0 0 0 0 0
10.340931892395 10.2545108795166 13.2344169616699 9.62713146209717 11.9078226089478 20.5142612457275 26.2092704772949 28.9206066131592 32.0302619934082 35.7450828552246 44.6061897277832 51.1486358642578 56.9659767150879 56.1350021362305 54.6291275024414 55.8408699035645 59.2632446289062 63.7134895324707 69.9221267700195 75.0581512451172 91.1168670654297 116.800926208496 121.269004821777 117.936042785645 109.698669433594 105.86979675293 104.808738708496 104.852310180664 104.490562438965 103.511871337891 99.3699569702148 95.8088150024414 92.3312072753906 89.5489044189453 87.2613143920898 83.8667297363281 79.690673828125 74.9989242553711 70.9939193725586 67.1244125366211 63.6335563659668 59.7426300048828 44.3357391357422 25.3979034423828 9.32422256469727 0 0 0 0 0 0 0 0 0 0 0 0 0 0 0 0 0 0 0 0 0 0 0 0
