Rscript/monthly_maps/SnowDepthMapFile-median-1989-11.asc
ncols 320 
nrows 361 
xllcorner 618410.159 
yllcorner 5088785.286 
cellsize 100 
NODATA_value -9999 
[rows 50 to 74 of 361, columns 0 to 55 of 320]
-9999 -9999 -9999 -9999 -9999 -9999 -9999 -9999 -9999 -9999 -9999 -9999 -9999 -9999 -9999 -9999 -9999 -9999 -9999 -9999 -9999 -9999 -9999 -9999 -9999 -9999 -9999 898.333343505859 881.713623046875 875.328002929688 875.311004638672 -9999 -9999 -9999 -9999 -9999 -9999 -9999 -9999 -9999 -9999 -9999 -9999 -9999 -9999 -9999 -9999 -9999 -9999 -9999 -9999 830.004638671875 823.129913330078 779.132537841797 768.778991699219 768.140808105469
-9999 -9999 -9999 -9999 -9999 -9999 -9999 -9999 -9999 -9999 -9999 -9999 -9999 -9999 -9999 -9999 -9999 -9999 -9999 -9999 -9999 -9999 -9999 -9999 -9999 860.870452880859 859.420104980469 862.012573242188 854.670501708984 853.123870849609 858.396667480469 859.599395751953 -9999 -9999 -9999 -9999 -9999 -9999 -9999 -9999 -9999 -9999 -9999 -9999 -9999 -9999 818.386077880859 -9999 798.006927490234 829.526519775391 821.804931640625 805.2529296875 754.982971191406 717.010467529297 714.597442626953 728.380950927734
-9999 -9999 -9999 -9999 -9999 -9999 -9999 -9999 -9999 -9999 -9999 -9999 -9999 -9999 -9999 -9999 -9999 -9999 -9999 -9999 -9999 -9999 -9999 -9999 855.436859130859 851.540496826172 829.437133789062 808.497283935547 797.377624511719 797.288940429688 826.072937011719 849.480895996094 861.600616455078 879.206634521484 -9999 914.784271240234 892.365234375 877.713134765625 893.619903564453 897.537780761719 870.872131347656 -9999 827.733154296875 820.82958984375 818.478942871094 800.855407714844 786.811553955078 726.118255615234 744.339599609375 761.171051025391 762.855224609375 753.987854003906 725.108489990234 705.621643066406 695.214294433594 708.605133056641
-9999 -9999 -9999 -9999 -9999 -9999 -9999 -9999 -9999 -9999 -9999 -9999 -9999 -9999 -9999 -9999 -9999 -9999 -9999 -9999 -9999 -9999 -9999 858.118438720703 841.570190429688 811.341522216797 780.514404296875 767.883483886719 772.470458984375 780.730529785156 789.849182128906 815.052703857422 842.724853515625 859.00830078125 861.333282470703 867.574859619141 861.216094970703 865.883422851562 869.834564208984 892.569488525391 867.450866699219 850.000885009766 821.410400390625 818.374145507812 796.734375 781.259368896484 765.640563964844 718.778411865234 686.874206542969 684.311462402344 706.442443847656 722.955291748047 720.275146484375 715.825408935547 697.971130371094 680.851745605469
-9999 -9999 -9999 -9999 -9999 -9999 -9999 -9999 -9999 -9999 -9999 -9999 -9999 -9999 -9999 -9999 -9999 -9999 -9999 -9999 -9999 -9999 894.065063476562 853.024108886719 820.531799316406 785.884979248047 762.041137695312 747.137390136719 767.996124267578 780.582641601562 784.474853515625 787.700042724609 820.711212158203 841.641967773438 853.788269042969 853.889038085938 850.010803222656 852.914245605469 861.806884765625 894.322204589844 882.503631591797 858.802276611328 826.609710693359 791.262939453125 780.657348632812 764.015319824219 743.819580078125 713.312042236328 679.600189208984 673.074523925781 681.110626220703 706.861206054688 717.498413085938 713.224456787109 699.593872070312 671.438842773438
-9999 -9999 -9999 -9999 -9999 -9999 -9999 -9999 -9999 -9999 -9999 -9999 -9999 -9999 -9999 -9999 -9999 -9999 -9999 -9999 -9999 -9999 890.278839111328 825.397277832031 789.017974853516 767.624420166016 755.921203613281 759.313354492188 770.376098632812 778.55859375 781.937927246094 786.319610595703 801.828765869141 822.84814453125 830.018798828125 837.471099853516 837.343231201172 845.975799560547 853.553833007812 896.656188964844 914.186676025391 880.793304443359 828.941253662109 783.080902099609 762.211700439453 746.203979492188 740.743469238281 719.047912597656 698.869812011719 674.550170898438 671.568176269531 693.414581298828 711.148773193359 709.227172851562 693.559906005859 670.730621337891
-9999 -9999 -9999 -9999 -9999 -9999 -9999 -9999 -9999 -9999 -9999 -9999 -9999 -9999 -9999 -9999 -9999 -9999 -9999 -9999 -9999 901.049224853516 881.295440673828 796.300170898438 769.322906494141 756.237579345703 759.830688476562 762.392303466797 772.125366210938 776.674530029297 779.375061035156 782.147186279297 787.822387695312 808.890472412109 821.324859619141 827.220520019531 825.701141357422 818.245513916016 824.910186767578 855.499450683594 854.388275146484 888.808776855469 818.518402099609 756.841674804688 739.413360595703 727.531860351562 711.116851806641 708.656616210938 695.366546630859 669.951446533203 664.451568603516 668.235198974609 690.207000732422 693.665740966797 673.533813476562 664.019470214844
-9999 -9999 -9999 -9999 -9999 -9999 -9999 -9999 -9999 -9999 -9999 -9999 -9999 -9999 -9999 -9999 -9999 -9999 -9999 -9999 -9999 903.181518554688 857.883666992188 780.616607666016 755.665313720703 755.949157714844 768.176849365234 768.674987792969 771.601196289062 774.625793457031 778.002716064453 779.142517089844 781.694763183594 794.881500244141 817.509368896484 818.615234375 818.111236572266 806.628051757812 788.591613769531 794.765563964844 824.678894042969 822.141906738281 762.658294677734 728.622924804688 708.831298828125 702.722076416016 695.567657470703 688.747955322266 671.399078369141 662.242401123047 648.363708496094 637.200286865234 660.411254882812 669.387634277344 661.509704589844 655.154571533203
-9999 -9999 -9999 -9999 -9999 -9999 -9999 -9999 -9999 -9999 -9999 -9999 -9999 -9999 -9999 -9999 -9999 -9999 -9999 -9999 919.619567871094 892.179992675781 852.154754638672 806.189849853516 758.109283447266 754.773284912109 772.456970214844 771.66357421875 772.184692382812 773.959777832031 776.358062744141 777.384857177734 777.922210693359 783.812622070312 803.698913574219 814.168365478516 802.142181396484 781.146484375 748.184539794922 722.569213867188 724.612823486328 743.686584472656 729.305511474609 697.029205322266 686.278991699219 681.186096191406 675.410980224609 669.853637695312 660.728912353516 653.753509521484 630.395416259766 625.545135498047 627.651611328125 634.924255371094 635.289337158203 632.957214355469
-9999 -9999 -9999 -9999 -9999 -9999 -9999 -9999 -9999 -9999 -9999 -9999 -9999 -9999 -9999 -9999 -9999 -9999 -9999 -9999 901.111145019531 884.892120361328 849.159210205078 824.798736572266 787.85400390625 761.907440185547 774.575531005859 772.796325683594 773.314025878906 773.780120849609 775.913696289062 776.916107177734 777.810943603516 780.592071533203 791.842346191406 792.810852050781 781.642547607422 759.732727050781 726.883636474609 692.562286376953 673.992889404297 674.212036132812 680.236663818359 684.875183105469 674.306640625 667.678100585938 664.107360839844 657.437316894531 646.622924804688 631.788604736328 621.181640625 608.44580078125 591.327606201172 615.814971923828 623.332336425781 624.730407714844
-9999 -9999 -9999 -9999 -9999 -9999 -9999 -9999 -9999 -9999 -9999 -9999 -9999 -9999 -9999 -9999 -9999 -9999 -9999 858.196441650391 855.713104248047 827.997344970703 822.129119873047 802.036224365234 806.923034667969 769.407196044922 773.914367675781 776.507354736328 774.021331787109 775.107421875 776.279571533203 777.471618652344 776.673614501953 777.928375244141 779.019470214844 776.448974609375 759.963958740234 743.35986328125 713.592803955078 678.545227050781 647.677490234375 640.59033203125 643.273864746094 659.975006103516 667.668151855469 660.997528076172 655.226623535156 646.239685058594 633.771545410156 623.284362792969 612.062286376953 580.884094238281 576.884582519531 581.721557617188 609.859985351562 616.068817138672
-9999 -9999 -9999 -9999 -9999 -9999 -9999 -9999 -9999 -9999 -9999 -9999 -9999 -9999 -9999 -9999 -9999 899.198516845703 857.349395751953 838.910034179688 825.239166259766 811.850463867188 809.099487304688 799.764739990234 789.603302001953 775.624542236328 773.320434570312 775.809661865234 776.189025878906 775.925262451172 776.958374023438 777.007995605469 774.476470947266 770.273071289062 753.639587402344 744.626708984375 733.983337402344 715.14013671875 702.438018798828 676.333221435547 661.089294433594 635.492706298828 631.419830322266 635.274963378906 641.656768798828 654.954528808594 647.762268066406 637.003570556641 630.242492675781 613.963531494141 580.540588378906 565.356872558594 557.068420410156 561.787292480469 572.463562011719 596.624298095703
-9999 -9999 -9999 -9999 -9999 -9999 -9999 -9999 -9999 -9999 -9999 -9999 -9999 -9999 -9999 -9999 875.711761474609 858.477081298828 828.407104492188 808.062164306641 790.510040283203 788.02392578125 784.837615966797 786.761413574219 782.789367675781 777.008483886719 774.73779296875 774.841857910156 775.821228027344 775.76953125 775.811065673828 772.691680908203 768.495941162109 739.569854736328 729.494812011719 711.4052734375 701.496948242188 695.519989013672 689.843963623047 674.168212890625 663.706726074219 638.341888427734 630.454772949219 626.676300048828 629.50146484375 636.303741455078 645.033508300781 635.137145996094 622.527923583984 599.348602294922 573.095397949219 553.104675292969 534.360168457031 519.862091064453 552.010467529297 561.377410888672
-9999 -9999 -9999 -9999 -9999 -9999 -9999 -9999 -9999 -9999 -9999 -9999 -9999 -9999 928.227874755859 862.256195068359 836.547027587891 808.989440917969 795.149993896484 790.453063964844 786.980651855469 784.058410644531 778.796691894531 768.134552001953 763.087371826172 761.891204833984 769.178649902344 772.203338623047 772.878631591797 772.312469482422 770.083953857422 760.513916015625 738.121124267578 724.806823730469 701.165100097656 675.859313964844 673.359954833984 672.600311279297 672.138549804688 670.072204589844 661.426177978516 647.004852294922 631.223022460938 621.609069824219 619.493286132812 628.247222900391 641.970489501953 631.340698242188 619.738189697266 590.445953369141 566.89892578125 545.967590332031 509.84700012207 506.35285949707 510.694839477539 541.817718505859
-9999 -9999 -9999 -9999 -9999 -9999 -9999 -9999 -9999 -9999 -9999 -9999 -9999 931.283874511719 893.521697998047 824.6748046875 795.605224609375 778.849639892578 785.157531738281 783.355926513672 780.531036376953 770.623809814453 759.950836181641 745.225860595703 743.522399902344 742.426330566406 748.302215576172 756.715362548828 757.924346923828 755.473205566406 747.889892578125 739.856018066406 722.269256591797 701.046020507812 675.102264404297 663.674438476562 657.169555664062 657.62939453125 660.695953369141 659.894378662109 653.125427246094 634.445465087891 624.971862792969 616.952056884766 610.277526855469 615.718994140625 626.432830810547 637.300598144531 619.209289550781 589.810791015625 562.064971923828 541.620391845703 522.764984130859 497.871917724609 499.98957824707 503.7451171875
-9999 -9999 -9999 -9999 -9999 -9999 -9999 -9999 -9999 -9999 -9999 -9999 929.907073974609 907.036468505859 806.642242431641 763.485931396484 763.599487304688 772.383880615234 776.933654785156 771.888336181641 764.458251953125 743.946441650391 743.816009521484 730.607452392578 720.239074707031 720.136871337891 729.765563964844 736.000701904297 736.885925292969 731.172454833984 727.565460205078 711.065887451172 700.060150146484 675.495849609375 664.919128417969 654.998504638672 636.301147460938 634.492858886719 634.658081054688 643.095733642578 633.417541503906 628.892150878906 617.124176025391 607.063323974609 593.542510986328 572.689270019531 602.643035888672 618.993530273438 615.969970703125 587.286041259766 549.448303222656 523.885650634766 509.666748046875 495.82633972168 488.256408691406 493.441360473633
-9999 -9999 -9999 -9999 -9999 -9999 -9999 -9999 -9999 -9999 -9999 -9999 900.325653076172 831.865264892578 759.010803222656 756.061340332031 759.187561035156 766.633941650391 764.226654052734 754.070068359375 743.87109375 734.893920898438 711.435821533203 709.803039550781 706.048370361328 705.646240234375 706.251159667969 706.851989746094 707.691497802734 707.13134765625 706.054565429688 695.906524658203 674.001190185547 663.756866455078 652.645477294922 636.350769042969 632.030975341797 628.620941162109 625.490966796875 627.509460449219 623.807220458984 618.398132324219 607.485290527344 586.829498291016 565.665313720703 555.40380859375 557.250030517578 567.776794433594 572.662963867188 564.965209960938 534.886444091797 513.571472167969 499.785049438477 489.363067626953 453.190246582031 454.866592407227
-9999 -9999 -9999 -9999 -9999 -9999 -9999 -9999 -9999 -9999 -9999 867.731567382812 835.167022705078 768.93408203125 735.730499267578 745.094360351562 747.707672119141 753.726379394531 744.413757324219 734.696197509766 720.113677978516 711.49853515625 697.752166748047 688.321960449219 686.173889160156 689.129943847656 693.714294433594 699.938873291016 700.981079101562 698.205505371094 689.113922119141 671.28955078125 662.191253662109 647.285095214844 634.931182861328 630.685882568359 623.735748291016 618.445831298828 613.336273193359 611.750640869141 612.930938720703 608.571624755859 590.636566162109 570.42431640625 555.395812988281 536.485900878906 512.192291259766 514.252792358398 517.767059326172 516.163635253906 491.82258605957 474.78483581543 466.01139831543 454.722747802734 436.681884765625 418.142715454102
-9999 -9999 -9999 -9999 -9999 -9999 -9999 -9999 -9999 -9999 -9999 833.615417480469 802.999633789062 735.597778320312 728.081024169922 740.483215332031 745.955627441406 735.040954589844 720.424285888672 710.908203125 700.168914794922 691.023529052734 673.845153808594 670.088165283203 667.938323974609 676.124725341797 683.924835205078 686.200103759766 686.937530517578 684.666076660156 668.478759765625 661.378967285156 647.3896484375 633.90625 625.731567382812 618.920806884766 610.974212646484 596.613342285156 573.595520019531 570.991760253906 570.654174804688 571.621429443359 566.40673828125 552.933441162109 530.48876953125 506.033432006836 495.369171142578 470.41130065918 466.450668334961 458.12223815918 435.962219238281 432.325622558594 423.036499023438 409.080718994141 372.171173095703 362.497604370117
-9999 -9999 -9999 -9999 -9999 -9999 -9999 -9999 -9999 -9999 -9999 829.211181640625 794.606262207031 740.948303222656 722.878723144531 731.724243164062 724.647399902344 712.089202880859 708.674865722656 697.660125732422 689.542724609375 672.973052978516 667.420562744141 661.617584228516 664.231414794922 664.5927734375 669.542663574219 675.981994628906 675.283416748047 665.980285644531 660.386810302734 654.540985107422 633.477691650391 630.200897216797 618.1962890625 598.61328125 576.420593261719 562.935455322266 549.317596435547 521.859130859375 520.678649902344 519.684539794922 515.5185546875 508.244720458984 495.069305419922 467.203796386719 459.814300537109 430.089813232422 427.177307128906 396.467498779297 386.863510131836 372.680160522461 335.211120605469 285.048156738281 251.015830993652 231.852401733398
-9999 -9999 -9999 -9999 -9999 -9999 -9999 -9999 -9999 -9999 -9999 828.161163330078 797.176025390625 747.997131347656 722.474090576172 721.662841796875 710.574523925781 709.599029541016 706.836853027344 703.694305419922 689.664123535156 670.7275390625 666.359588623047 663.692443847656 663.034240722656 663.285614013672 671.390533447266 672.469268798828 664.398864746094 662.766448974609 657.240234375 653.022216796875 641.397766113281 627.882690429688 608.572631835938 577.464324951172 551.948211669922 520.057708740234 505.637344360352 473.677841186523 465.651168823242 436.97004699707 436.80712890625 435.752655029297 432.652450561523 427.537048339844 421.054382324219 403.552261352539 380.319473266602 341.620025634766 309.425872802734 249.249366760254 240.06957244873 230.947845458984 224.940086364746 221.414123535156
-9999 -9999 -9999 -9999 -9999 -9999 -9999 -9999 -9999 -9999 -9999 861.01416015625 826.182403564453 753.7119140625 725.55419921875 719.508605957031 719.665008544922 721.174530029297 712.763397216797 705.688690185547 693.007598876953 667.714385986328 666.136749267578 664.255859375 672.073516845703 677.120361328125 678.496368408203 677.711730957031 670.838317871094 662.402587890625 660.743072509766 653.066314697266 638.559631347656 620.073669433594 586.577606201172 555.697601318359 517.863067626953 476.042175292969 452.962295532227 428.006591796875 396.21923828125 375.726013183594 350.562530517578 348.06916809082 366.936569213867 373.532958984375 364.062255859375 331.991073608398 286.335479736328 250.438774108887 234.960754394531 215.630683898926 212.933029174805 207.680511474609 208.970428466797 207.084739685059
-9999 -9999 -9999 -9999 -9999 -9999 -9999 -9999 -9999 -9999 -9999 881.987213134766 836.337127685547 755.98779296875 727.921722412109 721.779724121094 720.468902587891 722.474456787109 719.607116699219 706.126617431641 687.179107666016 667.245178222656 667.283294677734 676.105743408203 678.827911376953 679.220123291016 679.642272949219 679.991912841797 675.969665527344 663.315887451172 660.455749511719 650.040740966797 628.823944091797 608.501647949219 568.666137695312 522.585876464844 474.679763793945 435.684875488281 395.211181640625 356.976181030273 329.722885131836 291.45735168457 282.566955566406 273.138259887695 266.380508422852 261.359039306641 255.613433837891 256.14762878418 245.676010131836 231.436325073242 218.743553161621 210.763320922852 213.624465942383 219.065292358398 224.528244018555 239.865821838379
-9999 -9999 -9999 -9999 -9999 -9999 -9999 -9999 -9999 -9999 -9999 887.543121337891 830.89453125 762.793670654297 736.145812988281 726.716247558594 724.672149658203 719.823150634766 709.285705566406 699.334655761719 678.611877441406 667.620910644531 673.446472167969 679.871429443359 679.12158203125 678.635101318359 679.487274169922 679.016632080078 670.828674316406 662.503387451172 652.792358398438 630.002014160156 613.104431152344 572.979858398438 525.128509521484 468.530014038086 411.214996337891 384.774383544922 340.469329833984 286.366256713867 248.095428466797 239.245399475098 233.963798522949 237.191993713379 240.566184997559 241.37646484375 241.958648681641 239.833923339844 233.408561706543 222.517921447754 219.281578063965 226.881858825684 240.62361907959 247.163200378418 252.419952392578 255.938598632812
-9999 -9999 -9999 -9999 -9999 -9999 -9999 -9999 -9999 -9999 921.437835693359 892.647277832031 818.505065917969 758.659790039062 742.949493408203 737.722839355469 722.094116210938 712.537200927734 697.185028076172 682.022918701172 676.958831787109 675.269073486328 679.16455078125 678.643798828125 674.627258300781 668.53564453125 667.5888671875 668.856750488281 662.151397705078 654.077239990234 630.477111816406 612.087280273438 570.058197021484 518.255401611328 453.1015625 411.339797973633 361.934967041016 337.432037353516 265.354446411133 248.26195526123 242.026084899902 238.229942321777 236.017166137695 235.364730834961 236.007942199707 236.637626647949 235.758422851562 232.688049316406 232.13842010498 229.736549377441 240.555740356445 251.42903137207 258.035278320312 262.964904785156 264.601150512695 265.523956298828
