Rscript/monthly_maps/SnowDepthMapFile-mean-1989-10.asc
ncols 320 
nrows 361 
xllcorner 618410.159 
yllcorner 5088785.286 
cellsize 100 
NODATA_value -9999 
[rows 308 to 335 of 361, columns 126 to 188 of 320]
-9999 -9999 -9999 -9999 -9999 0 0 0 0 0 0 0 0 0 0 0 0 0 0 0 0 0 0 0 0 0.502807740242251 0.950722417523784 1.31625095490486 1.90255368140436 2.21845417637979 2.26124695808657 2.31904577439831 2.94650170110887 3.24923223064792 3.7820125087615 6.98340797424316 9.0703975308326 10.0968732526225 11.2093433257072 12.2682267158262 13.0646139729408 14.406353796682 16.1224122816517 17.8124829569171 19.3317961538992 17.8389567713584 14.6958401587702 12.6707694145941 10.0342226028442 7.49427315496629 3.87035265276509 2.72775582344301 1.33980867939611 0.81137324917701 0.260723975396925 0 0 0 0 0 0 0 0
-9999 -9999 -9999 -9999 -9999 0 0 0 0 0 0 0 0 0 0 0 0 0 0 0 0 0 0 0 0 0 0.597536394673009 0.978716881044449 1.20284000519783 1.30294713666362 1.34797582318706 1.4828731167701 1.95035011537613 2.83559442335559 3.33900543951219 6.02932610050325 8.36815655616022 9.51358376779864 9.99821558306294 10.52704534223 11.3459829515026 12.3231959189138 14.3685316270398 16.5498987474749 18.2111035931495 17.520224278973 14.7061188605524 12.4770712237204 9.73901345652919 7.33582022882277 3.28669055815666 2.22187940536007 1.04344423355595 0.544352746778919 0 0 0 0 0 0 0 0 0
-9999 -9999 -9999 -9999 -9999 0 0 0 0 0 0 0 0 0 0 0 0 0 0 0 0 0 0 0 0 0 0 0.467542186860115 0.764417094569052 0.882140067315871 0.990885949903919 1.14364488663212 1.38399997834236 2.11165151288432 3.0487194676553 4.10828653458626 6.71469485375189 8.13233289410991 8.84883240730532 9.42180258227933 10.0039917730516 11.0672731707173 13.1076764445151 15.7004487437587 18.3235840643606 17.9039175587316 15.5443612221749 12.4322700500488 9.82555700117542 7.00101264830559 3.29633995794481 1.99515585745535 0.933108175954511 0.296011247942525 0 0 0 0 0 0 0 0 0
-9999 -9999 -9999 -9999 -9999 -9999 0 0 0 0 0 0 0 0 0 0 0 0 0 0 0 0 0 0 0 0 0 0 0.263768165342269 0.257323511185185 0.571696004559917 0.863800479519752 1.13644286124937 1.57756842336347 2.71377895724389 2.93216763773272 3.85703405257194 6.12637513683688 7.48324818764963 8.62019341991794 9.39900945848034 10.3801472571588 12.336519733552 15.0067315255442 17.2973091371598 18.7978992923614 15.7973242882759 12.8209679203649 9.98518033181467 6.92954354132375 3.23549239866195 1.93735205742621 0.940096885927262 0.408917088662424 0 0 0 0 0 0 0 0 0
-9999 -9999 -9999 -9999 -9999 -9999 0.505296461043819 0.25650478178455 0 0 0 0 0 0 0 0 0 0 0 0 0 0 0 0 0 0 0 0 0 0 0.297465601275044 0.559789780647524 0.946737966229839 1.24225481094853 1.75180250598538 2.7699181033719 2.96633824994487 3.88187925277218 6.20929859530541 8.13764590601767 9.24449994487147 10.0888943825999 11.8835012682023 14.4176222278226 16.7856065073321 19.0777793392058 16.0263276253977 12.9675533848424 10.048127020559 7.01927947998047 3.21995833612257 2.08175416146555 1.06344579881237 0.747105998377646 0.463011710874496 0.39469362074329 0.337080863214308 0.245863745289464 0 0 0 0 0
-9999 -9999 -9999 -9999 -9999 -9999 0.966239313925466 0.740982117191438 0.286122014445643 0 0 0 0 0 0 0 0 0 0 0 0 0 0 0 0 0 0 0 0 0 0 0.247134962389546 0.782803750807239 1.09378962362966 1.36091946017358 1.97134547079763 2.89127968203637 3.34483466609832 4.99946172775761 7.8152887282833 9.10904115246188 9.98989917385963 11.736269427884 14.2280380495133 16.588367185285 19.0082577120873 15.7224386430556 12.4739933783008 9.69998879586497 6.82766257562945 3.27549196058704 2.34954852442588 1.27361051497921 1.04765369046119 1.31170685060563 1.26553061700636 1.24555829263503 1.17197018284951 0.322718466481855 0 0 0 0.360015684558499
-9999 -9999 -9999 -9999 -9999 -9999 1.18907891550372 1.03949971352854 0.816736344368227 0.520403708181074 0.273165425946636 0 0 0 0 0 0 0 0 0 0 0 0 0 0 0 0 0 0 0 0 0.24548319847353 0.670500847601121 0.987450815016224 1.26639593801191 1.68853513656124 2.77729695843112 3.37574786524619 4.93478448929325 8.07812881469727 9.52933034589214 10.8345939574703 12.5977259605162 15.3662898463588 17.0724308875299 18.9546870570029 15.4844616305444 12.1723613431377 9.41203618818714 6.82744533784928 3.4275270277454 2.84542452904486 2.04757050544985 1.85746045266428 2.44989690473003 3.50264217007545 3.68027600934429 2.26258985457882 0.830221606839088 0.287817216688587 0 0.307892737850066 0.739445470994519
-9999 -9999 -9999 -9999 -9999 -9999 -9999 1.657105230516 1.53343394494826 1.00384232305711 0.640779495239258 0 0 0 0 0 0 0 0 0 0 0.375743896730485 0 0 0 0 0 0 0 0 0 0.297163348044119 0.62615732992849 0.933251719320974 1.20953024587324 1.59960765223349 2.88206125074817 3.50794539913054 5.57139864275532 8.42480764081401 10.0308975711946 11.5620223629859 13.3818202634012 16.3739395756875 17.9265970107048 17.900119596912 14.5299934879426 11.6896270628898 9.16562507998559 6.86323125900761 3.55764118317635 3.42727704201975 3.10400089140861 3.47361796902072 4.02547024142358 4.90115134946762 5.08739440671859 4.05519522390058 1.75384933717789 0.761844327372889 0.599452172556231 0.791543775989163 1.12674085555538
-9999 -9999 -9999 -9999 -9999 -9999 -9999 3.29509544372559 2.27665052106304 1.66528726393177 0.891415073025611 0.242267224096483 0 0 0 0 0 0 0 0 0.345313779769405 0.631208050635553 0.717703788511215 0.587563668527911 0.292987761958953 0 0 0 0 0.325237089587796 0.280842719539519 0.463538262151903 0.750739497523154 0.943497503957441 1.17685268771264 1.52409301265593 2.76928852450463 3.46469503833402 6.1391042278659 8.73852145287298 10.1844321835426 11.8539091540921 14.0885390312441 17.3498078776944 17.0787438115766 17.2725202345079 14.0042377287342 11.3385997279998 9.11041836584768 6.83063371719853 3.77369616108556 3.82784443516885 3.74264895531439 4.05279679452219 4.95300951311665 7.33751967645461 8.24918294722034 5.45719414372598 3.18605018431141 1.37170282486946 0.966778047623173 1.13606532927482 1.75020560910625
-9999 -9999 -9999 -9999 -9999 -9999 4.03225757229713 4.30637888754568 3.77336752799249 2.16381060692572 1.44582311568722 0.543158561952652 0 0 0 0 0 0 0 0 0.267577355907809 0.906618179813508 1.44378388312555 1.44641408612651 1.21856074179372 0.621506721742692 0.258479425984044 0.362475395202637 0.290645722419985 0.303592804939516 0.646234450801726 0.827375042823053 0.913556683448053 1.02610600379206 1.20664928805444 1.46122261785692 2.58514115118211 3.26550409870763 5.90711888959331 8.46864041974468 9.60896707350208 10.813906638853 13.1412637772099 15.3509741752378 16.9467609159408 16.3674361936508 13.6512384876128 11.3204722250662 9.26358669034896 7.23315441992975 4.46024302513369 3.98067191339308 3.93748744841545 4.89201671846451 7.00391763256442 9.64135176135648 10.2622162757381 8.02735159474035 4.1062073861399 2.94284583676246 1.93886781507923 1.72478931180892 2.45454963561027
-9999 -9999 -9999 -9999 -9999 -9999 -9999 4.68296057178128 4.12318563461304 2.76484618648406 1.5148950699837 0.810174695907101 0.302422062043221 0 0 0 0 0 0 0 0.246516673795639 0.932620879142515 1.74554994029384 2.35885441687799 2.17457660551994 1.37701037622267 0.785233528383317 0.629359522173482 0.551299372026997 0.755451817666331 0.932606850900958 1.09018018168788 1.15269334854618 1.21888597549931 1.31964837351153 1.52155759257655 2.50746179396106 3.14704771964781 5.23864930675876 8.14790479598507 9.41557004374842 10.3812519196541 12.2119306748913 13.9992389678955 15.2431157019831 16.1603694731189 13.6576336583784 12.1139553746869 9.70622936371834 7.93860301663799 5.04394851192351 4.34992894818706 4.61504563977641 5.34394362664992 8.64848558364376 10.1422550447526 10.9236169015208 10.4057628877701 7.11007078232304 4.06223610908754 3.57260544069352 3.35009187267673 3.35346677226405
-9999 -9999 -9999 -9999 -9999 -9999 -9999 -9999 4.580566898469 3.29568358390562 1.7817536938575 1.39971197805097 0.811416933613439 0.412979648959252 0 0 0 0 0 0 0.346644340022918 0.869540799048639 1.86266154627646 3.17963637075117 3.84776703003914 3.22001441832512 1.64672620834843 1.30004307531541 0.932003451931861 0.973909254997007 1.11919378465222 1.68358322881883 1.67614756861041 1.79546854572911 1.78163669955346 2.02498426745015 2.7293004989624 3.17487605925529 4.40772244238084 7.65546349556215 9.16703956357894 10.0431939401934 11.2591214333811 13.4556484530049 15.2610959699077 16.1883046550135 15.0279806198612 12.4271702304963 10.1978652092718 8.6402814003729 6.0644722600137 4.93812588722475 5.11031027763121 6.64323160725255 8.69008144255607 10.3046426157798 10.9898212494389 12.3434071694651 11.4751428481071 7.94258351479807 4.69821954542591 4.20290454741447 4.02645372575329
-9999 -9999 -9999 -9999 -9999 -9999 -9999 6.39218654940205 4.98800788387175 4.13353212418095 3.19704195760912 2.06024434489589 1.48887926532376 0.876722520397555 0.464724940638388 0.330503125344553 0 0 0 0 0.353525684725854 0.793314287739415 1.30750311574628 3.10346400353216 4.41159823633009 5.01204593719975 4.3076214021252 2.26670486696305 1.4506321261006 1.1913692105201 1.30802622149068 1.49703807215537 2.55588845283754 3.07209882428569 3.06963803691249 2.98707008361816 3.06009994014617 3.39661832009592 4.16608662759104 7.36883563380088 9.01120130477413 9.95624788345829 11.1179543772051 13.3215828864805 16.4673765859296 17.97202556364 16.0244309210008 12.9059860167965 10.5929303938343 9.16450383586268 7.45890648134293 5.97743520429057 6.41909070168772 7.85555636498236 9.39925950573337 10.3343821340992 11.5360455051545 13.2041606287802 14.508728688763 12.5573081662578 9.41515145763274 6.4888398878036 5.7632849139552
-9999 -9999 -9999 -9999 -9999 -9999 -9999 9.05887406872165 6.15848392055881 4.94014783059397 4.61632771645823 4.17351999590474 2.98464725863549 1.5459280321675 0.901557122507403 0.624433209819178 0.280935072129773 0.338184110579952 0 0 0.288394681869015 0.770813480500252 1.2203498348113 2.81761606277958 3.98949899981099 4.80440693516885 5.40740785291118 4.62212776368664 2.63732707115912 1.78811762409825 1.66480813487884 2.02992027036605 3.15571132782967 3.77963121475712 4.12865615660144 3.96689396519815 3.67779602543 3.61139039070376 4.3758152069584 7.45367960776052 9.34499863655337 10.7571710463493 12.3642248338269 14.4396975732619 16.5833784534085 17.9481652321354 16.4307803184755 13.2237522678991 10.9976596832275 9.84600559357674 8.81517813282628 8.13245259561846 8.58749857256489 9.22421916838615 9.97600370837796 10.7566202840497 11.953378985005 13.9358944123791 16.2850683273808 15.2226897055103 13.1591015477334 11.5546549674003 10.5027305387682
-9999 -9999 -9999 -9999 -9999 -9999 10.4457169194375 10.8993744081067 9.50522896551317 6.9724502717295 5.88537486906975 5.25161460138136 4.33019887247393 3.0423800253099 1.67242093240061 1.3156492171749 0.831872447844475 0.613181329542591 0.263661876801522 0.260832571214245 0.38178333159416 0.809153587587418 1.19866881832 2.60281169029974 3.78191701827511 5.71465459946663 6.887122138854 5.70965797670426 4.3304187405494 3.1482558865701 2.56426571261498 2.86469158049553 3.40618693444037 3.90597669539913 4.37400482546899 4.463683220648 4.25973141577936 3.93025847404234 4.8447421135441 7.86841534030053 9.44767712008569 11.0094866906443 12.7199457230106 14.8377731077133 16.7492067890783 17.6059851492605 16.5144103111759 13.9295704749323 11.7995207694269 10.5697382650068 10.1068889864029 9.74404119676159 10.0725215173537 10.5611385222404 11.2013456283077 11.8336716313516 12.7884723755621 14.133780294849 15.6906741665256 17.2448374686703 15.8395019192849 14.9455299992715 14.3833206545922
-9999 -9999 -9999 -9999 -9999 -9999 -9999 11.9402731310937 11.8323193211709 11.3170628547668 9.83570260386313 6.81289639011506 4.79062486463977 4.2278687261766 3.42384116880355 2.44383055163968 1.60538027363439 1.33887746257167 0.748960864159369 0.505674208364179 0.628618301883821 0.899463592037078 1.24576014857138 2.62941868074479 3.61915286894768 6.41370964050293 8.8767952457551 8.89472712239911 5.89346510364163 4.34796511742377 3.7864101317621 3.53796669744676 3.75829376712922 3.93026942591513 5.14516344378071 5.64693992368637 5.48312367162397 5.59522899504631 7.05915069580078 8.65262185373614 9.67963323285503 11.1694115515678 12.7613108850295 14.2879467010498 15.914582590903 17.5990778707689 17.2160820499543 15.486836987157 13.9260208529811 12.9111248139412 12.258358001709 11.5729940475956 11.8595606588548 12.3749991386167 13.2266360252134 14.0688640225318 14.6797101728378 15.0263511288551 16.2078565474479 17.7465155047755 17.6924872552195 17.1208566696413 16.2100695333173
-9999 -9999 -9999 -9999 -9999 -9999 -9999 11.9984213306058 12.7748308181763 12.5141614483249 12.025580990699 9.74898073750158 6.23915595393027 5.18605689079531 4.96644467692221 4.32939424822407 3.12452214764011 1.44409670368318 0.965540732106855 0.79225097164031 0.846809571789157 1.0162960175545 1.3625008367723 2.89916709161574 3.60132728084441 7.38797006299419 9.95150529184649 11.7119474872466 9.94807684806085 6.1978190329767 4.62631957761703 4.41529086328322 3.9842904613864 4.66740623597176 6.70620616789787 8.74072991648028 9.58676147460938 9.45343749753891 9.42974047507009 9.75265945926789 10.4874541682582 11.2923055771858 12.9518263416906 14.8336451591984 16.4822715020949 17.4966012277911 18.8779670346168 17.9192999255273 16.4547881618623 15.4555773735046 15.2762719431231 14.726476915421 13.5739011456889 14.0851556101153 15.0701900912869 16.324207521254 16.9935905087379 17.0977921639719 16.9419946978169 17.070154728428 18.1138741431698 17.5538649712839 16.5102364170936
-9999 -9999 -9999 -9999 -9999 -9999 -9999 -9999 -9999 13.2619859633907 12.7806587219238 11.8887586285991 10.2870251132596 8.15541821141397 6.49983690631005 5.17371208437027 3.91132853108068 2.13940666567895 1.15582447667276 0.943126309302545 0.988514992498582 1.16316198533581 1.90484145379836 3.26059778275028 4.33661642382222 8.06065248673962 10.5970916132773 12.5819732296851 13.3664463258559 10.5558847919587 7.24400077327605 5.50197107561173 4.97742666736726 6.04137331439603 8.65252402520949 10.6463927915019 12.3320067005773 12.4044618452749 11.3261119165728 10.8630337253694 11.0329397570702 11.7746236555038 13.3404803122244 15.228673688827 16.9822131433795 18.4346132893716 19.8316629625136 19.3676900248374 18.517525242221 17.6757563621767 16.9796709552888 16.1053070714397 15.1487926206281 15.0491452217102 16.1707441422247 17.7269829165551 18.8592343945657 18.8602616248592 17.6892674353815 17.4415088776619 -9999 -9999 -9999
-9999 -9999 -9999 -9999 -9999 -9999 -9999 -9999 -9999 -9999 14.1759037356223 14.2751098909686 13.6312247860816 12.516990969258 10.2669328258884 6.56726194197132 4.06528509816816 2.7153009599255 1.59750055497692 1.14039833314957 1.09172845655872 1.29524132513231 2.3149242401123 3.32142836047757 4.7740103198636 8.70822921875985 11.1609417084725 13.7097817390196 15.2335046183678 14.0521121178904 11.0593536746117 9.1487278784475 7.78827175017326 8.67117100377237 9.77465528057468 11.5839784068446 13.9258027538177 14.9886929604315 13.9595216320407 12.2505257360397 11.9953023233721 12.5797551062799 13.9982563141854 16.1113791927215 17.5038042068481 18.8451420107195 20.3649573479929 19.990504510941 19.4741184173092 19.2548560942373 18.6413382868613 17.6311124524763 16.705744066546 15.8543096511595 16.9198939261898 19.034545452364 19.7534757275735 19.7729783981077 18.1809848816164 -9999 -9999 -9999 -9999
-9999 -9999 -9999 -9999 -9999 -9999 -9999 -9999 -9999 -9999 16.2972104780136 16.1085062642251 15.6137052659065 14.4914014877812 11.5873792094569 8.30733206964308 4.05767400803105 3.09202698738344 1.77010785379717 1.24935137841009 1.30836216095955 1.50604924848003 2.79462568221554 3.39114238369849 5.72502991460985 9.17671797352453 11.1874708975515 14.2530220708539 16.7174328219506 15.8929436283727 14.034536884677 11.9364332383679 10.5988968572309 10.1461078274635 10.4160790597239 11.7983523338072 14.7984828333701 16.4369530831614 16.3003392988636 15.7909826155632 13.9476844418433 13.7551152167782 14.5414193984001 15.9313222823604 17.1506619607249 -9999 -9999 20.079223586667 20.0282828269466 19.5716919437532 19.3514026518791 18.6146124409091 18.484960586794 17.7526321411133 18.2629308392925 19.8002676040896 21.0255921425358 -9999 -9999 -9999 -9999 -9999 -9999
-9999 -9999 -9999 -9999 -9999 -9999 -9999 -9999 -9999 -9999 16.8755272434604 16.9379704229293 16.8076337383639 14.5635299682617 11.4933329089995 8.63305411800262 4.31331456092096 3.3417603277391 2.1510701025686 1.69258631429365 1.84615652022823 2.22416324000205 3.20896868551931 3.51185884783345 6.36510049143145 8.77945389286164 10.9354278502926 13.7785275982272 15.5220359679191 17.0843348195476 15.8100500875904 14.3259768947478 12.2758414668422 11.0350267964025 11.1476728993077 11.8978162580921 14.2696306782384 16.1286399441381 17.4425995426793 17.1040064903998 15.2297629694785 14.5588375522244 14.8425364955779 15.7069589553341 -9999 -9999 -9999 -9999 -9999 -9999 19.4398819400418 19.1962584833945 18.6780947716005 19.0354790533743 19.3939558921322 20.7421419697423 21.4683958330462 -9999 -9999 -9999 -9999 -9999 -9999
-9999 -9999 -9999 -9999 -9999 -9999 -9999 -9999 -9999 -9999 -9999 17.6348605925037 15.9083754477962 13.8002639893563 11.1189607804821 8.47250600014963 4.33196750763924 3.38728326366794 2.65197040188697 1.97464976772185 2.20358657836914 2.8601551671182 3.46812039036905 4.29664599510931 6.8629386655746 8.66242070351877 9.91029493270382 12.1277483355614 14.8086530623897 17.8595349711757 17.1973306901993 15.7887380046229 13.6615552594585 12.6614353733678 11.9708578663488 12.5361462869952 13.871999309909 16.02227598621 17.9082868945214 16.9795600521949 16.1719464640464 15.2942602096065 -9999 -9999 -9999 -9999 -9999 -9999 -9999 -9999 -9999 -9999 18.8608024351058 20.0093127989 20.6328643675773 21.0886430125083 21.6283989721729 -9999 -9999 -9999 -9999 -9999 -9999
-9999 -9999 -9999 -9999 -9999 -9999 -9999 -9999 -9999 -9999 -9999 -9999 14.9594382009199 13.2442593113069 10.4633183325491 8.2088573209701 4.55852077853295 3.56790013467112 3.14622226838143 2.78822621991557 2.92699241638184 3.38064489056987 3.64987650225239 4.80361101704259 7.66720384167087 9.18351228775517 10.3693679071242 12.0931523230768 14.374733109628 16.7455887333039 18.0527359131844 16.9761198259169 15.7472481573782 14.1568780406829 13.2631908385984 13.3763552634947 13.6095151593608 -9999 -9999 -9999 -9999 -9999 -9999 -9999 -9999 -9999 -9999 -9999 -9999 -9999 -9999 -9999 -9999 -9999 21.3691190442731 21.2987771341878 -9999 -9999 -9999 -9999 -9999 -9999 -9999
-9999 -9999 -9999 -9999 -9999 -9999 -9999 -9999 -9999 -9999 -9999 -9999 14.871604488742 12.5551105622322 10.2170656265751 8.31594099537019 4.78330152265487 3.77040789204259 3.6698619473365 3.43720171528478 3.5250607152139 3.64840999726326 3.79818725585938 6.16039042319021 8.9532376258604 9.90910877720002 10.8348796290736 12.4127005915488 14.9062155754335 18.4217131830031 19.2417454258088 18.2328471368359 16.8959917253064 15.4961570001418 14.1700237643334 13.9276894600161 13.6468689210953 -9999 -9999 -9999 -9999 -9999 -9999 -9999 -9999 -9999 -9999 -9999 -9999 -9999 -9999 -9999 -9999 -9999 -9999 -9999 -9999 -9999 -9999 -9999 -9999 -9999 -9999
-9999 -9999 -9999 -9999 -9999 -9999 -9999 -9999 -9999 -9999 -9999 16.6382439521051 15.2834667082756 12.6374289912562 10.3430478803573 8.54209169264763 5.95546910070604 4.28785196427376 4.29105746361517 4.22258949279785 4.16582504395516 3.91840990128056 4.74795389175415 7.37628296882875 9.08564549107705 10.2077624413275 11.7735641233383 13.5965744756883 16.0125342030679 18.8094143713674 19.7480637488827 18.9587670141651 17.5939899259998 16.7797536542339 14.945412851149 -9999 -9999 -9999 -9999 -9999 -9999 -9999 -9999 -9999 -9999 -9999 -9999 -9999 -9999 -9999 -9999 -9999 -9999 -9999 -9999 -9999 -9999 -9999 -9999 -9999 -9999 -9999 -9999
-9999 -9999 -9999 -9999 -9999 -9999 -9999 -9999 -9999 -9999 -9999 16.6370640108662 15.3139000554239 12.6354266597379 10.3715599429223 9.01618722177321 7.49462000016243 5.95622105752268 5.64384157426896 5.62789600126205 5.47675091220487 5.45674714734477 6.70677495771839 8.16986711563603 9.20463254374842 10.3171175218398 12.1031758708339 14.0924179323258 16.1176021329818 19.0271381562756 20.0765305026885 18.9019980122966 18.2267975038098 -9999 -9999 -9999 -9999 -9999 -9999 -9999 -9999 -9999 -9999 -9999 -9999 -9999 -9999 -9999 -9999 -9999 -9999 -9999 -9999 -9999 -9999 -9999 -9999 -9999 -9999 -9999 -9999 -9999 -9999
-9999 -9999 -9999 -9999 -9999 -9999 -9999 -9999 -9999 -9999 -9999 16.3305699133104 15.2137227827503 12.7080832142984 10.6343082304924 9.70180591460197 8.97249843228248 8.55495929718018 8.83060762959142 9.42407351155435 9.7693748781758 9.51709178186232 9.20505886693155 9.54048165967388 9.80372741145472 10.9569606165732 12.6326476681617 14.3008565287436 15.8112961861395 -9999 -9999 -9999 -9999 -9999 -9999 -9999 -9999 -9999 -9999 -9999 -9999 -9999 -9999 -9999 -9999 -9999 -9999 -9999 -9999 -9999 -9999 -9999 -9999 -9999 -9999 -9999 -9999 -9999 -9999 -9999 -9999 -9999 -9999
-9999 -9999 -9999 -9999 -9999 -9999 -9999 -9999 -9999 -9999 -9999 16.284493846278 15.1410985146799 12.8456053887644 10.9847103857225 10.2533110034081 9.70460334900887 9.35978655661306 9.92118801609162 10.654437711162 11.9332872206165 13.1768298764383 13.4073139006092 12.4694902666153 12.1282554134246 12.6392194686397 14.1040182421284 14.939584701292 -9999 -9999 -9999 -9999 -9999 -9999 -9999 -9999 -9999 -9999 -9999 -9999 -9999 -9999 -9999 -9999 -9999 -9999 -9999 -9999 -9999 -9999 -9999 -9999 -9999 -9999 -9999 -9999 -9999 -9999 -9999 -9999 -9999 -9999 -9999
