Rscript/monthly_maps/SnowDepthMapFile-min-1989-12.asc
ncols 320 
nrows 361 
xllcorner 618410.159 
yllcorner 5088785.286 
cellsize 100 
NODATA_value -9999 
[rows 275 to 299 of 361, columns 168 to 223 of 320]
197.329391479492 213.2734375 234.811111450195 250.939788818359 253.524597167969 220.544174194336 184.38427734375 144.001449584961 118.395492553711 103.45581817627 98.8353271484375 90.425178527832 101.023445129395 111.469047546387 138.940460205078 157.419250488281 180.647979736328 202.791641235352 224.943756103516 231.789291381836 245.688613891602 248.250625610352 248.32438659668 247.806030273438 247.109848022461 248.613922119141 248.405426025391 247.511535644531 247.967514038086 264.503234863281 283.438690185547 276.219299316406 234.555068969727 205.368667602539 181.333023071289 162.528610229492 139.177795410156 119.684104919434 98.9497222900391 50.8517951965332 22.2185840606689 0 0 0 0 0 0 0 0 0 0 0 0 0 0 0
223.282516479492 239.2607421875 257.571807861328 271.307983398438 247.973648071289 210.060958862305 183.783218383789 162.008422851562 147.90478515625 147.584808349609 132.233062744141 127.222175598145 133.071197509766 147.46076965332 160.323501586914 179.437133789062 195.320266723633 219.591293334961 221.774337768555 238.844085693359 249.95442199707 252.247833251953 252.227813720703 251.747146606445 251.898162841797 252.661987304688 254.103149414062 255.116027832031 257.470153808594 267.394714355469 267.901275634766 263.376068115234 230.162002563477 189.357925415039 167.269821166992 150.452224731445 124.541603088379 106.79174041748 64.8508682250977 30.5511150360107 0 0 0 0 0 0 0 0 0 0 0 0 0 0 0 0
249.862411499023 266.727569580078 276.362854003906 277.387573242188 249.441360473633 206.305603027344 185.907379150391 161.608993530273 169.758392333984 157.506652832031 167.409378051758 165.056564331055 167.672409057617 180.582733154297 180.548980712891 197.691925048828 216.049087524414 225.678817749023 227.975997924805 244.286209106445 254.626480102539 256.430450439453 256.612396240234 256.64697265625 257.493041992188 259.658660888672 261.132232666016 268.692657470703 270.459686279297 273.069274902344 265.42578125 228.272201538086 198.170135498047 175.012649536133 157.014129638672 155.707489013672 114.177131652832 89.8469772338867 37.932918548584 3.8478729724884 0 0 0 0 0 0 0 0 0 0 0 0 0 0 0 0
273.319488525391 282.302978515625 293.010955810547 275.941131591797 243.684631347656 204.634841918945 185.585113525391 175.143615722656 171.792617797852 171.300765991211 168.492111206055 188.735794067383 193.352447509766 197.422576904297 201.258514404297 210.983856201172 223.816680908203 230.516372680664 239.847686767578 252.926818847656 262.138977050781 264.857849121094 265.690032958984 267.230072021484 268.627166748047 269.874633789062 276.223327636719 274.91943359375 269.570861816406 265.773986816406 244.553161621094 220.290298461914 181.262344360352 159.044799804688 144.665649414062 121.338859558105 102.683174133301 51.4599685668945 17.4170589447021 0 0 0 0 0 0 0 0 0 0 0 0 0 0 0 0 0
301.154235839844 328.822479248047 322.671630859375 273.858001708984 246.581329345703 207.381866455078 185.533935546875 190.137496948242 187.92497253418 182.853088378906 186.810043334961 213.221527099609 224.996658325195 227.891738891602 221.071166992188 221.542877197266 232.243041992188 239.530456542969 245.353515625 264.216094970703 275.380310058594 282.386352539062 287.746215820312 289.903656005859 291.202209472656 286.922393798828 281.165222167969 260.625762939453 256.035461425781 227.873672485352 223.50439453125 186.005172729492 159.865600585938 152.883529663086 117.542877197266 103.865829467773 61.3626976013184 25.5869026184082 0 0 0 0 0 0 0 0 0 0 0 0 0 0 0 0 0 0
313.308807373047 343.592926025391 343.443298339844 281.098876953125 252.931274414062 216.356903076172 200.247283935547 205.320724487305 195.794204711914 196.727005004883 204.313064575195 233.214080810547 256.392456054688 257.348846435547 249.462600708008 242.818023681641 246.613250732422 249.840560913086 260.620697021484 280.483673095703 298.121002197266 301.525360107422 298.954406738281 299.901763916016 296.659729003906 269.86376953125 259.406646728516 224.171829223633 213.167861938477 184.658508300781 172.267974853516 156.46354675293 132.041961669922 113.137672424316 96.7306442260742 49.44384765625 22.6595764160156 0 0 0 0 0 0 0 0 0 0 0 0 0 0 0 0 0 0 0
301.434478759766 341.457550048828 354.051879882812 290.372528076172 262.452453613281 228.433944702148 216.716735839844 223.407241821289 208.173934936523 211.556167602539 223.214462280273 254.660018920898 279.213928222656 282.840240478516 268.932739257812 260.796813964844 258.662414550781 267.456237792969 285.386260986328 299.980377197266 303.241088867188 302.656585693359 288.578460693359 285.459899902344 267.541534423828 231.17366027832 221.017379760742 184.345748901367 160.418121337891 145.906158447266 127.085334777832 118.822151184082 106.907073974609 84.2166213989258 31.9140186309814 12.3007612228394 0 0 0 0 0 0 0 0 0 0 0 0 0 0 0 0 0 0 0 0
297.332885742188 337.671051025391 356.785522460938 296.227874755859 268.05615234375 249.238998413086 239.909469604492 231.567855834961 219.965545654297 232.959823608398 246.498107910156 262.780426025391 297.099365234375 301.632659912109 297.010589599609 290.331604003906 287.867919921875 293.710540771484 301.108947753906 305.298858642578 310.061340332031 292.753784179688 267.196319580078 225.525299072266 218.974075317383 191.6533203125 173.462829589844 152.026062011719 124.117156982422 108.717811584473 99.8773422241211 88.2855072021484 53.1106491088867 21.9343700408936 0 0 0 0 0 0 0 0 0 0 0 0 0 0 0 0 0 0 0 0 0 0
294.387542724609 354.490417480469 339.743835449219 298.756561279297 270.380920410156 256.443572998047 253.775833129883 244.665725708008 244.251205444336 250.786499023438 262.007202148438 283.955261230469 302.34423828125 306.349487304688 307.015319824219 302.918914794922 300.997528076172 304.258026123047 319.005493164062 319.833282470703 296.263702392578 257.063293457031 235.76692199707 195.955703735352 175.863388061523 161.098098754883 147.854507446289 123.418960571289 105.403137207031 90.8786163330078 49.1392593383789 19.1562042236328 10.8602027893066 0 0 0 0 0 0 0 0 0 0 0 0 0 0 0 0 0 0 0 0 0 0 0
302.175323486328 355.191955566406 341.250793457031 304.641906738281 284.068817138672 276.474212646484 271.267730712891 255.664245605469 261.238891601562 267.784118652344 288.208679199219 299.119262695312 303.433746337891 319.236968994141 328.456329345703 320.947326660156 318.368743896484 330.583374023438 335.940277099609 303.306579589844 271.715545654297 247.456893920898 205.70573425293 181.515914916992 159.282104492188 143.740142822266 119.030128479004 105.274208068848 90.9688034057617 45.8395919799805 17.4036693572998 0 0 0 0 0 0 0 0 0 0 0 0 0 0 0 0 0 0 0 0 0 0 0 0 0
328.788146972656 351.018432617188 360.019622802734 311.272583007812 294.882873535156 295.187438964844 286.173828125 276.523559570312 273.110748291016 281.622955322266 296.551940917969 303.610778808594 304.756195068359 330.697113037109 343.243530273438 342.265502929688 342.561614990234 342.550354003906 338.103668212891 294.482757568359 262.162322998047 230.888076782227 196.399047851562 174.284439086914 149.417739868164 130.875595092773 103.957206726074 90.1244659423828 63.5413780212402 26.9816417694092 0 0 0 0 0 0 0 0 0 0 0 0 0 0 0 0 0 0 0 0 0 0 0 0 0 0
342.926879882812 363.828033447266 361.08154296875 323.003601074219 301.893341064453 300.314453125 297.156097412109 285.612335205078 305.451904296875 309.785430908203 309.216278076172 309.194702148438 322.41455078125 341.559143066406 367.360260009766 372.157379150391 366.150573730469 348.143737792969 305.924011230469 264.470886230469 245.428268432617 208.780212402344 188.618774414062 166.746185302734 144.789337158203 115.691177368164 95.6638031005859 67.3468551635742 36.2573852539062 16.4609298706055 0 0 0 0 0 0 0 0 0 0 0 0 0 0 0 0 0 0 0 0 0 0 0 0 0 0
365.191284179688 375.986480712891 360.538543701172 330.716094970703 302.244537353516 303.859558105469 300.788543701172 310.066650390625 340.497131347656 345.973419189453 339.135925292969 337.802764892578 345.623382568359 373.070983886719 390.667205810547 354.78173828125 332.524993896484 317.748748779297 266.189025878906 253.712005615234 216.435317993164 194.937515258789 177.762985229492 158.389633178711 150.814865112305 110.236389160156 79.74169921875 43.841552734375 18.3457565307617 0 0 0 0 0 0 0 0 0 0 0 0 0 0 0 0 0 0 0 0 0 0 0 0 0 0 0
366.088775634766 390.332397460938 366.867095947266 336.901824951172 325.529876708984 304.351226806641 319.289184570312 338.467926025391 386.205902099609 412.506927490234 404.648468017578 395.851409912109 399.956481933594 400.313415527344 370.206298828125 329.705535888672 290.375305175781 259.579833984375 248.553451538086 214.629943847656 194.676391601562 179.376541137695 162.985992431641 146.447723388672 121.344665527344 104.198699951172 71.1301193237305 29.9080486297607 0 0 0 0 0 0 0 0 0 0 0 0 0 0 0 0 0 0 0 0 0 0 0 0 0 0 0 0
336.962005615234 378.593139648438 373.016052246094 343.474975585938 335.072204589844 321.924560546875 331.621948242188 356.709320068359 425.240234375 454.684234619141 448.312530517578 416.530578613281 387.383544921875 359.965057373047 319.711578369141 258.543701171875 255.304336547852 238.630172729492 208.494720458984 192.786331176758 181.333312988281 164.355392456055 146.972961425781 121.062553405762 105.490730285645 78.3742218017578 48.1379318237305 19.150520324707 0 0 0 0 0 0 0 0 0 0 0 0 0 0 0 0 0 0 0 0 0 0 0 0 0 0 0 0
317.021728515625 372.888793945312 376.994812011719 353.862548828125 340.208374023438 332.766204833984 342.104156494141 376.976104736328 418.791290283203 415.444030761719 384.749786376953 346.910675048828 322.906433105469 299.973754882812 259.990905761719 256.973083496094 238.729690551758 205.80827331543 189.155319213867 179.878067016602 170.342346191406 155.39485168457 150.802536010742 108.674102783203 81.7037200927734 47.3571472167969 25.9873294830322 0 0 0 0 0 0 0 0 0 0 0 0 0 0 0 0 0 0 0 0 0 0 0 0 0 0 0 0 0
297.113586425781 357.014892578125 386.382598876953 367.418304443359 352.095977783203 350.437316894531 364.5322265625 400.39892578125 401.416442871094 353.472930908203 305.744567871094 284.463806152344 277.464996337891 257.259979248047 249.63639831543 247.131851196289 234.579986572266 200.837860107422 184.085403442383 171.30485534668 160.288833618164 146.797668457031 122.618789672852 103.230613708496 66.9120101928711 28.4518661499023 0 0 0 0 0 0 0 0 0 0 0 0 0 31.8658809661865 34.0382499694824 36.7984008789062 37.8330459594727 37.2237739562988 6.41234302520752 0 0 0 0 0 0 0 0 0 0 0
283.5869140625 334.511962890625 383.214172363281 385.1669921875 370.282257080078 371.353668212891 402.731842041016 429.547943115234 385.458374023438 323.784088134766 276.034057617188 255.075744628906 244.941772460938 239.700820922852 236.576034545898 239.842590332031 229.643707275391 202.333221435547 181.597991943359 162.054260253906 145.426620483398 136.576446533203 113.841163635254 89.4734954833984 50.7234764099121 16.7042179107666 0 0 0 0 0 0 0 0 0 0 0 33.305591583252 56.2511215209961 74.5542297363281 72.395637512207 74.8295135498047 82.1662139892578 89.4845123291016 82.8173370361328 59.5834045410156 8.08304309844971 0 0 0 0 0 0 0 0 0
262.064605712891 332.933959960938 388.597106933594 406.46630859375 401.898071289062 427.141845703125 455.533721923828 451.613372802734 362.76806640625 301.463104248047 281.160614013672 266.411346435547 234.444869995117 230.829025268555 223.085662841797 221.02326965332 215.54899597168 193.662796020508 175.394989013672 151.652084350586 135.475357055664 111.297004699707 99.2695693969727 74.4995269775391 40.1110687255859 0 0 0 0 0 0 0 0 0 0 0 0 54.2313346862793 88.4851226806641 111.331565856934 123.563148498535 123.097076416016 130.838684082031 138.377456665039 134.240875244141 115.436576843262 67.1832733154297 4.45020914077759 0 0 0 0 0 0 0 0
259.343200683594 321.775482177734 390.876098632812 439.847442626953 459.457153320312 471.318481445312 471.439361572266 420.337615966797 336.294860839844 296.257476806641 267.177795410156 251.563522338867 222.258285522461 209.647247314453 186.352661132812 182.134704589844 183.127914428711 180.531280517578 163.844451904297 143.502975463867 116.478828430176 93.6680755615234 68.3612976074219 44.5742835998535 18.0398120880127 0 0 0 0 0 0 0 0 0 0 0 23.151647567749 67.2726898193359 111.913436889648 141.277908325195 148.777282714844 153.349685668945 161.882888793945 167.826721191406 164.354797363281 140.703308105469 96.6340713500977 34.1166152954102 0 0 0 0 0 0 0 0
265.750915527344 309.1650390625 395.492645263672 466.188842773438 482.586975097656 486.358489990234 448.536804199219 376.562652587891 320.374633789062 281.657135009766 261.981567382812 247.07844543457 228.935882568359 188.884506225586 167.332992553711 156.923400878906 155.622512817383 155.932907104492 148.285308837891 145.747039794922 108.190574645996 75.5731964111328 42.3770790100098 20.4542655944824 0 0 0 0 0 0 0 0 0 0 0 28.2042617797852 49.8440895080566 92.9798965454102 132.822845458984 157.766189575195 175.086791992188 176.47314453125 181.092422485352 187.196151733398 172.615905761719 146.201797485352 106.302055358887 47.7934608459473 0 0 0 0 0 0 0 0
265.841735839844 306.624328613281 401.088531494141 476.559295654297 491.467254638672 463.323150634766 387.990356445312 321.195648193359 280.748626708984 263.286712646484 250.004776000977 243.487655639648 211.633605957031 182.405868530273 158.359512329102 140.31169128418 135.22785949707 133.902954101562 132.794342041016 118.049430847168 102.976188659668 71.3859329223633 30.3877811431885 0 0 0 0 0 0 0 0 0 0 0 34.5959701538086 54.2737045288086 75.9280700683594 107.045539855957 141.529983520508 174.595230102539 183.870635986328 198.620178222656 202.868850708008 196.599670410156 169.143096923828 139.554870605469 106.379287719727 49.2795372009277 0 0 0 0 0 0 0 0
260.527770996094 302.610443115234 394.766204833984 468.336395263672 474.031524658203 444.046875 347.403015136719 288.501190185547 258.401092529297 241.888046264648 238.854934692383 222.214157104492 193.55924987793 172.329559326172 150.928909301758 135.120193481445 122.872985839844 121.004287719727 103.907501220703 100.656295776367 85.3639526367188 55.6401863098145 19.0630264282227 0 0 0 0 0 0 0 0 0 0 22.2552967071533 61.6163635253906 88.8316879272461 109.553939819336 133.252883911133 149.806304931641 171.451782226562 199.277709960938 213.7412109375 220.751129150391 198.030899047852 166.066925048828 135.021224975586 104.088554382324 50.5580673217773 0 0 0 0 0 0 0 0
281.230834960938 292.904907226562 358.75537109375 451.221984863281 456.811248779297 426.60986328125 329.660034179688 267.219818115234 250.666366577148 242.561767578125 221.023864746094 190.047760009766 172.105270385742 155.451538085938 142.89469909668 130.086364746094 119.213874816895 93.8665008544922 80.5073547363281 67.6935653686523 64.2568893432617 33.6207695007324 0 0 0 0 0 0 0 0 0 0 29.0222206115723 56.9363479614258 102.700996398926 125.177429199219 142.19889831543 152.765121459961 165.411575317383 180.743423461914 210.585586547852 227.890045166016 234.389846801758 197.220916748047 164.122772216797 133.788864135742 105.669677734375 56.2367095947266 32.3855781555176 0 0 0 0 0 0 0
291.640472412109 283.653289794922 327.839752197266 417.024780273438 449.932586669922 422.700378417969 326.802856445312 268.567474365234 260.979827880859 239.755218505859 200.549530029297 174.77995300293 152.025588989258 138.770599365234 139.080078125 119.94554901123 96.4454193115234 76.4399337768555 62.4860725402832 48.251277923584 28.2957363128662 0 0 0 0 0 0 0 0 0 0 0 22.0573902130127 65.2249984741211 118.083557128906 146.824569702148 161.090698242188 177.046447753906 181.279083251953 194.112014770508 225.292007446289 241.765533447266 237.480041503906 194.021728515625 161.935180664062 135.810607910156 117.33763885498 77.395866394043 42.9806098937988 5.04828500747681 0 0 0 0 0 0
