Rscript/monthly_maps/SnowDepthMapFile-q25-1989-12.asc
ncols 320 
nrows 361 
xllcorner 618410.159 
yllcorner 5088785.286 
cellsize 100 
NODATA_value -9999 
[rows 75 to 99 of 361, columns 56 to 111 of 320]
244.992523193359 244.662506103516 244.976234436035 240.691207885742 232.678009033203 231.448387145996 225.217445373535 229.253593444824 229.082786560059 217.063529968262 207.298965454102 199.889686584473 194.045738220215 176.807411193848 160.311447143555 157.974533081055 147.724517822266 159.432281494141 192.11693572998 259.977096557617 297.325546264648 337.259841918945 375.755081176758 403.500076293945 436.977478027344 441.89128112793 478.647018432617 492.791320800781 498.0703125 488.847640991211 484.917999267578 512.798721313477 572.214630126953 636.115020751953 672.462036132812 653.219482421875 631.463317871094 617.532897949219 624.938232421875 665.356506347656 750.564819335938 810.211456298828 792.075805664062 742.744049072266 721.704528808594 698.931793212891 684.421295166016 675.200134277344 656.505676269531 653.54248046875 649.863494873047 645.93212890625 640.203979492188 635.694274902344 616.077758789062 606.112091064453
246.12264251709 243.894493103027 242.678581237793 240.664894104004 240.61595916748 241.363998413086 241.769172668457 240.122276306152 235.309234619141 224.569038391113 202.307914733887 192.786697387695 188.361587524414 187.794319152832 154.419921875 154.846130371094 159.16869354248 155.423187255859 165.56941986084 196.368690490723 269.782241821289 336.356597900391 377.250701904297 407.877716064453 434.49137878418 450.338119506836 471.617874145508 478.766555786133 481.87548828125 485.642440795898 506.568954467773 550.121978759766 624.063079833984 676.374450683594 676.526336669922 652.889831542969 644.21533203125 629.033660888672 619.414093017578 653.5751953125 713.371063232422 769.025512695312 794.004486083984 763.833099365234 719.779144287109 698.234100341797 681.705535888672 674.962341308594 657.359161376953 652.965270996094 646.285491943359 640.771514892578 637.407958984375 618.289947509766 612.823791503906 605.278930664062
244.707565307617 238.39274597168 233.989387512207 232.117401123047 234.271759033203 243.18091583252 244.717933654785 242.704528808594 232.395248413086 215.170555114746 202.114059448242 183.06721496582 180.179763793945 183.026184082031 164.567558288574 152.683547973633 157.54850769043 160.91869354248 165.311798095703 196.245010375977 229.0419921875 306.869369506836 377.710296630859 415.33708190918 431.723434448242 450.612197875977 463.180267333984 473.854614257812 493.247375488281 513.077743530273 547.474731445312 602.97216796875 650.955352783203 675.373992919922 666.368103027344 649.562225341797 644.010772705078 641.6708984375 617.879028320312 628.309478759766 686.130310058594 735.481597900391 791.364135742188 754.657806396484 713.865173339844 683.357177734375 678.313110351562 672.879028320312 656.763946533203 651.161407470703 642.510101318359 639.711059570312 634.117126464844 620.9990234375 612.457397460938 605.306427001953
233.720443725586 229.130477905273 229.054153442383 230.400169372559 230.269409179688 243.956809997559 249.430145263672 232.971626281738 214.742881774902 208.297302246094 201.014610290527 184.217414855957 181.029930114746 180.207160949707 173.629753112793 150.60848236084 154.304725646973 161.900917053223 167.510314941406 188.247589111328 218.397018432617 279.615875244141 359.224273681641 394.236465454102 414.6201171875 447.743789672852 465.735275268555 496.530166625977 519.722320556641 549.722351074219 593.406402587891 633.798309326172 665.253479003906 641.676391601562 643.842651367188 641.038269042969 639.398773193359 621.883697509766 615.252532958984 616.775543212891 644.705841064453 732.272888183594 749.269073486328 749.456848144531 724.953399658203 687.166137695312 680.883544921875 673.390167236328 661.175567626953 652.609375 642.721038818359 638.357727050781 624.234771728516 621.052825927734 615.256256103516 606.440277099609
235.294059753418 241.815170288086 248.048042297363 253.496795654297 253.378913879395 241.316864013672 238.463455200195 227.756080627441 219.529220581055 208.395477294922 197.537216186523 193.77823638916 177.93968963623 186.057800292969 182.695678710938 154.124404907227 154.701240539551 160.792724609375 168.548637390137 178.865112304688 205.818626403809 240.98055267334 324.098098754883 367.574081420898 400.800018310547 442.519393920898 476.95832824707 495.320571899414 522.994689941406 559.928680419922 596.169067382812 649.149688720703 646.443176269531 639.725402832031 624.201599121094 622.332214355469 620.711944580078 610.337646484375 595.033020019531 577.973876953125 626.293884277344 709.534088134766 745.761169433594 764.983154296875 742.804016113281 720.667755126953 695.883819580078 677.35009765625 661.652526855469 654.844665527344 645.049774169922 640.071380615234 628.678802490234 625.406127929688 617.824554443359 607.275085449219
322.134613037109 350.821273803711 357.370910644531 363.871154785156 319.86100769043 264.030014038086 234.086029052734 218.477615356445 210.305847167969 212.961311340332 213.278457641602 202.226455688477 179.56706237793 181.598876953125 191.403182983398 165.308555603027 157.87801361084 158.470794677734 168.039497375488 173.568130493164 186.927398681641 212.943077087402 281.297317504883 337.037292480469 376.172744750977 415.924835205078 456.261413574219 489.529251098633 500.512329101562 537.360870361328 594.259460449219 644.690979003906 641.058441162109 634.212524414062 614.453216552734 613.617980957031 612.872375488281 609.667114257812 600.7568359375 564.397918701172 579.919281005859 657.710906982422 733.308746337891 799.764404296875 767.296539306641 740.406494140625 715.085632324219 696.701965332031 665.692504882812 658.8369140625 648.410400390625 641.795928955078 631.484252929688 626.070037841797 618.642150878906 608.540069580078
385.633316040039 395.701629638672 404.13427734375 409.739135742188 387.32307434082 316.620407104492 238.637405395508 221.17798614502 209.633361816406 205.836540222168 210.907936096191 213.730926513672 198.785522460938 183.674041748047 182.250526428223 171.258529663086 156.232238769531 154.231773376465 157.054306030273 164.033081054688 168.563148498535 191.409934997559 218.553153991699 313.411636352539 347.842346191406 379.928131103516 413.291046142578 450.412719726562 484.861694335938 514.153869628906 592.077301025391 621.723358154297 635.104156494141 613.960693359375 611.957794189453 611.055511474609 610.322387695312 605.933715820312 587.552032470703 561.111846923828 570.287933349609 628.541839599609 725.305847167969 810.760711669922 786.56689453125 745.927307128906 721.589965820312 707.599700927734 689.95654296875 662.864105224609 655.972229003906 646.006927490234 633.092681884766 626.029541015625 617.472747802734 608.224151611328
422.989791870117 432.917236328125 449.208221435547 438.304351806641 408.056411743164 371.522033691406 277.456802368164 227.396072387695 219.779800415039 208.732696533203 204.819953918457 208.621299743652 212.728790283203 188.439498901367 184.084396362305 181.88208770752 149.927124023438 147.483001708984 148.413528442383 155.344314575195 166.463592529297 171.698944091797 181.727737426758 278.419052124023 328.646865844727 363.608749389648 392.99299621582 414.169692993164 454.18717956543 499.856750488281 585.143310546875 615.30029296875 615.987121582031 607.929290771484 605.426147460938 606.26171875 604.979034423828 601.39501953125 587.701568603516 573.661895751953 565.185424804688 597.504486083984 685.848205566406 770.8115234375 809.997253417969 762.989227294922 728.743225097656 709.756164550781 698.842620849609 687.498046875 661.373687744141 653.244049072266 635.561859130859 626.630126953125 615.548858642578 605.971343994141
456.522079467773 475.975051879883 489.87060546875 466.275009155273 428.515823364258 389.687316894531 350.811752319336 256.754913330078 230.278465270996 219.372833251953 205.839233398438 201.474723815918 206.393783569336 205.926162719727 181.856834411621 180.359016418457 149.397483825684 143.411827087402 141.568084716797 147.4501953125 159.637245178223 153.512954711914 177.663246154785 225.953369140625 306.597091674805 345.634475708008 364.679489135742 400.021820068359 427.614929199219 472.115982055664 563.132415771484 593.725982666016 608.097686767578 591.064086914062 589.145202636719 589.533996582031 604.342010498047 592.507720947266 601.929016113281 584.188751220703 563.53564453125 578.224731445312 640.724517822266 744.182769775391 818.648986816406 787.575500488281 748.258819580078 714.107055664062 704.833160400391 698.103820800781 686.308715820312 659.504608154297 645.015594482422 628.572326660156 615.36474609375 601.670959472656
493.313323974609 525.569091796875 523.320404052734 489.719757080078 450.378372192383 415.10302734375 387.896179199219 318.360916137695 254.205665588379 230.429107666016 217.890487670898 207.050239562988 198.834938049316 204.289451599121 200.438385009766 184.130363464355 163.127159118652 140.664428710938 142.546340942383 141.283668518066 151.878349304199 146.725860595703 159.836082458496 186.951232910156 278.161163330078 327.003540039062 362.968688964844 383.15348815918 419.714447021484 464.124908447266 552.467620849609 581.557830810547 577.598999023438 580.474426269531 575.061767578125 598.115081787109 585.972839355469 586.519226074219 584.553436279297 562.602874755859 563.988311767578 578.0185546875 636.043121337891 721.020874023438 751.712524414062 774.736389160156 762.570831298828 725.649993896484 719.438995361328 708.562622070312 701.929901123047 680.992950439453 651.289642333984 633.205078125 618.873809814453 602.346862792969
556.056732177734 547.276275634766 529.547332763672 500.336990356445 471.460037231445 440.216720581055 410.022689819336 383.889526367188 318.557891845703 256.417053222656 231.302947998047 216.778114318848 204.437309265137 199.742813110352 203.607467651367 197.407615661621 184.414283752441 147.721214294434 139.52653503418 137.232238769531 142.977272033691 136.17578125 145.559417724609 172.19083404541 229.048431396484 323.432418823242 364.352294921875 385.405120849609 419.135971069336 463.886489868164 525.16552734375 551.2255859375 564.084655761719 563.556335449219 573.322814941406 577.959533691406 577.703674316406 580.421630859375 569.117279052734 558.573852539062 564.037933349609 578.42041015625 635.31494140625 696.430603027344 733.399047851562 739.204284667969 726.078369140625 690.089416503906 693.075592041016 722.351806640625 713.492950439453 696.469696044922 667.352905273438 638.870361328125 624.117706298828 604.977233886719
597.749908447266 550.033416748047 524.209777832031 504.856292724609 487.399139404297 463.060989379883 433.346282958984 405.251907348633 386.697463989258 315.24072265625 254.82258605957 231.442344665527 214.190269470215 198.094108581543 200.14973449707 200.065216064453 195.379653930664 155.471649169922 144.384864807129 140.997200012207 135.652618408203 129.082008361816 137.418418884277 157.800926208496 185.447616577148 297.976257324219 357.145935058594 377.437194824219 413.483993530273 459.254867553711 502.592636108398 531.710479736328 550.295074462891 549.375030517578 570.275451660156 559.308654785156 569.79296875 560.492584228516 557.123199462891 537.097595214844 555.78515625 593.682556152344 628.930725097656 675.270538330078 691.981781005859 709.51806640625 679.026336669922 673.736206054688 684.864135742188 703.284088134766 692.464508056641 706.782623291016 689.903717041016 660.845886230469 631.305725097656 608.768218994141
622.202728271484 575.428283691406 542.643005371094 509.43034362793 497.959030151367 478.752136230469 459.352066040039 428.038238525391 404.462127685547 378.236694335938 282.319671630859 233.375717163086 221.239753723145 204.646270751953 200.162605285645 195.311218261719 195.736175537109 169.847938537598 152.846420288086 139.444236755371 131.911186218262 129.250862121582 128.768600463867 135.847709655762 175.93480682373 250.708343505859 333.315490722656 368.898635864258 380.884429931641 426.442092895508 482.379928588867 514.069976806641 529.375427246094 543.292907714844 544.544494628906 546.803680419922 544.869995117188 553.285400390625 532.228454589844 532.263824462891 540.929016113281 569.425842285156 619.887237548828 651.790679931641 673.871337890625 672.698120117188 623.460083007812 620.778686523438 617.867584228516 649.189849853516 682.127105712891 682.216857910156 697.486633300781 662.414367675781 638.989593505859 624.453826904297
646.158142089844 610.615875244141 582.588104248047 560.319915771484 526.599884033203 504.64990234375 477.591934204102 451.227890014648 422.755325317383 391.971878051758 322.134048461914 249.03596496582 225.343338012695 207.822570800781 199.299201965332 195.03271484375 194.375030517578 174.765670776367 163.210868835449 149.024406433105 137.398887634277 132.609970092773 122.036911010742 130.252670288086 153.138061523438 203.323402404785 293.325134277344 334.697174072266 367.406707763672 404.752487182617 447.001800537109 484.935562133789 508.69987487793 519.861663818359 520.223083496094 520.597015380859 528.787841796875 530.119384765625 521.803894042969 527.787536621094 532.692718505859 566.290679931641 593.48828125 624.726684570312 647.979858398438 630.153869628906 615.46923828125 588.850372314453 583.989471435547 587.355590820312 621.196014404297 664.553436279297 673.987640380859 655.264434814453 657.930419921875 641.916717529297
650.819458007812 620.013580322266 602.880828857422 572.460205078125 560.186828613281 532.873077392578 503.087326049805 469.61393737793 436.52473449707 403.269607543945 357.327117919922 253.999176025391 226.997184753418 208.773368835449 201.194236755371 196.99047088623 195.031303405762 185.996124267578 165.782325744629 158.789237976074 151.110786437988 135.585220336914 121.795013427734 123.660087585449 132.049095153809 171.276863098145 245.869651794434 322.235641479492 358.820083618164 392.076416015625 432.068511962891 468.261734008789 493.94270324707 496.14567565918 497.768142700195 500.265563964844 505.726943969727 507.816299438477 517.796325683594 521.235778808594 526.042816162109 547.605346679688 571.862823486328 597.911987304688 602.536987304688 617.351501464844 589.532012939453 568.655670166016 554.771087646484 538.113372802734 556.140960693359 588.726715087891 620.455718994141 639.439117431641 648.177703857422 639.459228515625
639.494995117188 610.527862548828 594.319915771484 589.968078613281 565.058013916016 554.359130859375 528.314117431641 495.988479614258 458.186233520508 414.312347412109 367.732284545898 263.534072875977 231.664253234863 214.95320892334 206.22883605957 201.452880859375 193.287033081055 189.619705200195 186.208694458008 169.428047180176 158.211669921875 144.720672607422 137.491943359375 127.670562744141 132.51586151123 159.390419006348 200.271011352539 302.148788452148 348.526809692383 386.463607788086 421.993255615234 451.387115478516 466.440139770508 466.227111816406 465.443923950195 467.490036010742 477.076675415039 483.158538818359 510.168930053711 513.944763183594 526.470092773438 539.466430664062 560.989135742188 560.453063964844 567.308502197266 573.286010742188 584.245086669922 559.19580078125 552.599578857422 528.150909423828 523.230285644531 533.27197265625 554.769012451172 571.695434570312 584.286468505859 612.609252929688
620.700531005859 592.071258544922 585.611785888672 580.648468017578 561.907806396484 560.298187255859 532.114990234375 510.954498291016 469.706298828125 424.663269042969 376.845993041992 278.428497314453 234.54207611084 225.609031677246 213.770126342773 205.570373535156 197.11547088623 188.836624145508 189.657531738281 172.019233703613 170.209846496582 156.538902282715 141.733955383301 141.690780639648 136.52702331543 150.196968078613 186.055702209473 249.182250976562 329.420166015625 365.528884887695 408.979629516602 423.436447143555 441.986877441406 442.191070556641 440.583633422852 444.807739257812 455.382858276367 468.18684387207 483.727416992188 496.045394897461 523.124572753906 522.717132568359 528.065185546875 529.063598632812 537.164520263672 534.940460205078 536.369171142578 547.517211914062 530.421691894531 527.162292480469 517.018890380859 516.435699462891 522.464660644531 522.674621582031 523.689514160156 533.393676757812
615.908660888672 591.720123291016 585.868377685547 579.384094238281 558.329315185547 556.241973876953 546.267120361328 519.18212890625 482.40983581543 436.211761474609 390.74201965332 312.339019775391 235.080360412598 226.337936401367 220.510612487793 208.944267272949 201.517822265625 197.780975341797 193.873588562012 191.748626708984 173.974548339844 165.965034484863 143.913124084473 141.719612121582 138.708618164062 147.351211547852 177.780937194824 216.754875183105 309.775039672852 354.186660766602 384.011413574219 411.705047607422 414.897964477539 414.356216430664 414.52848815918 418.795349121094 430.784393310547 442.833526611328 471.588226318359 482.827072143555 492.301132202148 497.746124267578 497.409606933594 501.415740966797 502.895095825195 504.958694458008 502.079727172852 502.314697265625 510.938735961914 514.558410644531 509.411437988281 509.988067626953 498.479110717773 494.160354614258 485.608856201172 485.71305847168
612.163238525391 595.072845458984 586.921630859375 580.636993408203 556.808166503906 551.462524414062 525.705230712891 512.411804199219 479.26350402832 451.606338500977 418.503433227539 368.736801147461 267.778167724609 231.664222717285 223.595901489258 213.555114746094 207.470832824707 200.350509643555 199.27335357666 196.651557922363 188.997833251953 170.003402709961 153.001670837402 139.124244689941 134.528205871582 145.885398864746 163.190933227539 197.285232543945 237.164375305176 315.762969970703 353.949508666992 383.155395507812 397.961975097656 396.960540771484 399.523056030273 407.165130615234 416.555740356445 427.193130493164 442.514053344727 445.953277587891 451.895431518555 459.446014404297 481.924682617188 493.848449707031 497.238021850586 494.564117431641 485.279739379883 482.756927490234 487.644790649414 481.977264404297 479.692687988281 485.366409301758 489.482315063477 476.479705810547 450.629653930664 445.079452514648
600.012847900391 589.650024414062 585.110046386719 566.738494873047 560.404724121094 549.052947998047 519.167999267578 507.645721435547 479.101760864258 472.025482177734 444.727996826172 402.633850097656 299.756103515625 234.285102844238 229.055595397949 220.332099914551 212.031776428223 206.438812255859 204.368949890137 196.795310974121 194.265823364258 181.669052124023 163.698112487793 139.970458984375 140.281425476074 138.573890686035 151.198593139648 174.290969848633 206.102508544922 244.391296386719 327.412689208984 360.391204833984 370.872299194336 371.180404663086 375.620895385742 382.067733764648 388.49169921875 395.533615112305 392.792861938477 398.377777099609 416.308715820312 432.731246948242 447.519638061523 479.755462646484 490.084945678711 481.18473815918 454.203475952148 445.167922973633 441.228591918945 441.218170166016 438.449981689453 443.007629394531 458.957214355469 443.577682495117 432.477355957031 423.314422607422
582.448608398438 577.433807373047 573.182403564453 568.307525634766 555.956359863281 539.626953125 522.185272216797 507.693389892578 495.093368530273 473.164855957031 463.765396118164 420.028411865234 346.624954223633 262.652099609375 238.800216674805 228.876327514648 217.970008850098 212.054595947266 209.174140930176 202.495956420898 198.109680175781 189.021255493164 170.343246459961 155.675651550293 136.542221069336 127.759643554688 142.913749694824 155.509216308594 183.122200012207 208.572525024414 240.771377563477 305.252807617188 332.598648071289 339.109664916992 355.803863525391 368.544189453125 375.796997070312 374.93522644043 372.111679077148 376.144058227539 385.34260559082 395.338607788086 424.086044311523 440.520797729492 447.679809570312 451.972290039062 439.226593017578 422.200531005859 416.685684204102 414.34619140625 413.471908569336 417.22541809082 423.295837402344 430.805892944336 415.975799560547 408.453994750977
600.244934082031 570.036682128906 567.045654296875 559.250061035156 550.489532470703 533.576782226562 522.039184570312 509.03337097168 496.082138061523 487.384521484375 464.3349609375 434.364471435547 371.806716918945 284.436218261719 247.891639709473 240.316299438477 226.501968383789 216.706764221191 211.796905517578 208.562156677246 200.133316040039 193.058242797852 178.916023254395 159.919273376465 133.802391052246 137.369766235352 132.642646789551 140.209518432617 161.294174194336 182.078735351562 205.555793762207 220.17610168457 235.175888061523 264.820587158203 298.274002075195 334.516067504883 342.134353637695 342.743392944336 342.825149536133 347.649810791016 365.799209594727 378.924011230469 386.973373413086 395.544509887695 409.714981079102 419.634750366211 412.163955688477 392.036041259766 383.845642089844 384.472274780273 383.039840698242 385.356475830078 385.728668212891 388.834197998047 397.420745849609 381.066329956055
604.056365966797 577.951477050781 570.301879882812 553.046905517578 540.698791503906 531.148406982422 523.942230224609 518.452575683594 506.28776550293 491.005416870117 461.220184326172 429.463134765625 399.681259155273 305.357727050781 270.900115966797 251.590179443359 239.29044342041 227.115341186523 217.043365478516 210.563766479492 200.672912597656 194.174850463867 172.401519775391 166.011505126953 151.289733886719 132.553688049316 130.774208068848 130.007705688477 139.099395751953 156.838958740234 169.319793701172 194.434829711914 201.722290039062 210.118263244629 228.401000976562 240.330368041992 280.417602539062 301.369613647461 315.906021118164 334.569732666016 345.037185668945 349.254043579102 349.387939453125 350.402435302734 356.892883300781 379.58642578125 380.927062988281 376.250213623047 368.296264648438 362.972213745117 358.681091308594 359.758575439453 361.497421264648 366.434478759766 369.406829833984 368.678039550781
597.189392089844 594.111572265625 581.448150634766 567.191040039062 540.348785400391 526.876647949219 520.539916992188 515.417388916016 505.147445678711 474.690795898438 459.058547973633 427.534713745117 394.516952514648 314.37565612793 285.634918212891 269.354782104492 259.69694519043 243.603813171387 226.834335327148 213.964508056641 204.391006469727 191.921318054199 181.162338256836 167.256813049316 154.422676086426 128.664115905762 127.740467071533 115.820556640625 122.093326568604 132.382102966309 151.17578125 163.303977966309 182.135787963867 189.995895385742 198.137825012207 202.796783447266 210.908157348633 220.940147399902 238.49348449707 288.441329956055 307.881820678711 323.172454833984 316.766464233398 313.156509399414 317.356887817383 338.490524291992 345.079437255859 343.900375366211 339.496871948242 334.829528808594 331.679733276367 333.60009765625 335.932418823242 337.179244995117 336.938705444336 343.024520874023
593.448120117188 594.753875732422 592.219390869141 563.541687011719 533.147613525391 520.723419189453 502.70915222168 495.114044189453 484.178268432617 463.055389404297 454.230316162109 426.812362670898 391.366424560547 331.727249145508 307.808044433594 293.383148193359 269.997589111328 262.733947753906 241.837799072266 220.474876403809 204.882759094238 192.39298248291 180.759544372559 170.54793548584 157.552207946777 142.102806091309 124.349113464355 118.507125854492 111.880611419678 115.603782653809 137.375831604004 150.637634277344 154.924949645996 161.321495056152 176.061683654785 183.527565002441 193.325668334961 199.210754394531 208.201042175293 215.603210449219 232.282775878906 254.788375854492 260.095657348633 266.132034301758 292.760314941406 300.700271606445 303.360595703125 300.927032470703 275.389068603516 264.874801635742 262.220733642578 279.014251708984 291.364944458008 289.280410766602 279.976852416992 289.890716552734
