Rscript/monthly_maps/SnowDepthMapFile-sd-1990-02.asc
ncols 320 
nrows 361 
xllcorner 618410.159 
yllcorner 5088785.286 
cellsize 100 
NODATA_value -9999 
[rows 69 to 91 of 361, columns 159 to 211 of 320]
81.9643154014969 79.3083681675585 79.6323990593462 77.3938208806606 73.7447196468372 72.8127626676356 72.3117959113311 77.2036051148209 80.2199768566086 83.1998616713311 83.7212536468969 85.7197907194427 97.6847104017673 99.7895700881054 105.116305053433 112.835841275227 115.735448731305 116.570612505404 127.788140873278 127.148040626936 132.970190428243 127.777827307851 129.820247830299 130.392987613242 130.386527440072 132.966058264266 130.230079469252 126.932962645676 133.096212767431 130.925110316414 130.184742213388 128.796770862651 126.575338650536 120.92113238469 111.04933264346 102.695145596136 102.493553851852 102.351859570481 105.128339430647 110.590975002124 114.695921302017 114.522379136695 114.762475826412 115.001525836479 113.32574489529 110.749808174579 109.813169827787 109.87406841561 109.9813955679 111.769526641006 108.636695543129 110.570645968555 111.225603330365
73.1215219448347 73.3839888455908 71.4761766623071 68.214268482959 68.9164085788861 66.6380184503442 62.366662882046 70.4735526731974 74.3268828405122 77.2598112348202 79.9581830381828 83.1131928266137 93.4840294023918 96.0529548486032 99.3151634392932 105.661778627142 109.937896521031 113.320839460638 115.866838740287 120.979953885164 123.114661379739 126.28280160296 129.27954550217 130.351510400145 126.890244338103 129.413825712632 129.007268921179 132.30282636477 129.41958535163 131.463924019026 128.260109615773 125.61049981512 119.709130967245 116.581130636411 107.947406608906 108.750200004698 101.82619437349 99.0403013383542 102.140650004739 111.474154425615 112.23338132185 115.731664268221 114.503540124315 112.431103612142 109.426185230418 110.106187451831 107.926963938073 106.806563087928 110.731619389028 107.25533810821 107.317738490275 109.376594780698 106.073216598491
68.1339889279828 67.1593050001771 62.279796999997 61.158518503636 62.0357544220157 58.0947095570929 60.4230959641008 62.6478119725172 68.6879533597426 75.636232813558 79.0728958994298 84.9626419874897 89.4876876666698 91.9385268774001 95.7810265032918 101.74649393047 105.046644974671 106.43491865416 109.523127060071 114.595030948777 120.655683894647 123.462905324693 128.137766989318 128.994144588595 129.453784923942 126.648519372331 125.438304327259 128.336800575742 129.527267679743 127.656003825448 127.164336997379 123.197148082335 117.776982659782 117.282428353415 109.900756598648 108.279534869211 107.602051566715 107.625721706514 102.966781363108 108.778666934955 109.172013995549 109.898865139199 111.629547192529 108.297786257941 110.080905051371 106.155814431983 105.555400950947 109.211794481468 107.591996199401 109.331320386828 105.072004933382 106.200532384978 105.039272705788
71.8612443238662 65.83729074294 63.7010467619089 61.6978491387781 63.6279285321775 60.487310482628 61.8627497823748 66.9739617299955 65.5207056618613 68.8757204301264 77.5563431709316 79.714951414858 84.3315666603442 88.3868676277502 88.1443246513484 92.1920976146606 99.8792290783946 104.379318100697 108.685743878004 108.312884066061 113.122248850818 120.350335934485 123.434633496125 126.386075441618 122.858140012713 122.490834409143 127.511854396807 125.227774210382 126.690494898329 126.545980462879 121.197610923415 115.988116814286 116.017876419091 117.799675116247 111.55609689812 109.931687681773 105.790462803734 107.469771586288 105.506632483939 105.441290253259 108.250943493252 109.830476603304 110.108791498803 110.471979309495 106.410850067404 107.171729271137 108.995855034219 105.355442151522 105.626817403909 106.77175428393 105.110772054682 104.02038871659 103.960946987491
69.9892718008539 66.2108138594683 63.5426399233128 64.907082292008 66.2217236315205 67.4192533896021 66.9048253979606 69.2455892466179 66.9998371471795 68.5948598420837 76.2238008597223 77.1913270580655 82.193927564571 84.2731735199649 80.9954097385278 84.4706846673505 90.8133905643941 97.1482835871187 104.313121648389 107.747966310774 107.510223784471 116.084331029453 116.566299606553 120.9145290453 120.77184741705 119.531528324901 116.125468396113 117.707381955615 122.696335560138 120.626007532217 116.384496783323 112.601964533651 115.074078296649 112.778545084229 113.925033029057 108.544801525221 111.369236522212 106.974611619638 107.704801525022 106.830444626358 109.211347084457 105.548147185401 106.910830366006 109.002289886642 105.152001970129 104.883393713461 105.228539556203 102.967345619214 104.284103032894 105.091131005659 105.411064550543 102.638281326282 103.840729645234
74.8915812218708 66.0815040678313 68.8893513395143 67.7627841118274 73.6714404047053 73.0451529060134 71.5318302097751 69.5321190891634 68.6287221679618 71.1005401059912 74.2477331829131 73.2294082602731 77.794408507408 75.0428029390464 71.5363051851023 77.4581226036319 83.9187803106187 89.6320314888658 100.734164919937 106.969692961777 110.688141681106 106.837610292225 107.071974033411 117.887396438334 115.902277900345 120.809274392249 114.422930848862 116.05559388228 115.406869478 112.167711981358 111.376512406985 110.557486618335 114.974271088215 111.010695961562 110.985570065553 108.819970442733 109.838872764057 109.265026351534 108.813198545516 107.503213286565 106.286315428783 104.75034123947 105.723613560349 104.032509274305 104.812468279602 101.651986238231 103.983652515613 103.296603954344 100.815115063361 104.216267950544 103.832160856834 98.3399580798902 95.5029806834604
74.492411938567 77.0151633261896 73.6603258715846 69.2446967237526 68.8980330074779 72.5412662995488 70.0183331022756 64.5678938889987 65.4448409097648 67.5860089493615 65.309877060835 68.5366397594323 71.1269161025448 72.3873412150675 69.5461405129744 73.1015929168962 77.191315831873 80.1444008628986 91.2473070248439 101.447568987956 105.562546524002 105.586350985693 105.874085347782 109.567834388937 110.507540508076 114.216379616256 111.163807115225 109.523881790148 110.701168619385 109.839820733134 115.756217952529 111.512923587656 109.364137190444 114.294529488439 110.81331592194 110.061440726839 110.207172685644 107.615190258228 107.243513538197 106.34845435439 106.250050468332 105.284796952153 101.10734724991 102.37298069198 99.2668110607255 99.8699900960119 100.337865882312 103.606309524407 100.553897653505 102.710529761682 101.687515486554 102.671239008609 83.7688143022701
75.4650761467858 71.636188055116 71.7807750416667 69.6320675167153 69.5523161802529 63.9578508901477 62.6099261923383 67.2717961607304 65.4325582353714 64.7547106353475 65.1871421000651 63.5982452051252 64.8484663991286 68.2689050475179 65.4370175284479 69.9440941227862 72.8526142634088 79.7948286181175 84.5829174701288 94.1640179973244 103.319619046907 103.720800898547 104.262235542477 105.963639632787 109.460611998621 109.226972669073 111.088323358459 109.072946433391 109.561351123321 115.118964529622 117.158138349175 120.849835293164 117.125106290627 114.079921266528 110.397319492403 106.888538240753 107.71151324594 104.498283343079 103.976436122445 103.696367894385 102.738214431872 102.422656285745 99.3856126857477 98.0769452368172 98.4689985725312 97.8534678486848 99.2004659387329 101.27490730984 98.5187463201056 98.5978408485296 101.206900658933 85.829996117758 81.0032399589524
75.9803029942607 72.5363121230252 68.9024140118548 67.4403540313974 68.0176232776399 70.3951385831612 62.1469488603036 61.6562625377867 66.3133600505785 62.6971302014662 63.754981583361 66.3017235670978 63.0267982437287 64.0482092033508 62.6850748552498 65.898663390852 66.4828158393262 71.6102016296509 82.0102679156202 83.8809912476119 94.6296809367571 101.099228125023 101.832475111812 102.835221484509 107.905764345783 108.157812496251 107.668277813628 108.219990606066 111.144137756015 114.157996205644 117.36408503848 121.290716985449 114.859668076898 111.351412052627 108.318424120007 108.19298425881 106.211483734295 102.457216791479 102.032373440208 104.482822469688 100.668792683488 104.025615641499 100.275651366417 98.1835760889 96.6958218688426 97.4938527683069 96.2352317992604 99.3373704844449 96.8757643411727 81.6646533325732 82.5195008494104 76.7971693191199 73.8895406896896
77.6334895342776 76.0054145655172 71.527270424117 69.5983907981888 75.1439104397928 67.848365393061 71.5537422859791 69.2307613276672 63.9671615746617 65.9242017669089 65.2680932667647 66.39140158726 62.386935294204 65.3066190474032 62.154903530353 60.9306493107187 63.7565967699489 64.7095314656632 73.2862163344541 75.4625002808913 84.8671779616737 97.4363406331298 99.5973070142596 100.456240386983 105.741384730868 107.122557966653 106.678082020178 113.045169616058 110.311841129642 115.797670683018 114.138852560362 112.403967224052 111.197476752642 109.573396658214 108.08709136146 104.7912661016 102.275134053579 102.151176067311 103.494508140886 101.443694961703 101.14133275015 99.5633754963124 103.611543703319 101.335681867633 99.1603104048411 95.9714550624224 97.0655416680044 91.650021927169 82.4453758806601 76.689392797965 72.574608942119 71.0989359894338 68.6652998016564
88.401548621519 87.4153202152357 83.9205397579654 79.7074087447457 80.612381386084 74.1478748872691 73.3079173153881 75.1227206049833 71.736585283628 64.9238501110907 65.9476152312243 62.2796395609404 63.3290364563661 62.6277119024267 62.9490066253528 62.2298352099998 57.6124374350077 58.0800624236889 62.1502744211505 68.6468730008666 75.0176167860881 90.5712521708662 97.5523355168087 98.5085709471672 102.294663233816 105.278875949184 106.469921515687 107.073390463301 112.403423208953 114.642586060661 115.450010121847 110.905768863103 109.907815497652 107.389922701857 104.672661928244 103.620983278499 104.960613577055 101.939529382998 100.233528016693 104.481613219802 105.088371564605 107.24749215858 107.26750993759 107.141213419606 106.086332242368 97.6633233147549 86.7949364497786 81.5456155282134 73.1764817998282 73.3611403767814 64.8353708293284 65.9077094354912 64.2392996342498
92.7930920504634 92.9086079073776 89.3292807881821 98.291601166962 84.1300370663868 81.890086925143 79.2333774303137 79.7343575521491 75.426886615559 73.8597187252373 65.9370789564824 63.8619699360215 66.0298081823316 63.7961063246355 65.2357086480463 62.3535715237122 59.3956319994971 57.9983671217055 59.5854020023505 63.6364527987715 70.7196748014741 87.7255782576963 93.3657576464054 97.2297984146307 99.2849158586755 104.28254046889 104.405909045073 106.114393153152 106.947158235264 113.041459686225 113.00611291843 113.372483461276 109.730159495537 109.049270983419 107.69363370199 106.132565886555 104.428112808995 103.741772584974 106.090979117044 105.965744741784 106.431685663518 106.535321822199 106.464109707382 105.50495449628 99.3395879953534 87.2335740638491 83.3960272496947 72.0689538970355 67.8339075385552 64.9537396006519 62.608369496162 62.2395633784806 60.9898515157774
114.189522850341 106.455588409518 101.998913256894 107.190672021182 103.990925353702 104.487932011871 103.584387326741 106.377369424749 81.3762136573326 79.4573466519446 76.1433382413776 69.6144252104658 63.8648670916807 62.9800419772491 65.9385062673424 65.2765658813676 62.2286743251661 59.4008760250908 58.5957901104438 59.8195752546999 65.9455860925786 76.1976061190384 90.5103627662674 95.0974392029809 98.7327227409056 102.497127676434 102.448342079018 104.39143822506 106.448950362874 109.999617728116 114.252666107388 113.214601847444 111.774349596595 108.784909349483 107.287824819442 105.267413323401 104.235652519254 104.373645337944 105.124201419853 104.53170537171 104.524830856265 104.21203223882 103.730994596647 105.129905211006 83.2009249834314 81.7197761799186 70.4743980372344 67.2870914319119 65.2362619138247 63.636631567946 63.3255688828824 62.2974854512559 62.4733439218265
130.676886536204 118.158982090456 113.400853033148 112.043101858216 110.807080345063 115.319840334531 114.710991217076 116.227054042017 112.106159350213 111.687169585442 78.115854500358 76.2009154293507 68.0568554881791 70.0191119238357 68.905918744675 65.8492623291154 64.541879943271 61.3847777935994 60.6672216763799 57.2134617845462 65.7445276346485 72.24975029947 87.1558925300205 93.1087163511083 97.5340435380959 101.420343724035 100.716929062683 102.78399567121 106.004602874571 108.856425336648 108.650825542361 107.708080819078 106.39768104327 102.867588578528 101.02821893808 101.047987504054 104.635835970447 103.73105693153 102.835991033874 102.219682344392 99.3993809640917 102.554941958809 77.5160368210393 85.2870967094827 76.5325327869704 68.9934215430729 67.059553788059 66.8413406297174 66.2429939356214 64.6125984636802 66.2545101022237 64.2842185743984 60.2885441756205
131.012133738279 125.513512370507 118.058123265358 112.270842355563 114.012073904899 117.635168708423 117.050857885229 120.022443733361 121.054241724198 119.473154368054 107.734181740903 101.539038300914 77.8826120542397 69.2435375045377 68.8411181340103 68.8458786887155 66.3068175831841 66.1310159983504 61.5804866539538 61.7033610850265 63.5175271927762 69.0076013786837 80.788204682011 89.2726436491969 93.7890556583541 100.256555259364 99.7023978878339 101.085969841764 103.75118162366 106.235115018241 106.220039959996 104.741343183284 104.056232028514 100.948800312485 99.7937056429785 103.786432478277 102.310329133167 101.761991079483 101.004150946994 101.154882369347 77.1957952879445 76.9464124592575 69.8890682394853 66.7391999687063 64.2616970281591 64.2956151421167 63.5872476123004 64.3992384004126 69.7483159310364 69.8153838924807 72.107653751174 67.0140586174348 68.1837641991121
132.759542597306 126.794656005007 125.072493822791 120.25616245492 114.422405948351 114.187265893671 114.689705275741 124.798454550424 126.83838907347 131.720827597918 123.401496870532 117.863542373677 105.395719068122 79.5458801669203 75.6017779613905 75.1978016526687 73.7843138876986 71.7287647089486 67.8368797569183 63.9245372243858 65.6917183484408 68.9800542748181 78.2560181501052 85.9018287698316 91.0594344664387 98.8389362740558 98.6535387441011 99.6994896304936 101.762769408426 104.14873650973 103.046729861441 101.900063854957 101.68327137252 101.847436365248 102.97937530832 101.08032842496 100.159872548283 98.3229590849672 99.5929386138369 82.2406776810396 71.0583989819924 65.3892345850166 60.4465378418153 58.3001478394894 62.2059177466284 61.7950520679871 65.6373220584762 71.2812276241333 74.3889208046864 71.116137808945 74.3436649875366 71.1289259949175 67.2302587442907
137.878378332002 134.149864993736 126.435785239597 122.946838030354 115.241680963335 111.422786949731 113.4500205475 123.670590826844 129.384449799371 132.131005200695 131.218686255957 129.228860764882 113.733759060735 100.704604905301 91.5987483106276 76.0098502734545 76.4653021065257 73.8380261229234 69.7958186908626 66.8315859637976 64.2997908248721 70.0929600722811 74.5316357954701 82.7659245953994 89.327644162036 97.427984223384 97.2755076734081 98.2631517778451 100.440972589573 101.261524061914 100.026673346587 99.8308194393868 101.671355794634 102.281634506192 100.624924062982 99.59977218706 97.5428640858995 85.9530409876756 81.3307807687779 72.2822211182361 67.3493235250025 61.5740368283969 61.9040676797734 58.984153976551 61.6897777049502 63.4541507347354 68.3790201152718 73.7373013006507 71.6917004029586 72.9260458695594 73.749328676323 75.0399702662311 69.0276796826171
135.268855852281 132.292738816705 127.038185260708 123.22814712445 117.944046728405 111.744896334419 112.46500685665 116.494659963044 127.878840050969 132.976799645299 137.715421922638 129.461713752943 128.052568678591 112.14988732829 98.3987102335044 89.9204447444417 87.2260882058003 82.3655207041277 68.5999270417338 69.2004775701728 67.7102235255644 71.8588927892879 73.8329536820564 82.1598460752799 91.2001378387038 96.3098585008412 97.4233973698751 97.5853439509164 99.908969247194 99.9965589679853 99.0941238750698 99.1164628880786 100.373592620192 99.9353016047545 101.15482511554 98.1538366549467 97.8817064700401 86.9959599017566 78.415272213389 71.7780870538917 68.7794612661756 64.857521037923 65.7367765255141 65.3466782931975 68.6304799612388 73.4585233565211 71.128801278737 75.545853978187 77.0304740724623 73.4420604834311 78.6089848606807 74.0727650092613 73.359136115531
137.313362560578 136.634980498432 132.117902300611 129.492214383908 123.431536470957 112.957075264756 115.592274207218 114.168453074147 117.713318052503 133.700986555475 138.360376342572 137.124175898503 131.615893566399 123.553889615819 109.644053387662 98.2720689753959 92.4585482239821 88.8939213336216 77.831952694241 73.9769303912869 71.6362554562569 74.3074984759152 77.2074459587591 82.3808463395346 90.9196500660152 95.8510012879874 96.902876739842 98.429996894644 99.6822083441955 100.398857006435 100.665609367857 99.7268030952173 99.2143343010359 100.169871652955 98.0280322797817 96.9544272097103 90.2773174767016 85.8620274054061 80.7965881838033 78.2070091555496 74.3759750415503 73.962516943489 73.556294355104 74.3567597471169 75.6022865572967 73.8639195088872 79.3773344137906 74.0618377028062 75.4084423488117 74.9678345469261 75.4560341152702 78.8582084287025 75.5088080332248
137.855410728695 135.30788587919 131.750386952688 133.63083566645 129.655494527053 122.764560458871 113.039949266884 111.364297232507 116.904437921012 126.770485778391 133.610728713728 136.414780421079 134.696370157063 122.021483275539 117.948462002394 110.216958331848 100.607864013896 88.7344501652535 84.3041177645051 75.7849856176398 73.3634676709138 74.9070376345792 78.300549178654 84.4701806214774 90.9760123931864 95.5774202829844 96.7975889455754 99.1789423615596 101.751723174432 102.409077153886 101.28912290958 99.6415877037263 99.5248185418968 98.9687132221037 98.7877473948378 88.503608115278 86.6913357894733 85.8527116582854 83.5499450518278 79.9097018389095 81.5274867215694 81.4003040814839 81.4621882360902 81.3791261178161 78.6413977974835 78.4183532661238 77.931807316541 75.9863964857677 78.3249361162937 78.8252957884112 78.6268733643346 79.1441957964953 78.1748401614514
140.693348810604 136.046317197002 134.579094472263 135.069783503328 131.726288493826 125.701413046836 110.584404872559 110.554165284822 113.773075512815 125.059352370636 129.284846646448 133.036793797202 131.642444629228 132.856298991433 120.722365411584 109.627977524127 99.8196812014228 95.4051933222639 87.6040338650466 80.8717748294302 80.7809099543858 76.5201876446515 79.1155079876336 85.5432028556577 92.3078193449201 95.4151073589849 96.8682527142464 98.2988845716322 98.5876840533717 99.3436638015964 100.572960606124 99.8249604248132 98.3525365771222 99.1211984318326 83.8152777585027 84.5923627999764 78.6327705341255 82.4772310498646 78.0436263505289 78.7296191938884 85.3904947885272 83.3560745834605 87.5692954584259 87.3174922113651 82.8975980693838 81.1068762893016 78.9282348854085 75.3887434110826 75.5362202696157 80.2110129871977 83.5092246847463 79.7322707798912 82.6286786270546
141.467583718639 136.119771548977 134.103533961366 136.211079453305 134.122604826222 128.474305386384 120.598194066293 112.512628444281 110.714040675248 118.20059771282 122.718779592226 131.361299804414 130.627459554217 128.430752341429 119.53719663453 114.506304867086 102.231625216104 91.4750476606104 89.8185159949569 84.0619555076027 82.7826665431355 79.4988808576118 80.1827252927462 86.0812525075627 92.3788213116219 95.1317888026466 96.2119233695878 97.8469127757311 98.5233533807423 98.150337562449 98.558649828213 97.5657054226222 98.009416994729 85.2977996225053 79.8042531814885 73.5464452477363 74.8543242159256 74.9647373816492 73.149080892548 74.0347170411468 79.1255037092402 82.2136653853453 86.7108758234641 85.6249966378142 82.4460229914458 80.890232872884 80.6992968562227 79.8312205188545 78.3081617091109 78.3793986617944 80.4075695611718 80.6719534771625 81.3495989738803
137.815093259631 135.903076089931 133.742463364759 132.923424197383 134.62103691136 131.670804068108 128.594181674617 118.950223674822 110.893868573797 113.105764283751 119.273643511612 127.632589406871 128.551232395187 127.43629533325 124.560298774615 116.274732107734 99.9669601737684 92.0866951218001 89.5926584517665 85.1601969421258 84.0118708487021 80.942761977108 81.3741536707639 86.3748037769738 92.0896268273135 93.7833895838371 95.3348703587675 95.3917175352731 97.3671503969996 97.0427754571768 81.9359588352977 77.0246574143076 81.8090234647513 75.9953210362665 69.2049607133943 69.7772694632338 72.5566073357813 71.971969053734 71.3327542517302 71.7793988194149 72.082895842502 79.4130250866457 83.421784675524 85.6726657756563 87.8663467640877 83.5899280452867 83.9591553282235 86.0832820717101 86.3481601945122 80.0330076855241 82.882775341989 80.4929244218813 82.3622202559358
