Rscript/monthly_maps/SnowDepthMapFile-q90-1989-11.asc
ncols 320 
nrows 361 
xllcorner 618410.159 
yllcorner 5088785.286 
cellsize 100 
NODATA_value -9999 
[rows 24 to 47 of 361, columns 108 to 161 of 320]
-9999 -9999 -9999 -9999 -9999 -9999 -9999 -9999 -9999 -9999 -9999 -9999 -9999 -9999 -9999 -9999 -9999 -9999 -9999 -9999 -9999 -9999 -9999 -9999 -9999 -9999 -9999 -9999 -9999 -9999 -9999 -9999 -9999 -9999 -9999 -9999 -9999 -9999 -9999 -9999 -9999 -9999 -9999 -9999 -9999 -9999 -9999 -9999 1041.30634765625 1020.36965942383 980.957012939453 928.686853027344 901.722631835938 887.613415527344
-9999 -9999 -9999 -9999 -9999 -9999 -9999 -9999 -9999 -9999 -9999 -9999 -9999 -9999 -9999 -9999 -9999 -9999 -9999 -9999 -9999 -9999 -9999 -9999 -9999 -9999 -9999 -9999 -9999 -9999 -9999 -9999 -9999 -9999 -9999 -9999 -9999 -9999 -9999 -9999 -9999 -9999 -9999 -9999 -9999 -9999 -9999 1039.24632568359 1020.41723022461 983.210522460938 931.146966552734 895.827514648438 865.044885253906 840.040844726563
-9999 -9999 -9999 -9999 -9999 -9999 -9999 -9999 -9999 -9999 -9999 -9999 -9999 -9999 -9999 -9999 -9999 -9999 -9999 -9999 -9999 -9999 -9999 -9999 -9999 -9999 -9999 -9999 1031.84976806641 1020.13239746094 976.473712158203 937.239465332031 927.008825683594 937.112860107422 937.325836181641 -9999 892.909362792969 958.008990478516 1020.57081298828 -9999 -9999 -9999 -9999 -9999 -9999 -9999 1062.23380126953 1021.95525512695 980.390307617188 936.2365234375 904.7140625 878.654901123047 848.974554443359 819.863293457031
-9999 -9999 -9999 -9999 -9999 -9999 -9999 -9999 -9999 -9999 -9999 -9999 -9999 -9999 -9999 -9999 -9999 -9999 -9999 -9999 -9999 1081.91821289062 1072.19309082031 1065.53250732422 1060.78598632813 1057.23544921875 1055.73029785156 1024.29537353516 1015.16343994141 981.489880371094 942.510565185547 916.72060546875 908.57998046875 915.918145751953 900.056732177734 863.224822998047 850.680932617188 899.238671875 985.054241943359 1028.27377929688 -9999 -9999 -9999 -9999 -9999 1083.36326904297 1037.2201171875 985.111614990234 931.963519287109 913.257037353516 888.706311035156 858.3416015625 825.425305175781 802.497174072266
-9999 -9999 -9999 -9999 -9999 -9999 -9999 -9999 1343.82365722656 1343.53767089844 -9999 1334.29146728516 -9999 -9999 -9999 -9999 -9999 -9999 -9999 1162.32652587891 1123.71893310547 1097.42216796875 1073.20234375 1066.24710693359 1060.14185791016 1056.38022460937 1027.08337402344 1011.37688598633 966.031878662109 931.889532470703 918.010186767578 909.108374023437 906.879333496094 914.267761230469 909.611724853516 879.465600585938 834.856597900391 824.86875 891.952600097656 987.244665527344 1032.96510009766 -9999 -9999 -9999 -9999 1081.04354248047 999.671081542969 934.924890136719 914.201721191406 893.192602539062 867.909643554688 835.262463378906 806.23564453125 770.082012939453
-9999 -9999 -9999 -9999 -9999 -9999 1225.14173583984 1225.58247070313 1275.05786132813 1318.18255615234 1280.48922119141 1297.56861572266 1257.28956298828 1233.71851806641 1230.97113037109 1219.97510986328 1209.94332275391 1201.97438964844 1181.60744628906 1170.02377929688 1124.34974365234 1122.68946533203 1072.55372314453 1066.84549560547 1061.79230957031 1034.81783447266 1010.73073730469 988.345922851562 965.610723876953 952.947381591797 951.362573242187 932.759130859375 928.359362792969 915.144958496094 921.261474609375 913.743054199219 865.945336914063 825.034991455078 831.289532470703 899.205596923828 991.072241210937 1033.58572998047 -9999 -9999 1108.13603515625 1078.72310791016 955.383502197266 908.063946533203 892.531414794922 875.650701904297 842.81123046875 810.168951416016 792.699285888672 764.309307861328
-9999 -9999 -9999 -9999 1295.38828125 1261.47214355469 1219.07664794922 1218.18778076172 1219.05263671875 1219.29617919922 1219.33527832031 1217.37309570313 1210.42873535156 1216.12154541016 1204.98161621094 1194.83381347656 1157.12233886719 1153.15633544922 1185.16937255859 1176.98840332031 1159.93735351563 1117.08660888672 1101.81676025391 1096.90087890625 1084.75241699219 1068.86947021484 1009.66400146484 982.975146484375 971.607379150391 968.142578125 968.067272949219 965.222222900391 946.281243896484 929.746704101562 926.997607421875 926.282543945312 904.037109375 845.851361083984 793.29369506836 805.696405029297 892.745874023438 977.146392822266 1033.03104248047 1082.59241943359 1086.06922607422 1010.97954711914 932.522155761719 894.796405029297 871.280053710938 848.763391113281 818.67490234375 798.931286621094 784.443872070313 759.576507568359
-9999 -9999 -9999 1327.32805175781 1299.69071044922 1261.13172607422 1203.52368164062 1168.57374267578 1171.27458496094 1175.66076660156 1172.12347412109 1168.96488037109 1165.57978515625 1161.46932373047 1157.83145751953 1151.90187988281 1149.63419189453 1146.17758789063 1144.64841308594 1143.96668701172 1163.98184814453 1148.80111083984 1118.89530029297 1111.61225585937 1097.7673828125 1062.62027587891 1022.55536499023 983.799438476562 976.3724609375 975.788842773438 979.643969726563 971.113879394531 968.78779296875 958.133489990234 920.820190429688 903.983135986328 878.310656738281 844.711236572266 779.814416503906 768.996636962891 785.834429931641 870.673907470703 974.060021972656 1034.57570800781 1076.4150390625 1006.31401367188 932.381762695313 885.559710693359 854.611364746094 832.195745849609 808.251574707031 793.784271240234 783.776525878906 755.77041015625
-9999 -9999 1333.22947998047 1333.08247070312 1320.47084960938 1227.73060302734 1200.86031494141 1172.14498291016 1155.94293212891 1121.60831298828 1104.41507568359 1103.38347167969 1101.62113037109 1101.14548339844 1101.94373779297 1107.37781982422 1104.94300537109 1136.69696044922 1134.80704345703 1138.14412841797 1134.3359375 1154.33044433594 1150.93098144531 1146.955078125 1120.44705810547 1103.07707519531 1047.48192138672 1011.72303466797 1002.28652954102 998.459326171875 987.415399169922 991.179626464844 970.761596679688 934.600982666016 897.194946289062 862.202398681641 838.084954833984 806.729321289063 760.354528808594 727.029998779297 731.388806152344 775.818798828125 870.925549316406 984.159637451172 1001.21396484375 989.566662597656 936.392913818359 894.721368408203 853.272021484375 816.175402832031 776.543518066406 787.907330322266 779.460620117188 749.788916015625
-9999 -9999 -9999 1331.294921875 1287.68747558594 1270.31829833984 1199.32039794922 1191.56004638672 1153.03459472656 1114.34449462891 1090.58430175781 1061.07789306641 1053.04395751953 1048.39061279297 1047.99844970703 1044.98354492188 1043.11934814453 1045.8517578125 1078.22332763672 1077.99505615234 1120.85980224609 1129.70324707031 1120.62445068359 1127.11330566406 1125.19654541016 1116.22126464844 1092.80811767578 1054.05826416016 1032.48475341797 1030.42717285156 999.669207763672 977.711682128906 943.162542724609 895.472967529297 849.238763427734 812.624609375 797.203442382813 760.517315673828 742.60615234375 714.187451171875 712.389501953125 727.635321044922 793.032299804688 914.456262207031 957.328594970703 958.499334716797 936.12666015625 915.750006103516 872.091290283203 821.039477539063 776.851776123047 765.030621337891 754.855059814453 743.497192382812
-9999 -9999 1379.88338623047 1369.40747070312 1321.23978271484 1263.78233642578 1224.33044433594 1161.18533935547 1151.21938476563 1141.29029541016 1088.60576171875 1081.53522949219 1042.24545898438 1032.10245361328 1029.84996337891 1029.58142089844 1024.2198059082 992.478942871094 992.651556396484 996.499426269531 1027.98477783203 1065.00317382812 1068.50003662109 1072.67102050781 1077.28939208984 1079.54094238281 1070.54770507813 1088.77056884766 1058.63236083984 1045.06973876953 991.230535888672 958.105096435547 908.903454589844 863.236090087891 829.816851806641 797.080194091797 787.705688476562 752.700445556641 738.36142578125 728.123071289063 707.427288818359 718.929992675781 772.774194335938 884.661462402344 923.810229492188 920.125744628906 912.055548095703 909.453045654297 887.937713623047 844.295593261719 780.970318603516 758.734704589844 740.981298828125 730.149310302734
-9999 -9999 -9999 1378.57092285156 1331.02579345703 1283.02489013672 1237.1697265625 1185.358203125 1148.42806396484 1137.58126220703 1100.13128662109 1080.83125 1068.77073974609 1064.43099365234 1034.57875976563 1030.20734863281 1014.33090820312 990.169207763672 972.878771972656 969.181896972656 971.529022216797 985.146405029297 992.371069335938 1025.21756591797 1022.62561035156 1031.75391845703 1041.56618652344 1059.78753662109 1033.17680664063 1015.67662353516 981.779998779297 944.353155517578 897.845947265625 854.388397216797 823.388305664063 790.828106689453 786.531604003906 783.5384765625 759.370861816406 728.663739013672 707.4029296875 717.480334472656 771.188739013672 875.638354492188 897.571234130859 888.142614746094 877.15673828125 875.227380371094 876.972692871094 869.327911376953 821.7296875 757.875671386719 712.743603515625 697.850256347656
-9999 -9999 -9999 1382.06068115234 1337.87950439453 1286.06158447266 1241.75045166016 1192.51394042969 1168.29897460937 1150.61392822266 1130.48645019531 1115.79890136719 1081.21791992188 1067.14132080078 1059.77220458984 1030.54822998047 1025.14415893555 1016.67378540039 1006.71245117187 970.275732421875 961.498382568359 963.711328125 963.926989746094 972.881860351563 978.271954345703 984.343017578125 1014.85783691406 1013.85586547852 983.548406982422 974.308782958984 951.090875244141 926.590673828125 900.158288574219 864.47431640625 826.081890869141 785.050012207031 761.341735839844 786.651013183594 775.852990722656 733.585046386719 721.721563720703 718.141833496094 771.718347167969 870.580725097656 880.314672851563 857.372186279297 840.835894775391 833.959197998047 835.532702636719 851.369683837891 847.097796630859 768.619262695313 709.564251708984 659.746893310547
-9999 1273.36723632813 1278.47980957031 1350.04133300781 1335.874609375 1267.95766601563 1243.3923828125 1195.87697753906 1177.84724121094 1163.38201904297 1153.07937011719 1119.30394287109 1098.74066162109 1075.35541992187 1067.70349121094 1060.40401611328 1027.96124267578 1019.08929443359 1009.69569702148 1000.39992675781 971.594958496094 970.686114501953 970.704852294922 972.319421386719 973.477862548828 974.938354492188 972.196539306641 967.386639404297 950.586480712891 921.676489257812 908.459857177734 900.140240478516 892.343560791016 870.283227539063 835.026440429688 796.0857421875 759.082775878906 780.492510986328 775.093988037109 762.264312744141 730.040057373047 719.689428710938 772.178997802734 857.902850341797 850.297302246094 834.323956298828 812.600354003906 801.734869384766 799.130816650391 804.192156982422 821.212524414063 800.479528808594 712.970678710938 652.646838378906
1266.25812988281 1256.89732666016 1272.11103515625 1278.62806396484 1310.68315429688 1291.16614990234 1268.20872802734 1213.50222167969 1192.99918212891 1179.90103759766 1169.30510253906 1129.65013427734 1114.47222900391 1078.9328125 1070.87231445312 1058.18474121094 1026.00377197266 1014.17571411133 1003.18340454102 997.472711181641 996.599731445312 994.467504882813 994.800042724609 996.161926269531 994.852520751953 970.583508300781 968.138537597656 954.878265380859 921.473785400391 901.465600585938 883.055834960938 875.756048583984 871.273077392578 861.715643310547 833.903057861328 799.437896728516 757.372216796875 753.733435058594 771.595269775391 764.019958496094 730.583862304688 742.976153564453 767.119732666016 812.189764404297 831.695257568359 809.768023681641 796.393823242188 782.667474365234 757.629376220703 752.666967773438 756.663610839844 785.361627197266 738.279528808594 656.992614746094
1261.55936279297 1206.37105712891 1182.40938720703 1217.77116699219 1269.21712646484 1300.91097412109 1280.83656005859 1266.19167480469 1229.11956787109 1208.35422363281 1174.27393798828 1143.31573486328 1115.51779785156 1073.64575195312 1060.47440185547 1031.59321289062 1013.90700073242 980.651586914062 972.174786376953 966.857336425781 964.2083984375 963.930920410156 965.605895996094 976.536260986328 989.608337402344 966.972131347656 963.658972167969 941.789489746094 917.546154785156 898.357513427734 881.549487304688 872.602166748047 863.745892333984 847.915515136719 820.944128417969 788.196374511719 751.409582519531 746.799359130859 758.522760009766 759.25341796875 730.547320556641 741.562573242188 760.596057128906 795.854248046875 813.349774169922 796.646166992188 784.691137695313 754.734381103516 742.683154296875 729.173968505859 725.355725097656 733.065258789063 734.260009765625 688.720532226563
1252.63562011719 1203.08664550781 1169.76328125 1177.660546875 1220.68413085938 1294.49080810547 1290.18361816406 1301.47552490234 1271.07967529297 1236.82661132812 1191.64116210938 1138.48461914062 1083.02860107422 1045.037890625 1029.30194091797 1015.14576416016 978.015075683594 946.877703857422 921.903454589844 913.428607177734 906.422369384766 907.727648925781 913.487896728516 935.689300537109 945.340466308594 953.990600585938 945.245770263672 931.085229492188 910.876794433594 898.346618652344 889.327056884766 880.350036621094 862.412878417969 842.394860839844 808.940802001953 759.331018066406 741.407287597656 733.376123046875 728.329229736328 745.175262451172 724.040051269531 734.976702880859 753.624291992188 791.785559082031 793.286309814453 788.900073242188 755.036468505859 743.105999755859 725.399609375 686.617175292969 674.848675537109 673.671441650391 682.112896728516 680.152783203125
1204.30714111328 1196.35819091797 1160.18155517578 1156.82071533203 1173.39937744141 1210.76597900391 1259.87143554688 1258.09606933594 1318.4609375 1304.83055419922 1236.03559570312 1148.14166259766 1074.11774902344 1019.41329956055 1011.95402832031 982.679846191406 950.040637207031 913.106628417969 888.680102539063 876.639337158203 863.024102783203 853.81171875 848.170294189453 853.997296142578 872.420281982422 884.777563476562 896.254602050781 894.106036376953 889.343475341797 885.271423339844 882.05146484375 868.80224609375 854.921221923828 827.061376953125 795.156958007813 750.360400390625 730.319952392578 718.355249023438 715.162652587891 712.821661376953 716.669982910156 727.992645263672 744.832257080078 784.158117675781 785.442218017578 779.177117919922 744.546228027344 727.743762207031 708.873107910156 669.265997314453 654.429705810547 621.099945068359 620.156976318359 624.800115966797
1173.24625244141 1163.01657714844 1152.42414550781 1147.53884277344 1122.91795654297 1160.78312988281 1169.19079589844 1199.24664306641 1254.80668945313 1325.94736328125 1287.54835205078 1202.22243652344 1086.55874023437 998.822351074219 968.055267333984 957.486444091797 901.900042724609 885.088616943359 873.749273681641 896.673779296875 887.076867675781 863.115863037109 845.056640625 831.198400878906 829.771392822266 835.342034912109 843.279650878906 847.333435058594 849.324145507813 849.424035644531 851.582073974609 847.6958984375 831.262213134766 809.757147216797 760.036517333984 736.678619384766 696.898852539063 705.707562255859 703.446618652344 702.001928710937 707.366644287109 722.308569335938 737.307690429688 776.046136474609 776.709375 744.849639892578 731.890484619141 714.982604980469 676.234069824219 657.903045654297 618.767144775391 602.156103515625 570.347973632812 570.517236328125
1128.97174072266 1150.87443847656 1140.57181396484 1105.35626220703 1089.06320800781 1093.30810546875 1094.94755859375 1109.17894287109 1164.30133056641 1208.7064453125 1210.67384033203 1276.32719726563 1142.22664794922 1031.42216796875 989.061309814453 933.300280761719 917.190521240234 862.160681152344 872.058923339844 864.416851806641 880.616284179687 881.544079589844 854.521057128906 860.599780273438 836.578747558594 824.541650390625 825.113653564453 827.341259765625 825.89638671875 822.821319580078 818.846002197266 813.914611816406 803.767523193359 784.62080078125 742.724639892578 701.952362060547 685.96064453125 696.172308349609 697.00263671875 694.553576660156 699.214166259766 710.469158935547 723.443072509766 733.294201660156 735.608801269531 730.372497558594 717.31484375 682.009906005859 666.501153564453 650.808978271484 613.354913330078 598.901501464844 561.990179443359 553.790698242188
1101.28621826172 1110.26568603516 1101.03840332031 1084.08740234375 1078.68897705078 1053.52248535156 1076.82067871094 1059.44802246094 1062.41763916016 1110.09777832031 1136.73980712891 1206.5267578125 1133.71627197266 1141.215234375 1062.10328369141 971.356304931641 899.502886962891 873.622814941406 883.930456542969 874.215661621094 861.479943847656 865.62035522461 878.687823486328 870.366375732422 847.024523925781 851.612506103516 843.821533203125 841.06859741211 833.656182861328 822.16513671875 811.709167480469 800.364349365234 786.179620361328 749.44052734375 729.149371337891 690.645379638672 678.054187011719 693.450018310547 693.357189941406 689.894604492188 692.725189208984 698.066979980469 705.013916015625 709.348394775391 712.523760986328 710.178961181641 703.753375244141 672.069287109375 661.336401367188 648.678399658203 633.776245117188 599.41044921875 583.035656738281 542.697955322266
1087.40018310547 1089.71793212891 1091.6955078125 1086.37982177734 1075.48070068359 1070.02000732422 1072.23590087891 1044.65112304688 1047.59992675781 1046.53980712891 1061.28203125 1106.06004638672 1154.97414550781 1151.80463867188 1143.26008300781 1066.70192871094 962.710327148438 895.002600097656 879.690960693359 875.389532470703 873.085620117188 882.384460449219 844.548217773438 851.123120117188 858.452508544922 861.300903320312 861.505242919922 848.149005126953 838.659759521484 834.876037597656 815.571850585937 801.071606445313 785.409252929687 747.145764160156 729.282373046875 712.25654296875 701.769555664063 697.760662841797 694.490478515625 690.924230957031 689.620971679688 689.639501953125 688.821136474609 666.204052734375 668.692431640625 691.392016601563 688.015625 664.291192626953 660.157904052734 651.32470703125 640.616345214844 600.582049560547 577.020526123047 491.401220703125
1101.88934326172 1096.32575683594 1090.88145751953 1087.90118408203 1084.62458496094 1072.86174316406 1068.60749511719 1039.63697509766 1035.94857177734 1006.21456298828 1000.20126953125 1009.1759765625 1051.43734130859 1139.81643066406 1141.2640625 1134.32878417969 1078.57990722656 987.463989257812 932.474505615234 915.758483886719 903.018701171875 885.04404296875 854.532806396484 837.378198242188 850.177185058594 859.191741943359 865.371362304688 861.822412109375 847.644256591797 834.251391601563 812.489434814453 800.238946533203 790.482281494141 778.19931640625 734.719543457031 719.216033935547 708.744146728516 701.644488525391 699.40648803711 694.6703125 691.907153320313 687.893218994141 684.890502929688 677.282104492188 676.966534423828 684.053375244141 687.516607666016 687.528796386719 682.679077148438 655.228137207031 640.811627197266 595.641461181641 535.782446289063 403.391452026367
1128.99227294922 1125.96564941406 1123.76436767578 1116.56511230469 1087.09896240234 1079.95695800781 1068.31037597656 1061.98992919922 1027.23089599609 996.420599365234 985.469311523438 985.401910400391 997.017730712891 1040.85655517578 1098.19671630859 1094.01550292969 1132.07912597656 1074.72492675781 1038.1603515625 1006.58356323242 963.3705078125 921.859539794922 877.93916015625 842.325170898438 855.0466796875 870.078002929688 874.049517822266 867.074194335938 844.933538818359 816.523071289062 805.287115478516 798.209075927734 793.382647705078 783.795373535156 761.001306152344 735.111047363281 722.318566894531 711.093084716797 704.484210205078 696.142407226562 695.37744140625 692.903796386719 689.363122558594 685.212475585938 685.503375244141 690.715576171875 694.09072265625 688.509936523438 686.809924316406 657.744873046875 634.441833496094 566.437713623047 454.645523071289 351.780078125
