Rscript/monthly_maps/SnowDepthMapFile-q25-1990-01.asc
ncols 320 
nrows 361 
xllcorner 618410.159 
yllcorner 5088785.286 
cellsize 100 
NODATA_value -9999 
[rows 125 to 149 of 361, columns 168 to 223 of 320]
0 0 0 0 0 0 0 0 0 0 0 0 0 0 0 0 0 0 0 0 0 0 0 25.0667724609375 51.6071605682373 89.5899085998535 141.432312011719 159.203300476074 162.967254638672 160.546585083008 160.486145019531 186.602462768555 233.768882751465 294.383026123047 368.530380249023 416.800796508789 466.651672363281 504.360366821289 536.469543457031 577.493286132812 606.807586669922 620.86767578125 626.758514404297 640.397918701172 669.16162109375 691.876678466797 695.718536376953 681.224517822266 678.879028320312 680.252960205078 712.512054443359 762.345977783203 785.485260009766 791.301727294922 795.220184326172 804.058288574219
0 0 0 0 0 0 0 0 0 0 0 0 0 0 0 0 0 0 0 0 0 0 0 20.0842733383179 42.8207778930664 68.7133140563965 104.62228012085 122.714462280273 137.137046813965 147.373947143555 153.8544921875 187.638832092285 245.471252441406 321.219589233398 378.41943359375 420.659637451172 455.629898071289 490.976287841797 537.269500732422 588.023651123047 620.993316650391 636.466888427734 657.473175048828 670.234497070312 687.330505371094 693.520355224609 680.718292236328 657.541839599609 663.694763183594 671.407440185547 691.262603759766 725.398254394531 749.417541503906 748.733184814453 743.397216796875 717.270385742188
0 0 0 0 0 0 0 0 0 0 0 0 0 0 0 0 0 0 0 0 0 0 0 0 22.9628944396973 36.2323703765869 60.3238658905029 77.3451957702637 103.852493286133 132.890579223633 161.071113586426 198.329902648926 284.579483032227 342.981002807617 399.023361206055 436.0390625 472.316299438477 499.334915161133 535.460144042969 587.882476806641 624.876586914062 657.930267333984 676.726531982422 692.049530029297 697.42822265625 691.4970703125 664.183898925781 643.446563720703 644.719512939453 652.703948974609 669.796966552734 685.373626708984 693.614471435547 673.25927734375 672.859252929688 661.920318603516
0 0 0 0 0 0 0 0 0 0 0 0 0 0 0 0 0 0 0 0 0 0 0 0 0 20.9803104400635 35.4089946746826 58.1608467102051 86.5861892700195 101.836585998535 150.346199035645 220.634788513184 299.548568725586 377.504638671875 425.403335571289 458.526168823242 484.562408447266 509.440933227539 551.330718994141 591.937255859375 627.113952636719 670.581085205078 694.109100341797 703.580841064453 695.172729492188 670.568237304688 639.553405761719 618.56201171875 616.281524658203 619.076568603516 632.613525390625 628.387481689453 612.116302490234 608.637847900391 623.480072021484 655.826446533203
0 0 0 0 0 0 0 0 0 0 0 0 0 0 0 0 0 0 0 0 0 0 0 0 0 8.2369327545166 23.2347898483276 55.2821369171143 100.934185028076 124.84741973877 161.902671813965 238.902053833008 322.342330932617 390.232955932617 438.35368347168 476.395294189453 503.876861572266 533.274505615234 579.0283203125 614.616668701172 642.852264404297 680.887512207031 686.551605224609 696.967163085938 674.278076171875 627.841583251953 594.228607177734 581.238891601562 574.090515136719 572.038299560547 572.187957763672 553.576477050781 549.462249755859 567.151000976562 603.568939208984 639.697052001953
0 0 0 0 0 0 0 0 0 0 0 0 0 0 0 0 0 0 0 0 0 0 0 0 32.6610164642334 26.4341087341309 59.279899597168 95.0229682922363 121.30583190918 166.252555847168 204.949768066406 275.977905273438 331.0830078125 393.417114257812 441.538879394531 483.58952331543 513.816223144531 559.629333496094 605.308898925781 636.096405029297 670.669799804688 680.789398193359 674.583801269531 651.627532958984 623.686431884766 587.039672851562 552.033935546875 527.086791992188 527.317352294922 510.068893432617 511.503829956055 510.89616394043 537.316467285156 549.030639648438 586.528015136719 646.229309082031
0 0 0 0 0 0 0 0 0 0 0 0 0 0 0 0 0 0 0 0 0 0 0 0 25.737964630127 53.0260581970215 91.5155258178711 123.536285400391 171.458465576172 210.063247680664 255.915985107422 306.342819213867 348.274917602539 399.654449462891 443.774276733398 485.71305847168 523.098724365234 584.442932128906 625.244445800781 651.121032714844 679.144958496094 672.497192382812 643.891662597656 602.358428955078 576.973022460938 534.581970214844 490.00813293457 465.70686340332 459.756958007812 460.022933959961 465.593872070312 498.23127746582 524.918151855469 533.659912109375 568.655609130859 628.707458496094
0 0 0 0 0 0 0 0 0 0 0 0 0 0 0 0 0 0 0 0 0 0 0 35.2189960479736 48.4292030334473 96.8355751037598 120.70291519165 172.108451843262 219.206001281738 270.141967773438 322.085159301758 350.539855957031 394.703308105469 431.442367553711 460.349960327148 490.966278076172 540.645141601562 594.785888671875 637.690643310547 670.664794921875 680.328369140625 651.709045410156 618.655517578125 579.624450683594 528.626861572266 488.718597412109 458.137939453125 447.880004882812 433.181259155273 440.329879760742 449.446884155273 483.016708374023 510.896820068359 533.075134277344 563.896484375 625.99560546875
0 0 0 0 0 0 0 0 0 0 0 0 0 0 0 0 0 0 0 0 0 0 0 31.5203084945679 61.3582973480225 102.698081970215 152.267570495605 204.998031616211 267.90007019043 331.144714355469 359.209487915039 400.951446533203 434.643325805664 457.791152954102 478.026336669922 506.970916748047 558.220672607422 611.785583496094 645.078033447266 682.875518798828 680.17724609375 646.1689453125 607.527191162109 552.362091064453 484.154113769531 455.880874633789 443.061553955078 435.827880859375 431.669891357422 440.665969848633 465.376861572266 475.093338012695 488.698516845703 546.332580566406 569.034545898438 628.098175048828
0 0 0 0 0 0 0 0 0 0 0 0 0 0 0 0 0 0 0 0 0 0 0 27.9611539840698 66.3468933105469 109.244323730469 172.1748046875 234.753211975098 307.075866699219 353.612716674805 403.258422851562 443.057510375977 470.48420715332 482.821166992188 499.030059814453 520.461639404297 575.948089599609 624.004760742188 666.578399658203 695.349975585938 693.411376953125 638.877349853516 588.668731689453 522.445495605469 470.201202392578 445.934448242188 428.386245727539 422.453964233398 425.707748413086 432.463287353516 455.697158813477 482.515365600586 512.980087280273 545.259063720703 579.930206298828 642.3779296875
0 0 0 0 0 0 0 0 0 0 0 0 0 0 0 0 0 0 0 0 0 0 0 20.7433261871338 70.5193519592285 108.642356872559 178.215293884277 253.798301696777 334.364883422852 381.678115844727 432.46272277832 471.939514160156 491.648880004883 502.863357543945 515.258148193359 546.671295166016 591.070617675781 630.997894287109 683.673126220703 707.949676513672 687.650512695312 625.708374023438 569.435241699219 488.598754882812 448.929870605469 432.443008422852 418.077651977539 419.787384033203 421.518142700195 432.31103515625 468.724319458008 477.038421630859 521.72705078125 545.749633789062 604.916259765625 669.353973388672
0 0 0 0 0 0 0 0 0 0 0 0 0 0 0 0 0 0 0 0 0 0 0 20.9001035690308 66.110107421875 114.532695770264 179.026245117188 275.028945922852 340.513977050781 392.650360107422 450.176986694336 478.773910522461 502.964614868164 510.529022216797 533.333435058594 561.630187988281 606.3701171875 642.431579589844 703.042572021484 709.555236816406 676.728271484375 601.180847167969 535.682922363281 467.252380371094 443.604751586914 419.604080200195 411.832733154297 409.72216796875 420.874740600586 442.268371582031 467.517379760742 483.168212890625 526.195831298828 560.890045166016 630.498413085938 714.012420654297
0 0 0 0 0 0 0 0 0 0 0 0 0 0 0 0 0 0 0 0 0 0 0 19.7032155990601 58.1082363128662 96.5168762207031 154.424736022949 253.473960876465 317.921951293945 356.100479125977 426.36311340332 464.915573120117 483.731430053711 510.466537475586 538.587188720703 574.113250732422 616.868896484375 651.696319580078 706.617736816406 701.928375244141 643.082855224609 583.546752929688 498.040649414062 447.673110961914 420.747940063477 405.872436523438 397.170608520508 408.09831237793 425.011627197266 446.407470703125 462.689102172852 500.748718261719 537.258850097656 589.231536865234 669.926116943359 735.277893066406
0 0 0 0 0 0 0 0 0 0 0 0 0 0 0 0 0 0 0 0 0 0 0 19.9077138900757 47.0781440734863 83.964599609375 108.832244873047 187.577682495117 290.407409667969 326.834381103516 381.317031860352 437.342514038086 477.481353759766 505.2431640625 533.046020507812 577.0869140625 623.267883300781 657.313903808594 700.774230957031 689.455871582031 622.735748291016 558.872253417969 477.242767333984 438.487716674805 410.347015380859 395.208938598633 393.246917724609 401.404357910156 422.847518920898 441.357604980469 463.561370849609 516.568389892578 549.655303955078 620.974365234375 703.204345703125 753.045379638672
0 0 0 0 0 0 0 0 0 0 0 0 0 0 0 0 0 0 0 0 0 0 0 20.994854927063 42.8687038421631 67.1509819030762 83.8409996032715 133.206764221191 221.356292724609 300.463043212891 355.272918701172 422.014541625977 465.905212402344 488.477355957031 519.987457275391 572.091522216797 618.269134521484 658.366302490234 688.421661376953 668.282897949219 602.246734619141 529.882629394531 458.341522216797 429.944610595703 402.877563476562 393.337036132812 387.130035400391 390.953018188477 420.199600219727 443.265655517578 473.650695800781 516.058197021484 585.834594726562 679.373321533203 744.948669433594 791.252075195312
0 0 0 0 0 0 0 0 0 0 0 0 0 0 0 0 0 0 0 0 0 0 10.2912096977234 31.732985496521 58.5016632080078 67.6254005432129 79.9353790283203 125.886596679688 190.166831970215 292.972152709961 330.795593261719 401.1357421875 462.521987915039 486.8515625 516.670501708984 552.730438232422 608.434814453125 650.695556640625 674.714752197266 651.123260498047 592.280090332031 507.212112426758 451.012893676758 419.198669433594 394.70329284668 373.913116455078 381.240478515625 388.493682861328 416.610092163086 427.510940551758 481.144714355469 531.765563964844 631.294555664062 742.294128417969 806.5947265625 858.346740722656
0 0 0 0 0 0 0 0 0 0 0 0 0 0 0 0 0 0 0 0 0 0 32.6938800811768 47.5003910064697 85.0610580444336 95.0604400634766 123.577556610107 153.586814880371 202.796630859375 284.69987487793 327.300308227539 400.49089050293 464.696304321289 487.118576049805 513.216827392578 543.190979003906 592.347351074219 644.79931640625 656.445831298828 645.184204101562 584.890747070312 498.496856689453 445.354248046875 402.992156982422 387.927474975586 369.58659362793 373.591613769531 386.289581298828 416.209030151367 428.951599121094 483.179336547852 541.34375 672.397277832031 775.313385009766 850.628021240234 877.837158203125
0 0 0 0 0 0 0 0 0 0 0 0 0 0 0 0 0 0 0 0 0 0 29.2563180923462 58.9925270080566 95.368839263916 128.64672088623 154.201667785645 197.541526794434 238.461822509766 301.691436767578 344.491424560547 408.088394165039 467.922882080078 502.618804931641 518.179595947266 541.709930419922 581.585845947266 621.727233886719 645.401916503906 639.165252685547 572.109405517578 489.650665283203 440.020904541016 396.168243408203 375.792190551758 354.898345947266 366.943466186523 383.52507019043 416.525344848633 432.567825317383 492.471939086914 555.857086181641 668.312408447266 757.104187011719 828.973022460938 853.356964111328
0 0 0 0 0 0 0 0 0 0 0 0 0 0 0 0 0 0 0 0 0 0 28.5568752288818 80.0892639160156 111.904811859131 168.592948913574 214.321464538574 256.292297363281 306.894073486328 347.623764038086 372.889877319336 429.925796508789 479.829544067383 507.348388671875 525.562072753906 543.836700439453 575.293426513672 611.381622314453 620.015563964844 615.130401611328 559.510192871094 482.720687866211 435.546295166016 387.801116943359 357.386383056641 344.72705078125 356.585815429688 381.783767700195 418.414962768555 439.321594238281 502.0673828125 569.178924560547 635.365356445312 722.117065429688 779.5908203125 785.002899169922
0 0 0 0 0 0 0 0 0 0 0 0 0 0 0 0 0 0 0 0 0 13.2304582595825 38.3752727508545 86.4190483093262 125.899215698242 213.298530578613 285.298645019531 337.44938659668 360.539352416992 379.046340942383 413.816177368164 462.616073608398 495.262176513672 514.462982177734 534.549926757812 557.285247802734 574.692504882812 585.936248779297 588.718536376953 580.25244140625 537.225555419922 476.980331420898 429.395935058594 377.644653320312 346.363372802734 315.28337097168 348.317794799805 375.376556396484 418.850662231445 451.27912902832 531.84619140625 579.920227050781 634.059875488281 675.234039306641 726.131958007812 717.665466308594
0 0 0 0 0 0 0 0 0 0 0 0 0 0 0 0 0 0 0 0 0 30.8467588424683 49.9381694793701 94.247631072998 145.858299255371 245.483222961426 336.048690795898 367.098724365234 394.280914306641 424.308319091797 461.366683959961 491.066818237305 509.613021850586 528.807312011719 543.490325927734 562.453460693359 566.976165771484 550.991180419922 545.859649658203 533.265991210938 509.971054077148 468.799957275391 422.430191040039 362.898544311523 319.822448730469 298.644805908203 317.360702514648 362.502014160156 394.242721557617 466.101058959961 547.224639892578 612.34912109375 656.265655517578 656.232971191406 657.153198242188 653.475738525391
0 0 0 0 0 0 0 0 0 0 0 0 0 0 0 0 0 0 0 0 0 32.3639125823975 74.557689666748 115.115097045898 192.606994628906 294.992218017578 356.774429321289 396.767822265625 436.875 474.308181762695 497.311996459961 514.925598144531 529.091644287109 539.7021484375 557.719696044922 559.514343261719 545.599792480469 531.841888427734 514.324066162109 487.179473876953 478.102111816406 449.124694824219 404.712493896484 344.707077026367 309.568649291992 277.532867431641 290.32551574707 336.158660888672 391.60725402832 441.376068115234 548.5927734375 620.052276611328 632.626159667969 620.382141113281 592.103271484375 584.965759277344
0 0 0 0 0 0 0 0 0 0 0 0 0 0 0 0 0 0 0 0 33.6981754302979 50.5982418060303 95.7403335571289 145.222938537598 247.351531982422 338.730438232422 376.973770141602 435.007232666016 485.961242675781 505.177536010742 521.607574462891 531.203765869141 542.011138916016 557.673248291016 559.544677734375 547.809112548828 534.856994628906 513.628479003906 490.803359985352 473.212677001953 455.143218994141 431.20671081543 377.337753295898 316.766326904297 275.628067016602 239.08332824707 242.477462768555 277.315078735352 343.212066650391 403.968521118164 514.930358886719 565.817901611328 566.388732910156 544.815795898438 522.554443359375 518.237884521484
0 0 0 0 0 0 0 0 0 0 0 0 0 0 0 0 0 0 0 0 20.9166374206543 67.3409271240234 113.762916564941 196.14705657959 299.835952758789 355.382583618164 408.331802368164 478.071655273438 510.092010498047 527.148345947266 537.103759765625 550.625518798828 565.421142578125 572.558807373047 564.634399414062 543.148101806641 531.212066650391 510.139389038086 486.334365844727 461.724548339844 435.367324829102 391.861328125 330.73176574707 296.081176757812 242.063415527344 193.642433166504 188.574447631836 228.475105285645 285.073364257812 341.51806640625 395.768524169922 451.19157409668 482.909149169922 480.107849121094 480.583694458008 478.132507324219
0 0 0 0 0 0 0 0 0 0 0 0 0 0 0 0 0 0 0 0 35.3405342102051 86.9677276611328 123.599533081055 229.946159362793 330.784820556641 366.33903503418 443.707382202148 502.994003295898 525.975280761719 544.052398681641 565.657836914062 582.615692138672 586.785522460938 580.237121582031 567.395568847656 550.957489013672 535.7177734375 516.952758789062 481.775985717773 439.725509643555 396.594329833984 332.645706176758 300.423751831055 249.230133056641 177.788841247559 157.357635498047 143.881500244141 171.798347473145 210.258110046387 255.887550354004 297.552337646484 330.912033081055 370.330215454102 389.615280151367 404.811874389648 420.777938842773
