Rscript/monthly_maps/SnowDepthMapFile-q90-1989-12.asc
ncols 320 
nrows 361 
xllcorner 618410.159 
yllcorner 5088785.286 
cellsize 100 
NODATA_value -9999 
[rows 92 to 114 of 361, columns 212 to 264 of 320]
866.903015136719 838.156677246094 812.150756835938 803.369995117188 808.77978515625 835.403991699219 849.352355957031 848.871826171875 783.009399414062 682.53125 622.2353515625 542.815856933594 489.276458740234 453.708587646484 436.106109619141 411.617797851562 407.144714355469 429.459564208984 456.025695800781 498.292358398438 529.104736328125 559.686462402344 614.061279296875 643.163818359375 686.261108398438 805.429992675781 871.239562988281 946.75927734375 1047.63989257812 1155.30944824219 1064.54345703125 935.658752441406 774.75146484375 704.520629882812 654.984375 661.716674804688 687.02880859375 702.0068359375 702.474670410156 698.718933105469 696.751159667969 691.966369628906 676.772338867188 667.623168945312 671.697631835938 743.552001953125 803.286437988281 813.2138671875 822.522033691406 821.840759277344 831.530822753906 841.390747070312 856.042907714844
905.933471679688 866.874694824219 840.40869140625 832.950622558594 834.870788574219 844.966796875 880.869445800781 880.997375488281 792.309997558594 689.085266113281 626.900024414062 559.157958984375 510.780700683594 470.420501708984 448.116149902344 425.294189453125 422.910766601562 434.318542480469 464.12890625 500.593292236328 530.769409179688 559.82080078125 610.530029296875 639.656005859375 683.837829589844 806.846435546875 861.734741210938 930.398498535156 1043.14672851562 1152.31652832031 1168.59106445312 1032.04516601562 848.699035644531 737.603698730469 718.167419433594 670.473388671875 681.299926757812 704.833679199219 705.699035644531 705.564758300781 703.839599609375 705.293212890625 694.981201171875 673.5439453125 676.949645996094 683.193115234375 767.529602050781 811.098876953125 821.697082519531 847.246032714844 836.340454101562 839.985107421875 873.123718261719
931.448852539062 888.907409667969 858.08740234375 846.931274414062 846.14892578125 869.642944335938 912.446228027344 912.334106445312 806.2158203125 697.670349121094 640.450378417969 578.455261230469 518.025817871094 479.012359619141 455.113586425781 440.346069335938 433.256439208984 440.508514404297 465.70556640625 503.083312988281 527.950622558594 559.24951171875 607.507507324219 639.861083984375 694.835754394531 810.323547363281 847.728515625 919.164794921875 1015.53283691406 1143.97265625 1199.72717285156 1137.33947753906 918.609375 797.994140625 752.412658691406 761.039916992188 709.708129882812 705.046264648438 710.271606445312 707.166381835938 707.692626953125 712.050659179688 708.0322265625 696.860717773438 679.349914550781 687.534301757812 752.945373535156 833.732971191406 868.93115234375 890.234191894531 926.014404296875 967.473266601562 1000.27398681641
974.559936523438 917.647277832031 877.844116210938 867.440979003906 874.03564453125 909.828735351562 958.632202148438 946.374145507812 812.948913574219 698.093933105469 645.541137695312 586.387084960938 523.531311035156 486.054382324219 461.296173095703 450.443481445312 446.451263427734 450.853515625 470.623840332031 508.809326171875 529.562927246094 555.590209960938 603.556701660156 637.154052734375 707.646545410156 807.700439453125 837.376159667969 892.280944824219 990.445373535156 1164.25024414062 1256.07067871094 1217.88647460938 1000.21936035156 864.887268066406 810.363708496094 793.171142578125 793.649658203125 730.907653808594 717.363098144531 715.31982421875 715.328491210938 715.397705078125 717.965454101562 706.062622070312 696.683959960938 697.988464355469 754.489501953125 844.784545898438 895.160400390625 921.241333007812 981.421264648438 1007.69110107422 1052.56896972656
994.726257324219 932.808288574219 907.461120605469 886.67724609375 910.5087890625 960.951721191406 1000.96875 946.365173339844 793.620788574219 688.110900878906 632.90087890625 574.710083007812 521.439086914062 487.95166015625 468.174041748047 462.712432861328 461.901000976562 464.591613769531 487.997497558594 515.5146484375 528.334411621094 556.808410644531 591.417541503906 632.986633300781 710.807250976562 796.995788574219 815.314331054688 869.333984375 997.661254882812 1206.64538574219 1323.55676269531 1318.98120117188 1082.74035644531 944.876098632812 872.359313964844 845.6083984375 829.86083984375 824.252197265625 764.468200683594 732.029174804688 722.917602539062 719.588317871094 725.100830078125 709.627563476562 705.167602539062 700.057312011719 748.658447265625 857.989624023438 921.354064941406 954.289306640625 1001.22595214844 1043.78100585938 1088.48767089844
1017.59783935547 958.150268554688 929.235412597656 920.999206542969 949.430480957031 1002.37225341797 996.3427734375 911.096435546875 750.862060546875 666.161743164062 622.677307128906 559.125244140625 519.496215820312 498.06689453125 481.018402099609 480.839447021484 481.909942626953 498.118713378906 514.368530273438 535.66015625 540.518859863281 552.58544921875 590.672302246094 622.225280761719 685.358947753906 763.264770507812 806.199829101562 861.723754882812 988.780334472656 1204.61181640625 1339.04772949219 1387.29138183594 1183.54931640625 1026.78857421875 940.85888671875 893.29248046875 870.979187011719 862.573913574219 859.796752929688 801.784606933594 740.187866210938 724.2041015625 727.578002929688 725.634460449219 721.476013183594 705.157653808594 743.3623046875 848.4130859375 923.368774414062 965.151000976562 1009.26391601562 1058.5791015625 1087.70825195312
1039.09118652344 986.574768066406 950.921325683594 955.929016113281 981.016784667969 1012.99652099609 982.605834960938 825.885437011719 699.577514648438 637.343933105469 604.958618164062 544.857055664062 522.116394042969 510.102752685547 506.487701416016 504.030517578125 509.502197265625 526.602966308594 546.098022460938 558.506896972656 550.658020019531 584.287841796875 615.198791503906 635.586486816406 665.545043945312 754.369323730469 806.506774902344 862.001770019531 981.892456054688 1125.21520996094 1350.29553222656 1404.6298828125 1300.64233398438 1133.39636230469 1003.18444824219 937.296447753906 897.815979003906 888.305480957031 900.864929199219 877.062622070312 786.554443359375 731.0263671875 728.764404296875 731.718627929688 743.406372070312 720.273254394531 734.127685546875 835.431274414062 911.298522949219 961.439208984375 1011.85864257812 1060.53479003906 1079.38745117188
1055.52880859375 1013.69232177734 978.957885742188 987.358154296875 1007.89495849609 1003.1083984375 926.784790039062 776.003356933594 667.582458496094 622.714172363281 584.689758300781 538.290283203125 536.041564941406 535.266540527344 528.923156738281 533.191955566406 542.609497070312 558.662902832031 568.835876464844 566.956481933594 570.958618164062 606.201843261719 649.556823730469 678.648010253906 674.261779785156 774.660522460938 799.956359863281 859.980285644531 956.903747558594 1075.97326660156 1233.42907714844 1424.72509765625 1377.34313964844 1256.71545410156 1083.91845703125 980.176818847656 929.091430664062 918.219421386719 916.660827636719 909.09521484375 849.545654296875 756.159484863281 737.249267578125 733.071594238281 750.050659179688 749.159973144531 755.707641601562 841.551818847656 910.947998046875 962.507934570312 1014.36016845703 1062.71362304688 1096.87634277344
1079.53393554688 1038.55944824219 1007.51721191406 1006.17034912109 1020.02301025391 998.567810058594 869.841186523438 715.745483398438 643.977416992188 616.99609375 572.51171875 548.203430175781 550.905639648438 550.940673828125 554.494995117188 562.486328125 564.284362792969 566.664794921875 573.322265625 579.967102050781 602.207702636719 646.612243652344 679.934143066406 715.616088867188 739.136413574219 811.341125488281 826.695983886719 861.17138671875 948.803283691406 1038.89892578125 1152.32836914062 1343.0751953125 1421.59716796875 1386.53125 1183.86022949219 1018.70684814453 941.941467285156 924.454345703125 928.137145996094 932.071228027344 902.887878417969 821.173889160156 755.818969726562 739.887451171875 734.682067871094 754.845458984375 808.056396484375 885.441223144531 938.442626953125 979.493713378906 1024.35913085938 1064.1748046875 1101.94152832031
1097.31616210938 1056.52941894531 1044.48059082031 1040.6298828125 1033.90734863281 975.848022460938 810.115539550781 688.30419921875 632.612182617188 606.30810546875 577.827331542969 565.955444335938 572.036926269531 569.153442382812 573.039672851562 565.611328125 575.490783691406 582.86474609375 593.808349609375 609.702453613281 639.979431152344 674.366455078125 731.162719726562 767.730651855469 801.086303710938 864.184936523438 863.2451171875 906.330505371094 943.097045898438 1021.11505126953 1103.78918457031 1240.98962402344 1408.62280273438 1426.70544433594 1311.53002929688 1083.60864257812 955.589660644531 917.261047363281 934.626647949219 960.824340820312 948.036743164062 906.288452148438 842.509521484375 796.259094238281 785.887817382812 820.517028808594 883.268798828125 937.725646972656 983.191833496094 1014.220703125 1050.96435546875 1080.46545410156 1104.46508789062
1106.38208007812 1084.50854492188 1059.53210449219 1051.72814941406 1042.302734375 931.141723632812 768.842956542969 665.375305175781 626.737487792969 600.459716796875 586.754516601562 584.967346191406 591.028625488281 577.659301757812 574.695068359375 578.212829589844 602.496154785156 618.2998046875 619.676574707031 630.668884277344 673.212219238281 740.536743164062 782.960205078125 807.273986816406 865.807434082031 908.446166992188 908.103759765625 922.056762695312 937.538452148438 980.664123535156 1045.3974609375 1168.49682617188 1333.37634277344 1379.31506347656 1383.19165039062 1179.82922363281 999.378540039062 925.476928710938 946.143249511719 998.136291503906 994.390747070312 957.705444335938 905.004638671875 861.306091308594 856.219482421875 873.211975097656 926.638916015625 974.400756835938 1011.09417724609 1057.47912597656 1069.11242675781 1098.92724609375 1106.39562988281
1115.82458496094 1100.69702148438 1092.18896484375 1079.35510253906 1032.68371582031 887.187377929688 723.416931152344 644.610595703125 620.057434082031 613.165954589844 599.640441894531 603.2978515625 598.068420410156 588.26025390625 589.282287597656 604.68017578125 624.540405273438 635.515869140625 665.18359375 679.405029296875 732.566101074219 791.689270019531 832.947692871094 864.265258789062 919.14794921875 952.066528320312 962.86376953125 966.517211914062 972.649108886719 982.397155761719 1020.54754638672 1076.28894042969 1197.55334472656 1337.89038085938 1379.23315429688 1284.5146484375 1080.94165039062 954.864624023438 964.466979980469 1028.74304199219 1041.22778320312 1025.48657226562 984.281494140625 938.467346191406 911.816284179688 913.574523925781 949.442565917969 992.45947265625 1028.36352539062 1065.83825683594 1099.00341796875 1113.05004882812 1120.18762207031
1131.18859863281 1112.90112304688 1104.95935058594 1092.44274902344 1016.53741455078 849.023742675781 695.044067382812 637.470153808594 620.813659667969 612.965637207031 614.137634277344 617.192626953125 609.546447753906 604.168273925781 609.508911132812 625.507568359375 637.285522460938 707.290283203125 815.597351074219 858.643615722656 880.46240234375 890.784729003906 900.572387695312 932.795715332031 969.622802734375 989.486877441406 1003.24530029297 1003.77691650391 1011.04132080078 1003.01220703125 1024.37390136719 1071.95642089844 1127.29736328125 1229.65747070312 1314.29846191406 1368.92224121094 1209.14575195312 1035.12841796875 984.396728515625 1043.30322265625 1093.51635742188 1092.83837890625 1068.54443359375 1025.79113769531 970.235534667969 931.246643066406 933.600280761719 990.904357910156 1034.07556152344 1069.36022949219 1087.56579589844 1110.61547851562 1126.15417480469
1147.77075195312 1130.52062988281 1116.56652832031 1092.90979003906 1000.79541015625 810.202453613281 673.572326660156 631.948852539062 631.7060546875 619.854553222656 623.69287109375 630.716979980469 632.487426757812 639.238830566406 642.523864746094 647.846923828125 691.897216796875 847.027709960938 935.644226074219 967.437561035156 965.350280761719 967.263916015625 972.509155273438 997.351440429688 1010.55505371094 1023.28735351562 1045.80322265625 1055.90698242188 1068.1484375 1051.75671386719 1087.78991699219 1132.26611328125 1170.14099121094 1219.08935546875 1289.04162597656 1358.53234863281 1341.03125 1146.83764648438 1028.271484375 1054.41711425781 1126.80712890625 1139.71264648438 1118.07214355469 1067.99011230469 1019.36956787109 943.339233398438 902.853271484375 936.006225585938 1010.32269287109 1074.79907226562 1096.55908203125 1109.7255859375 1126.19873046875
1174.171875 1155.34216308594 1138.10754394531 1095.09692382812 973.048645019531 782.190307617188 657.789672851562 632.740844726562 630.055236816406 627.321960449219 623.593444824219 645.7919921875 663.033508300781 672.048889160156 676.358215332031 691.51708984375 783.959411621094 908.412475585938 1022.38604736328 1075.77294921875 1052.09216308594 1012.68145751953 1015.82623291016 1040.1123046875 1051.26574707031 1056.29357910156 1061.86962890625 1077.22021484375 1094.59204101562 1142.12719726562 1165.00109863281 1197.80395507812 1201.60852050781 1231.85461425781 1316.69921875 1357.19262695312 1365.45007324219 1264.33142089844 1090.45654296875 1066.10534667969 1148.11364746094 1160.77075195312 1136.93493652344 1066.7236328125 1034.77416992188 966.226318359375 895.754028320312 879.913024902344 951.468566894531 1056.103515625 1112.1796875 1132.42053222656 1139.81579589844
1151.33337402344 1158.06372070312 1144.62731933594 1083.20190429688 964.594421386719 765.433532714844 654.016052246094 640.377807617188 623.678527832031 621.025512695312 639.386291503906 653.999389648438 676.282836914062 689.772583007812 704.688598632812 743.896240234375 853.377807617188 936.73388671875 1050.81884765625 1114.64636230469 1138.43334960938 1058.33679199219 1064.13635253906 1070.03247070312 1086.8876953125 1086.03332519531 1080.21411132812 1082.4140625 1105.43347167969 1155.59887695312 1195.46850585938 1218.24572753906 1257.84606933594 1303.44738769531 1302.19177246094 1356.24011230469 1375.9267578125 1362.50659179688 1178.74853515625 1095.81811523438 1153.30810546875 1169.3662109375 1138.92663574219 1039.49169921875 1022.64129638672 1057.99572753906 949.167785644531 869.146301269531 889.571044921875 1005.04132080078 1116.77624511719 1155.39440917969 1152.78430175781
1114.45385742188 1133.85339355469 1124.72375488281 1066.35766601562 954.209228515625 761.732604980469 658.050842285156 645.189331054688 632.5029296875 625.993225097656 640.082641601562 653.479736328125 679.299560546875 697.024475097656 723.155151367188 776.317749023438 883.498413085938 942.629760742188 1052.060546875 1176.12927246094 1142.25537109375 1083.06713867188 1070.41809082031 1101.89794921875 1111.17907714844 1115.947265625 1099.28503417969 1091.31799316406 1116.95593261719 1164.3642578125 1203.56994628906 1217.54675292969 1236.82409667969 1266.85522460938 1306.17272949219 1367.09265136719 1407.05798339844 1375.78649902344 1258.11767578125 1135.82592773438 1167.53308105469 1190.08703613281 1155.04260253906 1028.13354492188 993.189392089844 1128.80773925781 1103.75048828125 976.817993164062 869.642517089844 933.174011230469 1066.28491210938 1135.07995605469 1144.42456054688
1030.01513671875 1048.9794921875 1064.26525878906 1043.54260253906 955.458618164062 775.03173828125 673.573364257812 655.543212890625 639.385803222656 637.527709960938 640.355407714844 650.9228515625 678.173278808594 696.950561523438 727.574829101562 792.040405273438 896.737854003906 943.788452148438 1029.66125488281 1160.15673828125 1172.96740722656 1090.93005371094 1046.21716308594 1072.04162597656 1102.92370605469 1124.98034667969 1132.3359375 1120.24743652344 1113.28601074219 1138.99853515625 1182.18505859375 1223.09045410156 1274.19702148438 1339.34375 1352.27709960938 1384.55407714844 1412.91198730469 1423.4697265625 1324.02709960938 1200.19055175781 1188.8544921875 1216.64233398438 1183.71801757812 1035.99658203125 992.823303222656 1137.54992675781 1242.54711914062 1202.7548828125 970.696105957031 908.385803222656 1004.52471923828 1071.98510742188 1071.71887207031
941.1416015625 967.304504394531 999.084838867188 1020.00115966797 937.852355957031 793.984924316406 682.785217285156 660.509826660156 646.869323730469 641.140258789062 645.180358886719 652.341857910156 677.647705078125 695.794250488281 722.745300292969 795.681335449219 897.438232421875 929.580383300781 1002.81481933594 1130.31896972656 1183.4013671875 1145.05053710938 1056.12927246094 1035.74951171875 1050.09924316406 1082.04211425781 1119.54748535156 1152.46337890625 1160.03491210938 1146.88562011719 1144.10888671875 1165.96667480469 1254.6416015625 1407.37756347656 1414.22546386719 1463.37780761719 1438.59753417969 1423.74450683594 1369.93981933594 1247.67236328125 1225.53527832031 1241.74938964844 1227.74243164062 1052.43835449219 992.853881835938 1111.65319824219 1561.4892578125 1351.68933105469 1117.36193847656 973.939331054688 998.063720703125 991.028564453125 970.510437011719
861.078002929688 888.024658203125 931.463745117188 970.027526855469 934.046447753906 799.413696289062 688.870971679688 668.946594238281 659.713623046875 650.198303222656 654.45166015625 665.117980957031 682.5830078125 697.9931640625 725.115966796875 797.536743164062 891.608520507812 920.613708496094 997.574462890625 1122.48461914062 1240.427734375 1282.12292480469 1190.27783203125 1108.35949707031 1058.74340820312 1051.33325195312 1065.6533203125 1116.7060546875 1157.06030273438 1185.62817382812 1218.3134765625 1200.8837890625 1219.99365234375 1287.99682617188 1468.34191894531 1503.31213378906 1510.21533203125 1474.18896484375 1402.69934082031 1271.03259277344 1240.57531738281 1262.61120605469 1271.86633300781 1092.34826660156 1026.45593261719 1089.62243652344 1497.90173339844 1656.59130859375 1349.61987304688 1141.81823730469 1093.95434570312 1013.23980712891 954.619323730469
821.032104492188 845.204711914062 889.571472167969 931.798522949219 900.354858398438 798.299377441406 704.729797363281 688.7451171875 674.607543945312 668.229736328125 672.544372558594 687.278869628906 700.427978515625 710.095825195312 743.965637207031 802.926208496094 888.516906738281 915.225280761719 989.067626953125 1089.14013671875 1237.89782714844 1224.82348632812 1300.22778320312 1308.40185546875 1212.578125 1143.2451171875 1102.14562988281 1100.36071777344 1123.533203125 1194.8974609375 1287.70593261719 1296.77197265625 1231.84838867188 1244.57080078125 1385.294921875 1528.11486816406 1540.43884277344 1520.26049804688 1431.42956542969 1298.95581054688 1239.77795410156 1263.39697265625 1306.50927734375 1169.39807128906 1069.01391601562 1083.83129882812 1403.34167480469 1706.6474609375 1650.07238769531 1396.28735351562 1263.162109375 1153.20141601562 1072.79138183594
783.816345214844 815.201293945312 856.306396484375 901.183288574219 886.785949707031 799.35546875 719.241149902344 708.065612792969 705.3388671875 696.171264648438 700.439025878906 709.810363769531 724.760131835938 744.278198242188 774.382263183594 824.024230957031 895.940673828125 931.096618652344 982.787475585938 1038.04907226562 1056.71142578125 1092.05834960938 1176.66979980469 1183.98999023438 1293.56359863281 1337.39489746094 1282.05712890625 1251.17736816406 1236.55493164062 1266.86413574219 1309.53002929688 1350.30261230469 1320.02392578125 1259.60974121094 1330.3818359375 1466.26098632812 1551.62536621094 1588.3251953125 1500.384765625 1320.05895996094 1234.37353515625 1321.53393554688 1262.88659667969 1233.36901855469 1114.78259277344 1103.55505371094 1327.47387695312 1573.93835449219 1819.85400390625 1646.51293945312 1531.60217285156 1480.73400878906 1372.71142578125
747.019714355469 770.410095214844 827.494873046875 861.203125 883.980590820312 811.480590820312 744.576599121094 729.940185546875 725.60400390625 728.9033203125 725.764953613281 731.858459472656 751.500610351562 796.9794921875 821.988464355469 858.263122558594 908.092346191406 928.869506835938 947.287353515625 944.342407226562 936.836486816406 946.592651367188 965.209777832031 1028.68713378906 1156.80212402344 1165.86413574219 1287.02136230469 1328.64025878906 1343.89721679688 1398.9677734375 1384.21423339844 1368.05541992188 1380.98120117188 1358.20239257812 1363.04479980469 1423.73645019531 1521.29553222656 1556.91638183594 1587.11450195312 1359.37280273438 1263.10278320312 1324.32556152344 1313.64880371094 1283.56958007812 1184.52490234375 1155.45373535156 1316.79772949219 1714.705078125 1859.6015625 1770.80004882812 1714.85668945312 1764.52941894531 1642.43981933594
