Rscript/monthly_maps/SnowDepthMapFile-mean-1989-11.asc
ncols 320 
nrows 361 
xllcorner 618410.159 
yllcorner 5088785.286 
cellsize 100 
NODATA_value -9999 
[rows 207 to 229 of 361, columns 106 to 158 of 320]
150.167785644531 146.336963399251 140.066164652507 128.416381327311 120.6571434021 117.298246002197 116.931046803792 116.690480804443 113.517277526855 113.553833262126 112.327361806234 111.507506052653 112.956445821126 113.046492513021 116.133421579997 125.010972340902 134.084884643555 138.836592356364 153.402945709229 160.812373352051 175.085019938151 187.625563049316 207.200439961751 201.373926289876 188.045729573568 175.468348185221 158.520644632975 126.07087097168 106.390352884928 68.4478645324707 33.0795495351156 10.1423035065333 7.36044996579488 3.21239320437113 2.17446180979411 1.28139855066935 0.363964557647705 0.277023506164551 0.264348395665487 0.260875733693441 0.340749168395996 0.338987414042155 0.336040941874186 0.337236754099528 0.338960806528727 0.277589670817057 0.399137528737386 1.45601189931234 2.69679614702861 4.75802965164185 8.89868871370951 14.798970969518 70.2147252400716
156.662749735514 146.850563557943 142.70738474528 125.8042872111 118.067627461751 116.876397959391 113.183442687988 110.376498921712 108.344183095296 107.415705871582 104.211655680339 100.975049082438 101.288673146566 98.9229049682617 101.368926239014 101.144571940104 105.786141967773 111.332185109456 117.972601572673 128.285285695394 153.503927866618 169.424901326497 181.889483133952 199.220364888509 185.1281346639 175.030494689941 156.981096903483 120.807096099854 82.600826772054 43.3451356887817 11.496271832784 8.63358074824015 5.12300089200338 2.74328009287516 1.96940072377523 1.07452243169149 0.306594117482503 0.2731170018514 0.34392458597819 0.341880575815837 0.338586552937826 0.336478201548258 0.333325131734212 0.336334419250488 0.338981787363688 0.280556996663411 1.13317969640096 1.95094159444173 2.76458290417989 6.16122603416443 9.53597406943639 37.0983739535014 79.7045185089111
164.562386576335 156.053776550293 147.097232055664 134.412234242757 128.029452768962 118.834629313151 115.972788492839 108.262186431885 103.985507965088 104.307285563151 100.340938822428 94.1066630045573 82.434524790446 72.3320166269938 70.7328491210938 72.8518332163493 84.0034375508626 89.2904847462972 97.8564735412598 106.811382548014 120.246180470785 150.222080230713 165.945789591471 177.007596333822 178.487715657552 171.828330993652 151.975255330404 116.872244262695 72.7997147878011 15.6266036192576 9.89595867792765 6.94921838442484 3.2629457950592 2.27932694753011 1.31450339953105 0.386893812815348 0.284270318349202 0.27199920018514 0.265195369720459 0.34152250289917 0.336520989735921 0.334345213572184 0.333182112375895 0.336697673797607 0.340628973642985 0.287384859720866 1.09593226114909 2.09001391728719 3.15499491691589 7.29680023193359 10.9483962376912 43.621858215332 91.7532773335775
174.678492736816 167.279901631673 158.585588582357 143.495995585124 134.95673828125 129.107402801514 123.309623718262 118.7991065979 115.183425140381 109.634357961019 103.712166341146 88.8309977213542 71.964174524943 63.2836936950684 59.8944206237793 55.5728651682536 56.5219729741414 64.2061133066813 66.3500270843506 77.2251440684001 98.0779214223226 114.998066457113 147.557785542806 160.830931091309 167.670001729329 161.274536641439 135.496736653646 107.775991566976 50.9152992248535 11.6418529669444 8.26510713895162 4.51650012334188 2.83016042709351 2.04314444859823 1.07886249224345 0.298870754241943 0.28689079284668 0.271110089619954 0.263579670588175 0.33911403020223 0.334205468495687 0.330340735117594 0.334510389963786 0.338985824584961 0.346409034729004 0.304558976491292 1.1696826616923 2.44437812169393 3.95413724581401 8.49624563852946 13.8167718092601 66.6173023223877 111.03463083903
186.002475484212 178.075947570801 170.103318786621 162.883015441895 151.341417948405 143.894981892904 136.24828338623 129.842294311523 125.428202819824 118.476760609945 114.036147054036 109.351284281413 89.5911038716634 75.7203629811605 58.8682039896647 47.5164102554321 43.8319310506185 40.7405093510946 41.6771400769552 50.241294892629 64.3241938908895 87.3492983500163 109.340252176921 138.87615737915 148.311314137777 142.24139175415 115.475663757324 80.6617427825928 42.4067247390747 9.79695862134298 7.02431693077087 3.25785013834635 2.28490985234578 1.34400329589844 0.445022741953532 0.303925863901774 0.289279397328695 0.269400914510091 0.259631935755412 0.336216036478678 0.323387400309245 0.329506874084473 0.337484741210938 0.341908772786458 0.282833925882975 0.410262584686279 1.47457847595215 2.66218813260396 5.55825276374817 9.46187253793081 40.0541680018107 82.346245320638 120.211722564697
200.215585835775 196.419188944499 190.911831665039 181.971063741048 170.993091328939 165.855275980632 161.575589497884 156.006533813477 144.022283426921 135.921015421549 129.644352467855 121.176166025798 113.780125935872 100.64344736735 78.7885648091634 54.2767529805501 47.8599700291951 25.4415106296539 22.0124101956685 23.1666636149089 33.1792609055837 56.6319794336955 74.6096955617269 101.751960754395 109.264817047119 107.510929107666 90.0484850565592 49.6084323247274 12.5539881229401 8.53908357620239 4.63022931416829 2.73900144894918 2.00617396036784 1.0700030485789 0.332995446523031 0.29958963394165 0.28141409556071 0.2629723072052 0.339120705922445 0.325649166107178 0.315148989359538 0.336056041717529 0.343099021911621 0.270633379618327 0.302000522613525 1.07794421513875 2.03413492838542 3.04476650555929 7.00924660364787 10.719290526708 42.7111702601115 96.0318209330241 128.411930847168
215.492332458496 214.992255147298 213.009587097168 207.659970092773 198.497537740072 190.328620402018 183.573691304525 176.47658996582 172.001601664225 163.185105895996 155.891848754883 139.68440246582 131.493968454997 119.462390391032 109.00479888916 79.9140179951986 52.8251323699951 43.1286796569824 15.8638369401296 14.2729103565216 13.8147365570068 21.4516959349314 40.695934009552 63.2900250752767 70.6117485046387 69.2474004109701 47.9419212341309 15.7560301144918 9.2004781961441 6.85495513280233 3.1431401570638 2.18262564341227 1.2817416826884 0.403395843505859 0.296363894144694 0.285162448883057 0.268489901224772 0.260343901316325 0.335462220509847 0.31451047261556 0.330909951527913 0.342776075998942 0.269099267323812 0.297243086496989 0.367230542500814 1.26152741114299 2.21771020889282 3.30519027709961 7.84464206695557 11.8313034852346 50.7660394032796 111.550707244873 134.242881774902
232.824417622884 234.068605041504 233.257940673828 229.402456156413 220.948546346029 212.782440185547 205.075352478027 196.636342875163 188.059266153971 179.132761128743 172.156297302246 164.378265889486 152.762996419271 135.50686340332 122.824532572428 111.477077484131 79.1946479797363 48.9329360961914 20.7151003360748 15.794625377655 12.6034261226654 11.6111376285553 13.06283826828 23.031542078654 31.6385238806407 27.3185350259145 13.6704903920492 10.0015996932983 7.68198685646057 4.17361919085185 2.39841815630595 1.57984568277995 0.761907291412353 0.27091375986735 0.281029351552327 0.265735960006714 0.337353865305583 0.335661029815674 0.320032914479574 0.320352427164714 0.258903503417969 0.268750540415446 0.297698179880778 0.277519766489665 0.859871578216553 1.55207052230835 2.68641300201416 4.29185117085775 8.41306269963582 13.2640628019969 67.0961671193441 112.900694020589 151.584783426921
242.464800008138 251.345934041341 251.018233235677 245.013324483236 234.532196553548 228.689284261068 220.997221883138 213.317169189453 201.176419067383 193.909051005046 185.721531677246 177.291940307617 167.393188985189 154.115499369303 135.545323689779 122.414551289876 110.049304962158 75.6660088857015 47.5540973027547 16.5064183394114 12.7108312368393 11.0326342821121 10.4624849041303 11.0377285957336 11.6152532577515 10.9725306590398 9.63144285678863 8.30302747090658 5.45470302899679 3.12728702227275 2.16224393844605 1.24936389923096 0.366170597076416 0.280801423390706 0.267872015635173 0.336352252960205 0.330676078796387 0.312326176961263 0.304226271311442 0.338946851094564 0.265985536575317 0.287798881530762 0.271610291798909 0.387736352284749 1.16349356969198 2.14109141031901 3.12993148167928 5.75455584526062 9.14586505492528 18.4694318135579 79.0423739115397 119.442985788981 159.525173441569
267.779275512695 271.047153727214 269.246538289388 261.972090657552 249.883173116048 238.198615010579 227.258768717448 223.10542755127 216.425959777832 205.995826212565 197.991684977214 189.177922566732 177.968324279785 167.118762715658 152.289599100749 133.866891225179 119.192315165202 98.3469769795736 59.883802541097 20.9984748045603 14.4370001236598 11.6075527667999 10.5329709529877 10.1867446422577 10.0352474689484 9.53122445742289 8.05215225219727 5.81559449831645 3.46331315040588 2.4192612806956 1.54757490158081 0.744232622782389 0.288014348347982 0.279688231150309 0.262714306513468 0.335540803273519 0.310178089141846 0.282459036509196 0.303781032562256 0.342323811848958 0.276691500345866 0.313449923197428 0.29705810546875 1.00542300542196 1.50634883244832 2.55750233332316 3.23035872777303 7.0532421429952 10.7227860371272 45.6898263931274 88.6291887919108 128.257117970784 166.303770446777
286.69642663002 285.783700609207 282.438468742371 271.111400349935 257.836249796549 246.105577596029 238.224755859375 229.510819498698 227.225398763021 221.472402445475 210.429226175944 200.497422790527 189.749285380046 177.134914652507 166.189575703939 151.315989176432 130.307268269857 114.7468846639 82.1028610229492 46.7472840627035 15.4314387957255 12.4831765969594 10.0748198509216 9.05834285418192 8.16349024772644 7.24566213289897 5.33897514343262 3.45159734090169 2.8791449546814 2.15116465886434 1.27421555519104 0.375975608825684 0.292919063568115 0.27890780766805 0.264624993006388 0.33765614827474 0.293977610270182 0.271030203501383 0.308556524912516 0.260303338368734 0.283252493540446 0.270883369445801 0.391975657145182 1.15420111020406 2.11013552347819 2.92095815340678 3.68919707934062 7.85433263778687 11.4601252237956 49.6641771316528 101.909480794271 133.343679046631 171.470268758138
296.416375954946 295.24966100057 291.009615739187 280.895795822144 264.723475138346 252.445207722982 246.446563720703 241.591425069173 234.984588114421 229.445081583659 225.131007385254 216.487366739909 202.458706665039 190.536502583822 176.832665506999 164.30876159668 140.429431152344 124.53564860026 103.731862894694 65.5419948577881 19.6133578777313 13.9400309642156 11.2173966725667 8.80128835042318 7.18975200653076 5.13092891375224 3.61385300954183 2.90821746190389 2.27073742548625 1.50397256215413 0.749636967976888 0.275623861948649 0.295646413167318 0.282801532745361 0.269478289286296 0.26004916826884 0.301551024119059 0.273042869567871 0.311123212178548 0.341917928059896 0.290785312652588 0.27178897857666 0.78180996576945 1.50402145385742 2.67139565149943 3.44027775128682 4.67071285247803 8.02112940152486 11.029322274526 46.0922403971354 94.6591934204102 126.466315968831 163.42017771403
335.216289901733 323.692518234253 299.122348308563 290.971013514201 277.904547055562 264.231356811523 255.533212280273 252.101047770182 249.981386311849 243.337131754557 231.514619954427 227.039449564616 218.734119669596 202.640717569987 189.156290690104 173.753648376465 159.914806111654 135.419177246094 118.025395202637 87.0897857666016 47.0361164093018 16.0412645975749 12.8997680226962 9.78016633987427 6.84762055079142 4.04392981529236 3.49461104075114 2.4259872118632 1.66657479604085 1.20928815205892 0.410145123799642 0.27004337310791 0.29935131072998 0.287383874257406 0.275963560740153 0.264499203364054 0.314226563771566 0.280649280548096 0.313305600484212 0.341297658284505 0.281689198811849 0.316696548461914 1.06365038553874 2.01772685050964 3.06150711377462 3.73572724660238 6.36638819376628 9.04196804364522 11.8461729049683 41.8089923858643 78.3025042215983 114.551887003581 155.776472473145
365.306053161621 352.080902353923 332.714262072245 308.09319952329 292.774544382095 284.857330926259 275.570059506098 268.900897216797 262.820318603516 255.472869873047 246.799069722493 237.471909586589 223.885641988118 215.660865783691 196.638310241699 182.898727416992 169.405557759603 155.301749674479 130.402717590332 111.977262115479 76.381573232015 45.0675247828166 14.8612923781077 11.5893815517426 7.96632730166117 4.47654787699382 3.37942172686259 2.68470369974772 1.47111670176188 0.818389701843262 0.335801792144775 0.271663347880046 0.301838874816895 0.290118757883708 0.278688844045003 0.266629107793172 0.324454307556152 0.287535985310872 0.319630908966064 0.341102345784505 0.285946400960286 0.329225413004557 1.2362845102946 2.55689406394958 3.45949212710063 6.03528803189596 9.10073113441467 12.6573527733485 14.6683725516001 45.7438835779826 75.0525367736816 110.284302266439 138.259214019775
434.355982589722 384.790211232503 353.914974594116 342.305018870036 313.074526373545 302.538391049703 294.231517696381 287.764767583211 276.243137613932 265.144184366862 257.209637451172 247.661054484049 232.905356852214 219.83648223877 202.398874409993 190.555991617839 178.984857177734 164.655740865072 149.364929707845 124.323556264242 103.144463094076 61.0748470306396 19.5794646263123 13.8557396332423 10.6137363513311 6.29679900805155 3.58192512194316 2.79396769205729 1.84770752588908 1.09849405288696 0.30538854598999 0.274077542622884 0.302383295694987 0.290469868977865 0.278148237864176 0.266656907399495 0.323143100738525 0.290599060058594 0.332771809895833 0.342184321085612 0.290216414133708 0.409572092692057 1.54405695597331 2.89306225776672 4.85722764333089 9.00186583201091 12.5648321986198 15.4553420702616 38.9325635910034 55.0233894348145 92.7439837137858 116.309384409587 131.545486450195
504.376544570923 429.958328374227 386.107269795736 362.329102071126 351.641083017985 342.039300600688 310.673226277034 302.294042778015 286.88873017629 273.261295572917 263.666801961263 253.553268432617 240.737046305339 225.354014587402 214.955224100749 197.70492960612 186.956710306803 174.499834187826 158.301727294922 134.478146362305 119.107832845052 84.3344352722168 45.2157557169596 16.3868288199107 13.2367345650991 8.75376715660095 4.4264926592509 3.10647602081299 2.13963411649068 1.17515123685201 0.369207286834717 0.277690156300863 0.307037258148193 0.288837401072184 0.275829188028971 0.2640922387441 0.311807378133138 0.289794127146403 0.337751992543538 0.343363157908122 0.291894499460856 0.750905513763428 2.03652642567952 3.268994029363 6.76514061292013 11.106014919281 15.4936500708262 46.5157501220703 66.7993863423665 90.3231274922689 116.354904429118 127.743270365397 152.858489990234
531.253246943156 477.133986155192 421.297520828247 386.620677185059 379.004785664876 351.991202672323 334.871975104014 305.185430749257 294.692403650284 277.493469238281 267.541259765625 259.102591959635 248.020673624674 233.07226155599 220.376717631022 210.534414164225 193.738717142741 181.76683400472 165.416003417969 145.178174336751 122.699287668864 100.865974171956 58.0090999603271 20.0693417708079 14.2772347768148 10.4774183273315 6.36063923835754 3.47183434168498 2.78401872316996 1.54787174860636 0.776953633626302 0.278728357950846 0.263795296351115 0.291679128011068 0.274588902791341 0.261991039911906 0.298917007446289 0.28805996576945 0.338124020894368 0.346008046468099 0.322111543019613 1.19924116134644 2.50509757995605 3.5312692006429 7.77264943122864 12.2330667972565 28.4487104892731 68.1943125406901 103.497109222412 122.168011983236 133.182585398356 151.551090494792 164.662515258789
490.139409510295 465.304019165039 410.998931248983 379.501871490478 374.530721155802 347.959512837728 326.954800780614 304.266281398137 296.249149417877 284.184102376302 270.724193318685 262.967762247721 253.746020507812 241.842784118652 227.356689453125 215.298973083496 199.214002990723 186.158507283529 169.041034444173 151.607534281413 125.688344319661 107.807397206624 68.8900056203206 41.4256992975871 14.5742908159892 11.1350382407506 7.57316253980001 3.80738059679667 3.07110226949056 2.03341488838196 1.08874435424805 0.299564425150553 0.26631719271342 0.293576176961263 0.273792680104574 0.259469763437907 0.287402184804281 0.298441664377848 0.335654131571452 0.273556486765544 0.358088906606038 1.46801745096842 2.82199192047119 4.51858549118042 8.68691426912943 13.6406253019969 45.4581404368083 82.4342058817546 118.526281229655 138.862087504069 152.50485534668 160.502084350586 174.537793986003
403.573846054077 376.964798927307 366.874107615153 356.200342941284 345.634203910828 339.309237480164 304.828076267925 303.098709694544 297.943427371979 287.047397391001 278.54311726888 265.667654418945 257.00273844401 245.100240580241 233.244536844889 214.871031188965 208.063719685872 187.861021931966 170.245512390137 152.313702901204 126.063632965088 107.865254974365 70.1905562082926 42.4484237035116 14.6872836271922 11.2191764990489 8.00265669822693 4.26933224995931 3.32532471021016 2.13992137908936 1.18661982218424 0.3130202293396 0.271527067820231 0.297276655832926 0.275254599253337 0.339105002085368 0.283388614654541 0.306904061635335 0.335411802927653 0.277828502655029 0.665137259165446 1.71232916514079 3.23315141995748 5.4890741666158 9.64694860776265 14.5664545694987 46.0122082392375 89.4398582458496 117.698169962565 136.899682871501 150.438706970215 159.031705729167 172.037872823079
331.33243560791 328.692458661397 311.311033630371 301.483665003503 298.450665063411 297.090592770341 301.56147942543 298.548690287272 293.940431849162 286.940248123805 281.015869140625 269.037363688151 258.415981038411 245.762643432617 234.248499552409 218.514069112142 208.10938873291 188.00435740153 170.032010396322 152.289115905762 125.038966623942 107.127560933431 69.3357515970866 42.3008632659912 14.5057020982107 11.3068257808685 7.66202802658081 4.42517372767131 3.45519083340963 2.55640916824341 1.25550312995911 0.413425922393799 0.260802125930786 0.302997271219889 0.278727722167969 0.260956366856893 0.285359128316243 0.310802904764811 0.33198922475179 0.279392751057943 0.686960299809774 2.06815945307414 3.27593727111816 6.67520991961161 10.1329543193181 17.0676184654236 48.8633060455322 85.5520922342936 112.826963297526 126.8364402771 144.65149714152 154.087775675456 167.97010345459
291.771164604897 286.738486053608 294.672695128123 294.508609565099 293.119134775798 293.112354024251 291.730326986313 293.392273521423 289.552609268824 285.146810913086 278.987951660156 270.402326456706 259.261684163411 246.557662455241 234.54514058431 214.27819925944 203.824571736654 185.010955301921 167.36157023112 150.221038818359 123.659873708089 107.501874287923 67.5046112060547 41.1580340703328 14.404119682312 11.3130174477895 7.68939463297526 4.58031098047892 3.61018517812093 2.82855043411255 1.60108245213826 0.773858197530111 0.306758054097494 0.310107485453288 0.285435326894124 0.268366305033366 0.300128936767578 0.312642319997152 0.331301339467367 0.34772621790568 0.670675881703695 1.71287762324015 3.32183594703674 7.2889804204305 11.572142803669 18.940024582545 48.1319901784261 75.9045743306478 103.386923217773 114.45002339681 130.503916422526 148.628566996257 165.263787333171
292.544860903422 292.795263528824 289.925136756897 288.440700944265 286.210989459356 285.858380063375 285.368023284276 283.20596297582 282.867070515951 279.114877319336 274.899213663737 269.887996419271 258.668074544271 245.885380554199 232.658848571777 215.794890340169 196.322859191895 181.225951131185 164.501838684082 147.987534586589 121.809442392985 99.7874221801758 64.8744640350342 38.0484906514486 14.2219065904617 11.3321964263916 7.71547493934631 4.60374906857808 3.53429414431254 3.00678968429565 2.12578158378601 1.16330768267314 0.35598669052124 0.262681865692139 0.29771556854248 0.275997511545817 0.256854025522868 0.31532309850057 0.332380676269531 0.32864605585734 0.330531311035156 1.48627068201701 3.08815434773763 7.18206699689229 10.6263523697853 16.506968053182 46.1408744812012 63.4501679738363 79.3959322611491 104.782231140137 118.520228830973 137.970229593913 162.816045125326
309.337474870682 287.255368550618 284.963396104177 283.358941396077 277.887683264414 276.383321126302 272.081920369466 270.821196492513 271.441325887044 270.332659912109 268.77089436849 264.762204996745 256.416107177734 244.119818623861 230.10556640625 214.033259073893 193.602284749349 178.282571919759 162.142447916667 139.309095255534 120.05021387736 98.0301918029785 57.0751998901367 28.9743782997131 14.2433962980906 11.2671962420146 7.75655277570089 4.73158626556396 3.66747603416443 3.20990578333537 2.25292493502299 1.2538957118988 0.425633557637533 0.279187870025635 0.313440736134847 0.290932178497314 0.274205462137858 0.259468666712443 0.337693246205648 0.322761185963949 0.299673461914063 1.27441835403442 2.6772989432017 6.16418231328328 10.0795077641805 12.6220873355865 19.1918483416239 45.1387035369873 68.0425557454427 93.4420603434245 114.68966217041 133.374404144287 164.04153137207
