Rscript/monthly_maps/SnowDepthMapFile-min-1989-12.asc
ncols 320 
nrows 361 
xllcorner 618410.159 
yllcorner 5088785.286 
cellsize 100 
NODATA_value -9999 
[rows 275 to 299 of 361, columns 112 to 167 of 320]
133.138595581055 141.829177856445 149.08561706543 154.59619140625 178.799789428711 182.092391967773 183.499114990234 171.281585693359 173.588653564453 174.383636474609 174.796035766602 174.448608398438 172.298904418945 184.17463684082 157.324432373047 137.259063720703 104.02018737793 72.7387466430664 45.241584777832 18.3004341125488 0 0 0 0 0 0 0 0 0 0 0 0 0 0 0 0 0 0 0 0 0 0 0 0 45.2065010070801 100.89079284668 147.555252075195 175.893508911133 205.488128662109 211.544021606445 215.670257568359 195.931686401367 181.81071472168 178.387908935547 179.641418457031 188.170501708984
116.791641235352 127.70352935791 139.731262207031 147.665176391602 151.689193725586 154.684188842773 177.611038208008 178.839508056641 179.343536376953 181.252975463867 181.459442138672 182.052322387695 181.236953735352 159.108245849609 146.792984008789 116.54468536377 80.8764572143555 45.1609039306641 17.7848815917969 0 0 0 0 0 0 0 0 0 0 0 0 0 0 0 0 0 0 0 0 0 0 0 0 0 28.9340991973877 80.6187591552734 108.376617431641 149.469802856445 205.387145996094 209.796539306641 225.196563720703 229.105651855469 213.909255981445 207.927459716797 208.412368774414 214.427139282227
90.8516311645508 116.101554870605 125.804100036621 132.095184326172 140.814270019531 145.288375854492 147.629165649414 149.211410522461 151.345367431641 153.009216308594 154.774871826172 177.849731445312 159.044937133789 152.87873840332 127.753677368164 91.1831741333008 49.060001373291 20.6006603240967 0 0 0 0 0 0 0 0 0 0 0 0 0 0 0 0 0 0 0 0 0 0 0 0 0 0 13.8501663208008 42.0307960510254 84.9210433959961 131.230834960938 152.528015136719 179.948883056641 217.534942626953 234.219985961914 235.389373779297 241.975112915039 237.184600830078 241.255554199219
77.3835525512695 94.5867385864258 116.938720703125 122.816413879395 127.665344238281 128.591201782227 130.437713623047 131.922515869141 132.482513427734 135.583282470703 141.925567626953 148.712631225586 151.258026123047 136.807723999023 104.117118835449 75.4542388916016 29.2189674377441 0 0 0 0 0 0 0 0 0 0 0 0 0 0 0 0 0 0 0 0 0 0 0 0 0 0 0 0 27.4635372161865 60.5223045349121 85.5317001342773 134.079635620117 147.315551757812 179.75178527832 221.858245849609 239.191162109375 252.550170898438 257.927795410156 267.872344970703
64.7798233032227 84.7473068237305 113.762069702148 114.507209777832 117.579498291016 118.894813537598 119.229927062988 119.350708007812 120.990707397461 123.944328308105 129.929916381836 137.853454589844 138.605499267578 125.304794311523 88.7518615722656 44.1868286132812 0 0 0 0 0 0 0 0 0 0 0 0 0 0 0 0 0 0 0 0 26.6944808959961 30.611572265625 28.8918075561523 0 0 0 0 0 0 25.8833351135254 58.6452407836914 76.0681915283203 100.272583007812 131.692916870117 152.236663818359 183.76692199707 218.660415649414 242.696975708008 264.125091552734 285.41259765625
43.0505218505859 69.3596572875977 90.9881362915039 92.4192657470703 96.0469970703125 97.6855239868164 101.602607727051 99.6198577880859 106.248962402344 115.013526916504 121.8994140625 126.817932128906 126.415626525879 102.587455749512 70.0741195678711 17.5666332244873 0 0 0 0 0 0 0 0 0 0 0 0 0 0 0 0 0 0 0 27.9444465637207 60.0418510437012 70.3127899169922 65.373664855957 39.8046989440918 30.2135334014893 0 0 0 20.1329917907715 40.7198867797852 74.4403457641602 95.0848922729492 111.833068847656 129.276580810547 147.505172729492 169.572265625 195.457366943359 232.718383789062 251.722351074219 278.072021484375
29.8066062927246 58.6043815612793 74.1374893188477 80.9492340087891 82.9861526489258 82.8001327514648 81.1206283569336 82.0404357910156 82.1363372802734 92.6245346069336 110.952926635742 117.911697387695 113.570007324219 82.3562774658203 34.5396766662598 0 0 0 0 0 0 0 0 0 0 0 0 0 0 0 0 0 0 0 22.5317096710205 57.1858177185059 92.8066940307617 100.423202514648 98.8533935546875 76.9940490722656 41.0620765686035 29.3332252502441 0 0 19.7452716827393 51.7144012451172 85.1433868408203 110.058822631836 142.429809570312 153.903121948242 170.932723999023 169.330780029297 188.083465576172 220.484710693359 248.08171081543 266.045532226562
18.3438453674316 38.1516075134277 67.4973068237305 68.8328247070312 68.133918762207 65.8038635253906 64.7695083618164 65.689338684082 68.936882019043 78.6331634521484 87.9117050170898 94.818229675293 83.4282836914062 53.1450729370117 15.0244808197021 0 0 0 0 0 0 0 0 0 0 0 0 0 0 0 0 0 0 0 35.4019813537598 79.5200347900391 105.376525878906 124.358390808105 133.689178466797 98.6266784667969 66.0342330932617 27.6977081298828 26.8988933563232 25.0750770568848 30.7139263153076 59.7178802490234 93.0805816650391 134.636596679688 153.646240234375 170.454116821289 186.852645874023 201.773803710938 215.874359130859 234.011947631836 249.478530883789 261.107238769531
14.8117265701294 24.6806697845459 39.3157691955566 46.9495010375977 41.7907981872559 34.4096069335938 32.3490371704102 35.7946357727051 43.9916763305664 64.4001388549805 71.5028610229492 77.0370559692383 67.4262313842773 22.6546096801758 0 0 0 0 0 0 0 0 0 0 0 0 0 0 0 0 0 0 0 19.8157119750977 54.6301345825195 91.1035690307617 129.882186889648 153.275939941406 145.20442199707 124.577613830566 90.2466888427734 58.244384765625 32.9734191894531 25.3183040618896 38.7857513427734 65.4597854614258 88.1013717651367 140.542465209961 152.568405151367 178.647583007812 199.021392822266 215.930511474609 232.303009033203 240.621566772461 248.263458251953 273.229644775391
0 20.1396675109863 21.6044273376465 20.090576171875 16.8245677947998 14.1845149993896 7.20941686630249 12.522554397583 19.1928901672363 28.9658279418945 44.7032852172852 45.6032981872559 25.3682670593262 0 0 0 0 0 0 0 0 0 0 0 0 0 0 0 0 0 0 27.5358848571777 24.42702293396 47.0846939086914 76.3180389404297 100.252807617188 135.418075561523 166.525436401367 166.481231689453 147.152679443359 111.071350097656 91.3046264648438 60.2619094848633 50.4436340332031 48.2269325256348 65.7759323120117 84.8180618286133 110.116691589355 142.813430786133 171.386581420898 200.097152709961 228.497024536133 243.045394897461 252.480895996094 269.981018066406 287.914306640625
0 0 10.76243019104 0 0 0 0 0 0 0 11.4570503234863 11.5083198547363 0 0 0 0 0 0 0 0 0 0 0 0 0 0 0 0 0 0 31.8676242828369 55.223445892334 64.4160842895508 80.5972595214844 91.8646469116211 113.144844055176 148.211227416992 178.557189941406 184.222351074219 167.883575439453 141.381332397461 103.978309631348 85.3350296020508 68.0368804931641 61.8974304199219 72.9160919189453 85.4326477050781 106.691307067871 144.093185424805 158.385284423828 177.670211791992 219.689605712891 244.382202148438 266.730072021484 286.786926269531 297.976165771484
0 0 0 0 0 0 0 0 0 0 0 0 0 0 0 0 0 0 0 0 0 0 0 0 0 0 0 0 0 28.7592449188232 71.8043212890625 94.0496139526367 96.8327713012695 101.700714111328 113.897727966309 142.645095825195 162.229141235352 186.215087890625 203.198181152344 184.780960083008 157.261779785156 134.268447875977 106.812088012695 92.8932418823242 84.723388671875 87.2834167480469 94.6935958862305 106.245140075684 142.08186340332 150.429260253906 164.682113647461 191.315231323242 244.178253173828 267.810913085938 294.499389648438 312.655059814453
0 0 0 0 0 0 0 0 0 0 0 0 0 0 0 0 0 0 0 0 0 0 0 0 0 0 0 0 24.9722347259521 62.5635032653809 104.060470581055 126.651878356934 135.884353637695 137.860855102539 148.900054931641 158.807067871094 174.326309204102 201.030075073242 210.070678710938 204.388458251953 173.668060302734 150.652252197266 136.913619995117 119.612716674805 107.484535217285 105.635551452637 128.11750793457 127.785163879395 138.829177856445 157.736526489258 160.693756103516 176.86116027832 211.232864379883 253.136154174805 287.489288330078 328.597045898438
0 0 0 0 0 0 0 0 0 0 0 0 0 0 0 0 0 0 0 0 0 0 0 0 0 0 0 0 48.6801147460938 97.264030456543 138.145492553711 155.546096801758 159.392684936523 159.547088623047 163.262619018555 169.978225708008 185.435440063477 203.789276123047 219.088455200195 214.226364135742 187.711853027344 168.266464233398 153.776824951172 155.915786743164 134.366958618164 130.928649902344 140.017532348633 145.021636962891 148.531387329102 151.401809692383 169.165588378906 167.432678222656 193.565979003906 234.979690551758 263.940826416016 296.197357177734
0 0 0 0 0 0 0 0 0 0 0 0 0 0 0 0 0 0 0 0 0 0 0 0 0 0 0 24.9020709991455 70.0203552246094 108.838943481445 148.630096435547 175.925323486328 182.202133178711 182.129730224609 179.609634399414 185.529083251953 197.697296142578 215.723876953125 226.182983398438 216.288711547852 201.971221923828 185.921493530273 172.711685180664 159.511779785156 161.524047851562 149.481063842773 145.440338134766 152.690994262695 165.914138793945 165.033615112305 168.614349365234 173.048278808594 183.433441162109 208.203628540039 246.654052734375 266.682861328125
0 0 0 0 0 0 0 0 0 0 0 0 0 0 0 0 0 0 0 0 0 0 0 0 0 0 13.6417236328125 41.0450630187988 86.8888244628906 112.168716430664 155.19499206543 178.779693603516 201.334869384766 193.858612060547 198.832565307617 204.912612915039 218.770431518555 232.808975219727 238.91389465332 230.830200195312 217.574737548828 204.193328857422 193.183044433594 180.715682983398 173.530349731445 172.780181884766 166.739593505859 158.471389770508 174.215713500977 182.156982421875 185.159210205078 188.805648803711 192.028396606445 203.781997680664 242.004745483398 259.142456054688
0 0 0 0 0 0 0 0 0 0 0 0 0 0 0 0 0 0 0 0 0 0 0 0 0 0 17.4411697387695 31.6457271575928 72.8869094848633 91.3628234863281 126.766929626465 153.644180297852 164.709899902344 188.81819152832 204.142791748047 222.059204101562 245.189071655273 251.099960327148 255.50422668457 249.193511962891 231.405349731445 221.90803527832 213.752548217773 204.766235351562 194.428863525391 192.285095214844 184.624664306641 178.673263549805 175.154312133789 201.096893310547 206.624984741211 203.2529296875 203.538848876953 203.980087280273 236.167434692383 259.283111572266
0 0 0 0 0 0 0 0 0 0 0 0 0 0 0 0 0 0 0 0 0 0 0 0 0 0 0 20.9435024261475 46.9942016601562 72.5044250488281 96.6101379394531 128.814071655273 148.876312255859 163.506942749023 195.124389648438 222.54833984375 241.823043823242 277.179840087891 280.371612548828 265.413452148438 253.024124145508 242.757019042969 237.878356933594 228.150939941406 221.163803100586 207.492156982422 202.166412353516 194.377349853516 186.565338134766 201.545455932617 214.755935668945 210.229309082031 218.680236816406 217.832870483398 232.725173950195 258.911651611328
0 0 0 0 0 0 0 0 0 0 0 0 0 0 0 0 0 0 0 0 0 0 0 0 0 0 0 18.1239109039307 42.7530746459961 64.8621063232422 83.3806991577148 117.14234161377 136.976348876953 150.614013671875 171.786117553711 198.504989624023 233.321228027344 274.169860839844 299.39697265625 294.514099121094 269.686126708984 258.055236816406 253.258117675781 251.507217407227 246.893142700195 236.104339599609 226.924285888672 215.140487670898 208.377014160156 210.995162963867 223.609909057617 228.08479309082 220.607482910156 225.666091918945 229.427291870117 254.345397949219
0 0 0 0 24.9909343719482 24.29079246521 7.32404613494873 0 0 0 0 0 0 0 0 0 0 0 0 0 0 0 0 0 0 0 26.3404941558838 33.4407348632812 56.8808517456055 81.9794998168945 96.910026550293 128.98567199707 134.073379516602 147.560806274414 166.348907470703 188.412399291992 219.269256591797 240.298126220703 290.278594970703 303.821380615234 298.458679199219 277.201110839844 269.259063720703 267.665802001953 266.746337890625 264.504547119141 261.694610595703 249.107971191406 233.805313110352 223.745025634766 229.13703918457 232.446273803711 237.520980834961 232.710662841797 237.938354492188 251.527984619141
0 0 0 0 18.6063003540039 26.5453777313232 26.0945339202881 27.3107852935791 0 0 0 0 0 0 0 0 0 0 0 0 0 0 0 0 0 24.0151615142822 44.8397560119629 66.3434295654297 85.9521102905273 96.2807693481445 113.305778503418 133.300537109375 152.231521606445 165.29069519043 185.7724609375 203.279083251953 210.019165039062 243.297500610352 273.951782226562 301.949890136719 306.832214355469 290.410858154297 273.857788085938 272.373107910156 273.813018798828 282.022277832031 274.25927734375 271.943267822266 259.700164794922 240.602569580078 236.686904907227 237.562561035156 240.063095092773 241.520523071289 240.396911621094 254.254852294922
0 0 0 22.2829856872559 23.0071716308594 38.2328567504883 41.9873733520508 19.8655433654785 0 0 0 0 0 0 0 0 0 0 0 0 0 0 0 25.3460502624512 43.4767456054688 69.5552749633789 101.001502990723 107.094688415527 117.605888366699 131.631393432617 156.238922119141 162.194076538086 169.839996337891 185.601776123047 202.374069213867 225.6396484375 235.300033569336 246.19645690918 263.136871337891 293.961273193359 304.425384521484 318.111938476562 310.994598388672 313.899536132812 314.723754882812 324.462799072266 310.470947265625 283.517456054688 271.481414794922 259.848419189453 242.24723815918 242.260009765625 241.619964599609 253.315841674805 246.656234741211 256.822845458984
0 0 0 23.2249946594238 25.1177520751953 42.2109107971191 -9999 -9999 -9999 -9999 -9999 -9999 -9999 -9999 -9999 0 0 0 0 0 0 0 0 38.702262878418 75.9785690307617 104.938430786133 127.722991943359 144.308532714844 158.025177001953 164.580291748047 172.850967407227 182.878036499023 194.436111450195 205.666275024414 226.084213256836 235.964569091797 242.85612487793 251.838745117188 269.591796875 287.474822998047 307.934356689453 338.351165771484 361.76025390625 392.142120361328 409.814392089844 393.971099853516 344.149291992188 310.487487792969 290.547668457031 265.751678466797 250.0048828125 244.565567016602 253.027191162109 256.109313964844 267.005432128906 265.163604736328
-9999 -9999 -9999 -9999 -9999 -9999 -9999 -9999 -9999 -9999 -9999 -9999 -9999 -9999 -9999 -9999 0 0 0 0 0 0 22.1254463195801 55.8055000305176 96.9947204589844 118.508399963379 144.613815307617 164.673416137695 175.678512573242 182.104385375977 188.855514526367 197.623901367188 218.161102294922 225.772537231445 232.90901184082 234.865081787109 249.392791748047 265.374206542969 284.38134765625 290.246429443359 309.247009277344 341.501861572266 409.757629394531 467.148223876953 475.531005859375 472.604217529297 415.310852050781 358.149078369141 320.420227050781 304.108306884766 275.077880859375 249.565383911133 256.766784667969 268.837493896484 291.036834716797 285.799468994141
-9999 -9999 -9999 -9999 -9999 -9999 -9999 -9999 -9999 -9999 -9999 -9999 -9999 -9999 -9999 -9999 -9999 0 0 0 0 0 0 36.5982208251953 77.3811569213867 91.9292297363281 117.673439025879 130.770095825195 146.344543457031 154.87353515625 162.358551025391 169.009628295898 177.191268920898 188.079711914062 215.021530151367 227.345306396484 230.873428344727 254.668655395508 281.281433105469 286.587097167969 295.530670166016 331.989990234375 390.528717041016 453.438659667969 497.049438476562 491.435852050781 476.014587402344 452.594787597656 420.322143554688 401.010131835938 356.664978027344 302.510040283203 273.168762207031 276.140930175781 296.726348876953 294.075653076172
