Rscript/monthly_maps/SnowDepthMapFile-median-1989-11.asc
ncols 320 
nrows 361 
xllcorner 618410.159 
yllcorner 5088785.286 
cellsize 100 
NODATA_value -9999 
[rows 100 to 124 of 361, columns 112 to 167 of 320]
290.163833618164 332.81950378418 379.811401367188 387.832183837891 425.026977539062 431.608535766602 464.446029663086 462.875045776367 430.886306762695 383.288589477539 325.186721801758 289.930709838867 263.996780395508 252.818542480469 267.490966796875 266.432998657227 262.052383422852 257.660797119141 252.569793701172 246.150482177734 231.997932434082 211.766532897949 178.204498291016 161.16633605957 150.397605895996 150.018867492676 134.389602661133 114.707889556885 116.389553070068 115.45251083374 105.114353179932 88.2587127685547 79.0516471862793 74.2846145629883 67.5280532836914 51.148983001709 45.6040992736816 26.6140050888062 0 0 0 0 0 0 0 0 0 0 0 0 0 0 0 0 0 0
251.542526245117 265.423538208008 290.958877563477 292.435577392578 336.558288574219 383.83659362793 407.45491027832 407.149597167969 346.096267700195 305.959411621094 269.871551513672 256.928398132324 246.200942993164 236.765609741211 231.022750854492 228.558471679688 221.478073120117 193.427383422852 187.224746704102 181.835914611816 177.236557006836 168.052993774414 160.279693603516 148.803642272949 133.909393310547 121.237930297852 109.338466644287 99.8399543762207 98.6328315734863 94.3041305541992 70.3221435546875 61.1026496887207 57.7655906677246 45.4906635284424 38.2887897491455 23.7094850540161 0 0 0 0 0 0 0 0 0 0 0 0 0 0 0 0 0 0 0 0
231.97412109375 244.280158996582 249.671951293945 251.631546020508 256.028007507324 261.236740112305 262.217514038086 268.179473876953 265.871780395508 256.933242797852 247.018989562988 230.981224060059 215.628730773926 201.784889221191 181.651611328125 175.592002868652 171.699600219727 159.184379577637 146.592727661133 135.6865234375 131.618995666504 129.247039794922 126.568992614746 121.0205078125 112.595050811768 101.836235046387 89.682243347168 84.0218048095703 70.9673843383789 53.275016784668 44.0103893280029 30.3284330368042 23.2569332122803 6.97728610038757 0 0 0 0 0 0 0 0 0 0 0 0 0 0 0 0 0 0 0 0 0 0
204.586929321289 213.254936218262 221.11393737793 223.483573913574 224.82283782959 230.553504943848 234.250839233398 235.181915283203 224.781776428223 216.658142089844 207.23112487793 195.905090332031 171.548545837402 159.054313659668 150.461845397949 144.182876586914 134.443725585938 123.111686706543 90.7117576599121 79.0166435241699 71.1487731933594 67.2609939575195 65.4531021118164 63.9827308654785 63.2829608917236 60.0970458984375 45.1064376831055 36.6211929321289 25.8025808334351 9.18435144424438 0 0 0 0 0 0 0 0 0 0 0 0 0 0 0 0 0 0 0 0 0 0 0 0 0 0
151.197807312012 162.659782409668 170.861099243164 175.047340393066 191.224464416504 197.32054901123 185.916435241699 184.697135925293 179.504722595215 173.301872253418 161.253883361816 150.111618041992 142.698608398438 135.82453918457 127.629570007324 118.557197570801 105.464782714844 78.0183982849121 63.5439720153809 56.484956741333 45.9033527374268 38.6404666900635 34.6912460327148 31.3704147338867 23.5883102416992 6.62195491790771 0 0 0 0 0 0 0 0 0 0 0 0 0 0 0 0 0 0 0 0 0 0 0 0 0 0 0 0 0 0
121.540363311768 129.540893554688 137.166221618652 144.165214538574 149.161231994629 155.925155639648 160.294456481934 157.13648223877 148.871536254883 140.874801635742 131.817520141602 123.823234558105 116.456516265869 111.821678161621 102.002193450928 81.3234710693359 67.4953842163086 55.4176692962646 47.7800273895264 35.5030288696289 22.2526798248291 1.95840752124786 0 0 0 0 0 0 0 0 0 0 0 0 0 0 0 0 0 0 0 0 0 0 0 0 0 0 0 0 0 0 0 0 0 0
77.3764762878418 101.248439788818 112.213939666748 117.279067993164 124.906620025635 130.43473815918 134.494873046875 133.036094665527 127.356510162354 117.707347869873 109.046985626221 93.5768394470215 73.0180130004883 67.074089050293 60.2117462158203 55.0692520141602 47.159875869751 42.4035377502441 26.9449377059937 7.52343606948853 0 0 0 0 0 0 0 0 0 0 0 0 0 0 0 0 0 0 0 0 0 0 0 0 36.492883682251 43.4582958221436 38.6590042114258 0 0 0 0 0 0 0 0 0
70.5873222351074 71.9588584899902 78.4616661071777 93.6407508850098 101.692604064941 107.687530517578 113.05770111084 112.063941955566 105.253433227539 94.2859802246094 70.8833198547363 62.4985675811768 53.789436340332 48.7398433685303 44.3675422668457 45.7683944702148 30.1985731124878 7.28288960456848 0 0 0 0 0 0 0 0 0 0 0 0 0 0 0 0 0 0 0 0 0 0 0 0 35.7911052703857 72.3102569580078 94.8895225524902 104.99356842041 74.5502128601074 39.80641746521 0 0 0 0 0 0 0 0
94.8745079040527 86.823055267334 80.5671348571777 66.473518371582 69.1912040710449 71.2061500549316 74.2713279724121 71.4407081604004 72.9455375671387 65.7463073730469 55.4992523193359 44.8317623138428 33.2688503265381 18.0104570388794 8.77758264541626 3.07410502433777 0 0 0 0 0 0 0 0 0 0 0 0 0 0 0 0 0 0 0 0 0 0 0 38.3926544189453 47.8373756408691 73.4533424377441 97.5064392089844 128.066913604736 138.770347595215 133.295196533203 110.823524475098 73.9256935119629 0 0 0 0 0 0 0 0
83.6381721496582 91.8060874938965 95.874324798584 96.5606918334961 94.6002578735352 92.6266632080078 87.4402389526367 77.9388465881348 66.3830146789551 59.8183078765869 46.2585124969482 23.0146884918213 0 0 0 0 0 0 0 0 0 0 0 0 0 0 0 0 0 0 0 0 0 0 31.9723377227783 40.433162689209 45.5704116821289 64.1814861297607 77.8271179199219 89.2661476135254 103.214389801025 125.172576904297 138.793739318848 152.132827758789 153.790336608887 144.213073730469 128.912040710449 86.606746673584 38.031623840332 0 0 0 0 0 0 0
67.335033416748 68.3249397277832 72.3498077392578 74.4728050231934 76.1359443664551 76.0795516967773 74.0823440551758 66.6164817810059 58.7343101501465 34.6584587097168 6.08372807502747 0 0 0 0 0 0 0 0 0 0 0 0 0 0 0 0 0 7.51021099090576 39.1682071685791 43.0678863525391 60.1255893707275 68.923885345459 76.5322647094727 82.7216682434082 91.2122764587402 114.836349487305 116.787700653076 122.110717773438 127.729118347168 136.380264282227 153.411499023438 168.914352416992 174.56169128418 165.775764465332 152.114990234375 140.626541137695 119.972709655762 76.1145133972168 6.28140592575073 0 0 0 0 0 0
62.5498199462891 62.407901763916 61.572826385498 68.7271423339844 62.2215194702148 65.4764060974121 62.9438018798828 54.0494403839111 40.0680599212646 35.2020931243896 0 0 0 0 0 0 0 0 0 0 6.87101411819458 30.1602163314819 38.6304988861084 39.7404022216797 38.833158493042 47.1715564727783 62.3092975616455 74.4603881835938 79.837718963623 88.1060943603516 105.916179656982 116.71614074707 122.539535522461 125.903713226318 126.067371368408 130.320571899414 134.94947052002 138.688987731934 142.916648864746 153.546287536621 170.74535369873 190.830528259277 200.31778717041 197.38941192627 182.457008361816 165.751670837402 152.047096252441 138.202133178711 117.045085906982 58.8189182281494 0 0 0 0 0 0
74.3116073608398 69.3966217041016 68.4697799682617 70.9360847473145 75.2860145568848 75.4553489685059 74.6144218444824 71.6614723205566 57.7552661895752 37.938777923584 34.5600261688232 0 0 2.21433711051941 39.592830657959 40.8660697937012 50.8948631286621 65.2050762176514 70.9677925109863 79.2124938964844 82.0781021118164 86.7503051757812 89.6864814758301 91.6326141357422 94.9649353027344 100.417114257812 113.28048324585 123.594989776611 126.86893081665 131.735771179199 137.288467407227 141.596672058105 143.491714477539 143.77855682373 145.284149169922 149.127876281738 154.989265441895 162.746841430664 174.133232116699 188.421997070312 205.433502197266 221.458976745605 232.263671875 225.42024230957 204.455604553223 186.874519348145 171.613296508789 155.724639892578 134.235473632812 88.5001373291016 38.5772590637207 0 0 0 0 0
102.151309967041 90.8114242553711 87.4838790893555 89.1508445739746 94.0805168151855 101.677509307861 102.51148223877 99.0074691772461 87.4785766601562 75.099609375 73.4595718383789 60.3579998016357 63.6218109130859 70.242317199707 82.9434547424316 95.0189476013184 101.528755187988 106.255157470703 110.952781677246 116.412528991699 119.933917999268 124.016571044922 130.566764831543 137.677917480469 136.784889221191 143.519393920898 148.578353881836 150.412704467773 150.337509155273 155.698059082031 160.654724121094 167.003723144531 171.021835327148 170.60523223877 171.40601348877 176.287200927734 182.988548278809 191.935409545898 201.805473327637 217.172401428223 240.061653137207 248.114868164062 254.00936126709 239.23356628418 226.492660522461 212.925987243652 196.938278198242 180.206169128418 146.495254516602 116.39115524292 52.9443168640137 0 0 0 0 0
125.267795562744 122.196075439453 116.16130065918 113.938785552979 112.013080596924 113.589065551758 118.831134796143 125.198020935059 122.952617645264 122.775123596191 119.154937744141 114.604846954346 116.839908599854 119.543552398682 125.24609375 131.716285705566 137.276054382324 144.086479187012 155.027061462402 163.481895446777 169.925514221191 175.318229675293 180.84538269043 185.760604858398 190.11296081543 192.47908782959 189.618995666504 183.285034179688 178.049583435059 180.121925354004 189.800102233887 192.357376098633 193.148078918457 204.36287689209 199.526931762695 202.239547729492 212.114791870117 216.271858215332 237.382019042969 253.786903381348 269.349761962891 265.979553222656 263.58869934082 252.264198303223 236.934272766113 223.949333190918 210.830940246582 187.390602111816 154.751953125 127.135551452637 75.7719078063965 0 0 0 0 0
133.804313659668 128.843627929688 125.377090454102 124.107246398926 130.870834350586 140.481781005859 144.170227050781 145.939376831055 144.960258483887 144.777145385742 145.043846130371 143.687408447266 145.33130645752 147.024284362793 153.419563293457 162.485855102539 173.593414306641 184.464775085449 192.900169372559 200.465919494629 205.01212310791 212.280494689941 216.784568786621 223.546508789062 227.388900756836 226.294425964355 217.931205749512 209.79776763916 206.006713867188 203.370208740234 211.71842956543 220.459899902344 226.434547424316 230.37589263916 231.089141845703 235.583312988281 247.159141540527 259.636825561523 274.440582275391 280.465591430664 289.698394775391 282.845672607422 264.895324707031 256.760963439941 238.942962646484 229.324447631836 208.835426330566 187.637351989746 153.077651977539 131.39134979248 85.4381332397461 38.6905860900879 0 0 0 0
150.180313110352 145.495101928711 145.314094543457 154.786865234375 173.404838562012 187.683074951172 192.014022827148 187.635154724121 179.368560791016 172.713409423828 173.639762878418 170.969673156738 169.132904052734 173.465049743652 184.683555603027 194.427879333496 200.890060424805 207.705574035645 218.97144317627 222.623542785645 233.466728210449 246.005027770996 253.453414916992 254.891525268555 254.497978210449 250.939002990723 245.801391601562 239.646781921387 231.708793640137 231.027694702148 236.330307006836 240.959327697754 246.231430053711 255.68994140625 265.444671630859 275.219390869141 286.659271240234 290.678634643555 305.377304077148 313.324890136719 309.981918334961 297.592041015625 271.838150024414 260.528930664062 242.446029663086 223.568328857422 205.448356628418 184.209854125977 149.76065826416 133.348335266113 105.472473144531 40.0971508026123 0 0 0 0
173.011856079102 172.287696838379 185.22891998291 205.246032714844 219.501274108887 228.029388427734 234.040504455566 216.227073669434 204.141487121582 195.045936584473 194.639236450195 189.69612121582 187.850852966309 190.433059692383 205.288330078125 215.393562316895 225.135520935059 234.822166442871 240.895080566406 256.738311767578 272.290374755859 278.967666625977 284.624237060547 280.452392578125 278.258285522461 268.826873779297 264.861206054688 261.956359863281 259.102661132812 255.975288391113 256.545120239258 265.585998535156 272.785568237305 277.808547973633 289.615234375 308.109359741211 316.202972412109 321.535369873047 324.296051025391 324.605880737305 322.117691040039 307.988632202148 275.859359741211 266.797027587891 244.851020812988 226.384094238281 205.341720581055 181.324501037598 153.946464538574 136.571990966797 116.471218109131 60.0015735626221 0 0 0 0
213.240051269531 221.084594726562 232.931686401367 254.661750793457 274.869613647461 281.179382324219 265.690017700195 245.489906311035 228.754745483398 221.409133911133 218.530639648438 211.748962402344 210.712196350098 207.041862487793 213.649459838867 229.227401733398 243.541366577148 265.606521606445 276.635238647461 286.526245117188 302.161499023438 303.583938598633 300.407409667969 298.796920776367 294.397277832031 288.240997314453 285.415054321289 289.607727050781 287.413055419922 284.408294677734 279.834701538086 279.661468505859 293.150421142578 306.702545166016 319.853897094727 326.000549316406 339.687774658203 353.113021850586 355.234252929688 350.777755737305 335.522171020508 315.27685546875 294.276519775391 272.971176147461 249.16130065918 229.680740356445 207.919677734375 184.004592895508 159.823661804199 143.275955200195 122.607986450195 71.8558883666992 0 0 0 0
255.955146789551 270.378143310547 284.452377319336 298.201919555664 311.988800048828 305.524368286133 287.777542114258 258.879898071289 239.292602539062 235.054443359375 237.744529724121 222.295440673828 223.383636474609 219.73885345459 226.981910705566 253.711410522461 278.620361328125 310.932220458984 341.590713500977 348.35693359375 357.995758056641 353.741821289062 342.15885925293 329.923843383789 321.107086181641 315.987060546875 315.560546875 313.994171142578 306.680679321289 308.981857299805 310.080429077148 310.004653930664 317.073257446289 323.955093383789 336.576187133789 352.779388427734 360.808242797852 366.683486938477 374.385940551758 366.639587402344 353.533981323242 318.594253540039 302.559158325195 279.481353759766 254.365539550781 234.776840209961 216.590324401855 192.025413513184 168.945594787598 151.118957519531 129.690734863281 82.5406875610352 37.9579658508301 0 0 0
316.399627685547 342.272735595703 360.200485229492 365.198135375977 354.288772583008 315.765045166016 283.732055664062 270.177627563477 247.965980529785 248.585731506348 242.757377624512 242.507225036621 231.808891296387 233.552238464355 246.694465637207 274.843902587891 313.465087890625 358.948257446289 397.821182250977 401.939666748047 395.925201416016 387.300048828125 378.954391479492 369.40087890625 361.867218017578 356.830429077148 353.18928527832 341.155136108398 342.099807739258 338.695663452148 323.779205322266 324.676162719727 332.759841918945 343.679962158203 355.453704833984 363.986358642578 372.526290893555 373.714508056641 376.600372314453 376.690155029297 365.797317504883 339.166732788086 306.205291748047 282.466888427734 265.349502563477 241.000213623047 226.202346801758 204.490783691406 183.347366333008 156.989410400391 135.213485717773 100.412837982178 41.0738353729248 0 0 0
383.181701660156 400.829452514648 407.652114868164 377.165924072266 359.74479675293 305.18424987793 273.915756225586 273.761672973633 258.087265014648 246.087310791016 244.975959777832 241.944061279297 238.26904296875 245.101531982422 264.304321289062 288.389007568359 343.003753662109 408.318054199219 447.416061401367 463.190048217773 447.660980224609 432.589920043945 432.288650512695 443.677673339844 461.637145996094 449.573989868164 417.566101074219 381.408782958984 365.478057861328 356.442367553711 352.039886474609 350.401611328125 356.329010009766 361.807815551758 370.474182128906 371.922988891602 382.461730957031 403.653381347656 414.02978515625 408.94612121582 379.030517578125 345.608703613281 307.79801940918 288.053298950195 273.054153442383 251.512222290039 234.345436096191 218.110458374023 193.256744384766 165.498443603516 143.389060974121 122.595993041992 71.1817016601562 10.9379091262817 0 0
457.660766601562 447.636764526367 394.209747314453 360.085739135742 319.714599609375 284.36572265625 265.438812255859 254.493209838867 246.351203918457 254.564002990723 250.058799743652 245.375343322754 246.698135375977 254.943771362305 275.218688964844 311.219482421875 368.283111572266 455.153213500977 510.18244934082 514.033615112305 493.282791137695 487.88053894043 496.713836669922 509.854080200195 523.233795166016 521.616760253906 493.14697265625 429.583435058594 389.813873291016 374.287857055664 371.876342773438 366.787994384766 373.352340698242 372.739974975586 370.873611450195 381.076065063477 405.462738037109 440.613357543945 483.290283203125 462.718719482422 400.54914855957 355.473876953125 318.474761962891 293.431457519531 278.09797668457 263.534622192383 243.848571777344 225.701110839844 202.916145324707 185.656028747559 154.228744506836 134.24828338623 105.28247833252 58.713695526123 0 0
483.584167480469 429.565994262695 350.220993041992 309.070449829102 270.474960327148 257.418502807617 246.888214111328 240.26579284668 251.177597045898 259.154861450195 251.360313415527 250.527099609375 254.952262878418 267.137756347656 288.341094970703 337.665435791016 410.12109375 488.464202880859 520.726776123047 529.487457275391 527.100128173828 530.532501220703 534.449432373047 544.14208984375 556.850128173828 547.781097412109 527.774627685547 490.329360961914 448.812545776367 409.043212890625 394.792510986328 391.019897460938 393.441467285156 395.298385620117 401.466445922852 400.572357177734 430.866271972656 476.29736328125 517.451904296875 517.517822265625 436.782180786133 358.108779907227 328.096328735352 294.600936889648 282.545181274414 268.244705200195 247.465957641602 229.00373840332 212.352478027344 188.680587768555 165.611351013184 149.028686523438 130.450889587402 87.3470764160156 39.8596954345703 0
423.544342041016 342.356155395508 302.534255981445 267.929351806641 252.293258666992 237.529151916504 233.868209838867 247.195747375488 254.692245483398 260.672714233398 259.257949829102 264.524963378906 266.848281860352 281.106216430664 295.333709716797 354.345092773438 439.771881103516 510.184310913086 537.635925292969 551.276397705078 548.078765869141 541.104095458984 543.534332275391 578.340942382812 580.254119873047 568.755554199219 528.497711181641 524.868591308594 499.210418701172 477.38948059082 455.294509887695 448.48274230957 432.056701660156 418.905776977539 407.622848510742 422.139678955078 435.8076171875 485.382400512695 514.625854492188 514.069641113281 454.444488525391 369.147247314453 335.494812011719 302.53173828125 278.021759033203 269.889953613281 248.611801147461 229.221168518066 214.296081542969 198.077819824219 180.432281494141 155.677177429199 139.443374633789 114.949729919434 61.5450534820557 0
