Rscript/monthly_maps/SnowDepthMapFile-median-1989-11.asc
ncols 320 
nrows 361 
xllcorner 618410.159 
yllcorner 5088785.286 
cellsize 100 
NODATA_value -9999 
[rows 150 to 174 of 361, columns 56 to 111 of 320]
965.996643066406 951.570281982422 945.022125244141 939.013336181641 938.740692138672 941.277679443359 942.476013183594 935.886108398438 924.491424560547 920.744781494141 915.615875244141 899.27978515625 864.741516113281 796.101013183594 787.691741943359 790.012237548828 765.569946289062 757.301361083984 751.967346191406 729.626037597656 713.908935546875 700.847259521484 700.847137451172 704.180572509766 730.149108886719 770.867309570312 814.967864990234 856.125671386719 813.918823242188 780.126586914062 749.332336425781 725.066101074219 720.026824951172 715.991790771484 720.434509277344 699.938690185547 667.838500976562 639.243591308594 635.770965576172 626.146636962891 600.196655273438 585.409027099609 560.759674072266 532.202362060547 520.727844238281 543.322265625 556.870727539062 569.63134765625 562.702362060547 556.563690185547 551.211761474609 549.244171142578 565.013916015625 589.482025146484 607.050506591797 643.494995117188
971.893371582031 967.381011962891 961.806030273438 959.669830322266 958.873168945312 959.366577148438 959.910980224609 950.021301269531 931.921783447266 925.665069580078 919.615142822266 899.405883789062 887.71923828125 841.582153320312 827.671722412109 819.553192138672 791.909362792969 765.087921142578 751.160552978516 741.185882568359 744.517700195312 763.304382324219 773.512115478516 797.799133300781 822.391357421875 851.326354980469 871.482696533203 847.638916015625 812.794067382812 763.733825683594 756.629364013672 744.846130371094 724.677337646484 715.618743896484 704.220947265625 670.031463623047 635.720672607422 621.149932861328 596.273681640625 589.792938232422 579.168243408203 557.594573974609 528.141479492188 539.07568359375 552.060241699219 547.6796875 580.793701171875 577.913238525391 566.242156982422 560.102935791016 562.60205078125 571.112121582031 585.519561767578 604.691864013672 627.224182128906 674.240997314453
969.402191162109 965.995849609375 962.189758300781 961.789672851562 962.231079101562 968.573303222656 969.993408203125 960.712982177734 944.438690185547 924.709625244141 924.960266113281 913.684783935547 904.958831787109 884.776702880859 857.323120117188 836.320343017578 818.918334960938 797.216247558594 790.812194824219 799.370422363281 822.18310546875 850.478515625 874.251129150391 882.876892089844 879.446899414062 886.879180908203 827.392913818359 793.174530029297 769.862701416016 760.52783203125 748.458099365234 739.231231689453 721.749298095703 697.452789306641 672.22900390625 638.644287109375 623.354248046875 598.211547851562 591.976409912109 594.984924316406 573.864837646484 563.365234375 561.831024169922 553.191711425781 590.206726074219 592.598266601562 586.816528320312 573.086791992188 563.9248046875 567.282531738281 577.507629394531 595.793548583984 609.833526611328 622.877593994141 652.156890869141 701.184051513672
995.154998779297 984.114318847656 981.744964599609 986.493804931641 981.318664550781 986.03662109375 976.139923095703 968.093322753906 955.717193603516 945.271087646484 938.238403320312 932.366149902344 932.115447998047 918.958557128906 897.618621826172 891.588531494141 892.775695800781 889.441375732422 885.429840087891 888.417999267578 883.074798583984 887.128540039062 824.262145996094 809.040832519531 820.094390869141 811.988342285156 810.978790283203 785.616668701172 766.161804199219 745.056854248047 740.097503662109 726.921661376953 709.965576171875 677.833190917969 642.893432617188 607.967651367188 610.551116943359 608.643493652344 603.365417480469 603.481048583984 606.807739257812 592.795074462891 617.828674316406 615.589569091797 596.525085449219 585.929016113281 562.86376953125 566.4970703125 567.254577636719 591.335998535156 610.293670654297 613.967315673828 627.215393066406 651.249664306641 682.334594726562 704.447723388672
1017.67889404297 1011.00784301758 993.713073730469 998.166961669922 995.724670410156 985.710968017578 977.849273681641 975.431976318359 966.296936035156 958.712646484375 944.939849853516 934.822692871094 940.047424316406 929.674133300781 925.890594482422 841.932159423828 817.889190673828 815.103637695312 816.247528076172 798.717712402344 815.649810791016 798.528778076172 798.558624267578 782.835540771484 777.919891357422 777.751678466797 782.219818115234 779.343658447266 750.336578369141 733.516357421875 723.122985839844 709.203247070312 690.322204589844 661.616271972656 629.8017578125 602.791442871094 613.652801513672 611.683013916016 628.495330810547 621.321716308594 641.429779052734 628.202301025391 631.376953125 606.724304199219 593.192016601562 568.417419433594 570.324005126953 579.656555175781 606.038024902344 617.765350341797 641.66796875 648.031707763672 653.750061035156 675.915222167969 685.164184570312 696.449493408203
1027.39978027344 1027.05340576172 1028.68518066406 1000.91278076172 996.065002441406 975.21728515625 962.881988525391 969.400604248047 969.026245117188 955.269744873047 946.108520507812 901.527160644531 903.002105712891 849.335357666016 831.908813476562 804.245697021484 775.371154785156 764.050048828125 754.120666503906 750.646423339844 747.232269287109 746.612640380859 747.290740966797 745.749938964844 742.8310546875 742.964111328125 752.944305419922 775.270416259766 760.481658935547 728.252716064453 711.732574462891 695.212646484375 672.9541015625 641.961334228516 625.262756347656 615.810424804688 621.926544189453 634.121398925781 658.102447509766 658.325103759766 647.589996337891 639.871307373047 623.323913574219 612.303833007812 607.241363525391 601.667541503906 597.221527099609 611.831085205078 620.628448486328 649.713195800781 653.560638427734 677.613006591797 685.749938964844 699.455871582031 701.441284179688 688.932067871094
1059.78875732422 1044.97601318359 1012.29263305664 997.012939453125 989.249359130859 971.223754882812 965.453186035156 952.190582275391 937.281036376953 917.370086669922 900.560394287109 862.808227539062 822.843872070312 793.147796630859 763.897552490234 738.597015380859 718.451507568359 687.365417480469 684.414428710938 683.252166748047 682.554534912109 708.616363525391 711.933532714844 723.587280273438 717.729583740234 729.784973144531 739.908752441406 754.575531005859 756.663330078125 725.955261230469 699.984802246094 677.137451171875 668.295501708984 639.129730224609 629.922210693359 625.609008789062 643.949279785156 657.28955078125 661.901580810547 642.071380615234 643.359527587891 640.138519287109 638.779052734375 634.970825195312 627.060821533203 621.165496826172 645.946838378906 654.002685546875 676.271118164062 682.170745849609 686.480194091797 713.730163574219 721.540557861328 738.729553222656 720.732482910156 708.682739257812
1067.37945556641 1047.20916748047 1014.74429321289 991.960113525391 980.965362548828 962.258026123047 951.730621337891 926.1640625 915.160736083984 869.675384521484 835.458160400391 805.681823730469 788.683532714844 755.631072998047 737.076965332031 717.654479980469 705.81494140625 679.043182373047 670.439483642578 659.362884521484 669.972961425781 674.336761474609 675.789978027344 700.731048583984 706.117950439453 707.205139160156 710.864379882812 739.175506591797 753.367889404297 726.842010498047 693.623413085938 673.735595703125 660.398956298828 638.312683105469 632.798919677734 647.850830078125 653.517395019531 665.106903076172 643.312683105469 647.832427978516 648.822296142578 649.236572265625 648.421691894531 652.193572998047 650.155456542969 650.014953613281 680.735412597656 701.666137695312 717.160552978516 723.231353759766 727.336364746094 721.788787841797 714.420806884766 703.017028808594 702.147583007812 701.504089355469
1073.64813232422 1049.66955566406 1017.26583862305 989.192535400391 983.982574462891 958.747741699219 935.290618896484 872.540985107422 853.375823974609 824.910095214844 797.325317382812 783.716857910156 755.946044921875 746.180145263672 718.105804443359 713.003021240234 699.822265625 675.675842285156 671.319183349609 664.719207763672 662.86767578125 663.943969726562 667.445983886719 670.379150390625 682.587554931641 694.754547119141 700.526397705078 720.842803955078 735.9150390625 725.725372314453 694.196044921875 673.780151367188 661.065673828125 654.923889160156 651.948547363281 667.404571533203 666.911163330078 651.242462158203 648.468566894531 650.974975585938 667.165679931641 677.803955078125 678.587097167969 675.919281005859 655.498596191406 668.751312255859 713.524597167969 746.690795898438 752.76171875 754.564697265625 718.298980712891 707.916595458984 698.190093994141 678.924133300781 669.932434082031 682.268920898438
1078.24975585938 1051.15356445312 1018.61547851562 986.438873291016 956.74072265625 924.438385009766 897.15966796875 836.787475585938 820.368469238281 794.37158203125 785.799560546875 763.657196044922 747.554901123047 718.617034912109 712.371551513672 691.829650878906 676.505554199219 672.266845703125 668.386169433594 663.158020019531 658.686706542969 655.857452392578 658.545440673828 664.660278320312 666.319671630859 667.522644042969 669.331268310547 679.315277099609 705.838531494141 718.591094970703 705.863922119141 680.317718505859 666.416839599609 663.282592773438 672.442108154297 669.860290527344 659.779968261719 650.782440185547 652.478698730469 682.918548583984 695.046325683594 698.585601806641 696.792755126953 689.875457763672 689.479370117188 721.015838623047 750.809661865234 736.311462402344 709.273162841797 709.809692382812 692.845336914062 670.808227539062 665.137390136719 657.776885986328 637.262329101562 635.508514404297
1062.17266845703 1045.75750732422 1011.29788208008 979.995422363281 945.236694335938 891.497192382812 843.000610351562 820.043212890625 793.911499023438 786.118927001953 770.530548095703 751.162719726562 732.031433105469 713.394989013672 687.2421875 675.790679931641 670.464172363281 666.586578369141 658.613616943359 646.808624267578 632.078826904297 630.633636474609 631.665283203125 654.566314697266 661.414489746094 662.260406494141 658.883850097656 656.264923095703 668.837890625 691.5947265625 705.479370117188 705.335632324219 681.75244140625 680.618286132812 677.349304199219 672.753387451172 669.406585693359 678.075408935547 683.210388183594 712.263549804688 716.842803955078 719.880615234375 717.978851318359 720.320587158203 725.039672851562 707.601348876953 731.828704833984 706.50048828125 674.838195800781 672.246063232422 669.467041015625 665.822418212891 661.199951171875 654.330322265625 639.579437255859 625.734161376953
1059.20190429688 1034.03887939453 991.328277587891 948.163635253906 903.03857421875 868.712341308594 822.892242431641 808.091125488281 788.435516357422 781.107849121094 759.460296630859 745.933471679688 716.815643310547 699.192993164062 678.071533203125 670.686828613281 661.486785888672 647.375030517578 633.491546630859 624.676391601562 617.120483398438 616.148864746094 617.744110107422 622.168670654297 625.533355712891 627.628692626953 629.691711425781 631.561096191406 633.748901367188 659.741394042969 695.141998291016 714.519744873047 714.651550292969 698.781768798828 683.915313720703 684.010955810547 706.280487060547 696.562042236328 714.122650146484 699.816986083984 703.07861328125 714.009521484375 712.517944335938 702.073089599609 703.654083251953 679.422973632812 655.766845703125 637.692321777344 635.376190185547 649.413696289062 664.773986816406 663.628997802734 659.072418212891 649.445465087891 639.925384521484 619.883361816406
1034.88165283203 1014.92245483398 957.086853027344 918.077972412109 872.489471435547 846.180145263672 814.185607910156 792.591674804688 781.682983398438 766.935333251953 756.28759765625 742.481109619141 714.41552734375 694.88232421875 676.046173095703 667.759124755859 650.653930664062 633.353942871094 617.591033935547 593.321624755859 573.576080322266 569.805145263672 585.745819091797 598.874786376953 605.372528076172 609.432708740234 610.124725341797 609.396575927734 612.541900634766 627.672119140625 657.811950683594 695.768524169922 700.960784912109 718.757629394531 712.992065429688 712.985748291016 697.058929443359 697.930877685547 683.7109375 666.034484863281 676.390716552734 689.267303466797 687.746337890625 667.693878173828 637.353851318359 604.36376953125 596.557739257812 591.869537353516 592.258453369141 625.181427001953 649.811065673828 649.835784912109 627.436676025391 618.892517089844 612.868865966797 610.941009521484
992.875518798828 937.955535888672 918.241851806641 875.102081298828 856.862976074219 817.389190673828 798.979827880859 783.087249755859 762.107208251953 757.970703125 760.888488769531 740.905639648438 713.618286132812 695.757415771484 674.521362304688 658.165435791016 636.919189453125 624.136993408203 585.809265136719 572.054443359375 560.590148925781 553.896759033203 553.747833251953 556.483856201172 558.702545166016 560.966552734375 564.51171875 569.284973144531 573.927917480469 581.960784912109 620.229858398438 634.649688720703 671.991577148438 695.697052001953 698.181823730469 686.508514404297 663.610198974609 632.846588134766 619.225067138672 614.869812011719 624.332977294922 631.668334960938 627.113311767578 598.352233886719 583.01708984375 549.374145507812 543.900939941406 539.624389648438 563.172637939453 574.709716796875 611.926696777344 617.393737792969 602.978363037109 574.653015136719 568.814117431641 567.666656494141
947.112457275391 876.719848632812 846.346435546875 843.549530029297 830.145355224609 804.610260009766 793.272583007812 771.166687011719 763.058654785156 759.334808349609 758.8447265625 740.12158203125 722.262939453125 696.316467285156 673.751281738281 644.119659423828 634.122222900391 618.156341552734 584.268646240234 578.582824707031 577.239227294922 550.862884521484 543.194671630859 540.371307373047 529.356903076172 529.105438232422 541.410034179688 550.206268310547 556.248229980469 564.790313720703 578.203002929688 612.345428466797 627.308898925781 628.960510253906 630.207458496094 623.804016113281 594.399353027344 576.887664794922 556.034362792969 555.338531494141 571.370697021484 578.156555175781 578.849517822266 553.512756347656 533.395782470703 526.991424560547 522.130767822266 518.299896240234 515.615921020508 541.675933837891 562.378845214844 574.089660644531 565.805541992188 552.642730712891 544.816589355469 543.023956298828
869.323974609375 837.555053710938 828.731292724609 826.406097412109 824.177429199219 804.416107177734 790.371246337891 770.047760009766 761.719055175781 758.580383300781 757.676025390625 739.843872070312 724.866241455078 705.215301513672 675.803405761719 642.985137939453 626.757629394531 606.734405517578 608.228393554688 597.400299072266 587.3837890625 578.169342041016 556.624786376953 531.868286132812 516.819213867188 501.216232299805 519.471649169922 537.285308837891 543.701263427734 553.443023681641 567.323455810547 594.854095458984 579.982482910156 574.881225585938 562.701507568359 560.927185058594 538.424896240234 526.725677490234 517.834716796875 514.558349609375 546.868560791016 560.326202392578 562.465148925781 527.181610107422 516.108978271484 509.071655273438 505.98291015625 504.803939819336 503.215545654297 509.643035888672 515.851470947266 553.371337890625 549.914611816406 532.944854736328 506.700592041016 505.339920043945
837.192016601562 807.744720458984 813.703125 819.225921630859 818.447296142578 814.085906982422 791.541748046875 779.087249755859 762.300415039062 759.825500488281 758.192932128906 743.099212646484 735.190155029297 710.441833496094 682.930999755859 650.568237304688 639.697052001953 622.434814453125 607.230407714844 612.739593505859 593.348907470703 586.346099853516 569.251098632812 534.194976806641 526.008880615234 521.187103271484 519.775939941406 530.169555664062 536.483673095703 545.112640380859 557.872680664062 566.604309082031 561.043121337891 525.179382324219 520.163787841797 519.439544677734 516.980438232422 511.334777832031 508.175994873047 504.05110168457 540.918518066406 553.476043701172 557.089385986328 537.608154296875 508.407531738281 501.748321533203 487.293304443359 468.306701660156 465.738327026367 469.862762451172 506.189010620117 511.210205078125 526.654815673828 506.893142700195 502.378784179688 491.765960693359
815.436706542969 807.775360107422 819.445373535156 827.381103515625 825.158081054688 813.50927734375 797.495391845703 786.257720947266 766.541381835938 759.467987060547 757.568878173828 750.732025146484 742.575225830078 719.453979492188 697.523040771484 668.627380371094 646.958892822266 623.782775878906 609.837860107422 604.514770507812 603.513488769531 593.299896240234 559.381195068359 548.722961425781 527.040100097656 523.048095703125 523.255615234375 526.284820556641 530.456634521484 535.802368164062 543.465911865234 544.740783691406 515.596145629883 508.89143371582 476.165496826172 475.658599853516 474.752975463867 472.125061035156 487.991989135742 500.125991821289 533.058532714844 548.399719238281 568.977203369141 531.576232910156 505.029220581055 464.531997680664 463.573150634766 452.1767578125 425.055236816406 427.980484008789 466.969802856445 469.754837036133 502.574584960938 465.617584228516 463.008193969727 461.029266357422
830.676422119141 823.002136230469 835.136779785156 825.616516113281 822.351470947266 823.966125488281 810.287445068359 799.857513427734 784.834686279297 769.344787597656 760.91455078125 757.919952392578 746.516326904297 729.503448486328 712.424041748047 683.592803955078 653.242706298828 641.656158447266 614.572052001953 610.471954345703 603.784912109375 587.061553955078 561.291687011719 547.984466552734 531.820556640625 521.586456298828 492.40544128418 493.855316162109 497.692581176758 500.806396484375 503.165435791016 505.3388671875 474.185791015625 470.033813476562 452.000503540039 435.369354248047 432.264633178711 428.322647094727 423.905990600586 461.202392578125 503.485260009766 530.185699462891 540.41162109375 507.745056152344 467.290298461914 460.164077758789 418.417938232422 379.308975219727 371.825622558594 381.727874755859 421.39762878418 429.48616027832 458.883758544922 428.658065795898 412.376251220703 380.539077758789
858.943115234375 846.651245117188 862.228546142578 831.083343505859 821.844757080078 821.594573974609 811.219421386719 809.252471923828 797.371002197266 795.333526611328 783.798553466797 757.511779785156 748.933868408203 732.263336181641 716.53125 695.735198974609 677.022888183594 652.17236328125 640.866088867188 619.0166015625 604.063262939453 589.149169921875 567.365753173828 547.557281494141 527.029754638672 494.363632202148 484.384796142578 455.691696166992 457.664245605469 460.355255126953 463.723556518555 434.656402587891 428.341644287109 391.003036499023 386.960556030273 380.895950317383 341.82568359375 339.006164550781 340.207702636719 411.033340454102 433.665542602539 486.918395996094 492.961364746094 468.207260131836 451.173385620117 386.685531616211 345.840057373047 316.529403686523 310.732238769531 307.663055419922 309.348052978516 346.350448608398 350.972747802734 348.231018066406 346.252243041992 337.152038574219
896.903106689453 882.579742431641 881.492828369141 879.899932861328 861.669494628906 856.834350585938 847.965728759766 832.630584716797 827.619750976562 815.28271484375 788.972320556641 759.965759277344 748.237274169922 730.36279296875 715.103240966797 698.970458984375 680.382690429688 670.532531738281 645.036407470703 635.617462158203 606.49755859375 588.642242431641 560.750518798828 524.615447998047 502.650085449219 475.834976196289 438.195724487305 411.958404541016 414.352661132812 418.421249389648 406.227966308594 380.09880065918 327.419250488281 295.998199462891 262.061294555664 249.976585388184 245.398284912109 244.251274108887 251.790191650391 285.623764038086 344.278778076172 392.216278076172 430.375549316406 427.79216003418 382.917556762695 335.221954345703 303.2333984375 298.917953491211 285.219940185547 276.387756347656 264.226898193359 254.551055908203 274.865295410156 293.717880249023 295.25634765625 311.305419921875
910.920166015625 902.568817138672 887.062255859375 880.096618652344 887.063690185547 874.237518310547 862.277435302734 854.309204101562 828.243988037109 812.951843261719 798.027465820312 762.793121337891 746.121795654297 729.156616210938 715.342041015625 698.021606445312 683.021820068359 673.618682861328 658.550048828125 638.514709472656 605.400482177734 589.122802734375 542.910095214844 519.851806640625 468.538238525391 421.360687255859 376.319351196289 343.044372558594 319.252655029297 305.645721435547 297.040313720703 257.283470153809 244.705223083496 255.93677520752 248.702117919922 243.735992431641 241.683601379395 243.219345092773 246.267967224121 248.22875213623 232.788902282715 253.024269104004 271.371658325195 310.591064453125 317.639083862305 293.016540527344 294.551971435547 278.016830444336 262.906845092773 243.704521179199 245.952865600586 250.927536010742 258.799926757812 283.542190551758 290.875915527344 289.638107299805
930.586456298828 921.515289306641 903.744384765625 898.728607177734 893.43505859375 888.96630859375 883.03515625 859.564300537109 846.954071044922 825.547241210938 791.936065673828 786.739135742188 747.584655761719 724.403778076172 716.067169189453 700.076354980469 684.693969726562 678.411712646484 664.111907958984 643.000518798828 604.890655517578 584.277526855469 548.518768310547 519.333129882812 480.718887329102 395.382232666016 356.069122314453 339.597396850586 318.387054443359 292.687805175781 275.320068359375 261.903137207031 252.082176208496 245.228988647461 239.580352783203 237.531883239746 224.424598693848 224.509788513184 221.635551452637 214.510437011719 199.405616760254 204.873344421387 234.622802734375 257.128517150879 262.939407348633 275.052841186523 269.484786987305 252.805419921875 235.410255432129 228.98664855957 227.264343261719 233.136795043945 241.726417541504 265.794723510742 273.912445068359 274.373672485352
928.785064697266 922.102478027344 918.310180664062 912.331268310547 916.966278076172 906.114624023438 897.481628417969 887.703460693359 854.060607910156 835.384918212891 797.677215576172 785.241638183594 768.293609619141 730.122589111328 719.324340820312 698.980499267578 688.166442871094 682.315032958984 671.853576660156 647.119659423828 611.567230224609 586.499877929688 555.939910888672 527.219635009766 486.632247924805 422.748413085938 368.231964111328 332.461547851562 324.161056518555 308.932159423828 288.457168579102 262.710250854492 246.321586608887 233.984825134277 227.913146972656 223.337425231934 221.218635559082 211.60962677002 201.200035095215 194.458961486816 177.186363220215 182.062591552734 185.048973083496 209.689979553223 230.108474731445 238.536277770996 236.68236541748 230.722473144531 219.470115661621 212.825370788574 211.260635375977 218.823471069336 226.381866455078 248.177543640137 253.138801574707 254.650756835938
962.658386230469 954.657928466797 952.994842529297 949.498901367188 942.601104736328 928.380432128906 926.653259277344 900.392700195312 869.761169433594 836.759155273438 815.675598144531 796.201110839844 784.276763916016 763.35546875 741.06298828125 714.755767822266 692.317626953125 687.177825927734 678.161529541016 650.196350097656 616.314544677734 589.564849853516 562.668090820312 542.393493652344 499.728820800781 449.551712036133 363.924301147461 341.388107299805 334.430236816406 306.892501831055 297.366287231445 273.111892700195 245.90372467041 236.322975158691 226.037200927734 219.509826660156 215.122329711914 212.426597595215 192.060661315918 183.097358703613 177.048675537109 155.461555480957 158.979072570801 165.1298828125 172.825569152832 200.716567993164 208.248016357422 207.233596801758 203.985221862793 200.207138061523 198.917335510254 203.659202575684 210.12092590332 216.474876403809 224.975166320801 224.812423706055
