Rscript/monthly_maps/SnowDepthMapFile-q75-1989-12.asc
ncols 320 
nrows 361 
xllcorner 618410.159 
yllcorner 5088785.286 
cellsize 100 
NODATA_value -9999 
[rows 125 to 149 of 361, columns 112 to 167 of 320]
847.31494140625 790.517303466797 745.139099121094 676.826995849609 636.543304443359 609.302337646484 616.573608398438 623.918731689453 632.069061279297 621.002136230469 620.856903076172 642.954742431641 697.767211914062 767.835998535156 848.225921630859 918.170654296875 1009.32803344727 1076.07720947266 1126.47625732422 1140.33923339844 1146.41815185547 1140.66882324219 1170.60406494141 1200.8408203125 1201.73016357422 1155.70501708984 1125.71301269531 1112.99884033203 1107.55847167969 1089.30560302734 1080.05682373047 1056.81866455078 1042.15319824219 1022.11163330078 1010.61584472656 1009.47631835938 1032.46716308594 1062.89599609375 1097.08764648438 1100.16064453125 1014.97253417969 896.454193115234 828.793243408203 765.742309570312 696.479797363281 643.036834716797 590.078277587891 562.029602050781 497.866180419922 409.30696105957 371.195251464844 259.626403808594 149.200584411621 103.434459686279 52.4856929779053 0.00259250006638467
780.227172851562 744.841339111328 701.950134277344 653.430603027344 630.240966796875 625.780883789062 634.046752929688 635.29345703125 625.983032226562 633.554595947266 659.800842285156 705.4228515625 766.229644775391 840.867767333984 910.619293212891 964.542053222656 1029.53894042969 1075.06402587891 1107.20141601562 1138.23522949219 1147.96490478516 1166.03680419922 1211.05627441406 1237.6884765625 1210.86950683594 1160.84423828125 1146.91290283203 1142.83227539062 1139.14477539062 1131.63214111328 1119.54071044922 1105.08544921875 1086.03179931641 1056.64776611328 1042.27551269531 1038.29235839844 1055.33160400391 1087.34143066406 1101.79162597656 1099.38970947266 1009.95037841797 905.252593994141 841.526763916016 777.994262695312 702.853851318359 645.783203125 591.730316162109 565.889068603516 502.914566040039 413.2451171875 376.620635986328 268.608840942383 147.115158081055 101.006332397461 47.0860919952393 0
739.548889160156 704.707580566406 665.239562988281 649.052673339844 640.725830078125 642.317932128906 645.489410400391 637.868896484375 641.231597900391 671.54296875 728.394378662109 785.434326171875 851.739776611328 909.834533691406 959.737426757812 1007.86560058594 1046.37750244141 1085.64044189453 1105.00329589844 1127.59423828125 1135.89068603516 1164.94714355469 1225.85479736328 1246.78527832031 1224.59692382812 1171.86944580078 1157.69946289062 1167.83459472656 1163.17919921875 1156.6767578125 1154.39532470703 1139.03198242188 1117.06683349609 1091.90344238281 1075.83441162109 1078.3994140625 1086.93615722656 1104.71838378906 1119.20031738281 1096.29052734375 1012.33001708984 911.868225097656 851.151428222656 782.867279052734 703.032958984375 646.062530517578 592.318572998047 572.618743896484 508.337432861328 420.810775756836 379.226898193359 279.911346435547 146.452247619629 101.927845001221 53.7899131774902 0
712.240478515625 683.75 664.298706054688 658.471008300781 648.908020019531 653.911865234375 650.942687988281 653.733825683594 675.299285888672 729.313781738281 790.482666015625 863.853759765625 926.059234619141 976.82373046875 1012.76345825195 1047.19195556641 1086.67559814453 1101.96148681641 1121.57739257812 1127.12219238281 1132.56640625 1149.35992431641 1203.77398681641 1248.82421875 1250.79736328125 1203.64056396484 1177.98809814453 1185.27026367188 1184.85504150391 1187.99725341797 1191.47058105469 1175.32604980469 1140.42462158203 1110.42864990234 1102.53039550781 1101.51098632812 1119.60986328125 1134.13024902344 1128.53338623047 1087.33630371094 1010.44143676758 918.253784179688 854.271362304688 785.913360595703 703.830841064453 642.136688232422 590.631896972656 574.678497314453 508.103332519531 419.398498535156 375.864807128906 277.343322753906 142.987861633301 102.226703643799 57.8588829040527 0
697.210205078125 682.169219970703 674.579040527344 668.959747314453 664.852752685547 661.902465820312 668.880249023438 686.548522949219 723.950500488281 771.510406494141 818.02685546875 893.646148681641 970.153564453125 1038.99371337891 1074.84094238281 1100.18402099609 1110.75317382812 1128.10186767578 1133.87902832031 1131.10485839844 1130.96514892578 1137.29632568359 1178.23370361328 1249.03771972656 1253.81866455078 1237.77819824219 1205.49322509766 1199.98406982422 1201.88800048828 1206.69024658203 1208.48223876953 1209.30639648438 1182.89007568359 1151.15441894531 1126.05053710938 1134.09484863281 1136.86291503906 1144.87750244141 1118.38751220703 1077.00787353516 994.343444824219 918.626342773438 860.221221923828 787.906463623047 702.181427001953 628.177276611328 584.652954101562 565.073028564453 501.777038574219 412.495025634766 370.137145996094 255.214431762695 131.358016967773 98.5933723449707 51.7476463317871 35.2812480926514
699.103546142578 679.339782714844 678.524017333984 676.661010742188 677.339965820312 685.197265625 697.552429199219 724.994903564453 758.435974121094 795.03173828125 826.518341064453 875.413757324219 951.412933349609 1047.55926513672 1109.54168701172 1137.21136474609 1136.03179931641 1139.74847412109 1133.12164306641 1132.96722412109 1133.42529296875 1134.87329101562 1158.28991699219 1226.10632324219 1258.80737304688 1261.39892578125 1227.04821777344 1213.77142333984 1220.51342773438 1224.09722900391 1224.75921630859 1230.97961425781 1229.38787841797 1200.77825927734 1176.13116455078 1151.47290039062 1142.45202636719 1142.43225097656 1113.02087402344 1063.71240234375 980.946411132812 916.165161132812 859.21484375 786.649658203125 697.425598144531 619.098541259766 578.988342285156 553.230102539062 478.239807128906 405.327743530273 353.390182495117 216.26985168457 130.550117492676 89.6146545410156 46.8653926849365 23.7662258148193
707.126495361328 698.060882568359 690.493347167969 684.237396240234 697.597625732422 722.5576171875 745.557647705078 774.290679931641 799.759765625 831.561401367188 842.752868652344 864.981750488281 910.012115478516 1016.21334838867 1111.36187744141 1150.08599853516 1163.08038330078 1156.62829589844 1140.61907958984 1133.53472900391 1134.52972412109 1136.73114013672 1148.96343994141 1194.28356933594 1247.43780517578 1273.34191894531 1252.05206298828 1224.79516601562 1230.96124267578 1229.64959716797 1229.01361083984 1231.15307617188 1255.05834960938 1260.86755371094 1234.31121826172 1181.22277832031 1150.70172119141 1134.2587890625 1102.24462890625 1046.88092041016 980.446258544922 908.769012451172 853.097808837891 783.590362548828 692.477111816406 610.638366699219 576.513336181641 540.723693847656 454.453720092773 397.050323486328 329.519485473633 189.923698425293 119.567218780518 72.6734275817871 36.4830131530762 0
728.848327636719 718.985229492188 707.435241699219 715.351104736328 740.609344482422 769.141662597656 796.137939453125 819.646392822266 845.083831787109 864.553955078125 870.134948730469 874.690704345703 892.025726318359 988.034729003906 1101.80578613281 1148.50634765625 1176.43786621094 1162.38146972656 1145.16772460938 1139.99664306641 1135.4306640625 1140.072265625 1147.099609375 1175.03155517578 1231.06304931641 1274.52087402344 1274.18890380859 1243.79571533203 1222.95471191406 1235.88781738281 1241.47576904297 1239.76666259766 1258.66583251953 1289.79443359375 1292.32006835938 1223.46807861328 1172.87908935547 1139.41168212891 1102.99224853516 1053.68640136719 977.288604736328 904.714233398438 850.796203613281 780.943542480469 692.508178710938 617.298431396484 582.306182861328 539.764465332031 441.999282836914 393.527420043945 319.823822021484 176.407943725586 114.615997314453 64.5002899169922 30.0820865631104 0
753.158294677734 742.144561767578 727.293731689453 749.509765625 789.271636962891 829.505249023438 858.560943603516 875.499450683594 885.823028564453 891.046722412109 900.709259033203 899.581726074219 899.385345458984 976.095123291016 1083.85534667969 1176.10375976562 1179.68414306641 1166.80780029297 1160.46575927734 1140.55529785156 1140.70086669922 1137.78326416016 1146.35223388672 1158.33923339844 1201.02490234375 1253.39221191406 1290.13110351562 1259.83074951172 1228.91687011719 1225.77947998047 1241.61010742188 1255.90441894531 1280.02368164062 1304.08776855469 1290.54284667969 1222.97113037109 1170.62976074219 1139.53552246094 1097.97540283203 1050.91851806641 975.5205078125 901.666534423828 848.074890136719 784.463531494141 700.32568359375 630.051422119141 585.952850341797 543.600616455078 447.168792724609 396.682922363281 317.833541870117 195.631790161133 115.439491271973 84.702335357666 33.6841983795166 0
779.196746826172 766.737854003906 774.575317382812 832.593719482422 885.773071289062 911.871856689453 919.711853027344 919.785675048828 919.867279052734 918.377319335938 920.577575683594 920.791229248047 920.650390625 978.577362060547 1078.85803222656 1170.83898925781 1190.72222900391 1178.125 1164.57757568359 1157.25537109375 1151.95599365234 1140.02008056641 1145.06854248047 1155.62225341797 1183.72570800781 1233.30462646484 1288.72473144531 1292.87689208984 1266.82330322266 1239.23815917969 1251.57830810547 1283.50573730469 1311.81573486328 1308.64337158203 1260.68060302734 1184.95349121094 1148.82269287109 1117.81756591797 1089.69830322266 1034.17947387695 965.290618896484 901.167449951172 847.609344482422 789.045501708984 707.874176025391 644.017425537109 592.53369140625 555.714141845703 455.952377319336 399.967147827148 329.718078613281 205.982498168945 121.659881591797 96.4293174743652 47.3050727844238 0
834.494689941406 864.868377685547 926.973358154297 982.974304199219 1027.88818359375 1012.18402099609 958.790588378906 950.314727783203 945.077941894531 941.629638671875 944.068115234375 943.918823242188 946.541046142578 991.448974609375 1077.5185546875 1170.59490966797 1205.79046630859 1184.96569824219 1167.37408447266 1156.74096679688 1155.54016113281 1142.04656982422 1142.83050537109 1152.55883789062 1167.99548339844 1211.27349853516 1268.99792480469 1325.19793701172 1318.81475830078 1294.04125976562 1287.96807861328 1314.107421875 1316.08026123047 1263.33612060547 1172.90283203125 1117.65649414062 1091.82421875 1065.50555419922 1024.10659790039 991.356109619141 923.197021484375 883.275756835938 831.764831542969 774.731872558594 697.709045410156 636.002105712891 591.991333007812 549.637145996094 459.498733520508 404.522720336914 344.395492553711 232.017059326172 123.959045410156 96.5662231445312 44.3954677581787 0
945.922790527344 982.052734375 1053.93969726562 1101.52502441406 1110.87884521484 1052.85546875 998.927398681641 963.771240234375 958.882507324219 955.053833007812 959.653350830078 960.632110595703 977.378601074219 1011.75592041016 1068.78350830078 1150.25262451172 1198.33062744141 1200.73583984375 1174.96954345703 1165.32543945312 1158.88494873047 1152.78338623047 1140.54345703125 1146.47290039062 1161.87280273438 1183.42718505859 1246.3037109375 1321.67102050781 1362.54815673828 1338.92858886719 1327.3388671875 1305.05651855469 1262.86865234375 1173.07800292969 1109.37017822266 1061.96337890625 1039.45587158203 1018.92788696289 974.804565429688 921.053619384766 901.078277587891 859.924041748047 808.381439208984 739.317596435547 670.516784667969 603.309722900391 571.679718017578 532.987121582031 447.760330200195 399.115646362305 346.169464111328 243.798118591309 127.181179046631 95.3484954833984 42.7086925506592 0
1031.92276000977 1094.85284423828 1163.76342773438 1197.72314453125 1146.29833984375 1073.45788574219 1027.60806274414 986.580902099609 980.124572753906 979.62060546875 982.019775390625 989.836486816406 1003.88687133789 1025.41647338867 1058.97741699219 1139.39678955078 1194.140625 1227.41394042969 1185.61242675781 1168.4482421875 1161.79669189453 1159.42492675781 1137.79064941406 1141.51458740234 1151.21423339844 1169.26776123047 1203.99298095703 1282.49011230469 1362.20098876953 1369.89587402344 1329.81433105469 1264.31243896484 1165.39251708984 1097.53155517578 1061.11090087891 1046.85729980469 1021.19259643555 981.987884521484 918.510833740234 901.715698242188 871.231536865234 840.951080322266 784.471557617188 703.626037597656 624.1396484375 570.516296386719 545.615264892578 470.586502075195 408.621139526367 385.253799438477 328.352096557617 216.855758666992 117.280303955078 91.9315338134766 43.3792247772217 0
1135.21014404297 1216.95867919922 1256.15954589844 1231.34265136719 1152.21490478516 1103.33929443359 1057.95782470703 1031.61911010742 1012.87301635742 1004.63760375977 1007.53982543945 1010.24609375 1029.88409423828 1043.88909912109 1060.37451171875 1120.74475097656 1215.3466796875 1234.13458251953 1200.76470947266 1172.59289550781 1168.38067626953 1164.74383544922 1159.05090332031 1145.33868408203 1147.72503662109 1158.26000976562 1181.43109130859 1245.06292724609 1330.57629394531 1364.076171875 1308.43048095703 1180.22662353516 1096.87408447266 1059.23992919922 1060.98944091797 1041.88201904297 1013.3017578125 953.606201171875 921.223571777344 890.69140625 869.166351318359 838.228515625 769.178863525391 677.973297119141 602.508850097656 564.6787109375 501.719528198242 409.610168457031 378.13395690918 333.222808837891 267.970657348633 156.822860717773 103.546909332275 74.9391975402832 37.339183807373 0
1260.05651855469 1303.75427246094 1299.44982910156 1234.83673095703 1177.72100830078 1129.24951171875 1096.48010253906 1078.45043945312 1049.037109375 1040.69323730469 1036.66131591797 1043.30938720703 1042.83233642578 1052.50939941406 1067.57232666016 1100.78515625 1191.28057861328 1236.16442871094 1229.30462646484 1182.01495361328 1170.41088867188 1168.28967285156 1165.15893554688 1165.94067382812 1152.80364990234 1162.74060058594 1178.47479248047 1233.57971191406 1316.36364746094 1319.47216796875 1249.93060302734 1135.68304443359 1061.91540527344 1066.26782226562 1076.97729492188 1050.36901855469 1012.52346801758 960.759857177734 924.800018310547 905.85205078125 877.272674560547 837.580780029297 769.028289794922 672.022857666016 597.793609619141 557.625305175781 470.603149414062 398.561874389648 355.575134277344 268.073013305664 154.163101196289 88.3667488098145 74.5093879699707 38.3583850860596 26.5997686386108 0
1325.70837402344 1339.6669921875 1294.65386962891 1250.56378173828 1194.88903808594 1150.64056396484 1129.23022460938 1110.16491699219 1094.12823486328 1071.53814697266 1061.84271240234 1055.86236572266 1056.9873046875 1064.83605957031 1067.41546630859 1092.14831542969 1164.30072021484 1223.96246337891 1248.45227050781 1200.57379150391 1181.95715332031 1175.84851074219 1189.7138671875 1177.68225097656 1181.50463867188 1184.14044189453 1199.82855224609 1255.61944580078 1307.078125 1281.001953125 1204.13586425781 1123.04010009766 1081.78076171875 1086.84240722656 1084.09783935547 1067.70666503906 1015.26361083984 977.776336669922 941.729125976562 916.753784179688 891.339111328125 853.275848388672 786.542297363281 684.210998535156 607.610809326172 574.087982177734 476.475006103516 390.405548095703 322.960235595703 205.98258972168 118.831768035889 81.0365562438965 40.1850967407227 18.2062320709229 0 0
1356.96270751953 1352.07214355469 1303.92932128906 1260.93292236328 1218.27423095703 1176.5576171875 1155.89044189453 1138.83203125 1114.42742919922 1099.89312744141 1074.11968994141 1063.21423339844 1063.22772216797 1067.78662109375 1071.21600341797 1089.53533935547 1155.3232421875 1252.85784912109 1254.66552734375 1217.27972412109 1193.97448730469 1196.82531738281 1193.47827148438 1200.62030029297 1189.58734130859 1204.18475341797 1233.00463867188 1285.35198974609 1303.45098876953 1290.25500488281 1193.18395996094 1134.97766113281 1106.49859619141 1099.22259521484 1102.01477050781 1079.30841064453 1039.36212158203 987.818145751953 955.227661132812 937.589935302734 907.417816162109 873.690063476562 799.606872558594 711.282073974609 624.261199951172 583.893829345703 497.494964599609 402.623672485352 351.421661376953 216.836448669434 129.325569152832 84.5177421569824 33.9511413574219 7.7271294593811 0 0
1359.03833007812 1364.06567382812 1323.10546875 1271.77551269531 1230.80511474609 1200.65924072266 1169.94348144531 1155.73986816406 1133.71325683594 1106.30682373047 1084.50646972656 1070.90838623047 1066.92059326172 1076.74847412109 1075.16333007812 1091.2138671875 1142.63568115234 1248.76422119141 1280.96203613281 1248.45166015625 1207.14685058594 1197.55902099609 1199.98913574219 1210.59063720703 1208.50152587891 1227.34771728516 1255.10400390625 1311.50854492188 1322.52081298828 1292.97637939453 1226.21429443359 1168.09295654297 1133.96588134766 1120.69586181641 1111.83203125 1099.23791503906 1064.77502441406 1016.83572387695 983.433990478516 955.754638671875 932.198028564453 884.280456542969 813.123809814453 727.793029785156 630.626525878906 592.169372558594 518.166717529297 431.474044799805 384.349563598633 276.87467956543 152.405944824219 107.181282043457 63.3191375732422 20.0358285903931 0 0
1354.10913085938 1385.22875976562 1340.72729492188 1300.65850830078 1257.0283203125 1215.30792236328 1181.89367675781 1161.29962158203 1140.52947998047 1113.30426025391 1099.24163818359 1088.25622558594 1088.66467285156 1095.56195068359 1101.59613037109 1113.68878173828 1143.46215820312 1243.59912109375 1282.28698730469 1277.41827392578 1223.51666259766 1204.61303710938 1205.8310546875 1216.04504394531 1237.09783935547 1250.85296630859 1279.42730712891 1321.68731689453 1323.28076171875 1302.27899169922 1255.71807861328 1208.5361328125 1162.90118408203 1130.40539550781 1119.90057373047 1112.35717773438 1095.13018798828 1054.06903076172 1018.0651550293 987.868469238281 948.661682128906 890.22314453125 803.353790283203 716.357147216797 624.872253417969 592.246032714844 531.195190429688 457.783142089844 409.52001953125 336.176086425781 203.003799438477 121.868434906006 77.6667366027832 34.3222274780273 0 0
1382.8974609375 1382.76574707031 1355.58221435547 1309.21533203125 1265.29388427734 1231.36401367188 1201.87164306641 1165.76220703125 1145.42608642578 1129.2099609375 1121.37731933594 1107.18402099609 1110.10894775391 1120.76824951172 1131.77911376953 1138.25518798828 1157.20715332031 1213.94067382812 1286.03210449219 1306.19860839844 1264.18170166016 1221.43713378906 1215.29150390625 1226.03228759766 1252.13824462891 1275.02661132812 1298.69659423828 1327.16119384766 1329.03332519531 1316.18646240234 1264.95739746094 1225.32672119141 1183.48120117188 1158.2431640625 1147.91882324219 1138.9072265625 1126.94311523438 1103.69879150391 1062.67944335938 1012.60699462891 949.064117431641 860.415924072266 781.863983154297 688.740875244141 606.421630859375 587.93408203125 524.676330566406 455.20068359375 408.495849609375 370.364501953125 240.773468017578 134.239761352539 102.949897766113 49.4996509552002 0 0
1385.00524902344 1389.62322998047 1363.70098876953 1310.26452636719 1269.65069580078 1248.41723632812 1210.6845703125 1172.46075439453 1153.48345947266 1143.79766845703 1135.28668212891 1131.74334716797 1135.68615722656 1142.64245605469 1166.89245605469 1167.40472412109 1154.42126464844 1192.33001708984 1256.31958007812 1314.25469970703 1321.83624267578 1293.91839599609 1267.5849609375 1263.90972900391 1270.07855224609 1298.98480224609 1319.41168212891 1330.63940429688 1333.51531982422 1327.42388916016 1290.53234863281 1250.7568359375 1213.5849609375 1201.07873535156 1183.36047363281 1172.00018310547 1146.61206054688 1124.55773925781 1076.44342041016 991.375091552734 921.588104248047 829.672454833984 756.820373535156 653.106628417969 597.647369384766 560.270355224609 486.68212890625 436.368041992188 401.111846923828 329.917770385742 201.484001159668 116.330932617188 96.0084228515625 48.9351863861084 0 0
1382.30706787109 1399.16571044922 1369.32971191406 1312.99243164062 1272.70074462891 1250.00848388672 1218.27014160156 1195.78521728516 1181.91656494141 1175.1669921875 1163.15466308594 1155.29193115234 1171.44604492188 1177.63409423828 1194.14385986328 1178.11456298828 1177.27142333984 1165.44439697266 1215.18054199219 1280.90081787109 1330.59515380859 1355.16809082031 1334.57092285156 1330.22998046875 1323.28869628906 1331.07794189453 1345.68389892578 1366.42895507812 1367.22552490234 1339.15350341797 1271.23791503906 1229.98486328125 1211.34576416016 1163.32788085938 1152.36981201172 1139.97436523438 1117.22210693359 1103.87683105469 1042.96551513672 958.073394775391 877.079437255859 795.535125732422 727.342620849609 626.540893554688 584.339111328125 531.476409912109 451.637939453125 407.836212158203 376.873916625977 279.108108520508 148.416038513184 108.99621963501 89.4670677185059 41.015552520752 0 0
1369.83020019531 1422.29498291016 1381.39202880859 1320.35571289062 1271.30145263672 1244.35162353516 1225.37231445312 1207.97778320312 1203.04919433594 1195.43646240234 1192.17193603516 1196.75073242188 1209.27478027344 1207.35614013672 1204.56958007812 1204.37493896484 1182.01489257812 1187.74798583984 1205.47387695312 1225.43499755859 1289.29211425781 1331.77618408203 1380.18505859375 1380.66802978516 1370.89837646484 1357.95776367188 1375.09167480469 1398.43035888672 1392.7685546875 1307.27233886719 1212.45690917969 1165.10754394531 1142.42993164062 1129.46160888672 1108.12463378906 1084.28717041016 1051.61126708984 1007.07415771484 958.861846923828 901.575225830078 844.42626953125 774.617095947266 698.844207763672 608.794616699219 564.424957275391 486.363204956055 420.595748901367 388.307357788086 338.673614501953 215.269790649414 119.509082794189 96.0258674621582 55.0256004333496 29.0504493713379 0 0
1364.24291992188 1420.33465576172 1426.48614501953 1352.06170654297 1287.98931884766 1266.62670898438 1243.22332763672 1231.17248535156 1236.95080566406 1233.35180664062 1234.90185546875 1234.28796386719 1230.36761474609 1224.87902832031 1218.79290771484 1217.96740722656 1218.12786865234 1213.00189208984 1222.21539306641 1214.78576660156 1246.2490234375 1291.40295410156 1345.02911376953 1397.40515136719 1405.67120361328 1405.98022460938 1422.12603759766 1417.00408935547 1363.03497314453 1249.31982421875 1165.26312255859 1112.30426025391 1078.44744873047 1038.6796875 999.706268310547 959.009552001953 917.350402832031 881.763458251953 873.973999023438 845.455017089844 804.844543457031 753.0322265625 658.087707519531 588.048675537109 535.608215332031 447.745300292969 398.541748046875 360.362670898438 270.651657104492 167.962532043457 109.267650604248 86.6300621032715 44.0236148834229 0 0 0
1378.40563964844 1438.38806152344 1425.35693359375 1362.44219970703 1335.39080810547 1307.56549072266 1284.02410888672 1261.35662841797 1257.32720947266 1262.54858398438 1260.04040527344 1256.76733398438 1251.98748779297 1236.43609619141 1232.43804931641 1231.90313720703 1232.52337646484 1246.87786865234 1245.18115234375 1239.36712646484 1242.1875 1260.7216796875 1310.12939453125 1370.53149414062 1430.29254150391 1437.47973632812 1445.86169433594 1409.37390136719 1320.10479736328 1207.54272460938 1126.36663818359 1069.17962646484 1031.03179931641 977.725067138672 908.029571533203 852.7451171875 808.796875 797.784149169922 788.211395263672 778.576843261719 756.138214111328 707.323150634766 622.875274658203 568.770324707031 489.275726318359 410.239715576172 378.112167358398 312.707183837891 193.695281982422 104.101245880127 91.596492767334 59.8693046569824 25.3972520828247 0 0 0
