Rscript/monthly_maps/SnowDepthMapFile-mean-1990-01.asc
ncols 320 
nrows 361 
xllcorner 618410.159 
yllcorner 5088785.286 
cellsize 100 
NODATA_value -9999 
[rows 184 to 206 of 361, columns 53 to 105 of 320]
1598.30096238659 1638.01178569178 1664.47663337954 1616.24227019279 1565.81759938886 1525.94749795237 1493.29172835811 1459.93625567036 1415.14402327999 1368.80084819178 1339.29344915575 1305.47980720766 1261.0602594191 1236.52604822959 1219.0685483871 1201.30059617566 1195.18492077243 1202.01418772051 1220.8192374937 1238.43080188382 1236.61459252142 1212.36791204637 1189.05086394279 1183.82968631867 1200.25600507182 1214.64329479587 1222.59551017515 1216.55664456275 1232.50639097152 1242.5082062752 1216.02491809476 1134.31957023375 1058.37751425466 1013.4943453881 988.44880922379 964.021216607863 938.316611013105 902.167872275076 852.655706590222 823.788233603201 790.438218639743 749.185592159148 714.574516050277 682.005993258569 641.262884324597 577.331870786605 517.196866927608 500.337315713206 486.458884946762 471.252103744015 452.597383560673 442.049880489226 421.842990998299
1552.98936019405 1588.61399792087 1627.25403619582 1637.01265199723 1565.0361328125 1525.30260442918 1462.04792637979 1425.85115297379 1387.51236454133 1349.93578314012 1317.84916440902 1273.24734595514 1246.18824423513 1226.12505906628 1214.6002906061 1215.78219112273 1222.64634655368 1245.83906801285 1239.72751937374 1231.361820344 1200.14303096648 1176.38744329637 1179.44065217049 1201.50767467868 1226.96391837828 1242.79479192918 1264.19143381426 1275.55814484627 1299.7277280746 1327.6423733619 1299.25543803553 1207.18556656376 1113.82171040197 1062.14815201298 1034.21158722908 1007.59280690839 984.718155399446 953.928901918473 915.650428033644 877.460695328251 850.395950809602 813.451097057712 779.000376055318 745.602856051537 716.27726499496 683.851747574345 650.06339780746 597.032391948085 545.272892121346 529.849753102949 509.813137915827 486.695694461946 459.190606886341
1517.03556183846 1526.10638624622 1571.89743337324 1613.35663826235 1590.64556687878 1494.56234642767 1428.34245841734 1393.31700085055 1362.27225223664 1327.13071367818 1284.47621991557 1254.40895129788 1238.35055837324 1229.62952447707 1233.94072108115 1243.88289519279 1250.15191453503 1241.17369030368 1228.12512207031 1200.60382670741 1178.7479070848 1183.12154462261 1209.51147854713 1238.64976846018 1270.05206101941 1293.86916818926 1319.97280588458 1352.07911337576 1353.62824864541 1389.72693658644 1356.04012569304 1297.16997700353 1198.55191532258 1121.92361154864 1065.65848861202 1031.52989935106 1013.85559475806 993.94184530935 975.597331385459 937.038690382434 894.691979192918 863.85893594065 832.044797835811 816.354139758695 799.875289424773 765.399063602571 716.07284250567 689.610707929057 672.684812484249 638.423611548639 581.811647476689 540.407325990738 516.371047481414
1503.05753843246 1497.30642404864 1523.21171323715 1560.49388073337 1558.55721947455 1502.12342883695 1417.2632780998 1373.99317981351 1340.702156313 1308.19664739793 1260.28638482863 1247.07933388987 1243.67791551159 1249.45075841104 1263.88767956149 1265.85949313256 1265.51840505292 1225.81950919859 1204.08322045111 1187.02042511971 1197.47190807712 1226.47146704889 1263.80275800151 1294.95903556578 1317.59967631678 1349.73226042717 1377.17469049269 1390.60402753276 1384.44527312248 1372.64702778478 1362.35424804688 1300.00285487021 1252.24479822959 1163.24347120716 1100.73894673009 1051.51585535849 1036.51461496661 1033.13770515688 1022.45537148753 1000.29668008128 967.445885442918 941.512260190902 920.003020255796 908.810865832913 875.095959078881 827.289416897681 784.997019121724 752.672692083543 723.642845892137 708.932457708543 688.587565760459 644.97716891381 586.364377913936
1479.37732721144 1463.16569272933 1477.19902580015 1515.20387711064 1547.49048639113 1496.69090615549 1410.16155415197 1356.08071997858 1322.66868935862 1283.23713930192 1252.67596632434 1247.64772082913 1269.50982075353 1288.61469490297 1283.95386135963 1277.22017152848 1247.30364399572 1213.50854492188 1203.6188531691 1214.99767278856 1246.90042606477 1285.51551474294 1311.68879158266 1339.90115848664 1391.10538605721 1386.95193186114 1385.78236438382 1367.47955519153 1329.85588221396 1278.0300686744 1244.79905651462 1246.16879567792 1244.41761829007 1204.06534699471 1130.7171827747 1090.80463434035 1076.73304994645 1088.11067052041 1078.15010513798 1052.66719301285 1026.75580621535 1011.02038180444 1009.25818067981 1003.98610170426 976.927799347908 931.735475601689 864.462309806578 818.05137781943 792.104565035912 770.272807459677 728.697555049773 705.420500724546 690.493345199093
1450.19140625 1434.38286369078 1442.64891003024 1481.33819383191 1507.97268775202 1503.66318044355 1435.815914031 1358.79079117314 1295.72592064642 1259.90287140877 1248.45075447329 1264.28116730721 1296.18289283014 1309.20389286164 1306.22429435484 1270.53292748236 1237.82540795111 1227.92347372732 1237.85921355217 1267.05688476562 1305.06583527596 1348.27846207157 1392.19116604713 1416.54542196951 1412.05026540449 1402.07202542213 1354.48711961316 1308.7040031187 1275.11059176537 1228.28947596396 1177.29747944493 1146.65894539125 1148.73109879032 1170.22503268334 1168.71689925655 1147.10137742566 1133.9366297568 1147.93419622606 1144.60589402722 1131.79861548639 1126.4732961347 1135.09087347215 1141.52188011908 1127.27416401525 1094.1918413716 1037.14337945754 996.001512096774 944.007680585307 891.714302309098 846.724814138105 817.453863328503 788.643156974546 757.211683704007
1440.5159203314 1413.55955456149 1412.48611942414 1442.48395366053 1492.58175166961 1514.69768302671 1488.91371597782 1401.17381237399 1305.470703125 1264.87938665575 1257.56756001134 1280.92539928805 1309.20885836694 1305.3985359438 1293.98978153352 1263.02018097908 1251.03407730595 1266.65923875378 1300.93924048639 1329.23672977571 1378.37550009451 1407.15660045993 1434.15087103075 1440.63337166079 1391.89026666457 1350.4229500063 1295.83985556326 1256.0272531817 1233.04807995212 1203.26251811366 1163.57986351752 1119.58831590222 1086.91501937374 1092.97437310988 1117.34584685295 1144.44523374496 1162.6102944651 1154.79794803742 1180.48119526525 1176.6470671623 1181.9901438067 1160.39914038873 1148.42783478768 1136.46004166142 1130.41490124118 1120.88912471648 1111.79438240297 1067.36969781691 1035.74324281754 993.527621361517 951.939466907132 909.015302104335 863.29336843183
1429.88249354209 1405.93899634577 1389.69127236643 1405.21673780872 1471.94521011845 1517.02570958291 1530.39757119456 1452.97346742692 1354.20182947959 1289.39068800403 1256.92240659652 1262.27236643145 1283.40182396673 1280.27408329133 1267.64870920489 1261.39383426789 1281.25110257056 1311.65476546749 1378.60140105217 1416.83007418725 1439.9936562815 1448.70867329259 1447.03706212198 1365.85170032132 1320.32887317288 1258.51870432208 1223.81633537046 1211.07244282384 1198.53286054057 1180.25076786164 1150.26671181956 1111.37404312626 1061.17627937563 1040.25476271106 1037.29972987021 1053.47977373677 1088.13355870401 1110.57400808027 1121.09970584992 1121.14318650769 1109.7700648154 1092.26326234879 1083.8182688067 1079.06707369897 1081.35303521925 1106.480230516 1085.56880630985 1102.27848766696 1096.14671670237 1068.05633938697 1030.49629457535 988.557282478579 934.79543968939
1397.40326124622 1388.52496141003 1379.60811885711 1375.05207677041 1409.76062011719 1490.40901430192 1532.51180144279 1524.532218687 1411.829093687 1311.06287014869 1267.62194036668 1266.19651745212 1277.99253008443 1277.61982579385 1282.68569257182 1307.23798198085 1356.26554624496 1416.75255953881 1431.61048938382 1454.83834346648 1434.79940697455 1385.5972624748 1360.4332984186 1266.80649492818 1206.63619109123 1161.75000590663 1148.16325919859 1142.40016814201 1145.64795512538 1146.65508836316 1116.72475113407 1080.17144775391 1037.41225900958 1005.67195178616 978.781994235131 976.132853846396 980.227934806578 994.682879048009 997.133286999118 990.448616273942 977.044876590852 973.355573100428 970.906820974042 974.812309019027 987.895285329511 997.992996708039 1038.78549095892 1054.8017164661 1058.81978877898 1043.14029619771 1008.27823171308 980.876746393019 967.558097593246
1374.39142436366 1392.2539968183 1369.17145366053 1357.20970498362 1363.96827353201 1417.76564468876 1502.38047741305 1551.25080723916 1522.90792748236 1418.09662062122 1331.08596506426 1296.48990754158 1295.97173875378 1313.86150532384 1339.71398925781 1388.29533927671 1446.52155525454 1452.97913778982 1396.66558641003 1401.20900012601 1356.21128008443 1294.06718198715 1213.46019326487 1148.6889687815 1103.27532368322 1088.34984957787 1077.40952227193 1066.56871574156 1062.80499070691 1063.80350814327 1053.4530344317 1032.49174056515 993.924389254662 960.09805593183 934.388758505544 917.838619109123 913.059954243322 914.59916047127 912.563246204007 896.221106744582 890.855149792087 879.971827353201 889.104108256678 892.021488312752 896.423643050655 919.827693816154 941.45697218372 962.808660691784 962.598715505292 922.032647901966 900.695001417591 898.933207850302 900.258308656754
1369.40933719758 1389.54549678679 1380.80467568674 1366.18997684602 1346.60911904612 1353.95211693548 1410.6125094506 1483.51784589214 1482.37691374748 1517.364249937 1468.34533691406 1416.80666031376 1392.98667464718 1402.02428805444 1435.71157541583 1474.59740817162 1427.92137884325 1382.52031486265 1318.59645523564 1253.30183656754 1204.96537928427 1159.15721278037 1101.37227310673 1058.63316295993 1026.69583425214 1013.22568831905 1003.76657596711 994.081757576235 983.298704085811 974.757489604335 976.190876622354 956.893391270791 928.983870967742 910.777983634703 884.882550639491 859.615326912172 842.441463347404 835.991561397429 828.086500598538 821.011427356351 814.021657636089 807.068983508695 813.438825053553 826.3368156187 830.677696966356 849.504563854587 859.590828188004 875.172737367692 874.051113990045 850.623832456527 840.801444761215 825.714666551159 818.370759041079
1369.01800340222 1387.552242156 1388.86821919103 1380.83785518523 1354.35304309476 1334.18253055696 1342.35201927923 1351.94220167591 1394.90062689012 1468.06930443548 1417.64042417465 1504.67057947959 1475.43956731981 1462.07946777344 1462.8308499244 1375.10613029234 1325.14836662046 1243.40298560358 1174.44852176789 1126.78187610257 1094.11888664 1064.33983390562 1022.03140751008 982.091629520539 948.717993951613 931.473168157762 920.993400327621 910.017143003402 899.593169181578 873.55801686933 867.281066894531 867.341560609879 843.563864431074 825.788050497732 823.949329007056 814.889416110131 801.323082708543 783.64410203503 771.9942390688 773.560340143019 770.851265199723 770.605620353453 774.706426805066 781.560668945312 785.927372101815 790.814199139995 786.958192886845 800.135635868196 806.780316752772 789.850682412424 786.060456306704 776.953412455897 757.226824360509
1369.00555616809 1375.72055349042 1389.71055947581 1381.68357012349 1367.2706968246 1345.41977617818 1313.12807538432 1277.82875110257 1240.91682286416 1255.46046103201 1291.55642798639 1357.97208527596 1410.60509860131 1419.30140735257 1366.44568658644 1272.83093261719 1197.99373897429 1131.14401540449 1089.3581031061 1047.30614053049 1007.72785408266 965.814451156124 925.724093529486 891.083592568674 872.123450494582 855.194759245842 840.358252740675 824.637333039315 804.978375834803 767.301427041331 746.28856437437 750.659349010837 750.946005544355 756.38234390751 773.605413621472 775.612816595262 769.078170284148 750.987483855217 737.066205424647 727.871782856603 725.996635190902 726.826616840978 729.058245258947 731.29436468309 731.721969112273 734.973069713962 741.742703345514 746.028550670993 742.160618935862 735.828717631678 732.380247054561 732.256174395161 724.806272445186
1367.15930963332 1360.58348428049 1381.63223365045 1385.60633505544 1378.08942634829 1361.10685483871 1322.45979161416 1268.5632717994 1184.8149374685 1127.63111336 1107.73955117503 1122.07810137349 1172.26497920867 1213.11554545741 1218.57706180696 1173.7157139932 1119.43680301789 1073.48349097467 1025.09778619582 978.385685090096 916.91845703125 874.627449281754 829.702101184476 807.993880733367 786.3397453062 770.660599247102 735.729759954637 714.862239714592 687.534713252898 677.155413227697 683.783333070817 682.103224231351 697.163560436618 701.516258978075 706.142320202243 706.486979822959 705.476271106351 702.852922993322 707.459779800907 701.151975570186 705.875309113533 706.904820596018 699.265327699723 694.747174662928 690.260610272807 692.711311586442 697.101989746094 699.819328061996 693.026512884325 681.871877362651 676.248139412172 662.663239509829 656.029600081905
1359.28865297379 1340.17953392767 1361.47043142011 1382.09273405998 1378.53449864541 1362.06729618196 1330.32006442162 1266.43955550655 1183.89092230028 1099.09380315965 1031.62554734753 1004.11510049143 1015.66380654612 1045.74718450731 1081.82120440083 1095.47113233997 1065.01868660219 1016.14813429309 966.458732358871 909.315821493826 864.178547520791 807.900557979461 758.560204290575 722.710961126512 705.226727885585 683.628898374496 671.856860745338 673.392621440272 648.171979350428 632.726422709803 623.887522051411 622.219634025328 627.987503543977 643.595191217238 645.330286825857 641.5917476531 643.768314484627 648.898951376638 647.389205440398 648.302653651084 644.003494754914 640.180823541457 622.5253414031 607.499537314138 591.887779974168 597.631956038936 605.455970025832 610.330370503087 605.554474861391 592.01374078566 583.330239572833 580.20901883033 581.655589442099
1360.27227980091 1335.43204621346 1348.74360509073 1369.30039928805 1371.99772397933 1358.36560452369 1324.95933483493 1254.49927545363 1187.21159904234 1108.51642436366 1038.80056861139 973.354584724672 951.681418142011 951.374702699723 970.715664771295 995.91557656565 981.99165984123 945.577140561996 906.186560846144 876.080629410282 828.293370400706 768.471291818926 716.185789046749 694.508109800277 698.092170961442 682.301834598664 664.462819745464 645.907681372858 618.475396925403 581.518191429877 553.680860950101 535.583739249937 532.372041763798 529.37405789283 521.358404344128 521.706283077117 526.639379685925 540.668571226058 559.324803506174 572.252302600491 571.320156958795 559.360236383254 551.301505796371 524.151599514869 520.483782368322 514.656839678364 516.609143657069 523.880791448778 520.796115013861 531.957646523752 548.636160573652 551.375825943485 554.296029367754
1363.69771059098 1340.00133883569 1336.0037999307 1353.91877598916 1367.46156754032 1351.16021137853 1317.64477932838 1241.98623361895 1170.72380804246 1123.70592474168 1071.78191548009 1014.72027194115 951.499996062248 914.7999031313 900.639036117061 899.517802576865 894.906212591356 880.92476530998 870.293342836442 850.234831779234 809.212902438256 770.424830282888 755.828073809224 744.892845892137 731.689305459299 721.71349703881 694.104401619204 638.433412613407 559.800377630418 514.397768082157 486.538303498299 482.429318335748 482.41842749811 483.873040968372 481.841470041583 480.188591741746 485.607679797757 506.130701864919 513.647712953629 535.199377244519 534.244547197896 518.651618219191 504.149258521295 489.942169189453 470.584786691973 453.872091970136 452.596642278856 465.401676301033 480.289884505733 490.47699171497 504.509235012916 517.264411187941 524.073166385774
1366.49612525202 1336.14476751512 1335.66363328503 1351.76080125378 1362.44230799521 1347.81511072959 1304.55441185736 1231.65728562878 1155.34204101562 1120.52426245905 1102.57078896799 1072.70216221963 1009.55633151147 947.938537597656 898.46932688067 865.51619203629 855.387195217994 864.328197848412 870.970354633947 866.222894483997 835.89990234375 817.074008080267 785.264366888231 776.835494502898 768.117723034274 759.805689657888 698.84666984312 610.819330030872 561.660223191784 532.203916488155 487.435805782195 467.659094041394 461.320657053301 463.991778958228 457.83407297442 450.434362596081 447.686340332031 450.060488793158 462.054983815839 471.681062759892 473.694328061996 467.589260962702 460.153205133254 439.805810743763 423.469951998803 402.102779265373 398.021128992881 405.530485091671 418.240770893712 437.789318453881 459.19005953881 465.622546780494 489.00839922505
1374.6550765499 1349.24205755418 1343.90826219128 1350.46191012475 1350.12131032636 1338.38687626008 1304.0460047568 1237.40672646799 1167.86234209614 1120.58356106666 1107.06683743385 1058.59592954574 1052.20338489163 997.487527170489 937.332505749118 900.73733422064 893.723363076487 902.034394294985 914.471006331905 911.177435105847 880.531844600554 850.593399540071 837.926799158896 814.680707377772 792.221238659274 766.321960449219 721.604783581149 624.878675891507 556.441369825794 515.8735105453 501.988492904171 487.445158927671 478.006563248173 469.254755819997 458.168554490612 450.035284226941 441.173974806263 428.562842584425 430.002016129032 431.583334645917 433.884357083228 429.639764601184 418.255478397492 393.439601775139 359.933270854335 324.428354570943 303.744784447455 321.538508261404 341.495132938508 378.642328077747 409.484646704889 427.750170307775 436.40125397713
1388.28347089214 1378.43483414189 1361.67572218372 1351.83815445439 1337.70368022303 1325.56263388357 1291.40033549647 1240.46819477697 1191.94170551915 1147.07298032699 1111.28602058657 1068.00928718813 1022.63989060925 993.357209236391 976.688512002268 952.730693201865 952.03801702684 921.617425733997 953.912654753654 923.60154281124 916.751437279486 872.814191264491 839.448474514869 818.658472861013 800.10487218057 771.241907919607 726.070578298261 646.616075085055 542.776079731603 517.857625653667 491.71397547568 489.209288566343 476.912081810736 466.152457944808 461.268659037928 443.617408014113 426.285177907636 406.912753197455 402.19247141192 399.194967946699 391.163565358808 370.782802458732 334.019576534148 286.240718226279 238.856939008159 198.069556943832 192.131759151336 192.340575187437 218.453649705456 253.599315028037 291.331413022933 329.544560586253 357.903070265247
1405.53082472278 1395.14343655494 1365.78138782132 1334.21969899824 1312.89101483745 1292.89998503654 1256.92913227697 1228.35936318674 1202.39885490171 1173.69887025895 1116.31512451172 1062.98784022177 1009.06202156313 975.732547883065 979.532413605721 974.346217001638 960.329034620716 973.28414030998 959.722331385459 942.712179860761 916.425436696699 882.141839796497 857.431603216356 850.115511986517 852.25389640562 826.135261781754 752.902209866431 678.533171622984 554.995527698148 514.99705554593 492.110493321573 484.867520240045 470.493051836568 456.738706527218 439.381243305822 408.733009584488 386.995898831275 365.214391892956 348.152567217427 352.18988233997 331.98592844317 302.737291889806 261.200187929215 232.694704609533 214.304803171465 196.102103448683 177.885496077999 170.621173981697 171.268268954369 177.961791992188 181.051176501859 193.173281269689 224.657302364226
1394.7737328314 1379.20817319808 1344.89350743448 1307.98629662298 1277.46375299269 1244.46310720136 1216.45799206149 1204.69298528856 1185.96370770854 1172.68519444619 1133.1914475964 1074.17779344128 1026.56354350428 1008.00061232044 1014.26979901714 987.632554577243 979.022616478705 960.38963859312 956.238497826361 954.02833015688 954.810186570691 953.55910172001 952.241340883317 945.95608422064 912.602541031376 863.508078298261 782.155688870338 700.331227948589 605.546430034022 528.171318792528 503.048178395917 490.587164109753 483.057789464151 469.220876386089 452.703664472026 429.700940532069 406.424028950353 393.957370881111 380.988639585433 351.178901918473 321.55867250504 290.571094143775 257.389894547001 241.62985820155 214.837731638262 205.064865604524 190.966378981067 179.759088331653 177.365237328314 169.934150695801 171.114592029202 171.982932059996 171.950191128638
1346.69104791457 1320.39701597152 1280.72880701865 1250.80864887853 1228.92595451109 1211.96226452243 1198.76893271169 1196.57546307964 1194.20115612399 1184.38093222341 1145.55997393208 1107.48602098034 1073.14848081527 1044.19496400895 1026.20556049962 991.249818863407 965.916364116053 955.461071383569 975.138410014491 990.976334110383 1013.30328959803 1018.79247456212 1031.53025571762 1012.04075770224 953.050566642515 864.032447076613 792.559851861769 718.90628937752 647.818489320817 547.644208354335 525.565671859249 502.134815831338 499.134152320123 488.136435231855 480.059843986265 472.51115171371 463.451266381048 450.859696911227 444.192784463206 427.20807180097 391.370433192099 352.106662873299 301.125676308909 255.117949947234 238.352834393901 225.416775611139 214.968788393082 208.269414101878 197.528952321699 179.641550125614 170.811940839214 176.386183707945 170.33148365636
