Rscript/monthly_maps/SnowDepthMapFile-sd-1990-02.asc
ncols 320 
nrows 361 
xllcorner 618410.159 
yllcorner 5088785.286 
cellsize 100 
NODATA_value -9999 
[rows 115 to 137 of 361, columns 0 to 52 of 320]
-9999 -9999 -9999 -9999 -9999 -9999 -9999 -9999 -9999 -9999 -9999 -9999 -9999 -9999 -9999 -9999 -9999 -9999 -9999 -9999 174.205092319055 177.4352146245 161.280904175116 161.936839466738 159.749022740465 158.418672946116 163.956695099766 155.278257182878 156.754346392735 160.434349997331 152.335083465268 162.472848620805 164.067169533166 154.617762103462 155.286765521448 155.165286693628 158.101360985737 154.054709718097 154.098034458966 147.242217577415 153.555565086013 156.674567431766 154.336708736443 154.577332679463 150.195065343889 154.371537721579 153.061287535753 162.626830450488 160.052732758602 164.651191376178 171.398326775658 154.586804797718 159.453860047727
-9999 -9999 -9999 -9999 -9999 -9999 -9999 -9999 -9999 -9999 -9999 -9999 -9999 -9999 -9999 -9999 -9999 -9999 -9999 -9999 173.472777449372 173.557545273346 166.105418752673 162.49394236353 170.906935322661 168.403004158936 156.253275512817 157.283250450039 165.062099011861 164.987540633505 159.475173948016 153.135558928087 147.812893780019 161.392277422928 162.471839556809 149.826641838434 161.796553790196 151.225983118833 149.780834267136 149.913172025995 147.64038115441 154.27848354612 150.277168777444 161.668254410717 158.420744871102 154.682887707268 156.580323193726 137.235670266607 134.345392827353 140.347650067801 166.052631420838 163.083718025643 157.756130057885
-9999 -9999 -9999 -9999 -9999 -9999 -9999 -9999 -9999 -9999 -9999 -9999 -9999 -9999 -9999 -9999 -9999 -9999 -9999 176.963536544454 174.965128179008 189.600499686819 165.270428982749 166.797818830182 165.068640581428 155.878859358579 156.398468703837 156.127566594603 165.442168193057 165.588520323309 163.809897866513 158.819972082594 156.957570117904 150.999705411392 159.033226709662 161.4590630094 158.167853227984 156.819021280317 156.726867849541 152.596257174393 151.640273414811 148.55654954392 157.451318026906 159.338744739271 148.545411045939 167.497095198902 141.968708625997 154.220772970556 135.878529701414 135.196748880941 152.548041444987 138.713288188046 145.316136406599
-9999 -9999 -9999 -9999 -9999 -9999 -9999 -9999 -9999 -9999 -9999 -9999 -9999 -9999 -9999 -9999 -9999 -9999 188.164758496093 189.643073341239 187.60006520384 184.960892954575 181.176291833035 169.46313293676 163.027201278668 158.200293264433 159.10145259565 157.604614891505 156.246426086151 156.837390092618 157.120726060808 153.387886681384 155.622494582966 157.761700551246 156.207759585729 159.710221804036 161.187298398242 155.930579889237 158.992705707698 158.768953654226 158.21089832046 162.270598929747 161.340794837331 155.096823603466 147.123991878059 144.374946271043 161.334816554759 141.516983869033 154.939014816702 136.746883811707 131.504981268127 145.469481917771 136.315139834353
-9999 -9999 -9999 -9999 -9999 -9999 -9999 -9999 -9999 -9999 -9999 -9999 -9999 -9999 -9999 -9999 -9999 -9999 190.712544023673 175.759951478846 173.97051316444 189.81834938491 186.839724134047 177.008505901982 165.822227394811 158.282529304753 156.213349112891 163.561900628433 153.241555280954 155.835963784934 157.663121551098 153.393818114553 153.377799540683 152.866111114143 160.486773742711 156.8263285441 159.906496024375 160.51413203007 159.945200739243 160.692080094407 158.562776328886 148.661803829916 154.732681866775 157.796044686317 157.402040566022 144.241303505897 154.421204590137 143.243974894593 148.327833305605 144.86115081461 148.777344928548 142.53629914493 141.077702359894
-9999 -9999 -9999 -9999 -9999 -9999 -9999 -9999 -9999 -9999 -9999 -9999 -9999 -9999 -9999 -9999 -9999 -9999 169.288433799774 175.264552526587 192.297884600083 185.139238831555 185.476499897429 177.513602299495 163.334726857261 163.539873777085 156.159383010964 156.191155013634 156.646743850356 157.633191387769 158.786437591459 157.423546653317 154.546543607893 154.526550374996 152.420995978286 153.259084703901 156.694266359951 155.581201196298 154.672418988024 159.077313100777 149.272249056032 150.518294551781 151.068729019601 156.517370065286 151.096341727246 143.414396109562 149.925862700295 151.758061691359 158.097318097321 154.858929129287 147.374808321003 146.698910764188 130.156904389189
-9999 -9999 -9999 -9999 -9999 -9999 -9999 -9999 -9999 -9999 -9999 -9999 -9999 -9999 -9999 -9999 -9999 176.701651012367 195.859977311373 169.232966413684 187.904140304263 170.113799625951 182.644215293007 178.862229399814 165.71274915615 159.79203810227 152.096440982715 161.367532612627 162.60467349156 154.082529426804 155.19845259811 162.372617314772 161.900895465151 156.348790461157 153.541613395795 151.322141717165 152.620656734019 151.414162575234 151.937153833175 159.283550794714 158.52882474713 154.06830184222 156.796457838036 150.431533373538 151.154483963972 143.94222121771 146.150769135253 157.927963280867 156.397002558162 156.695176897982 153.021716306715 148.911339800993 145.495792387555
-9999 -9999 -9999 -9999 -9999 -9999 -9999 -9999 -9999 -9999 -9999 -9999 -9999 -9999 -9999 -9999 -9999 -9999 181.200903287667 175.559056942742 171.418659850957 166.746194505504 167.339077167588 167.407279554481 166.597229892395 165.011607444768 156.079865701913 161.095664750607 149.799116999219 155.874130705156 161.792350730704 152.830426281007 153.503425776926 154.260417117113 160.081753275016 159.688859062562 151.465118115231 157.318184297004 158.538363259862 155.474052360154 156.104806417406 159.989583826351 150.226606307317 151.777643741336 146.572056119406 146.869345611108 144.23059828365 150.144004483354 139.741309773405 141.517073807063 144.06472893277 145.12011130235 138.743139017125
-9999 -9999 -9999 -9999 -9999 -9999 -9999 -9999 -9999 -9999 -9999 -9999 -9999 -9999 -9999 -9999 -9999 183.721238960976 201.647825972992 178.378865112917 171.303459668375 165.835552557638 177.3570966074 164.495843977654 165.741795547284 168.009603489978 168.476054523318 158.100589405157 160.398701306569 161.50475224467 156.748883923088 157.487969862355 154.94364713789 152.498797692421 151.264935804882 151.601318740152 160.589079608858 158.953138205143 159.120872605305 161.091108378058 159.475033719976 155.080279187565 153.352965085412 153.017540204271 151.670451257799 146.761532720837 144.171613627124 142.136217424428 138.619815350759 147.833530282004 134.640290593299 140.344697968749 141.553454652309
-9999 -9999 -9999 -9999 -9999 -9999 -9999 -9999 -9999 -9999 -9999 -9999 -9999 -9999 -9999 -9999 -9999 176.060196090996 177.595948813141 179.464815731395 170.133701406651 168.33927185972 164.546075937737 163.12762810903 167.614229263082 169.548213624868 164.620335433957 162.963029995057 160.647677938216 159.266183154181 160.673794993182 156.908263677747 163.464565531347 163.010010042261 162.878874489364 162.823443636693 162.949557800035 163.043475424601 163.125765099863 157.248512844994 155.8673034943 153.154474662941 174.172162217453 154.521409496692 151.685566574077 165.371002382764 143.222504405268 141.237410942258 137.718286319141 137.839674741433 148.207701695928 137.056696973975 140.649865916527
-9999 -9999 -9999 -9999 -9999 -9999 -9999 -9999 -9999 -9999 -9999 -9999 -9999 -9999 -9999 -9999 -9999 198.892977667306 190.127628695665 178.39580280885 191.313816252844 172.673468070201 166.826587102092 163.309224499731 164.861530934916 169.953321115598 165.002031328455 164.177547185799 162.591338515784 162.691429600909 168.749844422445 155.037419036707 156.883365895595 157.117779998923 157.188159410888 157.777030333323 158.243199669324 158.098647540569 157.925432870683 163.699158975449 155.757726993593 156.444235282995 167.605179995949 160.377371338987 152.200773139338 146.737116067793 139.159622220795 142.805714860184 142.47585437493 134.993730363309 140.520074365675 139.322217931142 144.114002752268
-9999 -9999 -9999 -9999 -9999 -9999 -9999 -9999 -9999 -9999 -9999 -9999 -9999 -9999 -9999 -9999 -9999 198.54056598753 186.24926910532 166.690941961106 191.154082964538 166.385034493129 166.588744984194 170.113198174896 167.054074322978 164.356387536503 165.564570404693 164.770203459905 163.167619507114 163.531693648925 165.223393533538 157.684302361935 156.393867782345 155.620088611548 156.15989396726 154.903935271353 156.441665917568 156.412177992333 155.412295247195 160.660382070832 159.543375041266 158.392268733937 156.256325718647 163.486061266496 156.245580613444 142.961454456639 154.548201245272 149.252297726375 156.427007820688 132.440848462312 133.581440496465 128.745542725899 134.843065694664
-9999 -9999 -9999 -9999 -9999 -9999 -9999 -9999 -9999 -9999 -9999 -9999 -9999 -9999 -9999 -9999 -9999 -9999 -9999 -9999 189.836764956126 172.317442728869 166.134558187041 171.785524172238 166.298524183589 159.618000462678 164.899225886966 162.522151556185 162.061595235136 162.865204695003 163.279539656326 165.132792618067 161.284843812574 159.444139016372 159.529654755205 159.859538876432 161.844166833756 162.15102971429 158.659113198753 158.474792540111 164.885640718983 165.025715572975 169.422579814301 163.06775719464 161.616679712717 162.06747283387 154.151216054423 159.096030995304 135.797089936972 137.032481896595 154.620106931122 132.930049303671 131.185156569406
-9999 -9999 -9999 -9999 -9999 -9999 -9999 -9999 -9999 -9999 -9999 -9999 -9999 -9999 -9999 -9999 -9999 -9999 -9999 -9999 -9999 -9999 -9999 -9999 -9999 -9999 162.867958207187 162.024874596508 162.266278865948 162.831972871774 162.177966946945 162.748095471491 168.392533311093 165.952668995255 165.766898077867 166.18235510948 166.68900980432 166.691375621778 156.959393705812 154.143742756644 164.497028889037 157.381030122158 165.487222622006 170.941991037371 168.093330187122 156.192846663267 149.729241227208 151.569414978367 143.311322482505 142.026641675259 141.172958926423 136.259763445115 154.804590031221
-9999 -9999 -9999 -9999 -9999 -9999 -9999 -9999 -9999 -9999 -9999 -9999 -9999 -9999 -9999 -9999 -9999 -9999 -9999 -9999 -9999 -9999 -9999 -9999 -9999 -9999 -9999 162.459154720916 160.676136637444 160.224441314441 159.534155657296 162.120769415268 160.45315016089 162.560619553322 162.922210139785 162.987477992423 162.951298759771 165.360738372477 162.110793336623 154.76657267727 155.387075617466 164.002184375267 173.555078318122 174.701273739097 164.801087753619 164.611852821223 164.40003197506 153.55066087139 148.412074063089 145.793455765859 144.60243424044 148.267070316086 147.010002518806
-9999 -9999 -9999 -9999 -9999 -9999 -9999 -9999 -9999 -9999 -9999 -9999 -9999 -9999 -9999 -9999 -9999 -9999 -9999 -9999 -9999 -9999 -9999 -9999 -9999 -9999 -9999 -9999 -9999 161.862350988509 162.190697440689 164.060583994873 163.812208073533 163.987493238094 163.992922345676 163.965007166092 166.349453250495 165.576294237899 169.613899926531 169.916696675478 159.374372625914 177.740078006359 167.355318189965 183.577020222192 192.312358861499 173.41522248992 171.835707024618 152.626538922203 170.847469528506 154.735404244617 158.811071728166 154.375312587539 157.783570252905
-9999 -9999 -9999 -9999 -9999 -9999 -9999 -9999 -9999 -9999 -9999 -9999 -9999 -9999 -9999 -9999 -9999 -9999 -9999 -9999 -9999 -9999 -9999 -9999 -9999 -9999 -9999 -9999 -9999 -9999 164.863834630382 166.488938898861 164.795144979044 164.492345405557 164.254625791755 160.335161994822 165.666168288491 173.414243897599 167.913894440011 169.012878095588 172.760238952794 168.587054364501 177.065120532231 180.393248944628 184.587365113248 172.743262044239 170.822361976807 159.731814484654 161.699399698691 158.11648108202 153.228458017174 159.061059874614 151.671631363157
-9999 -9999 -9999 -9999 -9999 -9999 -9999 -9999 -9999 -9999 -9999 -9999 -9999 -9999 -9999 -9999 -9999 -9999 -9999 -9999 -9999 -9999 -9999 -9999 -9999 -9999 -9999 -9999 -9999 -9999 -9999 169.138837082778 169.07572175649 172.547672829608 172.284813543469 167.785403820376 169.181020102944 176.050769343819 174.869023206402 182.730799610441 190.035109084032 172.112056683826 196.283812083991 188.351353704762 205.15585819182 201.506764234983 187.947002524794 175.28787914282 172.206346066996 176.443062287015 168.876754723198 169.45798962647 165.811686599528
-9999 -9999 -9999 -9999 -9999 -9999 -9999 -9999 -9999 -9999 -9999 -9999 -9999 -9999 -9999 -9999 -9999 -9999 -9999 -9999 -9999 -9999 -9999 -9999 -9999 -9999 -9999 -9999 -9999 -9999 -9999 -9999 168.572244623268 167.658586450873 167.472057804897 173.875378898688 180.144241803171 183.084321428585 180.356481068863 189.267913626548 181.238989774042 189.257883885816 191.831873606305 183.331231824039 181.778172282894 178.744681271701 193.932048841874 177.280149442923 170.610341731107 182.773605698464 172.811065065903 170.304147717573 168.696951709147
-9999 -9999 -9999 -9999 -9999 -9999 -9999 -9999 -9999 -9999 -9999 -9999 -9999 -9999 -9999 -9999 -9999 -9999 -9999 -9999 -9999 -9999 -9999 -9999 -9999 -9999 -9999 -9999 -9999 -9999 -9999 -9999 -9999 167.330753004624 177.351718779166 185.644706271827 178.232654707317 177.819453854208 187.617789355945 181.877665841193 186.430500581034 -9999 -9999 -9999 188.61374463961 190.370836652651 191.484516253567 169.003180237335 178.08556617442 170.114365540297 174.740873795784 171.360136949766 171.607791198019
-9999 -9999 -9999 -9999 -9999 -9999 -9999 -9999 -9999 -9999 -9999 -9999 -9999 -9999 -9999 -9999 -9999 -9999 -9999 -9999 -9999 -9999 -9999 -9999 -9999 -9999 -9999 -9999 -9999 -9999 -9999 -9999 -9999 -9999 -9999 -9999 -9999 -9999 -9999 -9999 -9999 -9999 -9999 -9999 184.567008840817 186.20590618786 185.527731064241 169.158032189362 163.800082008897 170.350340440462 176.011911143011 168.853125116226 166.861917137492
-9999 -9999 -9999 -9999 -9999 -9999 -9999 -9999 -9999 -9999 -9999 -9999 -9999 -9999 -9999 -9999 -9999 -9999 -9999 -9999 -9999 -9999 -9999 -9999 -9999 -9999 -9999 -9999 -9999 -9999 -9999 -9999 -9999 -9999 -9999 -9999 -9999 -9999 -9999 -9999 -9999 -9999 -9999 -9999 202.709743234469 188.481704128809 184.149250239229 165.616089030162 170.376925884346 162.397489370089 164.629907201466 172.340299605406 180.594900253881
-9999 -9999 -9999 -9999 -9999 -9999 -9999 -9999 -9999 -9999 -9999 -9999 -9999 -9999 -9999 -9999 -9999 -9999 -9999 -9999 -9999 -9999 -9999 -9999 -9999 -9999 -9999 -9999 -9999 -9999 -9999 -9999 -9999 -9999 -9999 -9999 -9999 -9999 -9999 -9999 -9999 -9999 -9999 -9999 196.195565809171 184.215091260333 179.53833421215 174.609531072247 169.199484392386 168.788143499803 166.809318831308 177.893157387518 172.463737868234
