Rscript/monthly_maps/SnowDepthMapFile-q75-1989-11.asc
ncols 320 
nrows 361 
xllcorner 618410.159 
yllcorner 5088785.286 
cellsize 100 
NODATA_value -9999 
[rows 312 to 335 of 361, columns 110 to 164 of 320]
-9999 -9999 -9999 -9999 -9999 -9999 -9999 -9999 -9999 -9999 -9999 -9999 -9999 -9999 -9999 -9999 -9999 -9999 -9999 -9999 -9999 -9999 240.873657226562 229.959403991699 212.477386474609 200.615345001221 191.140270233154 182.712558746338 158.179988861084 144.926300048828 134.837688446045 138.03995513916 150.678588867188 174.65690612793 187.717895507812 183.027309417725 165.436603546143 157.809902191162 155.636962890625 158.849685668945 168.660568237305 170.632862091064 174.959590911865 179.628032684326 187.600025177002 194.133934020996 202.642772674561 211.205150604248 219.624904632568 229.477058410645 238.893901824951 246.676628112793 258.907669067383 285.064270019531 305.029365539551
-9999 -9999 -9999 -9999 -9999 -9999 -9999 -9999 -9999 -9999 -9999 -9999 -9999 -9999 -9999 -9999 -9999 -9999 -9999 -9999 -9999 -9999 256.180599212646 249.32848739624 228.270725250244 215.911518096924 207.316902160645 193.382350921631 171.318775177002 152.154991149902 143.635604858398 146.658008575439 153.312168121338 177.479953765869 193.826065063477 201.467136383057 195.713573455811 184.102386474609 168.032337188721 167.081996917725 175.412673950195 175.879318237305 180.53609085083 181.455863952637 185.143657684326 190.806774139404 203.004161834717 209.460014343262 217.287178039551 225.708812713623 234.759174346924 243.735424041748 258.925308227539 278.457992553711 299.128929138184
-9999 -9999 -9999 -9999 -9999 -9999 -9999 -9999 -9999 -9999 -9999 -9999 -9999 -9999 -9999 -9999 -9999 -9999 -9999 -9999 -9999 -9999 262.776916503906 257.905868530273 242.538791656494 231.656246185303 217.7844581604 201.668651580811 182.414707183838 160.06929397583 154.906158447266 153.193752288818 159.930271148682 177.042285919189 193.407012939453 208.263648986816 212.157138824463 204.627319335938 190.485233306885 184.627025604248 179.107730865479 186.262828826904 188.728080749512 191.413795471191 195.623199462891 202.188373565674 207.507011413574 212.982990264893 218.589485168457 225.27071762085 233.699493408203 245.446746826172 258.431365966797 278.625030517578 294.617935180664
-9999 -9999 -9999 -9999 -9999 -9999 -9999 -9999 -9999 -9999 -9999 -9999 -9999 -9999 -9999 -9999 -9999 -9999 -9999 -9999 -9999 -9999 -9999 262.238372802734 261.278465270996 245.889404296875 228.073997497559 208.05020904541 190.947650909424 178.894714355469 171.171352386475 170.952442169189 174.812435150146 178.016868591309 190.448463439941 204.683502197266 221.726871490479 221.481700897217 211.862705230713 198.106979370117 191.609035491943 196.421390533447 197.055068969727 200.357944488525 205.124523162842 208.164413452148 213.75915145874 218.341827392578 224.535736083984 225.617736816406 233.390232086182 244.757568359375 261.147247314453 281.799034118652 295.364860534668
-9999 -9999 -9999 -9999 -9999 -9999 -9999 -9999 -9999 -9999 -9999 -9999 -9999 -9999 -9999 -9999 -9999 -9999 -9999 -9999 -9999 -9999 -9999 285.378936767578 278.545066833496 263.01904296875 236.203018188477 214.698001861572 200.316905975342 190.585643768311 183.33101272583 179.092918395996 178.546119689941 182.13419342041 189.180755615234 200.951755523682 217.30708694458 235.079051971436 233.389945983887 223.761810302734 211.308376312256 206.682415008545 206.800888061523 210.465911865234 213.054889678955 217.365478515625 225.794544219971 231.231689453125 235.881324768066 232.223243713379 232.801773071289 241.744911193848 255.96480178833 285.655960083008 298.826751708984
-9999 -9999 -9999 -9999 -9999 -9999 -9999 -9999 -9999 -9999 -9999 -9999 -9999 -9999 -9999 -9999 -9999 -9999 -9999 -9999 -9999 -9999 308.545516967773 302.379211425781 287.080368041992 275.50025177002 240.9547996521 222.58224105835 211.818351745605 201.850582122803 194.325740814209 190.059925079346 187.962524414062 188.115501403809 190.650085449219 198.152423858643 212.209854125977 235.381416320801 262.778099060059 249.308815002441 234.76099395752 220.382743835449 217.086524963379 218.32222366333 225.946033477783 230.15153503418 235.324653625488 247.362266540527 248.637390136719 250.444671630859 241.434268951416 240.585391998291 252.636295318604 270.972747802734 297.374320983887
-9999 -9999 -9999 -9999 -9999 -9999 -9999 -9999 -9999 -9999 -9999 -9999 -9999 -9999 -9999 -9999 -9999 -9999 -9999 -9999 -9999 -9999 -9999 308.828758239746 297.220405578613 277.70735168457 247.699131011963 234.149513244629 222.212776184082 213.306297302246 204.376895904541 198.542472839355 193.848957061768 193.18896484375 196.105419158936 198.363376617432 209.108306884766 228.642910003662 266.593727111816 275.637741088867 263.49739074707 239.630214691162 227.414688110352 228.132801055908 235.526554107666 245.579917907715 250.491382598877 256.458919525146 257.623203277588 258.746959686279 250.685924530029 260.010322570801 253.561038970947 265.708793640137 296.055770874023
-9999 -9999 -9999 -9999 -9999 -9999 -9999 -9999 -9999 -9999 -9999 -9999 -9999 -9999 -9999 -9999 -9999 -9999 -9999 -9999 -9999 -9999 -9999 -9999 290.034484863281 281.844421386719 259.62638092041 245.608245849609 234.887786865234 222.63928604126 213.637126922607 206.249942779541 203.691249847412 202.477043151855 204.754512786865 203.932472229004 208.31664276123 222.15111541748 250.517459869385 284.304092407227 280.732978820801 265.641044616699 242.608943939209 236.363994598389 244.07825088501 251.977592468262 256.556438446045 263.175239562988 267.476516723633 268.205238342285 265.502258300781 267.365501403809 269.478897094727 266.418579101562 290.135971069336
-9999 -9999 -9999 -9999 -9999 -9999 -9999 -9999 -9999 -9999 -9999 -9999 -9999 -9999 -9999 -9999 -9999 -9999 -9999 -9999 -9999 -9999 -9999 316.16153717041 303.12580871582 280.805549621582 280.279975891113 259.591468811035 247.315441131592 233.530139923096 222.208137512207 214.991558074951 211.415046691895 210.260025024414 210.692779541016 210.35746383667 211.77033996582 219.015766143799 237.856979370117 276.24974822998 302.230575561523 292.528106689453 267.79621887207 249.5823097229 249.013038635254 259.96314239502 252.533718109131 261.092956542969 270.579772949219 272.414253234863 268.661270141602 279.130752563477 278.489593505859 277.614212036133 287.770553588867
-9999 -9999 -9999 -9999 -9999 -9999 -9999 -9999 -9999 -9999 -9999 -9999 -9999 -9999 -9999 -9999 -9999 -9999 -9999 -9999 -9999 -9999 -9999 331.388809204102 310.606643676758 291.883262634277 289.955055236816 284.599617004395 262.800399780273 247.066909790039 234.237110137939 225.866527557373 220.436496734619 219.017555236816 221.108203887939 220.349334716797 217.698204040527 218.930072784424 232.604461669922 260.535827636719 298.951583862305 310.829681396484 299.31916809082 269.890434265137 256.834915161133 266.325294494629 261.827621459961 267.066230773926 278.184883117676 290.726333618164 288.12508392334 285.434776306152 289.877914428711 286.135208129883 290.405006408691
-9999 -9999 -9999 -9999 -9999 -9999 -9999 -9999 -9999 -9999 -9999 -9999 -9999 -9999 -9999 -9999 -9999 -9999 -9999 -9999 -9999 -9999 355.347839355469 353.483093261719 331.931617736816 301.864784240723 297.860954284668 297.15975189209 289.034530639648 262.712463378906 250.564655303955 240.481716156006 233.195041656494 229.185543060303 230.605941772461 227.40913772583 225.763607025146 223.435619354248 233.091758728027 253.072719573975 288.648330688477 323.518783569336 319.99373626709 300.411193847656 269.541374206543 265.200141906738 269.153129577637 277.23853302002 282.314025878906 297.88680267334 300.342674255371 296.059860229492 291.644874572754 297.685722351074 295.061386108398
-9999 -9999 -9999 -9999 -9999 -9999 -9999 -9999 -9999 -9999 -9999 -9999 -9999 -9999 -9999 -9999 -9999 -9999 -9999 -9999 -9999 -9999 -9999 353.769058227539 354.12671661377 335.392921447754 323.92219543457 301.395065307617 297.226493835449 287.844718933105 268.440979003906 259.248336791992 249.177787780762 240.00492477417 237.440563201904 234.904640197754 233.212703704834 228.995166778564 236.061939239502 252.961280822754 288.563682556152 324.136009216309 335.169845581055 319.468276977539 287.250793457031 273.253936767578 282.424575805664 280.567123413086 289.643363952637 299.265235900879 311.658676147461 310.458755493164 302.56909942627 304.224151611328 315.260391235352
-9999 -9999 -9999 -9999 -9999 -9999 -9999 -9999 -9999 -9999 -9999 -9999 -9999 -9999 -9999 -9999 -9999 -9999 -9999 -9999 -9999 -9999 -9999 380.074523925781 376.592300415039 360.199211120605 342.415519714355 327.439041137695 302.519706726074 298.513671875 292.058753967285 285.304107666016 262.920112609863 248.203441619873 243.040195465088 239.694850921631 246.608276367188 234.451335906982 240.159168243408 257.650177001953 288.373176574707 314.645637512207 344.636344909668 331.835906982422 315.279342651367 287.661811828613 291.155860900879 287.187324523926 297.245231628418 301.767349243164 315.71110534668 324.848907470703 320.186172485352 322.155502319336 332.877754211426
-9999 -9999 -9999 -9999 -9999 -9999 -9999 -9999 -9999 -9999 -9999 -9999 -9999 -9999 -9999 -9999 -9999 -9999 -9999 -9999 -9999 -9999 -9999 -9999 -9999 382.842063903809 371.342658996582 338.28303527832 320.171020507812 307.394676208496 305.861343383789 297.353485107422 271.887687683105 254.004821777344 248.073150634766 249.286457061768 250.936706542969 240.362171173096 246.297210693359 262.47420501709 290.0908203125 306.310409545898 339.583045959473 360.421356201172 338.135101318359 302.808959960938 303.224761962891 296.223243713379 298.419013977051 311.59545135498 320.91423034668 333.078140258789 340.759948730469 340.888938903809 343.116371154785
-9999 -9999 -9999 -9999 -9999 -9999 -9999 -9999 -9999 -9999 -9999 -9999 -9999 -9999 -9999 -9999 -9999 -9999 -9999 -9999 -9999 -9999 -9999 -9999 -9999 -9999 385.221649169922 361.183212280273 341.811721801758 316.884300231934 314.188323974609 306.548530578613 276.672698974609 257.967552185059 251.147315979004 251.476207733154 243.957447052002 246.750896453857 252.381813049316 267.189193725586 288.815101623535 313.724403381348 357.190612792969 373.858215332031 374.51106262207 338.294067382812 313.773246765137 309.473434448242 317.000709533691 325.275833129883 330.429069519043 357.380683898926 360.043716430664 360.360893249512 361.618377685547
-9999 -9999 -9999 -9999 -9999 -9999 -9999 -9999 -9999 -9999 -9999 -9999 -9999 -9999 -9999 -9999 -9999 -9999 -9999 -9999 -9999 -9999 -9999 -9999 -9999 -9999 400.492073059082 398.076034545898 377.046234130859 362.127227783203 330.107322692871 313.50121307373 280.11067199707 261.721504211426 264.127128601074 259.837139129639 254.651519775391 253.037368774414 259.154525756836 272.611763000488 297.642517089844 313.86515045166 359.978424072266 400.074813842773 403.279457092285 374.390106201172 341.680938720703 313.930740356445 331.955955505371 339.339324951172 337.618461608887 364.101364135742 398.249221801758 396.155616760254 398.520660400391
-9999 -9999 -9999 -9999 -9999 -9999 -9999 -9999 -9999 -9999 -9999 -9999 -9999 -9999 -9999 -9999 -9999 -9999 -9999 -9999 -9999 -9999 -9999 -9999 -9999 -9999 437.044921875 436.30298614502 413.055076599121 385.248794555664 344.157928466797 311.696899414062 282.089218139648 265.803909301758 267.665252685547 263.709915161133 260.568031311035 267.410202026367 274.068099975586 285.909812927246 300.68856048584 313.462455749512 358.369644165039 407.65168762207 448.626770019531 435.312957763672 375.804008483887 360.690078735352 357.163841247559 354.959465026855 357.388740539551 374.077171325684 429.105674743652 473.634895324707 465.172431945801
-9999 -9999 -9999 -9999 -9999 -9999 -9999 -9999 -9999 -9999 -9999 -9999 -9999 -9999 -9999 -9999 -9999 -9999 -9999 -9999 -9999 -9999 -9999 -9999 -9999 -9999 -9999 472.210594177246 429.808532714844 396.419387817383 341.715393066406 312.31241607666 283.738990783691 279.302230834961 266.443801879883 264.483055114746 266.463722229004 271.053688049316 278.279762268066 288.867958068848 298.84196472168 308.446098327637 340.041877746582 392.83683013916 470.573844909668 475.918060302734 435.176574707031 382.211135864258 371.142463684082 373.137069702148 378.800933837891 396.922149658203 429.950439453125 508.965972900391 513.65119934082
-9999 -9999 -9999 -9999 -9999 -9999 -9999 -9999 -9999 -9999 -9999 -9999 -9999 -9999 -9999 -9999 -9999 -9999 -9999 -9999 -9999 -9999 -9999 -9999 -9999 -9999 -9999 -9999 432.928993225098 392.158737182617 329.049293518066 309.733024597168 294.519569396973 280.913833618164 274.420654296875 273.420532226562 273.496192932129 272.289039611816 279.522766113281 293.653587341309 311.498893737793 323.716804504395 343.78687286377 381.110664367676 468.674835205078 521.879821777344 497.531181335449 420.811492919922 394.925834655762 385.797210693359 396.68669128418 393.695999145508 427.198066711426 -9999 -9999
-9999 -9999 -9999 -9999 -9999 -9999 -9999 -9999 -9999 -9999 -9999 -9999 -9999 -9999 -9999 -9999 -9999 -9999 -9999 -9999 -9999 -9999 -9999 -9999 -9999 -9999 -9999 -9999 432.562477111816 383.552040100098 311.463455200195 309.258148193359 290.173263549805 280.981559753418 282.16056060791 278.38818359375 280.252128601074 280.900726318359 290.377998352051 303.261390686035 322.567153930664 332.667709350586 358.701805114746 383.29296875 475.494445800781 553.902938842773 535.432174682617 481.098205566406 433.297714233398 406.784400939941 410.449676513672 427.324378967285 425.221527099609 -9999 -9999
-9999 -9999 -9999 -9999 -9999 -9999 -9999 -9999 -9999 -9999 -9999 -9999 -9999 -9999 -9999 -9999 -9999 -9999 -9999 -9999 -9999 -9999 -9999 -9999 -9999 -9999 -9999 509.255683898926 433.257568359375 375.0654296875 326.403312683105 309.051391601562 303.496604919434 299.845947265625 289.027191162109 284.076026916504 287.898918151855 295.674240112305 301.984642028809 313.259895324707 327.945640563965 337.405212402344 362.001480102539 414.934028625488 521.715972900391 577.550415039062 567.247360229492 530.369964599609 478.474922180176 434.492057800293 428.258003234863 -9999 -9999 -9999 -9999
-9999 -9999 -9999 -9999 -9999 -9999 -9999 -9999 -9999 -9999 -9999 -9999 -9999 -9999 -9999 -9999 -9999 -9999 -9999 -9999 -9999 -9999 -9999 -9999 -9999 -9999 -9999 520.16682434082 456.118156433105 369.973449707031 330.518043518066 322.893997192383 323.381561279297 315.464752197266 304.11491394043 295.710792541504 295.236625671387 303.007911682129 317.328941345215 323.99097442627 327.70085144043 341.896209716797 357.453765869141 461.587257385254 530.192169189453 578.330169677734 583.081924438477 561.773284912109 524.757736206055 -9999 -9999 -9999 -9999 -9999 -9999
-9999 -9999 -9999 -9999 -9999 -9999 -9999 -9999 -9999 -9999 -9999 -9999 -9999 -9999 -9999 -9999 -9999 -9999 -9999 -9999 -9999 -9999 -9999 -9999 -9999 -9999 -9999 527.897918701172 469.638122558594 371.923789978027 340.170471191406 334.557670593262 334.176155090332 330.891006469727 330.083702087402 321.987503051758 312.41138458252 310.94766998291 323.021896362305 332.704864501953 329.307373046875 352.377311706543 393.95100402832 496.01490020752 536.442749023438 -9999 -9999 -9999 -9999 -9999 -9999 -9999 -9999 -9999 -9999
-9999 -9999 -9999 -9999 -9999 -9999 -9999 -9999 -9999 -9999 -9999 -9999 -9999 -9999 -9999 -9999 -9999 -9999 -9999 -9999 -9999 -9999 -9999 -9999 -9999 -9999 -9999 531.931671142578 470.909057617188 378.998405456543 353.909103393555 339.172088623047 348.061676025391 346.252815246582 341.447975158691 335.628242492676 343.813903808594 336.697212219238 329.185348510742 339.199211120605 358.168815612793 361.55297088623 432.157928466797 516.411529541016 -9999 -9999 -9999 -9999 -9999 -9999 -9999 -9999 -9999 -9999 -9999
