Rscript/monthly_maps/SnowDepthMapFile-sd-1989-10.asc
ncols 320 
nrows 361 
xllcorner 618410.159 
yllcorner 5088785.286 
cellsize 100 
NODATA_value -9999 
[rows 56 to 83 of 361, columns 189 to 251 of 320]
27.7982024062916 26.7614327030738 26.4200656833559 27.1178885419997 29.6599463634469 32.1211105091357 33.8798844041394 32.7987374147705 29.3960348152429 26.2321359308498 24.7230173883272 23.8080914366925 23.6312408442568 23.7618338810391 24.0534186281396 23.5275907820764 22.6645749562071 21.5286949016854 20.4561452386631 19.6796423907429 18.9052202654996 18.098367528853 17.4892165884494 17.0972916886407 16.3074445496586 15.4192401040155 14.212445154738 12.6416603938694 11.5628416690585 10.3718693697663 8.5031542608374 4.74840184252446 1.90976071466069 0 0 0 0 1.54568904333923 5.50552831386378 7.6615209269903 9.05003700454859 10.6651336693057 10.9706421571031 10.6401350658437 10.0945257769567 9.45638312966309 8.91720186357603 8.61055086816088 8.52318232980519 8.78890372730521 9.42839432204778 10.664754253171 12.4529881235737 14.0996820627141 15.9376292960434 17.4136897305068 18.812848321031 19.8439420717568 20.1552190145375 19.9583967149285 19.9279880029932 20.355203996905 21.0366008095417
27.9600685149058 27.1669128287173 26.0475014655178 25.6712008463949 26.941009826165 30.197088613246 31.7483874891431 31.2102489650959 27.9695731599115 24.9226754781851 23.1017602124596 22.2791691267013 21.8215305682686 22.0978282994694 22.4676743626412 22.0904751487622 21.207846573492 20.0079571182016 19.1484391726542 18.1960876894375 17.4058389823557 16.9537185004451 16.1856770276661 15.5364356333228 14.6202096203563 13.1076704653053 11.7017501470759 11.1413707866773 10.5514415185516 9.84806666678988 7.72057518647209 3.97444936406758 1.40844217024905 0 0 0 0 1.89665535952318 3.26684240342444 6.80017817494785 8.05036999601111 8.54399955840525 8.49810203955007 8.29141726991272 7.89140658752171 7.51285380023483 7.20402701080395 7.01524563070541 6.96158068131938 7.08113004939704 7.36036701879034 7.71154501359909 8.90432886908472 10.36695065069 12.2235440103799 13.7290821865595 15.1452577029948 15.9859018481994 16.4240177406035 16.4005388337252 16.400688911211 16.7534779934735 17.3469602404288
28.5905255017811 27.5019643255443 26.4621364496496 25.3217861257465 25.2666686724341 27.2652890804701 29.9415805547458 29.553160679259 26.3467985164251 23.4108368456858 21.7286694201898 20.6751854626934 20.1316774474064 20.1096047777784 20.2857984653005 20.0219085507621 19.3284754579673 18.5114717614192 17.5710247679964 16.7998141393484 15.8914179654654 15.1280033752606 14.5015241586732 13.685517906544 12.334510803447 11.2672692939973 10.3185453534993 9.74762996009428 9.42332654648935 8.43766037186285 5.73330579906279 2.83285426536741 2.07156796740129 0 0 0 0 0 1.79201189412075 3.81389129256676 6.41405459226838 7.41273431329188 7.5362670844838 7.20249914892834 6.64798120766183 6.11584610030306 5.36138173986852 4.88905625868116 4.82125207811713 5.23842037531529 6.02199632816894 6.66991938580398 6.92206729562874 7.46026231860229 8.78468041787512 10.2194136194511 11.7954210066868 12.9501273958931 13.6390932067065 13.9236750899262 14.0848166469995 14.305242947271 14.694238424156
30.1540857831567 28.100709567579 26.9785046500465 25.1356897454287 24.5364623848555 25.238599342902 26.5103749276008 26.825416065576 24.5690843400151 21.9321665760691 20.1637133267064 19.1254255773513 18.4166731929788 18.2385897545884 18.1788190060307 18.1062954346309 17.6307896208288 17.0409709968739 16.3152201544064 15.1664969770171 14.0086533317164 12.8908079804211 12.2431753476337 11.7187253611192 11.1772818289413 10.117159455497 9.16674509666591 7.76707905409854 6.2869529275742 4.94557241757183 3.2454170524634 1.6514693270453 0 0 0 0 0 0 0 1.69260032793249 2.73856840171589 3.78417917506514 4.03077505407869 3.52920369306072 2.83436465617673 2.25124007056389 1.81627732106379 1.44906599635893 1.84862157460156 1.68490106881718 2.28205868893057 3.61155476301621 5.73305538044596 6.87431099234821 7.40889067870795 7.97993915683379 9.13021927184636 10.174693742768 10.9864530544671 11.4399062442828 11.6730011335623 11.7971305912618 12.0504210246879
29.6913931726523 28.1371617720419 26.823066400593 24.9913998968792 23.8659245343181 23.8923231646197 24.5829308069071 24.8213238311141 22.913873998185 20.2287324169566 18.5193022653925 17.4343555167074 16.6795543583586 16.4060488165654 16.3938963557175 16.4572036316992 16.2666451447393 15.6119009827051 14.5854794642845 13.0496357991969 11.896153966672 11.3932718022386 11.0679006260386 10.6046700338503 9.93564672411516 8.72917984342837 6.36692656223445 4.04113471124916 2.85968571235065 1.88574330834499 1.44963757428257 0 0 0 0 0 0 0 0 0 2.17895267736171 1.45212908536358 1.53332672237396 1.93711817776724 2.22072788099714 0 0 0 0 0 1.51686075624996 1.74143195821472 2.92667594676749 5.16559925816644 7.03813683838523 7.86049239214532 8.20252516976601 8.56955184928007 8.84625671930712 9.31069637696214 9.4677711551493 9.54571914703622 9.55132403964434
29.0757755068365 27.9213691905068 26.2742901734833 24.4291129633611 23.1769768558857 22.3695588318698 22.6547183767945 22.7991664850314 20.8898001145787 18.589504359222 16.702302874819 15.7294045993938 14.9238086437232 14.6716757798375 14.7197442640887 14.7995345211127 14.3948236667096 13.5203283562401 12.2731522041569 11.4866381304624 10.9446994625363 10.4742235163863 10.1047919959828 9.24341909778673 7.87381562175657 5.34531863597899 3.14447334227545 1.52973402026175 1.59483583795454 0 0 0 0 0 0 0 0 0 0 0 0 0 0 0 0 0 0 0 0 0 0 1.74347179084663 1.99052482942811 3.88571827178668 5.73962278852159 7.45654147045089 8.13823370123617 8.58011876125654 8.79068142247055 8.83251811740791 8.77516437504508 8.63089036503687 8.49296897175991
27.3661832065824 27.190774619045 25.3446649870543 23.3694056272277 21.739319693217 20.4040647453412 20.1442362138886 20.0698613175281 18.8058437619112 16.59564747432 14.8535936606871 13.3504422489494 12.4894632740604 12.4179164470348 12.5276965923275 12.5557033964638 12.2283834033061 11.6471676414643 11.0179902430554 10.4450947954708 10.0116074946474 9.13862901245543 7.93551109537758 6.0399983778468 4.05229940774871 2.31932258919382 1.50323760666738 0 0 0 0 0 0 0 0 0 0 0 0 0 0 0 0 0 0 0 0 0 0 0 0 1.68079125739976 2.80224290180672 4.23544722539335 5.34332796213164 6.37829851354 7.82798319118757 8.40063061814489 8.82147092239342 9.05351134776734 8.93122621625053 8.84184698166724 8.71973176483435
24.7219755121198 25.4257546086508 24.3618059201296 22.1930882344176 19.9706556716022 18.348480500152 17.5760300425467 17.3019247292815 16.2713243517005 14.5653275563516 12.2673026933053 11.2818493881278 11.210261725573 11.3908371856338 11.6292007292724 11.5869633334712 11.1243109308218 10.5345322669417 9.95033338203694 9.01782378302441 7.77739451974839 6.15703944891701 4.66502066479769 3.2712430567101 1.91775492648339 1.46565066296272 0 0 0 0 0 0 0 0 0 0 0 0 0 0 0 0 0 0 0 0 0 0 0 0 2.00465515378801 2.19292661854981 4.37685015684113 5.78620818779073 6.45407087061225 7.01479275326157 7.7864178116326 8.4961185596712 8.93685875099464 9.12081880193683 8.78633489523339 8.62950569739086 8.46511735153327
22.1995880715205 23.5157959634632 23.2067354254149 20.656110599108 17.9628795061771 16.0566642658783 15.0045174433907 14.3590371188715 13.5797681599685 11.7932908045386 10.7161580463995 10.5426621364556 10.5124097861787 10.7543463716115 10.7655422419744 10.6804903507123 9.95399750997898 8.88973072096072 7.49079846317755 5.9146842430331 4.68570435186619 3.64071979634398 2.61829895165111 1.73756588530055 1.94067799316644 0 0 0 0 0 0 0 0 0 0 0 0 0 0 0 0 0 0 0 0 0 0 0 0 0 1.46014282367213 4.3793361868033 7.2213768073403 8.40228728631315 8.74719012906779 8.64637110005006 8.83379521809676 9.26254546196588 9.79392979209324 9.86098040366021 9.69556233953991 9.42809786043632 9.25882652283547
19.2659518770928 20.5725839607901 20.9450292396959 18.7487115544741 16.0422273632532 13.9206129802091 12.0146689534245 11.1366643440596 10.7551788465973 10.548411144975 10.2154386567906 9.51548607860233 9.03854789334433 9.20367893080423 9.25746926078364 8.68410517753848 6.97680243346755 5.22366897167726 3.94243209352539 3.27448924934088 2.60369245509232 2.10339048693984 1.67053591277214 0 0 0 0 0 0 0 0 0 0 0 0 0 0 0 0 0 0 0 0 0 0 0 0 0 0 1.90293141187567 3.27225774883467 7.77376268011479 9.46451524113023 9.99368069236874 9.99494039436743 9.91033119595697 9.91965967508864 10.0142768651911 10.1414255097511 10.204890096018 10.1065183482177 9.93736152278822 9.83470771769817
16.2564861910098 17.384939723206 17.9437764326602 16.7009573226583 14.4869008590639 11.8281642750225 11.0130058506137 10.3637008658921 10.0171242407561 9.72955323017228 8.56566436574545 6.69865963242194 5.7418316794126 5.8027919979697 5.63987773050914 4.66181558055818 3.24719464781599 2.30450113000567 1.8205440295079 1.505354174963 1.42935469402897 2.02733242654824 0 0 0 0 0 0 0 0 0 0 0 0 0 0 0 0 0 0 0 0 0 0 0 0 0 0 0 2.12218729884896 6.37680833435638 9.10341467927451 10.9259494577277 11.7098902247917 11.8239317474808 11.4805781136684 11.2795825979781 11.3721814776955 11.6510901542715 11.9049141552945 12.1007993621481 12.1649685367668 12.3464407873081
13.335609236459 14.3172906366017 14.6361682485476 14.475043697168 12.8328678400797 11.5567603607296 10.7155359394116 9.55118049474381 8.18497462725228 6.68430184163034 5.09469242177115 3.83589010558604 3.26943874090319 3.12329806736131 2.7678457979798 2.02787180289872 1.47238730058242 0 0 0 0 0 0 0 0 0 0 0 0 0 0 0 0 0 0 0 0 0 0 0 0 0 0 0 0 0 0 0 1.90553905416202 3.43045859666597 8.04177286111643 10.1938861223021 14.2229252078097 16.2871640951567 16.4449162637591 16.1826627396074 15.8539668448406 15.8508429432642 15.9606299773077 16.2468138848917 16.3849299622819 16.5679737926688 16.5781222823822
10.6868888445169 10.789134487015 11.255674399956 11.8423877117987 12.0431492505653 11.5721975784117 10.2467844902754 7.49733675280936 5.02601468789259 3.54330181584746 2.62397670562563 2.03977422373664 1.57245642974606 1.65721371087067 1.6239397225503 0 0 0 0 0 0 0 0 0 0 0 0 0 0 0 0 0 0 0 0 0 0 0 0 0 0 0 0 0 0 0 0 0 0 3.72397525090745 7.84208062883444 10.1050846924097 15.3558296499477 18.0134901443705 18.8435148454329 19.0687485909734 19.0802100528461 19.2672474749939 19.5023252524679 19.958538629459 20.5165530007409 20.8621022747976 21.2324324244339
9.70448601831447 10.0379894898861 10.5792266802123 11.3122119062072 11.6987301294429 11.3718439497007 9.37976398425842 5.67319162822604 3.26251643038291 1.96087009238931 1.69855539226313 0 0 0 0 0 0 0 0 0 0 0 0 0 0 0 0 0 0 0 0 0 0 0 0 0 0 0 0 0 0 0 0 0 0 0 0 0 0 2.36640300200786 6.93396680462228 8.73675063882096 11.9222332724702 15.551303662567 16.4508132359769 17.9420758913524 20.1183271110758 20.6238613383834 21.3827278966799 22.4284848686913 23.2227929604756 24.2657355018782 25.0259349726627
6.48966594147482 7.95953278381738 9.60697006281875 10.8469471337908 11.1232215584531 10.121021588857 7.31280529522849 3.98189375115701 2.04761958892594 0 0 0 0 0 0 0 0 0 0 0 0 0 0 0 0 0 0 0 0 0 0 0 0 0 0 0 0 0 0 0 0 0 0 0 0 0 0 0 0 2.20531514611452 3.51485035567818 6.90079507342519 8.28490364531567 10.5540097043223 13.4488772948179 15.7008724837956 17.2517975570459 18.6259490856687 19.5237659168864 21.1670860617826 23.8674144790287 25.1986163276997 26.8755218688892
3.26018147375866 4.8556950863143 7.23518443082871 9.40371099245406 9.48648821939907 7.52152150453453 4.39691105178186 2.24692608746982 1.86500087053396 0 0 0 0 0 0 0 0 0 0 0 0 0 0 0 0 0 0 0 0 0 0 0 0 0 0 0 0 0 0 0 0 0 0 0 0 0 0 0 0 0 2.21933362139316 3.19209193244522 6.59237799762732 8.02873190912524 9.25987775413435 11.5753881949161 13.8018311274512 15.6716125154006 17.5792306137181 19.617995905668 21.8322315735101 24.6946199674058 27.0734267773934
1.79591513587202 3.45765625090145 5.48449383518976 6.98210267538222 6.58779235658093 4.2558462368523 2.11860949852859 0 0 0 0 0 0 0 0 0 0 0 0 0 0 0 0 0 0 0 0 0 0 0 0 0 0 0 0 0 0 0 0 0 0 0 0 0 0 0 0 0 0 0 0 1.54917794676348 3.20147629303276 6.60712905869542 8.09099673396537 9.00053975991409 10.3891892605251 12.7825624081633 15.225111330452 17.7089483141812 19.9420976437851 22.5752750171974 25.3500231562314
1.97039610564178 2.68281840046755 4.21615265937991 4.64981056002705 3.55411160990235 1.8574379542497 0 0 0 0 0 0 0 0 0 0 0 0 0 0 0 0 0 0 0 0 0 0 0 0 0 0 0 0 0 0 0 0 0 0 1.63411730380442 1.59682805336656 0 0 0 0 0 0 0 0 0 0 1.91398528700375 3.42574860273598 6.67620485882947 8.14312422951783 8.86986920171765 10.1863584937162 13.143659312127 15.9249650123985 18.5650137966866 21.0633789296361 23.925102319446
0 2.16091585683623 2.99153471109689 2.62935316934912 1.51368479045427 0 0 0 0 0 0 0 0 0 0 0 0 0 0 0 0 0 0 0 0 0 0 0 0 0 0 0 0 0 0 0 0 0 1.65218683975796 3.73144430303164 5.90569383786191 5.63884762273785 3.45237073949365 1.40489982591615 0 0 0 0 0 0 0 0 0 1.58685618535375 3.41088586387159 6.34423198969289 8.04005453036125 8.71994210276969 10.9138897938833 14.3972723293693 17.4567525906024 19.9272236254109 22.3101264046233
0 1.65707325720049 1.53417047210482 0 0 0 0 0 0 0 0 0 0 0 0 0 0 0 0 0 0 0 0 0 0 0 0 0 0 0 0 0 0 0 0 0 0 0 1.94995341651711 6.12029334309883 9.80206473291183 10.7040284194778 9.21502828186193 5.06995853045257 1.55805770184816 0 0 0 0 0 0 0 0 0 1.45911391489559 3.30213121677203 6.10842877623788 7.74143084364409 8.61178973213046 12.1724549226911 15.6014473152403 18.5079023528679 21.0205657158504
0 0 0 0 0 0 0 0 0 0 0 0 0 0 0 0 0 0 0 0 0 0 0 0 0 0 0 0 0 0 0 0 0 0 0 0 0 0 1.77781014393102 6.14383954447958 10.4161006814897 11.8017297509214 11.6150131008174 9.95402013325234 5.5623277780843 1.3864441280121 0 0 0 0 0 0 0 0 0 1.55147573455062 3.20207579040548 6.44201172403261 7.64990232533713 9.75939811167339 13.3989641069981 16.5160351579022 19.449522938425
0 0 0 0 0 0 0 0 0 0 0 0 0 0 0 0 0 0 0 0 0 0 0 0 0 0 0 0 0 0 0 0 0 0 0 0 0 0 1.69816760310547 5.01481093842133 9.63644683478033 11.5530080141841 12.6004588375636 12.369719654984 9.43683071813425 5.08667423005354 1.74186034190877 0 0 0 0 0 0 0 0 0 1.443748112093 3.6215441020953 6.80642870584076 7.66505282294042 10.6523914803125 14.2154829933682 17.4524692236735
0 0 0 0 0 0 0 0 0 0 0 0 0 0 0 0 0 0 0 0 0 0 0 0 0 0 0 0 0 0 0 0 0 0 0 0 0 0 1.52819862184774 3.59285524096643 8.45840640665812 10.6748146521574 13.3408342830479 15.8050346403656 12.7512084123639 8.65049669041211 4.59856963544636 1.76174395691214 0 0 0 0 0 0 0 0 0 1.45054213017552 4.45735032147959 6.87267282295602 8.08373954098103 11.7929830072529 15.5296580331089
0 0 0 0 0 0 0 0 0 0 0 0 0 0 0 0 0 0 0 0 0 0 0 0 0 0 0 2.02135595159715 2.69516821763048 3.62037730892303 3.33915960021028 2.4005767502422 1.48837264109847 0 0 0 0 0 0 2.4028125328725 7.14623614921392 9.76417471730156 12.2933511771291 17.1687378277101 17.5988685198111 13.1236808322796 8.25436947774863 5.3951276182637 1.78794832964351 0 0 0 0 0 0 0 0 0 2.04488314034693 5.6982619232132 7.14245965833574 9.65423497265939 13.765016355609
0 0 0 0 0 0 0 0 0 0 0 0 0 0 0 0 0 0 0 0 0 0 0 0 0 0 1.79702283573184 3.78745585641945 7.22537344955349 8.89684981757441 8.32258350252822 6.3154033051747 3.4005649171029 1.45425952774125 0 0 0 0 0 1.49002639742235 5.28112925328747 9.0122152281752 10.8994747979925 15.6927179468118 19.1359932610866 19.6689240650524 13.9018421633717 8.70823062378837 7.09799888618447 4.18200015048106 2.0158003238017 1.95852896950637 0 0 0 0 0 0 2.12448851233537 3.49213009039207 6.83415974145299 8.28314858624243 12.3586464947287
0 0 0 0 0 0 0 0 0 0 0 0 0 0 0 0 0 0 0 0 0 0 0 0 2.05515304419646 1.99412695221332 4.08998655315709 8.15158500815694 11.0349258357145 11.9786470431981 11.7323406590095 9.71716856112763 5.84957129181767 2.24099791487847 0 0 0 0 0 1.8255789510139 3.74033707577356 8.21009390973904 9.87025615261055 13.9031463448702 18.4514605703685 21.8912767620445 21.0355099301827 14.7506113121728 9.57557383024886 8.57423777444087 6.92807287783765 4.36604926960434 2.30202315043678 1.90274847953451 0 0 0 0 1.98237063744939 2.65915469760175 6.60475573423932 7.81094681193268 11.777519481217
0 0 0 0 0 0 0 0 0 0 0 0 0 0 0 0 0 0 0 0 0 0 1.65778717292891 2.25498984098775 3.6100306694098 5.34292886816638 8.47836033585686 11.0008281080592 12.5883731336532 13.3720366280482 12.6652204110956 11.122806522243 7.59057949103236 3.36064866917779 2.0958203766871 0 0 0 0 0 2.59177016519862 7.13489776976125 9.18333096226445 11.6739352271537 16.3286487031781 20.9958054157471 23.6212331143048 20.6532198965896 14.6623404527543 10.3004041537777 9.55920678848882 8.54719827318257 6.17067030632295 3.32453597515512 1.4821370119974 1.57791853595137 0 2.0395054776287 1.88875038716654 4.16732925077594 7.38910178428947 8.33612489760622 12.2818620171171
0 0 0 0 0 0 0 0 0 0 0 0 0 0 0 0 0 0 0 0 0 1.64016195017104 3.90808569004771 6.6808077695316 8.56381350851814 9.9356298825376 11.11923171008 12.1447577585397 14.1071348919392 14.554924292798 13.0646727145147 11.2880979868218 8.87392764529547 4.22419757155184 1.39271555567057 0 0 0 0 0 1.82693621306573 5.55107161541417 8.79839472695288 9.93738077661782 13.9351240795684 18.5693897648245 21.8934212714118 23.9737312490159 19.4006862314206 14.4882314208437 10.8809507641492 10.1476357421737 9.58541307420689 7.4775277745083 4.80006995180445 3.30456003755635 3.07809596545848 3.76350405224482 5.25647894903115 7.72490307592057 9.03120124235138 9.39363232700006 13.041115681577
