Rscript/monthly_maps/SnowDepthMapFile-sd-1989-11.asc
ncols 320 
nrows 361 
xllcorner 618410.159 
yllcorner 5088785.286 
cellsize 100 
NODATA_value -9999 
[rows 46 to 68 of 361, columns 106 to 158 of 320]
317.730523365245 315.922872398333 314.430547296336 312.579663522148 311.144320098254 310.081813356927 310.366219551313 307.120094502395 305.190144338238 300.701604962886 297.819898269023 293.76910061828 290.10190581965 294.726874807783 305.33084428104 324.299999443713 324.657179884137 305.167770791048 281.093513107927 260.591469681353 253.631052952878 250.744668192576 248.066006501612 245.762328072571 243.628398752687 242.02554780782 245.476457764512 248.639383180581 248.836726140676 248.369166040032 245.449464756187 242.393531404813 237.222723081854 234.411184059771 231.53907385098 225.879947552626 215.810081879845 210.937796837407 208.128829130341 206.636158245591 205.938195797672 205.449123332131 205.468038828259 203.781697131894 202.563206016668 201.174115843289 200.804630768387 201.954273033218 202.497727464175 201.763701146116 199.495107110809 193.496820796111 188.169535482817
320.13623918025 320.25822133397 318.350985391965 316.987299269862 316.046448745116 313.587231475043 308.854091452245 308.194492226602 305.006917080146 301.502689973429 296.160340931234 289.012361108693 285.962390881308 284.704325045291 290.449388321768 299.870491402023 316.340685569068 313.069233446118 299.445318680292 290.682061883829 273.695671280921 272.124695082481 261.282799613358 254.42545794836 247.282854428583 243.456779160348 246.757814129075 250.439616898798 251.023742520375 249.421206310631 244.557243984699 238.478762002633 235.369560505703 233.94372696046 232.393437565937 228.110952206489 220.763352320109 214.246216422172 210.840611059969 208.339353367081 207.715420679528 205.27728513581 205.296372153834 204.880305297989 204.380274027176 202.433799034976 202.356068917675 204.286237681192 204.610042008765 202.090544687318 200.551737820103 194.377779834624 185.790524751235
316.769441778147 315.869973814733 312.280071093087 317.361151147359 315.186479400754 314.029500231499 307.870026191413 306.359275831636 304.529978854908 300.997728132249 298.437667255577 291.74164892045 287.218450637619 285.758715187226 285.69777900235 285.717989789931 292.145857497403 305.173642475517 312.433500530997 303.122892783874 294.144770084043 284.905785894525 277.383395695162 261.985493573066 249.812434080948 246.720102528922 248.114673050874 252.125758505283 252.280460345179 250.243875842405 240.160543621399 236.334211659838 234.398470289897 233.103563524908 232.053216550078 229.805567524623 224.067742615107 215.598706452609 212.629521301728 208.758525554217 208.136478437436 207.117462635591 207.531626492911 207.30574848994 207.317556257218 207.179431020922 207.271314538605 207.347796343781 207.696792689942 206.613772022378 201.834462049482 192.750295691574 180.147495090902
315.777807060394 311.515184236322 314.509716729648 312.640356784288 311.156069772729 313.4360918431 307.228121623378 305.373620374955 302.47050536011 301.017792832983 297.717657186548 295.166183610038 290.812629430902 288.25991411166 282.978676863553 280.86183262287 281.185252541037 286.813502590053 295.391061459829 296.532886992789 298.503102969078 296.01943180125 289.85910302781 281.099774390277 261.506725951285 251.781326292027 250.464107598955 249.822910425395 249.912234900524 245.420811378326 237.799619106291 232.973878831542 232.887563451534 232.597358820748 231.852788936984 230.896161097337 225.347325461132 217.087942317479 212.990363023316 210.826699822755 209.921782829164 209.486655744642 209.350899251924 209.185484574423 209.00858824031 208.114541607382 208.947474833289 209.039918225542 210.364624649616 207.693087221717 200.401872067898 190.161188331222 175.785314938149
307.159754348482 307.824261548266 308.202313170608 309.52520242818 311.755407430648 309.402783027616 306.790228453152 303.769284751964 300.909370883587 299.567671574753 297.628136714489 295.37178325512 293.252619936389 289.006887413384 286.520071630842 280.182971786445 277.175245828551 276.812989925889 280.578455060188 284.292962947151 286.956256429531 288.930935223147 290.214276383957 287.329491229535 279.752460554981 266.966988368077 254.160645243323 253.062936278575 244.178114291758 239.849890721822 235.714067516555 233.509757371737 232.100921958224 232.176292074706 231.300423969138 229.031223634423 225.107967132531 221.48064361882 215.38281911104 213.448394346586 211.469929769722 211.371953009256 210.741140940338 211.021616064571 209.972339745232 210.968913287375 211.975559000053 212.629021727096 211.102315604766 206.905051141767 196.565923915008 186.799081899344 174.893432293025
292.760238179464 291.069163873536 293.190866057881 297.689277187977 300.164298048148 298.500551309356 302.167185360806 300.374091153409 301.029899788286 299.19154199766 295.688679468974 294.203829081217 291.870069156699 287.916737054814 287.136175135923 283.509217826558 277.777924033431 274.393540195347 274.772776837689 273.837787855569 277.632159449418 278.565637099858 282.092812801415 285.168429576261 281.34686977044 278.463968236309 263.992174837616 259.861631450209 249.795364204347 241.2386841149 235.504999454845 230.677932777901 227.248508157647 225.669541002143 225.357951251193 225.263208166867 224.359577922253 222.290283241699 218.635586782754 214.391013544822 213.051290809575 213.221137430034 213.743927740528 214.954349035045 216.040449690741 216.053518484228 215.606755234591 212.987773133219 208.700204844435 203.52513598785 195.801033548311 186.796035580713 176.859530152855
283.326013618714 281.468812224592 281.102849661596 285.451289789077 290.107362172063 289.884145700942 287.939457582591 292.778276009454 292.563115850886 297.515334348795 295.992572858223 293.949591310564 290.944302767096 286.522615529826 285.636473331454 284.026066087206 282.00988608603 275.8628971242 273.904091398759 271.068071053629 269.479735503499 270.457043471143 270.768669973509 273.949787555724 275.11286911693 276.831586646776 275.056756540422 266.358459738054 258.571907246944 253.732478836462 245.795834973234 238.544953094579 232.919365029103 226.616424572473 220.858413067527 219.866475770434 218.577437951822 217.404220327391 216.020035204608 214.559191703496 214.535816302409 216.329354287121 221.012831799723 223.182167449444 223.635088970114 222.646354426002 215.916552977034 211.564063887978 206.684944924262 203.041559649122 197.191307095175 190.77659682317 179.854031803354
304.815622062559 294.243749579114 287.272575139482 286.912946557391 287.532256527573 288.070213596549 286.674916773639 284.064645354554 289.493794698657 294.298107803411 293.670193940113 289.672407619594 285.728140391963 286.975155418411 284.934528264602 283.612365667864 281.397721873409 279.046883257019 275.423087047857 271.662877517462 267.609653266676 266.244391153692 262.551369151349 262.692335652758 261.963489207299 260.655324493311 260.06025894047 260.740514965486 261.565304227894 256.188416575175 257.043951184214 249.180439394964 248.070985761275 238.151133887965 231.315811353588 226.631782599598 224.662770564375 219.588512097413 218.939176213589 218.549986545119 221.291111514438 223.972332518193 226.597313027756 226.959282001519 226.390444100517 222.307072895948 214.377389508488 208.906984998817 206.051124805737 206.240916659338 202.523935419343 194.469798431164 182.910011438293
349.874315954974 335.218597936767 317.58008614926 308.83495625373 300.879481303487 298.913977714756 293.879487439184 288.472330715034 286.921015815714 290.872439862031 295.420962385166 293.961920534207 288.858896020584 286.034530055806 283.505867866662 279.572502790035 279.125711393344 276.686295365118 275.446077367777 272.784274869924 270.050677717617 267.677940779373 263.126813449977 257.907417005001 256.457485271154 252.523595109289 251.512979667507 250.513394869642 250.772547126246 252.636115239725 255.58491827671 259.005195327153 252.648853823955 246.817756113062 238.756655742171 235.045850927703 235.945046234493 234.909255210553 232.724096895388 232.081146952747 231.659411900082 231.403084255781 230.817333190683 230.435216068354 227.100633471441 221.539518084697 213.736772144528 211.742685017228 209.956302087898 208.169117658358 206.247797325706 198.054213751946 190.089923172763
377.493405206229 362.184237579858 345.240963534227 335.2571202408 325.306943184505 316.881660854978 310.69177256853 299.325353107138 296.08115917111 294.50202898065 295.799635824596 295.294777339281 296.321570752221 289.243440102338 279.636937631954 280.402347271374 278.213030221724 276.218346648325 274.659000169009 270.857663323466 268.79508025549 266.746157080671 262.092912720234 260.069898779482 254.669966608349 251.528067879294 248.3297634188 248.563709264714 247.935772694627 246.661354288223 246.882365719142 247.108547722614 246.864086145651 245.585546088921 239.794559247354 238.286705360784 234.543407937612 233.945549487397 234.280524430557 233.661347062543 234.15822451495 234.598143026921 233.363667338153 231.192222474453 228.748894377712 222.614478016349 214.996675736739 212.581645587581 211.883687541807 211.230326535933 210.207708012133 205.762074466216 197.273497751437
389.236259226036 381.482284365377 371.912664174461 351.448792538567 342.050512419166 330.754892987573 319.514478640162 313.430451724468 308.870383255674 306.249209134427 305.579218868946 301.334612199728 301.037248949386 290.622296634024 287.289964226295 278.807423040473 276.781664678164 274.676462975695 271.17565560677 269.59223769255 267.0901687233 262.531045265625 260.96499220715 257.99666258524 254.852066339178 252.409115949319 251.582178182257 250.723703608929 250.034539169507 249.391562792014 246.275795842843 244.966734786421 239.273240628509 236.030264842828 231.3009716529 228.594069392417 227.076340796037 224.996475757907 226.835844034597 227.938075477772 228.343159273849 230.505969930587 231.744082784665 231.231757354693 227.530015908086 223.62379169147 215.131300076307 214.468167537817 214.155424084803 213.367260102953 207.499351448319 203.308902110541 195.236111590792
379.961712084066 372.355397948523 368.959908076493 364.385086198289 356.956058546001 343.36457864013 332.799834801606 321.591702446312 313.78045116782 312.057436419654 310.922557801511 307.267075695478 300.14979044877 293.873643007187 286.947636621765 277.373456093208 273.071207389239 270.753983609161 268.924484536516 267.236968903759 262.813374825412 260.93169857089 259.237408625976 258.129234921147 256.350237411758 255.284203534648 252.364151099839 251.755391186592 251.201909114906 249.212676469467 246.993681826857 242.976340321775 236.135213907644 230.078594022718 221.838136739948 218.09808193659 215.668716171271 212.890164373785 212.805822850435 213.819518055754 215.071161628035 216.321911168813 223.631230076952 224.295926566709 222.882415126508 215.299583485004 213.220529669427 210.796422588837 209.015671327322 204.965030944325 201.541954182824 195.120003033555 190.191488103094
373.087860605098 365.892994222283 364.795446841069 367.245051989864 364.535665307928 360.584318699933 346.252135405109 330.429181307249 320.322607741502 312.573704578635 311.126056604503 307.765789994128 297.690096271838 293.931184486819 285.242661160299 277.369430350331 269.092416011462 266.395467645663 265.225455583002 262.995291812547 261.586572968586 260.102873558679 259.170173741369 257.662490161592 256.396977893612 255.676210755857 255.464212466249 253.567206024603 251.081708568047 248.73291922187 243.352786389804 237.923275856684 234.381733753939 228.445702999927 224.562848636312 217.786486134011 215.394504032006 212.607079112998 210.985866782291 210.92899594892 211.001486545559 212.533866325741 214.021833272736 215.896112318913 214.380945124661 211.508678373798 205.986975326218 202.900083647283 195.685014461572 193.537819623149 188.170733895884 182.121250948925 177.442710020207
367.038125487952 359.720706580213 363.74829094433 361.054021481165 360.47395514433 360.627221008049 358.025219272052 344.377367090153 331.847842739991 320.927177134479 308.571184217596 297.257864632383 293.34346146939 290.670924411808 284.783512577307 277.516942569479 272.720987133107 266.634684712904 264.186988291211 262.72244186697 262.727344114814 260.754305529115 259.557423250291 258.335130130808 257.561230789586 256.538000364124 255.40364902937 251.605510220655 249.091264081299 244.833607889073 241.227748851452 235.699154436985 233.127504284833 230.060729573755 226.182151818053 222.347247040133 220.379548760003 218.655003398324 218.717840935585 217.437473220883 216.259305589654 216.966895675949 218.786468511275 219.679985543109 213.8735321168 209.966160445757 203.490874421911 194.989982209881 192.883893178972 183.12996826172 179.938505511686 172.009574148501 168.951069422794
351.302717319974 352.807597647375 357.353937309862 356.601984427883 356.275915138427 356.179528087838 356.030927370785 354.99941310622 351.342738579788 335.536373446852 313.900217234609 296.75147160538 282.382526451376 279.075409141701 279.57873370646 279.036347341908 275.193588545496 267.224695551168 263.027655605173 261.036754061942 260.821550934479 261.657110788984 261.270751480548 261.007681035299 258.85166715541 256.754304021447 252.69302773968 249.721650912825 247.258800985331 242.48691362226 237.088835834498 234.769497544704 232.542396787475 231.273998291632 228.877354233514 226.015203732926 224.541524167831 222.773670615609 220.775375208771 218.75347455498 217.336897747214 218.494174889429 219.223656060584 220.007242823632 216.538621739583 208.355563283872 200.397572165832 192.42538318573 188.260553581034 180.362027259344 176.145088366145 167.457048737043 153.002888604956
345.032155044329 345.194128472944 346.557312440462 345.568369878371 342.323115687163 341.36190308455 342.366194355297 341.292921436759 353.202020613103 346.677062362955 325.238446601465 310.79124144847 289.638002681203 274.238223587521 277.288941734196 277.013663752112 277.221892052795 271.137772409694 263.630000921402 259.596171593082 265.919372991188 266.80604506851 265.414292792105 261.816533011168 257.180131570536 253.238947878973 249.600725092836 246.158899953467 243.25248207119 240.842806727041 235.751611463996 234.185100463655 232.942178490464 231.948029019814 229.999232491402 227.461768259847 224.653637540474 221.09402083877 216.512369842626 217.330289770145 215.805815583329 216.70461256766 218.633684648748 218.581142012921 211.081216175747 204.366460303724 195.472369510793 189.927509398559 181.718829934917 177.588556221566 166.932661030913 146.912938364169 137.392569496876
339.277726907212 340.73297924991 339.840585893617 338.796376956399 336.849176557441 338.0173581497 332.22685573992 330.521434554208 332.001555622104 339.64650244065 342.16311492991 329.899429480824 311.364690786601 290.900697421853 277.097676967616 274.165833102063 279.273058916019 279.27306018158 272.73894018824 272.195808260125 270.257644733206 267.454681645815 262.583227263848 258.189788716687 252.757691052808 246.292894174377 244.330602236426 242.418355773384 237.300593704631 234.661061193607 232.259218399858 232.095368345979 231.153188976789 230.355395751812 226.707708969656 223.384788643144 215.459833682405 211.043357472484 207.817001242119 205.768847969965 205.480781167811 206.669260436005 208.838956708611 208.959011438481 205.765290730395 197.214487123491 191.891547544313 186.832999596476 178.919761914611 172.48855263277 152.809909445702 140.248076265366 129.61810403845
329.671136569769 332.402896943548 332.345138916169 336.999384093718 336.139825513451 329.669552408974 328.544503315337 326.992227852531 321.134793527865 320.316406274718 322.942349020835 330.008461633234 324.381174171515 308.764077108158 296.025669762582 286.415908080309 288.086383355425 283.345536536808 272.052950006023 272.132671839133 267.139966402819 263.495312608823 256.866788954091 252.509351939225 246.654843717486 240.790554287629 238.114333029883 235.259419204433 231.247149291717 227.697339873401 225.3813597383 223.869598341876 222.185021786678 214.787329448547 210.369105284463 205.934506637338 198.288169184113 196.409780326703 194.910956065128 195.093478528386 195.843853382403 198.726399930023 199.797974045883 199.891995697239 195.856058978206 193.605037416186 190.088730482083 184.072865432259 177.337396131917 163.907327780813 144.629134993647 140.167842997086 127.484753722503
320.362083157769 320.330816022136 326.704949652907 326.324506033683 326.572217961961 325.315852042423 323.425625903362 321.778141962293 314.724958205541 308.670750996109 304.340106120913 309.408335043924 314.107527294648 314.64545612296 306.905446651191 302.267944594572 289.87022176666 283.305928960862 275.452767766648 268.153853272672 262.611880207965 256.272472596105 254.144131900894 248.952028202945 244.938726534944 239.119590918487 235.527048368656 230.825733971507 226.852081626672 224.03424920332 221.999366100825 218.643291595616 212.271922776129 207.896425962808 202.346086672862 196.440909493394 195.376192121175 195.882510209095 194.383857162229 192.841297866622 192.981675089083 193.685546458866 195.142543966414 194.086993809605 193.371698603111 192.411804380112 190.629095345908 185.076470156638 175.34418141534 157.049440427218 146.132155302326 139.722133370583 128.361271471233
316.204787030844 310.746736203079 311.086966459795 315.21591338102 317.035233549745 314.790047497103 314.212149141102 313.763213275332 309.308275279318 305.061200511094 299.751026023814 297.72681564881 295.742153112052 298.820383670525 303.464671495591 305.698063357144 295.857177485578 283.227829265418 273.512787012208 264.695923464463 258.507170881664 254.843442836309 252.998424017614 250.260141992879 245.030225601981 238.06091574928 234.38711147176 229.083390227762 227.141154137144 225.420546265688 222.30461328161 217.565345646936 210.268035003522 209.324924835671 207.347727464566 199.380697738796 198.302806183124 196.998173880737 196.097762530295 196.219434322714 197.518865209658 195.537918891659 193.016973509305 196.47323234061 197.254336983208 196.353798239083 190.409394844934 186.563757213349 173.834162035977 153.76923608743 145.3810203801 139.703180122635 128.316891059586
311.022664687049 305.572592093895 303.678375135603 305.100332116949 305.458853831376 308.064587234351 308.141517591355 305.234594269161 302.283724598542 300.021831158986 295.767550985152 291.855218098753 288.176636053357 289.459062253161 295.152173488109 301.042473827241 300.962782565858 281.921161611193 274.466442153021 261.548191505229 255.8904013789 252.629356410035 250.944323480876 249.491500458904 245.814870311436 236.811136971396 230.576422307597 230.829925303447 229.463427935288 227.808466902144 224.199450019318 220.301281254399 215.179534277239 210.637847823614 208.954289986521 209.794587417254 207.224339733716 204.859711390064 201.94002175318 200.79682814142 199.091010327119 197.342032622681 196.43146571766 196.614347200398 198.083650320573 198.372922643063 193.265553055581 186.735584757747 175.492833470384 155.010779907689 146.701339738468 139.36316734775 125.993462857909
304.437568597252 301.855146661275 296.960635624749 296.78549103705 301.190243211303 302.290914911955 301.843156118916 300.775907241348 297.414577560483 293.347695528217 291.112175919145 289.096563743774 286.887518035188 285.158404409191 288.555656546921 292.163036074548 301.011500051332 291.861485963179 273.974119700048 261.163976145217 253.719511455178 250.125894959038 250.953426269408 249.310071158977 244.390511460932 237.505190043864 231.469253351932 225.48432879151 221.399793594852 219.569898660329 217.794225718904 215.283064155695 212.409100614611 209.685647793208 207.647998760656 204.518011357605 200.135428179975 198.26854594397 197.227358969101 197.084933903613 199.596427833617 199.255906616191 199.314085582468 199.808764772018 200.38904025187 199.249048956027 191.343154490446 186.908852835837 176.04696809978 156.617096784061 146.027459447935 138.991754862604 126.171907220898
299.476591691452 298.38014838029 296.345598211126 293.317258993148 295.083253401986 294.326738444299 293.992152229616 291.879358002869 291.012830262986 290.028798578252 286.61303327423 283.776568140632 281.219024584558 279.543683391099 277.624889798385 281.058695785688 290.337537316657 295.801172137829 283.853807015675 262.434906295166 252.019162138026 248.000684925592 242.273588743852 239.364835916397 238.790066699576 232.705207050916 225.328462711879 223.413873369006 222.384935562 221.457685568377 220.513533427918 217.1226751681 211.276908723359 206.326953694236 202.285981550562 200.989032081965 200.209711237392 198.834393975724 197.069894760142 196.278091512904 196.692193454385 199.380461385413 200.251847553065 201.547587629794 201.779772633447 200.172681086527 192.461651390617 187.574935245502 177.402953410753 163.512812337392 144.607843040914 138.400214486267 125.643660989398
