Rscript/monthly_maps/SnowDepthMapFile-q90-1990-02.asc
ncols 320 
nrows 361 
xllcorner 618410.159 
yllcorner 5088785.286 
cellsize 100 
NODATA_value -9999 
[rows 92 to 114 of 361, columns 212 to 264 of 320]
1081.00026855469 1049.35726318359 1037.47034912109 1035.40042724609 1030.01267700195 1054.32806396484 1073.50596923828 1074.3287109375 982.036639404297 891.797619628906 834.420672607422 770.28681640625 726.024194335938 710.403070068359 700.838519287109 701.035522460938 699.968560791016 699.676165771484 724.622406005859 756.498516845703 770.219842529297 810.603118896484 831.341027832031 847.418975830078 876.579064941406 956.064898681641 1005.06630859375 1082.13115234375 1187.87619628906 1291.82453613281 1200.66008300781 1065.13660888672 900.292486572266 825.998699951172 829.064343261719 859.063116455078 902.562957763672 923.759613037109 935.145111083984 939.891558837891 934.000701904297 928.183984375 900.582073974609 891.292016601563 894.562329101562 951.232574462891 974.549737548828 980.388000488281 976.015673828125 990.999755859375 982.485272216797 995.513055419922 998.315655517578
1112.24312744141 1081.1296875 1059.64158935547 1056.17159423828 1049.26740722656 1067.31223144531 1090.55817871094 1095.74368896484 1004.45429077148 898.431048583984 843.820581054687 787.163342285156 748.525732421875 717.953570556641 715.143975830078 706.653692626953 707.931219482422 698.055407714844 731.848352050781 760.856378173828 771.498992919922 809.996209716797 827.760729980469 844.205895996094 877.183026123047 955.048468017578 995.411987304688 1072.27003173828 1176.34152832031 1292.48551025391 1305.22497558594 1168.70240478516 969.576879882812 857.918627929688 851.212438964844 859.522943115235 882.6220703125 915.300970458984 924.990069580078 937.012469482422 945.347576904297 945.674279785156 929.508856201172 902.515692138672 890.005242919922 905.100561523437 975.538507080078 1001.52739257813 1002.85137939453 1005.59060668945 993.932598876953 1009.26329345703 1058.68251953125
1127.83543701172 1097.63023681641 1078.991015625 1074.19652099609 1072.61612548828 1082.99818115234 1113.42774658203 1116.40623779297 1018.51472167969 903.470495605469 848.965484619141 804.451245117188 761.232501220703 732.292016601563 721.206005859375 712.641583251953 716.894592285156 706.7142578125 736.304284667969 752.294439697266 769.806372070313 802.042449951172 823.844946289062 840.203601074219 890.784759521484 956.631237792969 992.282244873047 1034.9904296875 1144.18192138672 1283.45754394531 1356.01046142578 1286.5056640625 1049.48953857422 918.724060058594 878.953588867187 897.969653320313 892.371697998047 910.227972412109 925.985803222656 930.901983642578 940.548431396484 946.107403564453 943.901434326172 930.330999755859 908.407318115234 911.528704833984 958.239050292969 1027.14909667969 1047.89395751953 1066.680078125 1101.18944091797 1148.72850341797 1169.66929931641
1163.84409179688 1128.99963378906 1095.06263427734 1092.95086669922 1087.820703125 1111.89903564453 1142.57182617188 1142.88226318359 1019.14459838867 904.246502685547 852.421514892578 809.609326171875 766.184124755859 740.104626464844 729.637634277344 725.109033203125 725.91513671875 728.444110107422 738.832751464844 756.197485351563 768.403009033203 795.406396484375 817.007659912109 836.424334716797 892.977398681641 951.535119628906 969.766394042969 1014.92833862305 1124.62686767578 1300.8697265625 1401.72685546875 1355.62523193359 1131.03631591797 986.976959228516 938.355694580078 927.607684326172 941.679455566406 926.777551269531 920.690167236328 929.806072998047 943.082574462891 951.145001220703 962.986773681641 949.802990722656 922.803527832031 918.445281982422 968.080218505859 1041.22194824219 1078.54057617188 1094.28498535156 1154.80003662109 1181.02600097656 1242.25406494141
1178.90720214844 1131.07269287109 1117.49445800781 1097.73868408203 1120.355859375 1146.69605712891 1186.17762451172 1138.54992675781 991.927569580078 898.643701171875 850.621929931641 806.168347167969 762.123504638672 747.500598144531 740.896038818359 740.320086669922 744.296331787109 748.452410888672 755.160211181641 764.485260009766 768.699761962891 789.339672851562 801.967297363281 840.702630615234 889.068920898437 943.46982421875 958.230310058594 1014.56879882812 1142.48516845703 1351.54833984375 1478.96588134766 1475.47860107422 1210.93837890625 1061.58742675781 1011.03067016602 971.555133056641 965.140124511719 979.355755615234 954.176568603516 946.907501220703 941.120245361328 947.743829345703 967.062542724609 952.074279785156 938.125634765625 918.054595947266 960.775860595703 1057.22709960938 1102.170703125 1129.45773925781 1168.20102539063 1228.16461181641 1261.0501953125
1196.30887451172 1146.80427246094 1131.61561279297 1131.13519287109 1142.71782226563 1185.13676757813 1176.44848632812 1105.91016845703 960.461987304687 872.877740478516 840.650115966797 795.302618408203 763.780987548828 753.195916748047 758.029248046875 754.507995605469 756.449536132812 763.762719726563 779.638781738281 788.106970214844 779.705242919922 789.931335449219 803.225512695313 835.388702392578 872.422583007813 921.778894042969 941.995635986328 1004.10716552734 1137.00512695312 1336.36340332031 1480.56948242187 1536.73332519531 1322.60290527344 1161.43975830078 1073.81029052734 1029.04827880859 1000.72406005859 1014.54649047852 1017.79319458008 995.63779296875 955.391522216797 945.593780517578 966.095727539063 970.885119628906 957.224591064453 922.052239990235 953.004534912109 1040.97716064453 1103.08198242187 1136.52742919922 1178.97872314453 1218.10462646484 1255.68157958984
1213.92764892578 1169.14724121094 1142.30893554688 1147.71204833984 1169.17711181641 1194.45423583984 1172.22368164063 1027.21372680664 910.318927001953 860.667944335937 822.378436279297 785.170629882813 768.622778320313 771.767352294922 777.294616699219 774.009759521484 776.789794921875 792.062609863281 806.030401611328 805.150860595703 791.694207763672 805.698211669922 816.684387207031 841.418939208985 855.752233886719 917.79814453125 941.698681640625 1014.09489135742 1134.25738525391 1298.28895263672 1503.91702880859 1557.80875244141 1453.81226806641 1266.33941650391 1144.17999267578 1071.25446777344 1031.2856262207 1026.24466552734 1043.55540771484 1047.14163818359 991.211657714844 953.354931640625 960.757379150391 969.854681396484 976.752282714844 945.541381835938 956.496850585938 1030.13792114258 1091.31840820313 1138.10026855469 1179.58587646484 1221.52058105469 1252.73709716797
1226.39792480469 1193.98480224609 1167.49310302734 1173.85942382813 1194.27779541016 1195.28038330078 1121.40452880859 982.685571289063 872.8701171875 844.199493408203 813.340277099609 787.428619384766 788.650561523438 800.268176269531 801.878527832031 797.132946777344 800.096484375 810.585095214844 818.305438232422 813.918041992187 808.998254394531 832.65283203125 856.263055419922 882.250073242188 876.514666748047 932.106744384766 952.254321289063 1018.14450683594 1108.98116455078 1227.63432617188 1395.70438232422 1580.89666748047 1516.11668701172 1412.9212890625 1213.51514892578 1119.52789306641 1054.06319580078 1048.22573242187 1078.55162353516 1075.32651367188 1034.39753417969 968.390014648438 960.729602050781 960.302514648437 982.309838867188 974.399084472656 974.315863037109 1032.43347167969 1090.67670898437 1137.04786376953 1183.37833251953 1227.28497314453 1259.89577636719
1244.70183105469 1214.21922607422 1196.43649902344 1207.34406738281 1202.51888427734 1184.90346679687 1071.73983154297 929.891186523437 869.864892578125 837.762731933594 817.678265380859 804.257287597656 806.5732421875 817.111779785156 817.240179443359 812.767010498047 809.257446289062 807.461090087891 814.642047119141 819.106726074219 833.301428222656 858.628704833984 892.681195068359 923.558294677734 932.863897705078 974.517578125 978.655047607422 1035.57042236328 1102.72154541016 1188.23625488281 1328.34207763672 1494.00645751953 1559.33553466797 1527.67609863281 1307.54265136719 1159.17554931641 1075.52647705078 1059.79689941406 1086.98232421875 1099.09738769531 1073.05177001953 1014.60590820313 961.124566650391 954.782055664062 958.102545166016 973.996624755859 1021.69987182617 1093.05471191406 1118.36088867188 1151.32071533203 1195.02060546875 1233.50974121094 1266.88480224609
1254.74841308594 1231.71961669922 1220.64337158203 1220.47297363281 1217.63887939453 1161.18104248047 1016.10280151367 898.404309082031 857.75693359375 842.787652587891 829.358587646484 825.705499267578 834.089019775391 830.986993408203 823.046893310547 810.40107421875 807.812322998047 808.033898925781 813.1001953125 824.778137207031 849.889483642578 883.639447021484 952.487573242187 986.512591552734 1000.30756225586 1020.15323486328 1028.6864440918 1046.74798583984 1096.72188720703 1160.71744384766 1264.87601318359 1401.65334472656 1565.55360107422 1567.17492675781 1458.56400146484 1207.184375 1091.28333740234 1042.21746826172 1092.57816162109 1110.43814697266 1102.57274169922 1074.33063964844 1017.63362426758 976.782806396484 976.253991699219 1009.15640258789 1074.73840332031 1121.91735839844 1157.21080322266 1193.04912109375 1221.62772216797 1252.91458740234 1274.02945556641
1267.14097900391 1250.51085205078 1242.35979003906 1234.77265625 1219.69012451172 1123.35316162109 970.385876464844 870.305456542969 853.442279052734 844.957183837891 844.428973388672 845.383898925781 844.644799804688 831.516668701172 822.519012451172 808.590472412109 819.650048828125 815.477380371094 817.116394042969 822.317547607422 875.871826171875 950.013439941406 1003.08336791992 1025.37231445312 1057.63540039062 1074.64313964844 1078.73258056641 1079.78513183594 1091.48408203125 1155.70297851563 1208.56304931641 1319.41875 1485.49904785156 1533.92586669922 1536.57523193359 1310.22999267578 1134.57921142578 1046.58403320313 1101.02401123047 1147.35377197266 1157.15631103516 1108.36186523438 1057.67235107422 1019.31547241211 1000.8822265625 1025.93908081055 1095.55139160156 1137.27401123047 1198.26395263672 1228.80581054687 1250.36544189453 1268.35435791016 1285.18392333984
1276.01749267578 1258.46765136719 1253.21401367187 1249.64517822266 1205.95598144531 1072.93741455078 930.412622070313 868.752752685547 853.348077392578 864.131042480469 858.057391357422 863.508489990234 862.320599365234 839.968249511719 824.803271484375 818.587677001953 819.327203369141 825.253851318359 848.764019775391 864.262194824219 927.127044677734 1002.0771484375 1048.56262207031 1079.21995849609 1105.51593017578 1116.20865478516 1120.95002441406 1133.78234863281 1124.18374023437 1146.47192382812 1169.72844238281 1250.65485839844 1348.79227294922 1492.96324462891 1537.39138183594 1443.21405029297 1213.60755615234 1091.34442138672 1109.49150390625 1172.96434326172 1210.02827148437 1173.45085449219 1130.62572021484 1092.15670166016 1055.80720214844 1056.21083984375 1105.81275634766 1148.25805664062 1205.30925292969 1226.84052734375 1263.85421142578 1289.27623291016 1296.19749755859
1289.35700683594 1271.65906982422 1267.40793457031 1254.32058105469 1184.74869384766 1037.14670410156 899.886273193359 863.701794433594 861.699835205078 870.973052978516 882.441290283203 883.399548339844 868.847143554688 848.860968017578 842.540765380859 823.702355957031 832.834558105469 887.352478027344 963.450408935547 992.417071533203 1032.99965820312 1066.43353271484 1100.06733398437 1135.68303222656 1138.06048583984 1149.80538330078 1171.10700683594 1174.1361328125 1174.44752197266 1170.19378662109 1190.23543701172 1231.44146728516 1315.40706787109 1385.78326416016 1476.46815185547 1527.82598876953 1351.79150390625 1167.148828125 1133.25284423828 1186.87043457031 1247.04998779297 1243.73212890625 1212.06939697266 1168.07955322266 1124.09776611328 1074.66337890625 1086.00991210937 1139.08726806641 1190.86605224609 1226.28909912109 1251.41173095703 1275.41158447266 1298.21656494141
1313.7130859375 1289.75227050781 1277.0236328125 1255.41224365234 1164.38259277344 994.564874267578 873.800067138672 854.974334716797 869.762548828125 887.196337890625 896.961090087891 887.764477539062 886.253631591797 873.926422119141 851.918688964844 850.883026123047 882.556109619141 992.964807128906 1086.6408203125 1111.6189453125 1111.56251220703 1119.40341796875 1133.09093017578 1170.01398925781 1178.65798339844 1190.42731933594 1202.02606201172 1211.98414306641 1224.15212402344 1222.77684326172 1265.88630371094 1290.14227294922 1322.58602294922 1376.66381835938 1453.23708496094 1519.86702880859 1494.09525146484 1292.39530029297 1174.43549804687 1196.11141357422 1279.79500732422 1297.68935546875 1275.19156494141 1233.02381591797 1160.31420898438 1081.09661865234 1036.12270507812 1080.09302978516 1165.04891357422 1223.03234863281 1257.37769775391 1274.02279052734 1290.58233642578
1344.28571777344 1324.41173095703 1294.78330078125 1247.45715332031 1135.91265869141 966.727282714844 862.942071533203 852.570178222656 882.994653320312 891.757818603516 891.614868164062 899.783325195312 907.623120117187 901.437506103516 889.695275878906 890.599493408203 949.721630859375 1044.39545898437 1168.34713134766 1216.92009277344 1200.51645507813 1160.13502197266 1179.22775878906 1200.91927490234 1218.59329833984 1227.26088867187 1219.81126708984 1219.08215332031 1250.19505615234 1285.18911132812 1313.6544921875 1352.12335205078 1366.95419921875 1401.30146484375 1474.59870605469 1514.24328613281 1527.57066650391 1413.21627197266 1230.58778076172 1207.59403076172 1296.40905761719 1316.55428466797 1285.14069824219 1206.00505371094 1166.44453125 1092.78082275391 1026.07018432617 1010.60729370117 1099.38215332031 1211.68439941406 1278.20980224609 1291.38768310547 1307.24619140625
1313.82033691406 1331.15307617188 1304.285546875 1241.74114990234 1122.57147216797 946.693603515625 858.693975830078 864.533898925781 881.91611328125 890.631140136719 894.536547851563 906.840026855469 917.333538818359 910.994354248047 917.602691650391 946.148657226563 1009.92655029297 1081.45825195312 1194.43381347656 1264.98594970703 1275.751953125 1202.90454101562 1218.37333984375 1238.95686035156 1259.44233398438 1255.39884033203 1237.73498535156 1223.25162353516 1246.66665039062 1299.05753173828 1339.95042724609 1372.86206054688 1415.30667724609 1454.31228027344 1463.34114990234 1500.29250488281 1540.60428466797 1518.62979736328 1316.79599609375 1238.80029296875 1297.02175292969 1324.17451171875 1289.63358154297 1183.62634277344 1152.67493896484 1199.67745361328 1068.17036132812 984.211468505859 1021.10899047852 1158.5169921875 1265.27370605469 1322.12702636719 1326.70279541016
1275.11829833984 1293.97313232422 1287.32303466797 1230.71043701172 1112.30560302734 945.594946289063 861.262005615234 866.154791259766 885.169158935547 892.725006103516 894.355004882813 903.231713867188 913.233068847656 918.086932373047 929.900482177734 968.982366943359 1039.016796875 1089.78990478516 1195.09537353516 1337.08262939453 1277.38764648437 1224.55510253906 1231.64012451172 1256.51876220703 1275.305859375 1276.96944580078 1250.07640380859 1229.99598388672 1248.89152832031 1302.24095458984 1343.16547851562 1360.11802978516 1378.51981201172 1408.02445068359 1445.88439941406 1512.55120849609 1558.54387207031 1527.46998291016 1409.14384765625 1291.99428710938 1311.74677734375 1355.68111572266 1298.06447753906 1166.52796630859 1126.61134033203 1254.74267578125 1231.01005859375 1093.55334472656 994.322326660156 1070.18354492187 1208.5927734375 1293.84057617188 1302.20727539062
1195.40338134766 1213.21710205078 1238.48627929687 1209.96813964844 1124.20423583984 964.807019042969 873.3431640625 875.726867675781 892.508599853516 898.517303466797 898.448291015625 905.507891845703 911.343200683594 918.273199462891 942.049664306641 988.055151367188 1051.85020751953 1085.32401123047 1171.05919189453 1306.06617431641 1317.86018066406 1246.94344482422 1181.87211914063 1210.33963623047 1254.78548583984 1282.76391601562 1288.09213867188 1262.49957275391 1264.64063720703 1285.28088378906 1312.68483886719 1367.69842529297 1413.05178222656 1488.40631103516 1497.23555908203 1538.79794921875 1561.34223632812 1561.67330322266 1480.842578125 1346.77982177734 1353.07615966797 1376.1267578125 1347.63929443359 1173.35621337891 1129.21633300781 1258.30147705078 1371.01652832031 1334.76771240234 1082.80881347656 1035.32364501953 1147.58946533203 1213.17045898438 1216.20184326172
1133.51092529297 1150.86318359375 1176.54993896484 1210.58684082031 1129.93513183594 984.491387939453 889.936077880859 885.367956542969 901.336822509766 901.774975585937 914.237622070312 906.397998046875 910.993957519531 919.805889892578 929.6884765625 989.096697998047 1053.96794433594 1078.99140625 1147.96072998047 1281.69503173828 1331.13250732422 1290.73328857422 1190.73782958984 1163.36345214844 1185.52264404297 1236.11752929688 1268.58885498047 1303.20125732422 1308.50769042969 1290.14067382813 1304.78244628906 1322.13984375 1407.90469970703 1536.52536621094 1555.02674560547 1615.9669921875 1592.7208984375 1584.01239013672 1517.66442871094 1388.18896484375 1382.47589111328 1398.54384765625 1377.41678466797 1201.50177001953 1136.84207763672 1252.76037597656 1667.68597412109 1457.03315429688 1240.72155761719 1107.92468261719 1134.25599365234 1138.60904541016 1108.85064697266
1070.45892333984 1096.69895019531 1140.94583740234 1155.76717529297 1124.298828125 998.800903320312 897.739025878906 888.361187744141 916.962176513672 905.394958496094 915.169110107422 917.039221191406 912.155676269531 920.559716796875 933.033489990234 987.957659912109 1045.76988525391 1066.95852050781 1132.01042480469 1261.39235839844 1378.30417480469 1429.70375976562 1329.97440185547 1237.26138916016 1190.03881835938 1182.08782958984 1205.52509765625 1253.84636230469 1292.92235107422 1326.19898681641 1353.36923828125 1349.12307128906 1367.0279296875 1443.1873046875 1603.82055664062 1657.63792724609 1662.03826904297 1625.90699462891 1539.4169921875 1419.76865234375 1385.56335449219 1429.84885253906 1425.59030761719 1241.35423583984 1168.06447753906 1221.29248046875 1623.22946777344 1785.90563964844 1478.16632080078 1255.50375976563 1223.66773681641 1153.306640625 1075.97312011719
1055.57963867188 1064.42620849609 1095.62283935547 1128.81353759766 1107.81573486328 1004.37640991211 919.596722412109 915.362359619141 936.108740234375 933.746234130859 935.022320556641 938.765148925781 931.815972900391 934.718487548828 960.113714599609 990.793658447266 1045.58614501953 1072.11687011719 1129.41224365234 1250.82496337891 1376.60062255859 1396.01689453125 1446.11884765625 1454.08525390625 1360.72980957031 1278.65264892578 1237.57944335938 1237.89439697266 1274.06590576172 1333.95821533203 1424.31875 1455.60805664062 1390.15731201172 1392.25307617187 1525.84885253906 1687.60600585938 1697.82111816406 1661.87301025391 1574.18830566406 1442.07485351562 1395.48461914062 1424.60489501953 1479.39427490234 1312.90313720703 1194.25159912109 1222.59130859375 1509.73851318359 1818.33245849609 1782.36380615234 1520.97850341797 1392.77406005859 1278.58061523438 1191.92961425781
1021.09735107422 1055.62171630859 1085.36796875 1114.853515625 1103.98704833984 1017.10092163086 944.100122070313 941.628552246094 963.938934326172 948.884851074219 952.989410400391 938.730511474609 949.311065673828 970.029809570313 995.672186279297 1013.48021850586 1060.02670898438 1089.3146484375 1145.39642333984 1190.37492675781 1228.25002441406 1277.50509033203 1337.85856933594 1344.46884765625 1440.71856689453 1480.58208007812 1429.86091308594 1385.04598388672 1365.16845703125 1417.16262207031 1461.15710449219 1499.40062255859 1469.66315917969 1417.36815185547 1473.21945800781 1611.22233886719 1696.16174316406 1750.98819580078 1643.51033935547 1474.77082519531 1377.11383056641 1496.08734130859 1417.77517089844 1385.09250488281 1266.10385742188 1241.91125488281 1461.98450927734 1693.57775878906 1985.52897949219 1761.44624023438 1634.15109863281 1580.39614257812 1493.57355957031
990.607012939453 1015.91436157227 1061.65578613281 1090.77543945313 1107.99136962891 1046.68900146484 978.991625976563 977.504724121094 976.450482177734 978.22744140625 966.919982910156 959.917541503906 987.124200439453 1014.36475830078 1046.06843261719 1062.96451416016 1081.42084960938 1090.91370849609 1110.24473876953 1102.79815673828 1103.14741210937 1103.81510009766 1127.68361816406 1193.48590087891 1298.79173583984 1333.90954589844 1446.49720458984 1475.26506347656 1481.15020751953 1553.8509765625 1537.04940185547 1512.10017089844 1521.07537841797 1499.34770507812 1501.83343505859 1564.0751953125 1672.44467773438 1687.67125244141 1733.09155273438 1525.52772216797 1409.05793457031 1499.3669921875 1475.36168212891 1440.15421142578 1334.09981689453 1287.28293457031 1454.86696777344 1833.24534912109 2007.98078613281 1899.39794921875 1826.78316650391 1870.88000488281 1709.03442382812
