Rscript/monthly_maps/SnowDepthMapFile-sd-1989-12.asc
ncols 320 
nrows 361 
xllcorner 618410.159 
yllcorner 5088785.286 
cellsize 100 
NODATA_value -9999 
[rows 230 to 252 of 361, columns 53 to 105 of 320]
416.858373539501 417.94497180922 427.850487524861 423.157008873363 426.634397244906 426.261414417697 420.956023937503 419.479882706685 422.527747033022 430.051206954414 447.851661461248 449.916217684541 446.229643346525 454.011421461734 452.730528239946 454.732801203205 454.425077509768 451.108329832394 443.475321394077 424.38319802615 415.501694311716 407.114184423439 421.56869299441 432.406009040239 440.290757577108 454.719553224826 447.585548760026 449.826058160034 461.346213358337 494.04928031766 506.370381460253 511.717349300845 490.464888184061 470.782549684094 471.419042011583 476.737899691845 478.834277299831 478.535193151862 475.28310659272 473.398424978207 465.629808849102 458.429912153144 440.097888364338 436.262575683426 422.392140279195 415.308542566117 396.511399367669 375.925236365861 359.718985282322 348.469034196017 327.580226295677 312.967893353446 311.356903687297
405.23995534987 408.044926553144 407.721358793407 408.211739810488 409.0807156214 410.422042901679 404.320132281981 402.112082319539 406.115978363284 412.802114126755 433.546562501784 437.645141676765 432.027883315571 430.371077759383 430.082912796218 436.63672081178 443.098736290591 444.071449221111 429.075031893354 415.846620449238 414.094911057651 407.991082110577 424.437382509729 430.096696786208 439.448633350639 440.355489154147 448.29319124191 445.887593388415 455.80885102419 482.962147152189 500.661601390889 503.514630910809 482.102024883888 474.805573303924 474.048205093823 476.50972724449 475.329799945902 468.78204870098 460.905954657667 450.167721125961 447.978521435638 448.99221398279 442.305811350852 432.657050201984 425.569456811467 419.193899792751 406.615475567757 385.508339744916 369.273860552568 357.033742864841 343.320715851836 316.999082147091 309.697941543481
393.179112485392 389.652568721445 386.079150242228 384.713773917109 384.134599133061 383.260921368859 382.768999999798 383.793066376645 386.146434260774 392.803554083214 406.14213765426 415.379953193648 417.299250621896 415.982334261345 419.399647515096 428.5599859019 423.570716521461 428.73511441278 424.817333430445 417.900755494842 412.580723751382 412.968827862052 417.687891358798 421.90753927313 428.783068410864 432.359080522702 438.965024148351 439.855174563051 447.246660315627 479.272768812469 490.560484185888 490.704215678301 476.830905503382 473.833066154154 477.037278415395 476.085487811604 471.834130724816 460.600251896037 442.339593812652 441.45533722847 436.075757904978 437.469027764602 435.539079881897 431.175668716867 422.926341798667 412.904734743748 400.907606264128 385.78400257809 374.227483989307 369.014165204287 350.66227951353 328.572203045433 309.021704739173
380.307079103705 378.007169033512 368.9084617464 363.321791540525 362.343567619816 360.38270701667 363.332921542358 364.717548460341 366.08963781517 365.467305826873 384.337690332609 396.669030982097 407.010639039296 404.719996705686 407.68725186085 406.042274703763 410.926029252305 417.580717975515 415.121037343923 411.09452763703 406.643577996943 412.630909779779 413.903830390493 416.230011205076 413.745085707722 420.102713459039 422.882370781086 427.300115282451 444.786095878149 458.859560681765 471.467801207018 468.589041599277 471.846273288589 476.995221175474 480.51396071437 475.382552598758 466.34902035987 448.889734973123 440.455851904419 439.118177651725 436.790450008167 434.244829713619 430.769439413492 424.301086211284 415.254784817105 404.012572171144 391.359777414522 384.335468778114 375.280674486221 368.606576522092 354.497065529754 340.747249803371 321.928084804486
380.512279804183 370.99239716839 359.866661621023 353.843977519484 344.269656279618 339.118369145729 345.845298494798 351.577192368755 351.513586525199 348.742729091993 362.703918104119 377.875016818001 386.500815504835 387.828836321897 386.898511604639 388.790672041482 389.807474162894 399.97351249598 398.910854568768 397.144569788361 396.432665344976 393.953010788965 406.060279965173 406.036680293957 408.219583007698 409.709747387184 411.223536935941 419.812003185145 434.304204838305 447.560896216972 451.817166522867 450.570570298422 452.837094462757 468.045576126719 480.975676432739 478.627876786648 461.774567724866 443.698809390928 437.581689815575 435.511438325746 433.960699443802 433.859873221881 427.842624154135 422.225095730208 414.452814553563 400.363852480029 388.050301705027 380.953294300148 374.313584984338 368.799461622392 354.195924658447 345.019730933976 330.757591661017
387.092846053733 370.178190965134 352.834915817469 346.263539988312 332.463276717139 330.540144965537 333.245952462575 334.163218743693 334.534695221773 335.274507211135 344.114971005584 359.482966580627 372.074561186728 375.083698850321 372.051929401023 368.047904667351 371.517792579173 377.04952821242 379.507171351005 382.96736818318 388.032115785163 387.027737264323 390.021348716042 395.98815659245 392.152263784138 397.789143603375 398.487324091113 403.91394473118 427.010990169895 433.989112762286 438.104802767336 436.982482521198 438.370251266623 447.194751450365 466.47743069204 475.919303615385 466.584524222134 443.89890257802 431.814766683621 434.812383222623 434.913591620417 430.944592097744 428.789575117648 421.097568466902 413.469794652017 402.241111535634 386.691858300166 377.846946812916 374.353664845602 366.537448134031 352.501584573166 342.741053408665 334.501336569225
376.678906814089 366.897575877568 352.902908488021 351.642205827484 345.498326119549 335.803554215427 332.173392902024 330.19615842054 328.594854812823 323.271720258227 324.232958917969 339.738281552742 349.528940002768 356.149532374891 349.953078835094 348.322046019028 349.825341625018 356.701296215199 358.16078355291 361.179664095567 363.493932341667 373.918941770627 379.447048373698 382.388864934136 384.711308370936 386.445384441199 391.300277739271 392.756161981445 405.108766283552 420.041039373559 421.522639576639 425.071090677554 420.538281515597 432.164707810875 445.685082057957 463.548275205266 472.117192410131 443.989505186595 430.684277816758 429.141612646903 430.16299532014 427.061662224755 421.334830577576 417.106432269354 411.919441363145 403.353701127352 387.573448499205 378.799407467467 373.892373692308 366.161926915527 354.7044676055 345.325006663912 339.30168325751
369.262651133072 354.656706442135 343.130405051848 339.730444326254 338.838931603778 334.997047023095 328.000802968623 322.141703000795 319.963366583475 317.233496614872 315.077081287561 319.745540887577 325.44386370281 327.255301830879 326.323569565947 324.483192411201 321.489645162555 324.363150530953 329.671900763537 334.939050436419 344.898377366348 357.987514079564 365.050467036568 371.017686918872 366.928070852321 367.926019951492 380.173255988174 392.108584544741 401.28853554793 398.752153494017 399.479311962865 398.708684706359 414.151471384477 416.3067654763 419.58371062278 447.278494340426 465.879561763031 459.39157172431 440.608487015146 423.419910053326 420.347557056712 418.003493132982 417.358949956424 415.787686703423 411.513169189081 403.304137553571 390.417487048427 384.748792602959 375.877815943045 370.955996518794 360.889859351612 352.233139871069 346.109678675929
367.186493956586 352.686235942687 338.37505155519 336.039242242341 330.168014168725 323.255889765735 321.150009639599 309.220189893226 305.422421776961 304.166023403995 303.816833589906 305.85695783464 310.829247482561 311.175002000817 309.317468104011 306.223068995672 307.260550352542 308.779623115647 314.009196897825 318.369766120386 331.397441629078 345.135646455757 353.275959288178 360.341386198116 357.698231166861 356.774838774188 361.343615766936 377.263988418821 393.583789774047 397.300741289352 393.879093664779 393.171659089506 402.007679190627 395.574637539756 398.403371069258 420.714741411124 444.262686849054 466.697900557929 452.00610971711 435.939415010026 419.481907052777 415.034263689759 415.315962328942 413.599507963509 410.287480322195 401.88557518147 394.640483743413 385.804780215717 379.227063581555 376.441606584735 370.688722495651 365.612492363106 359.699843532746
367.91621625239 355.71903187083 342.105537539142 335.512073917591 324.231348731589 315.561153189484 308.307388861742 306.997659271042 296.746860716548 290.594467668745 290.376524110283 288.32933976878 282.461117014149 280.702018704727 279.117218480204 273.787447279732 270.57963542648 274.861390910992 275.594698281504 286.950998517387 301.63373741067 315.294272535436 331.275323694902 341.40168244482 343.33271095386 346.443797175636 353.534516299961 363.895015744733 375.741751968942 376.483977718013 373.332720555219 378.357357738527 385.977785286328 391.179553262812 397.609356185073 399.463175689298 422.09119324594 448.9369382256 466.647307918134 451.351870717093 425.680585375382 416.089036159786 411.876742119834 412.56821662125 408.972768195746 402.387228837239 397.400147634227 388.975202208053 386.257222883583 379.946345536533 376.680334630699 371.593309741166 370.491377072823
370.560447331951 359.958947231979 345.331681775571 329.211948997239 322.913633301842 312.603545374172 301.518604624952 297.34521359915 294.038811083313 287.205651076737 290.013928500302 281.836385175862 273.297074973108 269.036766183679 264.046792747858 257.291093758895 254.672869395543 255.264907251924 255.621563339106 258.481905909562 262.998622811613 276.383885850273 291.387193588376 304.098354096868 317.718209155989 329.641218860636 346.330912212045 358.65181724591 362.606566618337 363.835289094536 359.942117831833 364.222045093094 365.263119173748 380.127375339892 384.333899374321 396.02099426509 404.90651393491 429.210634421207 456.530407796893 464.281392314785 450.807745837809 426.3036238498 418.14569678599 414.247034037355 413.937339140026 409.428737200415 401.809794235547 397.19279249456 390.553955814844 387.207339136864 382.89604405813 379.231844073634 373.293234242659
379.059189892253 367.676530102785 351.438994719518 331.340031045346 323.468369773448 312.780008000678 302.868753980788 296.539240111824 295.047184146937 292.816371741558 282.787351990276 281.275822873628 269.471781275956 262.953093209554 247.730475569143 232.066462426848 216.195054776027 212.50249465453 214.362528956858 223.382581984463 239.840178227093 253.542832120017 260.967428394169 267.959838238592 281.234266104046 302.282481072212 324.151915114756 346.2495601456 354.720957803724 354.507334077904 352.279933336229 353.65214709151 358.136351538211 360.654818734536 369.910563326312 385.134563938357 392.832961520973 413.804579620713 433.282917381435 458.238660474733 458.556232877588 452.020657229799 435.925485305311 421.660942725109 418.125618679952 414.993775016318 408.298617424492 401.159712305451 396.931850592745 392.083995419184 387.578854487007 384.403979441478 377.059930233874
385.284702662762 374.066243685654 358.581901516489 340.871936998212 324.231187344176 321.500299010456 312.129891855302 305.82839110066 299.591121348476 291.239258117184 282.421730173462 276.885788505924 271.188819268896 252.67735156624 225.219674561439 202.506577656372 193.02562951101 181.77378531372 181.330284798603 175.60278624937 175.016675795109 191.581878011601 219.816942133581 244.030858454487 258.277615230496 270.429979837257 297.256308957405 321.081056012788 337.325850382859 340.819819389534 342.239522115703 343.553993388327 348.827819207326 359.05256946561 359.325171675143 371.848197855946 392.082931331132 394.336692011376 413.936010735107 431.437395653581 455.29470945171 456.449554292332 447.938312742725 436.58974109346 422.818433110293 418.345340121017 412.80047907384 402.975562825477 399.890240345696 395.316898618102 390.052381218875 388.040956916612 381.249536777602
395.272512477063 380.638563169203 367.576553182417 355.544085744765 332.196606406363 329.215637169545 328.326266660772 320.273552906645 312.080630513634 305.307084144817 291.86524983321 276.57995297952 265.331355096554 256.903879597687 228.229229065114 194.140950284606 186.049510447582 182.764438357303 169.357757155481 162.651247021763 163.218384405503 160.924281070297 164.76761265886 180.084047080357 218.061216109202 248.299070657058 264.452986052009 289.020565271529 306.701401447614 310.106391726802 312.003026323215 325.220941014043 337.79124523317 345.341653895159 362.813541328179 362.963117344087 383.158265061024 393.054624038348 394.094716126472 413.127896029489 429.714017884413 440.685123653321 454.462901275689 447.642494773468 437.297643923781 429.662987189356 415.90179391699 410.676413755525 401.813979362935 397.342746245783 394.313538807943 389.48490028089 387.688956747631
402.480933792701 395.633752009622 379.685329754903 360.438387186975 347.6052014219 335.962158443559 339.73186540326 336.284156766172 330.734580219185 320.788325128187 311.36369460181 290.220959608303 270.94636438359 251.889863286584 242.192229497697 203.720649641579 181.693493544378 173.951654406754 162.092844355308 149.979816643885 142.248177539633 139.381819956375 146.582981488984 156.012426167374 165.523149201507 198.205959877398 246.021843909318 264.188867857899 275.016364797793 278.704753226906 288.209511794467 298.500567342731 315.8253086504 336.568123462744 355.197654516266 360.971833902334 367.856553800347 371.843584214683 389.320115004436 395.530808341314 411.322041877116 417.874953196523 430.145007791558 437.198656666309 437.309374183503 440.59088792328 434.030855652835 422.466542145273 413.491293909798 402.610485773578 398.059721439742 395.297123284561 390.816797531117
406.727566318353 400.597316031257 379.692127213651 368.099107581689 354.61118530848 344.176674132339 346.868053405668 339.625550279859 331.504820883646 327.560647654932 316.593343775897 310.893123079172 289.914060625753 266.052894608431 246.888158914868 231.23756621121 181.417543994951 166.817890185256 152.093911653293 142.95168377924 139.439001780457 132.157050445234 129.110166302004 132.787927714402 149.763701414999 162.40757761504 184.894268855237 228.024356227291 245.17123054954 260.334140827358 274.268212786755 280.408963241518 294.419726874334 321.503319607148 346.70123535555 352.032206962215 357.48738062631 360.408500823183 369.7258773824 388.729921598445 399.459457669021 394.192854797324 402.660614496759 414.653746732512 431.142067399777 437.637671067308 443.801123609919 439.437032376143 423.91701792652 414.168007695352 402.826473489234 400.526731337503 396.978401614289
414.677395807082 402.428765712106 382.519254147114 368.916126728295 361.082901646264 353.452095505788 347.805270495201 337.936159125138 339.458386119035 346.48273976519 339.382463673778 327.711746967352 305.647179760881 289.290998287429 264.776172243653 242.413232462561 211.841610332777 169.42144707554 153.606172496833 137.405919476734 130.728284247743 125.793627553636 116.151759110973 119.434562536906 127.761395812284 137.050025094483 159.933548982198 166.171193308962 191.064608591649 206.891647685059 237.698274000109 267.146837274659 279.244727327597 300.770455383068 322.718938942019 334.069461629878 349.576332181586 356.699487574938 359.83181348312 367.085977764925 379.549787296601 384.521955647414 388.932216586771 395.670275989966 399.543151573838 419.631380934241 436.116987720948 443.809815769181 439.879135044258 423.483669090709 415.049524216729 404.36598850065 403.066083475581
419.704268230646 402.651418752214 392.271529948422 379.438397891968 368.015637914784 360.389585366002 354.937322055346 351.435339961219 354.405291492489 362.624705094219 361.115144667259 351.715113973931 327.139439044953 307.509437108114 284.540946271359 252.680482156551 234.821682084869 177.259920335439 163.420516495006 142.951438109684 130.858607291018 113.179786335367 93.706243340913 92.1080143449448 111.513433223867 120.141345104034 128.512050538832 149.352071436294 163.67533348595 179.903050104314 196.184286087167 239.131266158357 271.494655755616 277.759509071833 292.8076584759 306.428192763099 323.946157573993 339.876326053692 355.552686800528 362.753314587892 363.066848753463 366.35747550665 368.137139852528 368.846374828417 387.591242927427 397.573797229922 417.243667062142 435.934276177521 444.293993141734 441.302854625708 429.509625901261 417.287654859453 414.59865225697
423.663231549782 410.590287009857 400.139033186881 392.381291240582 379.835929283324 368.892291572518 363.771404213818 363.533210901116 373.084478746619 380.958306719577 378.92999819472 368.563681898014 341.512430784286 310.508700836938 295.211135320024 265.460604493135 243.128096354377 203.221594165005 168.764647145645 151.698181023646 134.518967567386 121.85460766695 91.7319989571193 66.7868379814168 64.3842060114096 89.8683957288065 109.203562674079 126.867240919147 135.275032878256 159.662005926896 173.310283525513 200.480048700865 239.831111926734 263.28012203091 275.486810165038 282.190758110112 297.278511589695 319.763079028015 341.459533752632 358.240139725129 362.423945338395 366.912538785061 362.03756528447 363.45995164431 378.354364258323 386.337751200476 399.685500486044 422.482205880555 436.75051632854 446.380350538485 445.890040376846 436.093547061649 419.129683204434
430.488092399264 421.005297218543 408.911600200643 400.835424418589 393.13382722631 383.439875803283 374.742637082503 375.446005476145 382.963133269624 400.967422702357 404.677629662557 376.769212472317 350.836310682254 318.780911077969 303.97906186864 275.213582531561 251.895108385821 234.234426993741 185.993321004181 165.4405265034 146.427037643749 128.933361340543 107.740517290161 66.0544967034293 38.3770245710913 40.0345028327296 61.8712633112309 97.8104065086862 123.090240610837 136.21647365321 162.247530484756 175.339118974671 197.648336447089 223.501114990291 249.02254432849 271.247394716596 279.933496005451 295.971337990973 319.321468092377 337.022252201132 341.047776462354 346.853663348411 354.525477923358 363.912143304155 368.720413084004 378.131648741747 391.550927021096 414.244895063385 430.889135797041 444.571037453216 447.285965737219 445.482922097498 430.887839020544
436.693806653479 430.187914856481 421.821846331746 413.588172718763 405.635151815923 403.465110549999 395.506348380559 390.986454528189 406.215255250226 420.58078047407 413.320010390162 377.673843066072 352.836385212754 321.735361681872 303.779005543393 289.334596879402 269.540593579232 256.304075517131 227.96513583017 181.895055312274 161.769607185239 136.258871039608 122.352028862896 85.1997888188346 39.841601289413 21.1025074893972 22.5042267221586 41.5187945926774 87.9657288611642 122.878846085812 139.318349162805 163.347362839637 174.495586643919 188.677528283109 210.907649806256 238.575617473171 267.922464198529 279.682220078017 293.840614485036 303.123918145783 312.648060704043 321.73977258048 334.987298286907 353.419332593048 361.65218206299 373.832815857205 397.57470907223 403.784526069035 416.146114079227 426.932263803941 437.168605407216 437.748641479397 434.112108924351
443.735205592463 436.355396537568 433.471004813595 428.10624053292 424.590366653858 423.569214659462 417.672937843609 417.688710124034 424.273347474859 430.606863716973 411.234529221031 378.948031177079 352.902768560717 325.866953295397 313.441350250163 303.196323692187 286.114112107859 271.248550796323 256.646807921725 234.341309714751 178.273968586696 156.779993750008 129.615565593259 110.719063082026 58.3906147911331 22.1116645109083 14.108557354171 20.2204695359554 35.4550072057394 88.2829571350787 124.49085443983 139.015114213183 160.885770711255 172.510874710336 184.550279832072 205.655593927116 234.076200524454 262.102365180718 276.593755216496 283.022908605551 290.650734791691 301.395902469519 315.739951447014 336.996940026894 362.536794644117 371.305184516116 383.87909791249 396.136819428172 397.54562565135 408.097014428531 418.178878300031 426.924715001132 434.030386437148
459.738278600557 444.780918179641 438.57120105839 439.080562483379 438.480924680564 439.796136783401 442.436807492019 446.378372932778 448.353807226473 435.24387632946 396.75139400669 368.177866215297 346.179047210055 334.702450774082 322.188886951095 322.178961336032 309.458466183038 294.784179262541 276.782468758839 255.362164389899 219.814083599984 165.852173273056 144.306632959299 124.203262653258 86.7198766221456 33.7274841324928 15.7141803058701 10.4014605133522 10.0383059436755 36.1176877859047 82.7817210984881 120.20012452968 138.033388636157 157.358170285165 168.574700480288 180.513456162198 200.106020329698 222.32864951089 243.854367859631 261.758357970913 277.430130159657 285.645561325637 298.365831044589 327.927513531066 354.124713822378 362.4488626177 371.966283388927 380.130350546041 387.795805461905 402.646547008489 397.337226378896 402.437646634153 417.200536842668
