Rscript/monthly_maps/SnowDepthMapFile-q25-1989-11.asc
ncols 320 
nrows 361 
xllcorner 618410.159 
yllcorner 5088785.286 
cellsize 100 
NODATA_value -9999 
[rows 100 to 124 of 361, columns 168 to 223 of 320]
0 0 0 0 0 0 0 0 0 0 0 0 0 0 0 0 0 0 0 0 17.9730544090271 47.1255664825439 88.317663192749 110.846675872803 127.197265625 143.307395935059 164.401988983154 178.555912017822 193.264640808105 203.68257522583 209.229465484619 215.062335968018 222.822143554688 235.514358520508 251.518623352051 277.690811157227 292.887191772461 306.510528564453 315.329330444336 332.233383178711 377.621566772461 446.629951477051 482.023445129395 481.930923461914 485.539405822754 451.331695556641 433.731941223145 427.367835998535 442.52661895752 413.058792114258 330.203964233398 259.08260345459 229.26392364502 214.908897399902 202.846828460693 196.766441345215
0 0 0 0 0 0 0 0 0 0 0 0 0 0 0 0 0 0 0 0 32.6929173469543 59.9143133163452 100.783567428589 119.972192764282 136.740348815918 156.583194732666 177.16198348999 193.986026763916 206.257076263428 212.658569335938 217.664806365967 222.40796661377 229.814224243164 240.995246887207 261.163673400879 287.248893737793 296.577674865723 314.097969055176 332.641525268555 348.667861938477 397.727546691895 448.613433837891 483.667610168457 488.83154296875 487.093368530273 477.610572814941 450.519729614258 446.088928222656 443.441207885742 408.886161804199 308.767684936523 243.918228149414 223.057559967041 211.070922851562 204.770568847656 199.427722930908
0 0 0 0 0 0 0 0 0 0 0 0 0 0 0 0 0 0 0 18.0288238525391 50.0618896484375 90.7359180450439 113.942579269409 129.317543029785 145.566795349121 170.743698120117 190.608242034912 204.342475891113 212.355201721191 218.487682342529 224.014167785645 229.160385131836 237.240264892578 247.257144927979 273.270202636719 292.068801879883 311.829780578613 329.513870239258 344.246963500977 381.820854187012 431.43106842041 468.382652282715 487.64673614502 497.89429473877 484.158027648926 486.78295135498 477.795234680176 473.578880310059 446.247619628906 382.002555847168 290.47435760498 239.493492126465 219.92894744873 209.262729644775 221.21711730957 216.89623260498
0 0 0 0 0 0 0 0 0 0 0 0 0 0 0 0 0 0 0 29.0876111984253 68.5166397094727 108.277229309082 124.405744552612 138.524429321289 163.981899261475 182.62483215332 200.289180755615 209.79906463623 217.578231811523 224.787666320801 230.390014648438 235.121524810791 241.923389434814 253.569931030273 277.124694824219 293.398139953613 316.421783447266 339.360290527344 371.55387878418 421.058746337891 461.76798248291 488.786422729492 501.253150939941 506.404426574707 496.284049987793 490.450187683105 488.018913269043 483.820594787598 444.285583496094 354.71622467041 267.57625579834 234.156539916992 220.729839324951 223.560436248779 219.487522125244 231.411926269531
0 0 0 0 0 0 0 0 0 0 0 0 0 0 0 0 0 0 21.7235717773438 55.8876028060913 100.287410736084 119.289220809937 132.457672119141 147.527820587158 174.343841552734 193.668186187744 206.357814788818 214.772342681885 221.900943756104 228.832225799561 242.233013153076 249.584732055664 257.506172180176 268.47127532959 282.341575622559 307.769660949707 325.745460510254 349.190559387207 401.552047729492 453.543411254883 475.417327880859 501.142448425293 507.289169311523 517.584747314453 503.827865600586 494.371398925781 489.506546020508 487.988975524902 450.134750366211 345.501152038574 248.216526031494 230.803462982178 218.249752044678 226.085826873779 233.52364730835 241.149654388428
0 0 0 0 0 0 0 0 0 0 0 0 0 0 0 0 0 0 29.583083152771 77.0845336914062 110.25697517395 124.167697906494 137.873542785645 165.208969116211 184.658908843994 200.503444671631 210.710193634033 218.659210205078 226.020435333252 239.310695648193 247.312252044678 254.734569549561 265.008735656738 272.199348449707 284.892280578613 309.991020202637 327.796630859375 359.52938079834 415.006072998047 452.280654907227 486.542915344238 502.405128479004 517.275512695312 532.393432617188 515.896621704102 504.464347839355 495.701301574707 491.248069763184 442.344718933105 313.81827545166 245.4150390625 231.954860687256 233.78039932251 230.585899353027 239.909172058105 245.687133789062
0 0 0 0 0 0 0 0 0 0 0 0 0 0 0 0 0 14.4691572189331 48.4329090118408 92.84206199646 112.871929168701 125.170906066895 144.730895996094 167.36502456665 188.405601501465 201.474292755127 210.350917816162 220.445667266846 233.783626556396 243.165229797363 252.679126739502 260.193359375 268.436614990234 276.085723876953 287.665138244629 311.503044128418 327.903099060059 373.895629882812 420.608345031738 455.987884521484 487.285575866699 501.241470336914 534.263137817383 537.29264831543 529.644332885742 515.577987670898 505.925262451172 493.586387634277 428.233795166016 313.342697143555 242.673942565918 230.745887756348 233.738845825195 235.536651611328 235.400447845459 246.050712585449
0 0 0 0 0 0 0 0 0 0 0 0 0 0 0 0 0 20.4678678512573 48.099479675293 92.9633255004883 111.584829330444 124.207988739014 150.498497009277 169.732604980469 188.142280578613 199.695652008057 209.109352111816 220.691215515137 232.988670349121 243.855339050293 253.984912872314 262.486038208008 271.037902832031 281.89022064209 291.266738891602 309.50040435791 342.059272766113 375.307136535645 415.287536621094 444.445541381836 474.023956298828 471.249565124512 476.354454040527 510.889785766602 480.350936889648 512.311828613281 508.812622070312 490.225105285645 427.33472442627 295.751022338867 244.534477233887 233.775978088379 229.405838012695 232.419422149658 237.674953460693 243.285171508789
0 0 0 0 0 0 0 0 0 0 0 0 0 0 0 0 0 16.3778676986694 42.3522157669067 93.4712696075439 110.731510162354 127.264400482178 141.771781921387 157.734218597412 169.601787567139 179.940723419189 191.430965423584 204.228092193604 221.416210174561 243.373916625977 251.694610595703 265.320541381836 275.139541625977 287.525947570801 308.010513305664 325.210403442383 342.537704467773 371.312423706055 409.603744506836 431.098876953125 433.998382568359 432.776206970215 433.351753234863 457.967292785645 462.435897827148 468.812858581543 472.929183959961 456.534820556641 423.519874572754 294.37776184082 246.666324615479 236.004150390625 231.894111633301 235.933750152588 234.524574279785 238.155838012695
0 0 0 0 0 0 0 0 0 0 0 0 0 0 0 0 0 0 40.2287912368774 83.81227684021 102.179039001465 118.699375152588 137.621723175049 147.06615447998 155.705856323242 164.570098876953 176.310539245605 190.874691009521 206.153545379639 230.697727203369 244.737689971924 262.849662780762 274.596450805664 289.442184448242 311.566184997559 331.617202758789 337.92399597168 367.319549560547 397.042213439941 397.405944824219 395.960609436035 393.251098632812 392.358291625977 394.06339263916 398.645263671875 420.931800842285 432.334197998047 436.332260131836 417.866271972656 297.689437866211 252.528224945068 241.036804199219 240.207103729248 239.616310119629 231.826740264893 232.697681427002
0 0 0 0 0 0 0 0 0 0 0 0 0 0 0 0 0 0 33.6596279144287 76.625452041626 96.0133476257324 111.562837600708 129.595726013184 135.518093109131 140.394153594971 148.983276367188 160.656494140625 176.177627563477 194.629535675049 209.216480255127 237.165298461914 252.489768981934 272.595039367676 290.541343688965 307.738990783691 318.935775756836 330.92684173584 328.108749389648 323.204925537109 322.697822570801 323.144332885742 322.562133789062 340.284118652344 350.174308776855 355.760665893555 362.324203491211 394.595550537109 425.719764709473 381.550514221191 313.013229370117 255.136787414551 245.098785400391 242.753108978271 244.573463439941 238.401931762695 234.056846618652
0 0 0 0 0 0 0 0 0 0 0 0 0 0 0 0 0 0 20.3469491004944 64.7628631591797 89.2255878448486 104.735372543335 124.853164672852 126.469305038452 129.699153900146 135.873226165771 148.166484832764 163.773174285889 182.575084686279 202.213542938232 228.209011077881 246.65559387207 260.231002807617 276.546615600586 279.946907043457 298.909423828125 292.136016845703 275.146842956543 272.259391784668 262.832481384277 260.503608703613 258.79557800293 270.991897583008 280.974082946777 291.174850463867 313.480781555176 348.432571411133 389.589508056641 370.138519287109 311.431617736816 256.418216705322 251.4860496521 250.800788879395 249.888702392578 248.580097198486 244.846500396729
0 0 0 0 0 0 0 0 0 0 0 0 0 0 0 0 0 0 14.2012584209442 43.1321258544922 81.1038799285889 97.172492980957 117.459676742554 121.764835357666 125.020767211914 130.977069854736 140.395942687988 156.030757904053 174.878425598145 195.26932144165 208.690952301025 233.827644348145 240.25541305542 248.848804473877 254.518199920654 250.974193572998 244.120712280273 238.279895782471 234.257720947266 221.896919250488 231.429744720459 240.09058380127 251.174976348877 261.256896972656 267.032295227051 285.967529296875 300.686630249023 346.777984619141 335.779052734375 309.299201965332 268.889892578125 254.97513961792 260.201736450195 261.507698059082 260.666816711426 259.60905456543
0 0 0 0 0 0 0 0 0 0 0 0 0 0 0 0 0 0 0 32.1078252792358 71.6214160919189 87.769645690918 113.809820175171 119.707593917847 125.192493438721 130.365127563477 137.74479675293 152.563011169434 170.854293823242 186.103847503662 194.981307983398 198.817474365234 203.336742401123 208.981967926025 208.772560119629 207.30880355835 203.753189086914 201.907150268555 201.369262695312 203.435958862305 207.145458221436 226.194889068604 239.087032318115 250.48673248291 262.883148193359 272.305191040039 298.467231750488 324.03874206543 332.903923034668 310.043403625488 267.115760803223 268.905944824219 273.832977294922 270.675743103027 272.112350463867 271.257423400879
0 0 0 0 0 0 0 0 0 0 0 0 0 0 0 0 0 0 0 23.0467128753662 58.191967010498 81.0974140167236 109.943265914917 118.439950942993 124.338872909546 131.338096618652 136.733684539795 150.420169830322 164.883880615234 174.632034301758 176.383972167969 175.250152587891 174.72908782959 177.234855651855 179.851779937744 182.525382995605 180.72384262085 180.923782348633 181.617115020752 187.370697021484 197.309959411621 217.07213973999 229.54220199585 238.588146209717 247.834690093994 259.928565979004 285.510124206543 304.977256774902 335.097877502441 307.156562805176 284.239929199219 281.673522949219 280.712089538574 281.311714172363 279.893905639648 284.640274047852
0 0 0 0 0 0 0 0 0 0 0 0 0 0 0 0 0 0 0 16.1764769554138 36.3192148208618 72.4548110961914 89.6070899963379 107.686824798584 119.215631484985 125.602550506592 133.447063446045 143.478855133057 154.650955200195 159.839157104492 157.909729003906 159.804752349854 158.397666931152 160.702213287354 164.584552764893 168.388050079346 169.906513214111 172.004146575928 175.509449005127 175.530704498291 185.971218109131 209.326187133789 220.92191696167 227.679374694824 232.861087799072 241.736221313477 259.963340759277 297.650291442871 337.113967895508 329.32006072998 307.377540588379 294.425010681152 291.710220336914 290.6806640625 290.85481262207 301.925384521484
0 0 0 0 0 0 0 0 0 0 0 0 0 0 0 0 0 0 0 0 26.6433095932007 55.9757947921753 73.5787792205811 87.1994438171387 110.355289459229 111.637557983398 124.936393737793 133.075206756592 141.496089935303 146.095142364502 146.993370056152 139.164035797119 142.855075836182 146.809852600098 145.433486938477 154.426490783691 157.254608154297 160.889225006104 162.265029907227 168.564716339111 181.965450286865 203.377258300781 215.542518615723 224.572650909424 226.679988861084 229.555778503418 244.037029266357 267.28409576416 313.692672729492 343.716957092285 322.340255737305 303.941520690918 299.088150024414 298.423530578613 302.954917907715 317.221656799316
0 0 0 0 0 0 0 0 0 0 0 0 0 0 0 0 0 0 0 0 9.91864919662476 27.8798213005066 56.121337890625 71.7500381469727 84.5466060638428 92.3616027832031 100.382564544678 113.513660430908 132.391639709473 131.740600585938 131.935710906982 131.51509475708 135.205333709717 135.135803222656 137.471069335938 140.580062866211 149.706172943115 155.698879241943 157.750823974609 168.26538848877 182.291774749756 206.385974884033 221.012149810791 230.051544189453 238.15514755249 240.022876739502 246.413040161133 270.519714355469 312.570625305176 344.250106811523 344.691917419434 320.667892456055 316.098167419434 314.79727935791 318.768325805664 335.076065063477
0 0 0 0 0 0 0 0 0 0 0 0 0 0 0 0 0 0 0 0 0 13.643411397934 26.8352112770081 54.1558036804199 69.2161464691162 78.8428440093994 85.1162166595459 93.7870540618896 106.42854309082 120.842473983765 124.767238616943 126.567874908447 129.771766662598 131.646903991699 138.490440368652 141.526882171631 144.600620269775 151.500881195068 163.583492279053 176.906829833984 190.20337677002 214.89497756958 225.079879760742 236.187534332275 272.009948730469 274.548362731934 253.263378143311 269.428253173828 317.409843444824 345.110725402832 349.846069335938 341.955642700195 329.899826049805 329.265037536621 339.044479370117 382.536613464355
0 0 0 0 0 0 0 0 0 0 0 0 0 0 0 0 0 0 0 0 0 0 11.5200991630554 28.0213103294373 55.6647453308105 69.8017272949219 79.6559314727783 88.672571182251 104.348392486572 119.811681747437 126.994798660278 133.206638336182 135.873699188232 135.64847946167 137.678165435791 141.370887756348 149.758369445801 162.28494644165 166.830158233643 181.098163604736 194.456722259521 231.969841003418 245.386520385742 264.033935546875 277.990829467773 283.767471313477 291.121307373047 293.061408996582 315.616897583008 345.270057678223 376.807220458984 378.266334533691 378.524147033691 391.810401916504 421.712371826172 444.423530578613
0 0 0 0 0 0 0 0 0 0 0 0 0 0 0 0 0 0 0 0 0 0 0 24.1260304450989 47.5321474075317 75.1663780212402 90.3759212493896 111.647207260132 119.725004196167 128.571746826172 138.143291473389 141.574935913086 141.259410858154 140.797523498535 144.565486907959 143.001247406006 156.91646194458 191.107467651367 195.143409729004 206.649951934814 221.02466583252 231.74743270874 250.552318572998 271.334686279297 287.386779785156 296.772659301758 303.063301086426 315.220184326172 334.19620513916 356.415115356445 404.216110229492 429.59538269043 449.985847473145 460.452224731445 465.956321716309 473.433013916016
0 0 0 0 0 0 0 0 0 0 0 0 0 0 0 0 0 0 0 0 0 0 0 25.1688432693481 60.1911554336548 100.706132888794 119.820077896118 135.357284545898 142.655868530273 144.990730285645 145.893272399902 144.500499725342 143.248779296875 146.408359527588 148.403076171875 171.58540725708 187.131988525391 199.900482177734 211.025150299072 219.619453430176 228.593559265137 237.758358001709 247.251491546631 276.283660888672 296.187553405762 313.943893432617 330.773139953613 339.25171661377 345.095436096191 376.092979431152 407.980087280273 445.598434448242 466.559898376465 474.628631591797 478.371795654297 492.87190246582
0 0 0 0 0 0 0 0 0 0 0 0 0 0 0 0 0 0 0 0 0 0 0 26.1604704856873 73.0942249298096 107.850885391235 133.417465209961 142.69499206543 145.647281646729 148.755485534668 144.827045440674 140.505626678467 141.927581787109 156.022319793701 167.471027374268 184.676807403564 199.337551116943 211.689247131348 220.685649871826 227.488033294678 236.076187133789 250.187118530273 266.735321044922 280.943885803223 297.467094421387 328.946990966797 345.939407348633 345.551414489746 357.50373840332 371.449668884277 403.391021728516 442.026016235352 460.700912475586 470.231025695801 482.440689086914 503.549133300781
0 0 0 0 0 0 0 0 0 0 0 0 0 0 0 0 0 0 0 0 0 0 0 36.5462083816528 83.0228710174561 110.611827850342 136.232269287109 143.694393157959 153.897327423096 137.714496612549 136.387607574463 133.880661010742 139.928424835205 152.904510498047 169.234214782715 190.511714935303 208.479881286621 222.828342437744 231.697193145752 238.804958343506 252.815185546875 266.941268920898 278.452301025391 288.406761169434 308.433876037598 327.843124389648 345.258285522461 338.299766540527 339.370872497559 365.616073608398 402.429824829102 442.86393737793 454.254524230957 464.639366149902 480.090423583984 512.691246032715
0 0 0 0 0 0 0 0 0 0 0 0 0 0 0 0 0 0 0 0 0 0 0 32.8371391296387 73.6685028076172 95.9459609985352 123.047348022461 129.310668945312 137.149265289307 131.82511138916 126.160261154175 129.454586029053 137.438930511475 148.274410247803 166.327705383301 190.507793426514 214.327674865723 228.733787536621 240.455547332764 257.267677307129 276.05753326416 283.906967163086 292.738250732422 296.552124023438 310.887687683105 321.61759185791 337.957626342773 334.295829772949 331.596336364746 333.298873901367 370.961700439453 437.68335723877 448.786666870117 464.365867614746 455.20873260498 469.528602600098
