Rscript/monthly_maps/SnowDepthMapFile-sd-1990-01.asc
ncols 320 
nrows 361 
xllcorner 618410.159 
yllcorner 5088785.286 
cellsize 100 
NODATA_value -9999 
[rows 115 to 137 of 361, columns 106 to 158 of 320]
131.910921413145 132.051021563712 133.772991322469 135.144019150487 134.574346853365 132.985445793443 129.050627184565 125.183953794174 120.845098421431 116.021329043356 119.428885440071 119.082810000858 123.727991158113 127.305211530084 128.990105842834 133.248233360043 135.88542407615 137.428037243225 135.227995911135 133.608581349246 132.394846096828 129.795840997413 133.980080161132 135.574821322127 138.72219747133 142.669294006689 142.221302540959 143.350328477558 148.79063086645 150.525523174798 154.676725531035 155.067162688612 151.919679057386 148.509652074341 147.462208583797 148.893187507981 150.085070713697 154.929889143 156.005430992784 156.03607881345 155.562131156509 156.243088910368 159.171104946811 163.567764575708 171.791980552075 180.155777530599 185.206288499836 181.218576177841 174.962472217478 171.691791028629 166.101219043185 162.807951648268 162.514179531402
134.163932390241 135.261509762292 136.272671139146 137.119409140909 135.303236010981 129.916122068876 125.117098723692 122.387020071111 120.027579781323 122.033572808629 127.962767480482 129.268348654906 135.441787028474 135.98852313631 136.802831931872 139.931534438463 144.201491944825 144.932550740697 143.368851760692 141.121063720483 138.945388524043 140.323365305068 142.533891155125 143.959457738229 144.75143076428 151.450332626634 152.534195691178 158.763766277218 161.989197145873 164.660466497296 165.709751532534 164.741164656131 163.885255449518 158.79272105405 154.815464504716 154.981758561664 159.881040907205 164.210038062165 165.985351007472 166.377719961247 171.818727933232 171.735320729668 178.26087524295 183.403627320605 187.172156966085 193.840751938979 194.147707510865 188.698335870905 181.300300499004 172.691822420081 165.527747822886 162.086282279422 158.428897372723
141.103237960513 142.164924323994 144.388208631062 141.310817467089 139.400509123334 131.453225356775 127.480505173586 126.082477482488 127.29001432801 135.408630011041 144.874867151536 150.415916969015 154.419047489686 148.614515445684 146.791515772838 150.02174118075 153.267375164449 153.20718903405 150.569966789181 147.61908164077 146.179001114232 147.848195582132 151.239668737363 150.382041315934 157.042029910699 160.239242173195 166.474308788442 171.053120845455 178.011116525945 177.194072597844 172.515037964978 171.859244542487 171.152003706031 167.081202232578 164.792706853259 165.203349783651 167.23540415682 173.188064190855 174.029334046697 181.163229494025 186.25493471997 189.514576438434 196.627657599013 200.321612343695 202.613812684468 204.585645118546 199.250914184678 190.58512883742 180.406182499508 172.227981181677 164.991325210035 159.732657568206 155.614248936728
149.954874568134 150.46316085484 150.46186663593 149.985548383414 144.892227065164 141.91250889761 138.169505075882 141.375195832198 146.873056934305 156.722935012498 167.743517048151 172.822342017432 170.333240288047 161.923262568926 155.111041793317 157.160389653671 163.210148826898 158.629922987757 157.302753099775 151.354367660324 152.000982452431 152.580737632768 156.855081284995 161.304511886866 166.788853322335 174.369116222769 184.725044354752 185.61586464141 187.59234944139 180.929335211871 176.418546399954 175.341901585212 174.527356552718 176.082721310196 177.347620503336 176.881885563402 179.368626382457 182.767118627158 186.152573681787 191.595461917036 197.675909945917 203.065874950388 204.390114884925 209.511325951198 208.828922773179 203.093123792522 203.734927067305 196.585766772465 185.891686475247 173.457072939352 165.509168407972 158.152091890298 151.737759601897
158.202378092174 158.288987282008 156.562962002874 156.039935736294 157.220641712611 155.526792839291 159.016592438189 162.547807403721 173.44854033173 183.256007458836 188.206926314859 189.044366158707 177.683540513045 167.838436858747 164.389391805352 163.429055675224 169.204292398555 166.527680886083 161.356317225684 157.920341556333 154.766067578573 161.246204576187 167.209033470487 180.139958677783 191.445202901656 195.562481728916 199.009229257038 201.314091792475 194.319851348703 189.234706034952 182.156099090436 180.973051695827 182.284287141369 183.812310256448 188.647908230056 189.680681093954 194.084579079822 192.430049530708 196.162253117609 201.719514366472 207.146192382445 209.608660513994 210.174978627096 216.431577353191 212.265461648994 210.043094571458 202.559376786001 196.089309619292 186.976835852115 179.753667345128 166.99146925113 160.962637299284 154.12863380323
167.931791077757 166.97733341978 166.092292379581 166.714640598123 170.629861194077 173.568993670101 180.619295424611 193.12130409186 198.04092598522 203.542112120105 206.911111928369 196.872147443376 181.442712193697 172.058608517188 167.211812045966 172.24168414025 170.930475963898 173.591051827772 164.520586174315 159.531488910831 162.723389516186 171.010682404743 182.634303643463 200.855629924984 218.241428159369 215.197244526786 214.36445010639 214.597092932766 209.870596731683 198.07021291735 194.361220258966 193.469923768649 193.714372891121 197.025992287181 199.496942442908 199.533045014867 200.882872578303 201.213541713049 209.966208641633 210.833125124967 210.948673131583 217.416524116118 214.582950129976 218.263064253699 220.608413231717 212.153015720284 207.126772362643 200.609987061038 191.164072892684 177.955108172529 172.58781527797 165.413396892538 157.371934800747
182.908745419385 176.414013273803 176.680036555007 177.030919793101 183.152004712995 192.860237096801 205.425345618878 216.078489637923 219.815519298443 216.903463834224 204.514705092442 196.157129413426 187.21655734065 180.697049172843 174.205360944148 176.766681239092 176.352576039937 176.706247031387 168.034166438081 165.65105484786 169.671256270778 176.95829548172 195.396605182957 213.584691358719 228.889795650169 230.663780511582 228.53606892366 228.868390047826 219.562922023888 216.285576492549 213.027219804619 211.235542170122 210.954862168418 208.698218899286 203.963329286321 204.787026488667 208.71029233984 208.655068885104 210.206421855401 215.983005168875 215.076520164576 220.720195714031 222.393163095693 220.046414959846 221.132113018284 213.561607168179 209.687343156311 201.271759758281 189.668726282965 183.580955658258 173.181343244304 167.02446054031 164.245409708235
197.255447227446 194.986477458011 198.053167903219 201.013213804696 206.01767203005 215.359729411416 229.017949176779 230.802201567745 230.500167311358 215.995019325292 201.444184953238 192.452127300982 185.171542485766 180.720735264228 177.598323524698 183.851826871993 183.408123046562 178.448363163058 169.926824127284 169.702033534296 174.072400954907 185.313971536114 204.882762542674 227.881545184427 242.149323764303 239.964264998294 239.122198674741 233.600238122577 230.567262706643 229.647130755666 233.611030336777 232.542181761973 226.458296268644 219.724835178853 213.987724319771 209.79268975844 212.561781297509 214.60159659826 213.392712185712 221.58734839417 220.291348607769 225.390779684004 223.978650618422 228.974008372562 231.420708444482 226.918980067798 215.054720050089 199.60209368109 191.674269266344 182.960850842841 179.907720620588 173.304471726713 165.115280604426
224.565180418014 223.529479041869 222.237211181314 230.092951873012 234.701418938785 242.405079399581 239.420764778986 232.354533727167 212.948197025082 195.449549003935 182.659433645793 179.496188598126 179.168799955415 182.87384782555 184.596368837117 188.534008608084 182.966678986875 176.519817225328 174.576775384025 173.679476023302 177.97923621993 194.632385730972 214.774902810735 236.645003459854 249.562599078126 249.392390796292 243.211948361215 240.878548808353 237.869808286526 241.806224834887 246.015550103302 244.816866518974 235.809691956435 228.038507337983 223.106820829458 216.544183171126 214.808743222064 214.948157629314 216.73003483449 224.166300257844 225.007624971802 226.595382199599 233.541612943129 239.695604798739 244.978199330849 239.121263449942 215.719738496543 201.849473138556 194.594434500105 189.158027577024 183.634787810674 174.138444131097 167.882188630782
255.818322331778 252.564404629641 250.624387846703 240.656781081359 241.853745850522 233.028187933854 224.801376715271 211.052208985218 193.715526695493 182.851439833734 178.49587329749 177.000256802156 182.652751295984 185.175198962155 191.423996253625 189.066257530543 183.195665949327 176.34255289398 172.833747533025 178.984798285898 187.133204638427 202.977417836858 229.078606696998 243.800134490074 250.783734809891 256.232707984898 250.170163657304 245.439863145118 244.628130560194 252.930075694741 255.003845429487 250.533562845467 243.972883616439 240.895385445983 235.163689102848 231.709324548035 222.69538587351 224.717895746897 230.044013270548 229.532457492778 232.137458572778 236.690281952137 233.550663585611 236.495898027854 244.552121509381 245.565102163835 220.934837547758 204.236834444391 194.69120194387 188.53996724389 186.304962159738 178.285747974377 169.028241715517
261.079775630368 250.296234496402 239.259957347525 238.84585369563 231.95207702963 222.154535270699 205.486627260677 188.794816958446 184.14017857951 185.762227530006 178.260827755977 184.436396086147 187.409463663346 191.427291452016 190.939842094417 184.577398847157 176.291819970274 174.774838601572 177.551948759598 187.744574079879 200.755547388346 215.596084214032 233.997476641692 245.205691671305 250.93024670732 259.640967950688 257.844200890585 254.294568766183 254.704218571372 255.714783297615 258.849519028552 254.105552764179 251.135731610145 249.936401286703 246.11855453107 242.630439382916 236.028402050862 234.771147774772 234.844676405651 231.147667282489 234.261586950315 238.316656756887 239.744693561118 244.546097255722 245.846815334085 250.914810589344 231.282645359128 209.812877865529 196.976625713453 189.811887272247 184.775003030734 179.845404940759 169.87838120585
252.112596722645 236.756884876078 225.17976626595 215.466280445291 204.794496595319 199.073964189583 196.048040637457 184.901133451205 183.861009842937 187.172218603558 186.098711104181 189.600634643155 193.38339332504 191.315265517329 186.145139525515 181.053484063079 178.916755502898 177.081499573861 186.240138088794 201.044349209561 212.44266379543 225.661536911635 238.469144783861 245.458524966923 251.814729267779 255.233300745149 260.17152267494 264.174814211665 268.058330748286 272.63755916244 262.136186824046 255.166414991934 253.16120289718 257.531806885367 255.855010284759 250.323465621846 248.959005556125 242.242389129001 240.378185395154 234.573786628591 237.272980977407 239.199850756869 241.473088096352 244.94031624305 252.144970704471 247.589781402543 232.136708300344 212.69398203692 199.564254638492 191.992082473534 185.144617825474 180.115648281605 170.462726919706
228.78012986383 215.211384978209 208.601874564539 204.954371676079 196.662780653017 190.713860226159 187.37164038944 185.805054898752 188.476061213665 189.865010858324 193.224113979062 195.439892452847 194.648855489182 189.979326947201 183.329239412465 179.157292022693 181.945562863608 190.009552277498 200.274172307743 211.418592149951 222.384097801145 233.794319103028 243.644788959713 245.326970663262 251.285605786672 251.692823034509 254.047421991486 264.498066507745 273.380157517938 282.438761239291 269.512576533004 254.162955737637 258.044058279111 249.349909528511 256.458614621757 258.628195908826 256.578074254254 250.331747326643 242.501976790728 238.421801455147 232.270262490532 237.874083248168 243.355856343025 252.714271146823 247.432106343876 244.721329601075 232.506755244533 213.660381952441 201.45421322862 193.366263338518 185.357894033659 180.200021606294 171.296279029199
217.767478038954 202.727112758933 203.696359097507 196.522985368856 193.143622152518 189.063383707331 189.474153586645 193.238165231755 194.219989152808 196.672253751836 198.177063706693 197.000453807802 193.633362922949 190.915567939517 188.557255711643 190.52915338944 193.301107596404 205.044349648822 215.769838767105 221.731758876739 232.036629394219 241.804593986197 244.145619148505 251.906768992112 251.245529390278 252.388914202049 253.761674766558 257.214794177114 274.219570450649 279.681383205169 276.096750332787 256.297141061136 251.201662207488 256.611948762447 257.11960600654 258.34117169758 257.526911241879 252.686875340937 251.844776852306 241.728513385067 237.488948492279 240.661867328599 245.804660914402 250.698717968436 250.922662398802 244.757145836786 231.699829892427 214.296566088906 205.128280900892 193.596533670347 186.693171038646 178.511085290782 171.217911949285
206.628285724152 201.752051640755 198.844477373018 195.722311701376 196.35295368324 194.79553771409 196.934859877747 197.993433456906 197.928279041178 196.566871141149 195.882482630375 196.422807487273 194.300450085673 195.186445408233 196.431301185857 197.85464318047 199.842567318523 208.050547251256 224.577849250698 239.182586366393 242.229518619473 245.362204440851 250.436024449117 257.44129532939 258.95061038061 258.463235467929 253.365073997941 256.302357408405 267.498466085314 281.996124376968 281.87501137502 271.334167033597 259.282979840626 260.140037089776 263.291804870205 267.780939244745 267.668470432941 263.040937084166 263.651439934255 251.47927033975 239.488734349956 244.323023811901 251.160884202126 256.22229384893 250.93230459341 239.449757575849 228.914966485305 215.92356181964 206.976595686397 193.881115044694 185.793793604255 174.09857621427 169.735948567858
198.991336496837 200.446561028558 198.800360454562 198.671099307992 198.96581854667 201.571174574877 203.96307986221 199.071620035691 196.145157284555 197.617183631637 194.653230426822 192.156868017712 196.324696321556 200.465552815921 205.836500284438 204.924026985958 203.994603839159 213.694671385557 217.175317685098 240.973102256508 251.301732599729 255.847008380121 257.286406667425 258.762981892136 258.634489679891 259.507145011431 255.524113989172 254.890107178475 265.628183934725 274.917435902327 282.880899567192 281.368932043915 269.22724679257 264.029617335971 268.394112090834 272.591092855288 273.300419148614 272.6292641547 269.192249394462 266.349338441152 257.153433226528 251.533203597339 251.927096991929 252.030748475011 245.159634848123 234.564713035154 229.944032740938 215.712919224482 207.75049761207 194.43099010997 185.967013107488 173.185974437763 168.143666592733
200.068513122943 203.484098882205 200.940834701422 201.608257903128 202.595200752294 204.285719375321 198.99034386414 200.790143944756 195.836962595653 190.663806093464 187.835661668617 193.151433647367 194.664590127816 203.898988318407 209.050363067615 206.555183264254 207.751305674587 211.356655144872 219.922858015216 234.194533643175 253.339319657366 258.21960810677 262.986628249357 256.907040408382 259.866467029299 259.33503334794 258.98192111625 255.353520610806 259.642372960953 271.740598901902 283.322755726557 288.00503746739 273.027304507523 268.410050445769 271.504001530779 273.303925578951 274.818441122225 274.188920294807 277.334655890876 280.548946581161 269.984069654127 259.23797274645 251.885227658507 247.740578982549 241.516903294995 235.533959873567 225.434509566656 214.766709334965 203.763528495613 194.096341544726 185.188641847677 173.92836773346 166.94576071692
204.013064552423 204.532666052952 207.502768977048 210.111054283369 209.13544140112 206.340465900395 199.909246273138 193.918827664806 183.871611275017 180.732743317203 180.347578509065 190.661643054867 197.544098889092 205.648268205691 212.737347196196 218.141332385066 211.177738281272 215.396384189502 213.469237393996 222.351336873101 247.882596473483 259.486511719542 259.713746935472 263.035596119729 258.633825320164 258.885567757891 259.923397556008 260.344866147452 263.260015281897 265.263444208365 276.887317408878 289.856323449668 280.319424975248 273.214329344146 265.252070667528 271.874678077657 276.092925660319 276.985408318041 285.032748970553 287.331807862748 288.712778015122 265.8980479688 255.871766426355 249.036946323687 241.150803817322 229.479578558899 215.522840170274 214.026155393847 202.827524044208 193.823521180936 185.73384882779 173.155287035683 166.049054745473
213.229448494275 212.712489909212 214.681058812006 212.404944471003 206.35196402255 198.081758757425 188.142968567909 178.924211387451 173.359014344898 172.649848847034 179.312988495246 193.112637922287 203.141828710352 208.921223583068 218.171403431666 217.836868107834 220.615651301604 220.39309411481 215.077056951143 219.20340857493 243.332883578515 260.676106072608 259.383544327867 264.624626864141 262.893210835478 258.796039188393 260.285119901091 261.499976770847 263.240872570999 267.09305298244 272.798278028617 283.882853105659 288.69658767048 279.713186495216 266.527173226082 265.046410987671 273.692125368887 276.308919598408 288.92478769875 295.23305227596 293.935034854618 275.361201732626 259.549031161276 250.896428332252 243.045427663587 231.723346524357 220.033232220534 214.813645572334 200.441462841895 193.870987821996 186.62768072537 173.954876795809 166.903251730232
219.779467657586 220.033100689436 215.506413749588 208.760270396286 198.782842334945 190.280326790107 181.085486915949 175.540461522035 173.979111365885 179.469365339024 193.683053215282 203.851402780378 208.962472646808 217.381079320421 218.498572443876 224.460331017004 225.643265796368 226.759297649561 217.983904947772 222.5317924261 240.39852024646 265.413878704635 259.157452896353 258.837832633944 263.502320874081 262.850364538274 257.242672753356 260.860245790626 262.370512263088 265.269413077591 265.166674332113 275.493103495014 286.570492006009 287.035376339398 281.507808804349 269.668393564176 276.287828674354 283.712365126198 303.213450601281 292.812479722289 282.074452237491 269.368567357111 254.979295577324 247.967910609191 238.823572930397 228.548885685934 220.488109260332 215.164692072015 203.924446268758 195.058352804564 188.066180125714 180.313905265201 169.462056756078
223.221301952176 219.879851542355 217.631451371665 203.865969458055 196.375480092393 190.324974170532 182.300638257088 180.978173023883 190.421034865194 203.803801288987 215.552533379968 217.9824648172 216.704925960256 218.30551831195 228.597698851664 225.542601837065 229.81899201871 227.652698243346 221.240799079655 229.801806837791 238.873210773468 258.727770955073 265.168418987372 255.919015679145 263.181543122131 257.206085117166 261.700950079715 260.656525999557 261.041826232462 263.085768431827 266.065043269025 274.363162889935 287.740884811384 307.714486704924 293.491836181985 285.6645660772 283.785538417728 292.493802631038 304.553980491761 282.144151395575 262.02453571512 249.313913933596 236.752967718346 230.316659701222 232.61372905206 218.882572768781 213.587508840084 210.722197788206 203.349169441661 195.546894647398 187.382072741113 180.19638753277 174.754502667973
230.405046590319 224.275360958704 214.228521454717 205.382041391242 201.771679236522 196.54774180972 195.027886923949 200.103826502476 220.448154252459 232.166582035769 237.661776725872 223.926351429366 218.935702983329 223.05676850806 226.746662503732 227.529151709536 230.183546602605 229.494114918624 228.736921883623 233.169741109413 234.923398263726 261.091881537312 262.747412589109 257.347423484779 256.905867414613 263.411291337802 263.947534062582 257.766199377996 260.562901978296 258.704364609665 262.713966113504 272.551131580049 279.301059064709 295.957944930975 310.65496793235 303.368090978682 303.70006861172 290.796657997255 282.007376581796 262.644340199434 243.820023495485 231.71542355843 235.105422731828 225.783984534343 221.036225097036 215.02863194929 217.984231985066 209.936348121587 197.766704300514 193.860142972873 181.918125357999 178.554505074738 170.314447955705
232.894043585521 224.687247188996 212.78256972979 211.164419315657 207.65173013389 207.496158098767 216.672725788829 231.78739684512 254.146266752724 262.267138777976 246.967466996285 230.482915975922 225.433938631299 223.282723895421 226.246187087088 227.024295653643 231.652523687841 235.775174695201 237.276800629965 237.064821058389 239.549695450421 252.228320604801 263.880870601135 269.013823629476 253.188515703215 257.1947819447 263.172543252264 262.302590265743 261.642552699006 258.609576838297 259.547792941565 265.069585169452 274.946831444499 290.607667840886 313.304879918656 305.998301484728 304.4725703048 280.150806385412 258.654670711109 238.643494261229 230.742498012065 233.862761107221 233.277680889863 221.462596138296 216.438798757257 221.205829211546 215.97482874164 205.921766400798 198.168597516293 189.974159517606 178.030183225774 174.962360018217 167.392685461881
