Rscript/monthly_maps/SnowDepthMapFile-q90-1989-12.asc
ncols 320 
nrows 361 
xllcorner 618410.159 
yllcorner 5088785.286 
cellsize 100 
NODATA_value -9999 
[rows 161 to 183 of 361, columns 53 to 105 of 320]
2488.33251953125 2445.65454101562 2450.50805664062 2420.14990234375 2359.12280273438 2240.5634765625 2196.40063476562 2097.32470703125 2028.40991210938 1952.41479492188 1906.27746582031 1875.80969238281 1853.44567871094 1797.17370605469 1776.45422363281 1711.29931640625 1639.22192382812 1595.48937988281 1560.67590332031 1538.07055664062 1522.849609375 1483.87561035156 1470.60559082031 1453.31518554688 1452.28515625 1468.08630371094 1474.2294921875 1494.11022949219 1498.0986328125 1487.17980957031 1492.06335449219 1498.44458007812 1548.79858398438 1618.43518066406 1677.17517089844 1649.390625 1609.73388671875 1598.23461914062 1597.87780761719 1604.19995117188 1604.96862792969 1635.57421875 1645.97387695312 1664.07287597656 1661.54772949219 1681.37707519531 1661.10888671875 1656.07604980469 1624.9638671875 1566.42846679688 1502.06323242188 1484.17895507812 1531.1259765625
2479.15698242188 2462.30102539062 2430.17431640625 2360.84423828125 2277.24975585938 2189.13134765625 2123.5009765625 2059.41088867188 1975.52331542969 1919.84362792969 1880.21423339844 1857.27355957031 1817.64929199219 1788.18981933594 1761.84533691406 1710.67272949219 1627.67919921875 1584.435546875 1547.48559570312 1534.90234375 1473.43103027344 1441.25927734375 1402.28820800781 1389.49426269531 1387.1103515625 1396.33935546875 1419.74450683594 1434.45886230469 1441.05981445312 1443.5390625 1441.47485351562 1446.39233398438 1474.08581542969 1534.44470214844 1624.07800292969 1659.57849121094 1648.25061035156 1635.33996582031 1634.13696289062 1628.37341308594 1637.92358398438 1597.62512207031 1587.85632324219 1606.39184570312 1613.72033691406 1611.72058105469 1575.59521484375 1511.90344238281 1452.48229980469 1396.02392578125 1381.82080078125 1419.49890136719 1474.62084960938
2458.21215820312 2437.34594726562 2346.95141601562 2304.88647460938 2179.72338867188 2135.92358398438 2054.46899414062 2007.4970703125 1954.13427734375 1903.63977050781 1847.78588867188 1819.33605957031 1800.88366699219 1765.79858398438 1755.86865234375 1710.7490234375 1624.2587890625 1575.12976074219 1530.30480957031 1491.32250976562 1455.00573730469 1396.64074707031 1376.1806640625 1362.65490722656 1348.07543945312 1326.39697265625 1328.80065917969 1331.30151367188 1337.78112792969 1365.14440917969 1382.57727050781 1393.15551757812 1408.88171386719 1457.79760742188 1510.12683105469 1606.41076660156 1623.75866699219 1632.88464355469 1602.20373535156 1549.60766601562 1491.44543457031 1461.15686035156 1461.53601074219 1466.21435546875 1474.68933105469 1472.54870605469 1428.22424316406 1371.77087402344 1327.44580078125 1304.01708984375 1312.36511230469 1339.91979980469 1389.72497558594
2449.47119140625 2414.3154296875 2300.68432617188 2181.96899414062 2092.92041015625 2005.71911621094 1972.89611816406 1987.06896972656 1933.80187988281 1882.35876464844 1834.34521484375 1808.490234375 1791.6259765625 1787.39538574219 1755.32067871094 1700.8349609375 1625.31066894531 1568.44262695312 1518.38793945312 1476.19775390625 1432.1025390625 1379.67456054688 1353.52526855469 1365.66564941406 1341.92529296875 1323.58825683594 1276.34948730469 1259.39575195312 1265.97741699219 1283.51025390625 1315.93200683594 1351.90258789062 1370.705078125 1399.40795898438 1455.09289550781 1471.43383789062 1475.52124023438 1473.67797851562 1461.85302734375 1408.99743652344 1351.65100097656 1310.88989257812 1316.40637207031 1348.96154785156 1384.40234375 1360.81591796875 1317.07287597656 1277.123046875 1266.02563476562 1256.92626953125 1248.5283203125 1252.36364746094 1284.04211425781
2408.31665039062 2297.67578125 2182.03247070312 2083.01416015625 2009.90490722656 1980.75390625 1975.74072265625 1965.02514648438 1930.09802246094 1874.71569824219 1829.39440917969 1795.29138183594 1789.65270996094 1783.2119140625 1755.29577636719 1704.38049316406 1639.19860839844 1569.55517578125 1509.43029785156 1454.76379394531 1417.58142089844 1403.5625 1384.67150878906 1388.67822265625 1375.296875 1339.79357910156 1276.70446777344 1237.58923339844 1243.63977050781 1242.40588378906 1292.61584472656 1323.29528808594 1344.40942382812 1372.51904296875 1423.95849609375 1399.31860351562 1353.173828125 1324.93884277344 1319.10986328125 1305.75158691406 1285.79223632812 1249.37451171875 1270.84582519531 1310.61840820312 1341.03356933594 1361.04736328125 1287.28063964844 1243.994140625 1211.37683105469 1192.03063964844 1189.07580566406 1197.42358398438 1231.06091308594
2348.87036132812 2247.62182617188 2124.48120117188 2011.53527832031 1952.28503417969 1951.90539550781 1964.15612792969 1967.70837402344 1931.02685546875 1897.77124023438 1832.04235839844 1808.04089355469 1776.78771972656 1761.17224121094 1756.93518066406 1721.79406738281 1669.12451171875 1586.97204589844 1509.23620605469 1467.41845703125 1428.87097167969 1410.46887207031 1399.25988769531 1384.576171875 1381.19506835938 1341.85314941406 1306.54089355469 1263.75012207031 1255.06030273438 1233.70629882812 1278.91650390625 1291.07019042969 1322.16638183594 1349.58044433594 1363.86669921875 1339.26501464844 1284.31518554688 1229.22229003906 1226.63427734375 1220.072265625 1227.44494628906 1223.27624511719 1249.97717285156 1293.46704101562 1343.42834472656 1343.52746582031 1272.12939453125 1228.46313476562 1193.75659179688 1172.23132324219 1174.63134765625 1150.9306640625 1163.25207519531
2305.38403320312 2163.79638671875 2061.13452148438 1968.099609375 1942.19104003906 1953.18054199219 1929.39978027344 1926.619140625 1950.3310546875 1904.58642578125 1869.47314453125 1809.93603515625 1785.09545898438 1767.49694824219 1750.65002441406 1737.91625976562 1686.58642578125 1626.48413085938 1539.37805175781 1490.21752929688 1434.54455566406 1412.6328125 1396.94274902344 1386.62231445312 1369.73107910156 1339.32043457031 1305.91125488281 1291.57983398438 1276.69299316406 1250.31872558594 1256.7783203125 1269.83312988281 1286.44787597656 1297.06127929688 1299.69946289062 1265.97741699219 1209.16589355469 1187.95349121094 1165.01770019531 1161.38403320312 1152.22937011719 1171.84436035156 1211.81457519531 1270.32568359375 1331.62170410156 1349.99169921875 1265.22937011719 1212.25793457031 1165.0498046875 1132.57995605469 1116.61828613281 1090.57287597656 1091.91381835938
2243.69458007812 2143.015625 2057.66552734375 1949.25646972656 1963.64916992188 1945.44812011719 1962.80480957031 1955.30505371094 1918.26428222656 1927.60607910156 1881.64819335938 1854.40710449219 1798.0029296875 1780.42199707031 1758.44299316406 1743.04650878906 1708.1533203125 1633.85583496094 1588.69348144531 1518.51892089844 1466.87854003906 1426.03063964844 1402.50012207031 1370.81005859375 1349.44360351562 1323.77270507812 1296.35168457031 1291.48107910156 1269.63659667969 1232.0771484375 1225.05712890625 1236.25939941406 1242.68481445312 1225.54626464844 1202.00646972656 1159.86755371094 1128.38525390625 1100.15551757812 1084.49951171875 1071.99182128906 1062.26574707031 1078.68408203125 1140.28662109375 1215.6865234375 1270.58666992188 1306.99890136719 1243.42907714844 1157.95544433594 1120.57580566406 1067.82995605469 1034.02453613281 1002.43194580078 1014.61883544922
2214.31982421875 2119.86596679688 2055.27709960938 2019.11547851562 1982.28332519531 1992.27966308594 1965.62377929688 1953.71472167969 1919.79870605469 1927.36596679688 1904.29614257812 1870.02258300781 1845.24389648438 1826.79345703125 1767.79614257812 1748.77697753906 1718.55322265625 1661.63720703125 1621.98815917969 1549.68225097656 1510.79907226562 1466.48120117188 1421.82604980469 1373.41003417969 1338.91198730469 1312.30004882812 1283.86657714844 1253.07250976562 1214.79211425781 1183.27270507812 1159.43127441406 1154.4228515625 1162.62426757812 1138.92260742188 1092.93530273438 1046.11401367188 1004.06634521484 983.51171875 966.760925292969 937.552368164062 939.932434082031 971.167724609375 1035.97937011719 1100.62231445312 1167.74926757812 1182.13403320312 1159.07922363281 1108.18237304688 1041.61694335938 989.987365722656 955.894714355469 926.743408203125 918.885437011719
2192.52197265625 2161.70092773438 2081.84252929688 2044.99572753906 2022.24548339844 2023.67761230469 2007.1416015625 2004.8232421875 1954.38256835938 1941.48742675781 1919.77001953125 1900.72778320312 1879.37463378906 1843.90661621094 1785.77807617188 1754.00512695312 1722.89135742188 1665.25842285156 1617.91821289062 1586.07360839844 1533.00146484375 1502.59497070312 1452.201171875 1401.76599121094 1340.29138183594 1291.91735839844 1252.62255859375 1210.34814453125 1165.55078125 1104.697265625 1068.04309082031 1053.62561035156 1039.07189941406 1023.17834472656 969.519409179688 912.24560546875 874.51806640625 843.234558105469 822.280456542969 808.272583007812 818.086730957031 839.466491699219 879.422485351562 927.832336425781 1003.42352294922 1042.24914550781 1070.82995605469 1023.17333984375 964.842956542969 908.151611328125 875.93798828125 846.763000488281 841.602783203125
2201.392578125 2152.818359375 2098.55419921875 2097.8095703125 2071.8427734375 2022.61474609375 2007.83227539062 1998.49194335938 1984.73974609375 1951.39758300781 1928.24243164062 1888.81726074219 1855.08129882812 1824.18676757812 1773.87329101562 1753.79089355469 1713.5322265625 1672.69360351562 1619.08190917969 1599.57531738281 1544.98498535156 1515.99963378906 1463.84912109375 1411.88818359375 1330.18798828125 1271.64318847656 1218.62316894531 1152.14416503906 1100.85437011719 1050.73303222656 1004.71789550781 955.264709472656 923.603210449219 890.215576171875 838.554382324219 801.520141601562 789.238891601562 766.087890625 748.18408203125 739.727172851562 748.407653808594 752.86669921875 758.269165039062 770.268615722656 802.207153320312 859.29150390625 906.170471191406 935.66650390625 883.49951171875 858.647521972656 805.6142578125 781.849792480469 754.606811523438
2208.23950195312 2184.63427734375 2119.46655273438 2102.22192382812 2059.10986328125 2040.15112304688 2040.65893554688 2020.60290527344 2014.44458007812 1988.34997558594 1947.53674316406 1928.47180175781 1874.61535644531 1819.66687011719 1806.62023925781 1749.7890625 1705.49963378906 1660.28015136719 1620.3271484375 1607.63244628906 1557.16638183594 1526.09826660156 1483.00756835938 1415.42065429688 1330.56506347656 1273.57165527344 1211.53576660156 1141.74926757812 1060.57421875 1023.5029296875 988.794006347656 938.235107421875 884.556213378906 838.019958496094 790.530151367188 757.021789550781 720.603576660156 704.840393066406 691.541076660156 683.878112792969 675.679504394531 673.782165527344 668.371154785156 662.801818847656 682.045166015625 727.09228515625 774.261535644531 810.373718261719 810.666076660156 792.234741210938 764.642211914062 724.556884765625 697.963195800781
2217.01245117188 2177.66821289062 2148.482421875 2116.30297851562 2089.39404296875 2065.46411132812 2045.51293945312 2061.63671875 2038.21875 2007.931640625 1986.94763183594 1963.87438964844 1902.09130859375 1829.38513183594 1787.10095214844 1776.89611816406 1716.92639160156 1663.85693359375 1634.62145996094 1610.97326660156 1566.75390625 1536.61401367188 1489.72717285156 1423.17468261719 1332.546875 1278.587890625 1219.3505859375 1144.70434570312 1066.70617675781 1009.50421142578 960.764343261719 931.932373046875 877.840698242188 820.682983398438 770.681030273438 717.043151855469 668.79150390625 637.313354492188 615.599426269531 612.04736328125 594.379577636719 569.908813476562 563.810791015625 558.389282226562 575.182678222656 615.311645507812 649.93310546875 687.92333984375 721.447570800781 708.097473144531 677.886169433594 610.723388671875 590.169006347656
2356.80786132812 2270.02734375 2175.92797851562 2156.72143554688 2179.4755859375 2170.92895507812 2159.07373046875 2112.22143554688 2095.73046875 2104.119140625 2033.27624511719 1993.65649414062 1920.46398925781 1870.21325683594 1827.58032226562 1792.09765625 1757.98779296875 1704.40515136719 1661.80261230469 1628.70458984375 1608.64147949219 1549.16711425781 1503.27233886719 1429.75671386719 1345.3564453125 1285.18566894531 1234.52307128906 1174.21557617188 1076.43542480469 991.978149414062 955.388122558594 912.009521484375 858.639831542969 826.981994628906 743.52734375 671.73291015625 626.234924316406 585.6142578125 560.535461425781 552.102844238281 543.676147460938 524.202453613281 491.761352539062 464.141052246094 448.536102294922 457.125183105469 495.75048828125 527.295654296875 566.62939453125 567.888061523438 554.118835449219 537.623291015625 531.819458007812
2427.421875 2332.31323242188 2279.71020507812 2247.17895507812 2239.916015625 2219.6689453125 2211.935546875 2192.58422851562 2127.40478515625 2104.41357421875 1980.89868164062 1942.13195800781 1899.56201171875 1838.39392089844 1811.60461425781 1779.96838378906 1760.60498046875 1724.38061523438 1682.65405273438 1634.27502441406 1619.57153320312 1563.00512695312 1510.0595703125 1447.705078125 1380.626953125 1319.068359375 1269.74011230469 1209.9013671875 1123.74060058594 1024.04907226562 968.568603515625 923.74609375 866.869018554688 800.673156738281 718.493225097656 638.457397460938 596.880249023438 558.696533203125 538.280517578125 519.919311523438 506.913513183594 477.343811035156 466.345184326172 437.349975585938 424.365631103516 396.096954345703 398.438018798828 422.074615478516 439.902984619141 451.937744140625 467.904022216797 470.248413085938 474.707763671875
2440.48999023438 2403.32250976562 2344.92333984375 2306.31469726562 2270.14965820312 2234.72192382812 2195.7998046875 2138.0556640625 2066.35815429688 2030.74072265625 1921.08056640625 1907.3330078125 1869.42272949219 1820.55334472656 1790.79699707031 1748.94323730469 1713.3994140625 1701.31896972656 1675.53259277344 1663.72106933594 1613.55676269531 1559.19995117188 1504.55187988281 1458.4111328125 1401.78015136719 1351.12585449219 1301.24829101562 1250.23388671875 1169.70532226562 1087.45129394531 1016.81567382812 955.72607421875 879.521179199219 803.610168457031 719.555786132812 637.657104492188 588.106262207031 555.379699707031 527.703369140625 507.579895019531 491.800231933594 477.305297851562 458.026458740234 443.003570556641 407.020294189453 389.018768310547 368.785675048828 360.894592285156 365.302093505859 377.608062744141 407.558898925781 408.338012695312 428.623413085938
2429.001953125 2366.96411132812 2322.51000976562 2261.65551757812 2218.5546875 2191.13232421875 2124.63891601562 2104.1826171875 2037.583984375 1949.75463867188 1915.43005371094 1866.49829101562 1817.86267089844 1789.84643554688 1730.85388183594 1674.19677734375 1634.13110351562 1634.20007324219 1613.14685058594 1613.57385253906 1600.04296875 1540.35437011719 1500.23327636719 1454.818359375 1409.0322265625 1379.85339355469 1341.59973144531 1290.24572753906 1239.28942871094 1168.17626953125 1087.7109375 1017.82586669922 935.206359863281 821.61083984375 743.502197265625 636.544738769531 570.600341796875 544.089111328125 516.369262695312 495.507568359375 490.391784667969 466.867919921875 456.775238037109 430.969940185547 400.895324707031 357.588531494141 326.056579589844 307.129028320312 312.283660888672 329.551483154297 344.780731201172 369.292114257812 391.037994384766
2282.34228515625 2253.578125 2185.1279296875 2171.73583984375 2152.7392578125 2130.77685546875 2070.60375976562 2008.564453125 1975.28173828125 1922.05883789062 1879.42651367188 1830.43444824219 1807.408203125 1763.21887207031 1705.45739746094 1642.18981933594 1592.84741210938 1578.57495117188 1574.83923339844 1572.62145996094 1556.99816894531 1532.884765625 1477.06506347656 1447.25109863281 1427.21459960938 1406.8310546875 1379.24084472656 1353.41088867188 1287.16186523438 1230.09289550781 1161.71423339844 1075.63745117188 990.828491210938 885.389526367188 770.484558105469 678.687561035156 586.142761230469 546.781982421875 519.892150878906 509.129272460938 491.376342773438 474.265441894531 447.702301025391 402.506195068359 350.736450195312 291.240539550781 246.81201171875 211.028350830078 200.4794921875 207.509490966797 218.919296264648 248.166168212891 279.272888183594
2206.41381835938 2168.580078125 2140.68237304688 2106.845703125 2090.78173828125 2026.48095703125 2010.53100585938 1982.63159179688 1944.23986816406 1906.29235839844 1842.47033691406 1803.20397949219 1785.11254882812 1729.43566894531 1668.88073730469 1608.33447265625 1571.49401855469 1561.04431152344 1561.78442382812 1551.1201171875 1520.54736328125 1488.70837402344 1452.55395507812 1441.74353027344 1446.65661621094 1447.79077148438 1425.75561523438 1382.55578613281 1334.78576660156 1283.15649414062 1218.74731445312 1152.25671386719 1054.302734375 935.036437988281 820.632263183594 734.593078613281 652.170959472656 565.01611328125 538.949096679688 515.412414550781 496.203643798828 488.110076904297 467.630950927734 426.267791748047 352.201995849609 277.196929931641 212.056732177734 196.491836547852 195.121231079102 194.33967590332 185.615829467773 187.737899780273 184.542495727539
2204.5107421875 2164.43505859375 2146.32568359375 2098.94995117188 2073.31323242188 2018.43273925781 1996.39294433594 1983.31408691406 1927.49230957031 1875.90832519531 1820.76647949219 1796.88208007812 1759.474609375 1718.3984375 1648.0166015625 1589.07397460938 1552.9833984375 1545.71838378906 1545.18041992188 1522.10229492188 1485.44580078125 1455.97607421875 1447.51806640625 1455.71716308594 1466.73022460938 1469.72692871094 1451.62548828125 1401.95812988281 1351.86071777344 1301.64440917969 1235.16760253906 1174.75720214844 1101.74621582031 1000.18603515625 881.614685058594 779.25732421875 725.978149414062 659.039978027344 584.538757324219 544.494140625 523.505065917969 500.916839599609 474.622802734375 454.937194824219 409.840576171875 323.234344482422 248.325073242188 212.483047485352 200.043960571289 194.962585449219 196.691970825195 188.161605834961 188.278778076172
2246.685546875 2160.89453125 2130.43310546875 2115.861328125 2062.70092773438 2005.02392578125 1983.37573242188 1961.69250488281 1913.69116210938 1841.552734375 1811.46765136719 1771.42590332031 1723.4765625 1686.00244140625 1635.90588378906 1579.55993652344 1539.57275390625 1526.30493164062 1518.95385742188 1482.0693359375 1460.171875 1467.47888183594 1472.98950195312 1477.78686523438 1495.87536621094 1481.83752441406 1452.89990234375 1408.1982421875 1360.81079101562 1321.54406738281 1264.0703125 1216.54187011719 1149.78039550781 1064.64074707031 967.8828125 871.477722167969 787.205688476562 742.294006347656 713.096130371094 656.278747558594 586.827697753906 546.830444335938 513.629943847656 468.436157226562 444.648468017578 401.810211181641 330.531036376953 274.669189453125 231.084045410156 213.176391601562 201.921859741211 198.727066040039 189.060699462891
2232.32104492188 2205.62255859375 2159.146484375 2081.45141601562 2028.8662109375 1991.35620117188 1950.82836914062 1939.21179199219 1889.82788085938 1808.20532226562 1783.74841308594 1728.61242675781 1690.62145996094 1637.1494140625 1594.93151855469 1556.40124511719 1524.455078125 1507.61987304688 1494.87658691406 1474.63330078125 1483.29382324219 1486.25500488281 1504.65698242188 1506.09484863281 1492.728515625 1479.47314453125 1468.88720703125 1439.15161132812 1409.89208984375 1373.09558105469 1342.0009765625 1284.42736816406 1201.78845214844 1131.47741699219 1061.3134765625 981.611145019531 900.356750488281 850.567626953125 796.0537109375 764.799926757812 721.087890625 646.052917480469 570.455505371094 527.898254394531 483.700073242188 446.831665039062 424.779571533203 394.764984130859 357.065002441406 314.223724365234 267.9208984375 220.131652832031 202.827606201172
2170.55297851562 2209.07299804688 2132.81201171875 2072.5 2045.80920410156 1962.10485839844 1963.76354980469 1906.30456542969 1833.71325683594 1796.17810058594 1736.53723144531 1693.16955566406 1635.53564453125 1594.01403808594 1555.40966796875 1523.27709960938 1513.71789550781 1495.02697753906 1484.35925292969 1492.244140625 1490.63220214844 1501.7724609375 1505.68933105469 1484.25524902344 1484.22021484375 1492.39453125 1494.96630859375 1482.44689941406 1464.14038085938 1469.64697265625 1446.60949707031 1356.22241210938 1264.77612304688 1192.71801757812 1147.96154785156 1093.40502929688 1041.40905761719 965.074584960938 913.390380859375 853.120422363281 802.329406738281 766.251831054688 697.439453125 613.712036132812 543.9658203125 505.114959716797 476.664093017578 456.310882568359 449.299530029297 430.439361572266 399.0908203125 346.226531982422 285.284820556641
