Rscript/monthly_maps/SnowDepthMapFile-max-1990-01.asc
ncols 320 
nrows 361 
xllcorner 618410.159 
yllcorner 5088785.286 
cellsize 100 
NODATA_value -9999 
[rows 276 to 298 of 361, columns 265 to 317 of 320]
6.40140676498413 5.8998441696167 18.2764873504639 30.2969074249268 46.1533622741699 73.0997161865234 119.868034362793 168.441925048828 208.02978515625 237.839797973633 258.188903808594 283.697937011719 304.938537597656 332.921051025391 365.030059814453 386.918243408203 395.138549804688 404.732574462891 416.948547363281 433.527130126953 451.621795654297 499.213134765625 549.996398925781 642.798034667969 705.794067382812 767.410400390625 837.325134277344 904.154479980469 954.86474609375 973.316955566406 -9999 -9999 -9999 -9999 -9999 -9999 -9999 -9999 -9999 -9999 -9999 -9999 -9999 -9999 -9999 -9999 -9999 -9999 -9999 -9999 -9999 -9999 -9999
6.77941179275513 7.15151977539062 19.0225296020508 30.8110122680664 48.6341323852539 77.3367691040039 130.980758666992 176.286895751953 209.798965454102 232.846878051758 253.825332641602 282.087432861328 304.555877685547 336.486175537109 374.835754394531 388.506622314453 397.777008056641 411.279724121094 427.328308105469 447.423156738281 494.585388183594 528.088195800781 584.896728515625 678.343078613281 733.151184082031 806.782470703125 874.823913574219 925.908508300781 974.629150390625 1001.38012695312 -9999 -9999 -9999 -9999 -9999 -9999 -9999 -9999 -9999 -9999 -9999 -9999 -9999 -9999 -9999 -9999 -9999 -9999 -9999 -9999 -9999 -9999 -9999
7.06009912490845 8.0099458694458 19.5068130493164 31.1048355102539 50.2426643371582 81.8581085205078 136.750244140625 178.776748657227 205.119583129883 223.209335327148 248.240356445312 280.768188476562 306.214935302734 341.342803955078 378.698760986328 391.723236083984 401.809600830078 416.786773681641 438.1005859375 460.338836669922 509.872711181641 553.429565429688 627.7451171875 697.579223632812 770.66796875 842.733703613281 909.117614746094 955.605407714844 995.235595703125 1016.14086914062 -9999 -9999 -9999 -9999 -9999 -9999 -9999 -9999 -9999 -9999 -9999 -9999 -9999 -9999 -9999 -9999 -9999 -9999 -9999 -9999 -9999 -9999 -9999
7.12607622146606 7.80726623535156 19.143087387085 30.8312702178955 50.062183380127 81.908317565918 133.211959838867 168.860656738281 189.442520141602 208.279830932617 242.855239868164 280.840850830078 310.335693359375 347.238708496094 381.308013916016 394.628723144531 408.050567626953 423.305633544922 445.925903320312 495.951080322266 535.980773925781 585.424133300781 670.545104980469 721.912109375 797.392761230469 870.907409667969 929.355041503906 978.9384765625 1012.50177001953 1036.64758300781 1048.26379394531 -9999 -9999 -9999 -9999 -9999 -9999 -9999 -9999 -9999 -9999 -9999 -9999 -9999 -9999 -9999 -9999 -9999 -9999 -9999 -9999 -9999 -9999
7.12489891052246 7.35053586959839 18.5966453552246 30.2946643829346 47.6571235656738 75.0785293579102 116.770523071289 145.077560424805 164.352493286133 192.228317260742 239.517227172852 282.266204833984 315.839477539062 357.34521484375 383.305877685547 397.588928222656 413.109130859375 429.657470703125 452.542541503906 506.335815429688 560.041015625 628.792541503906 690.029541015625 740.153259277344 820.620239257812 890.65380859375 941.9345703125 997.003356933594 1026.91735839844 1053.5419921875 1058.15625 -9999 -9999 -9999 -9999 -9999 -9999 -9999 -9999 -9999 -9999 -9999 -9999 -9999 -9999 -9999 -9999 -9999 -9999 -9999 -9999 -9999 -9999
7.09594202041626 6.50299978256226 17.4588851928711 28.8397922515869 41.2695655822754 63.9522476196289 88.0677947998047 114.197479248047 140.428665161133 181.369216918945 240.565002441406 286.393707275391 322.674774169922 362.198394775391 384.766906738281 400.557952880859 419.523284912109 437.301055908203 460.033874511719 520.994689941406 585.957580566406 668.614624023438 708.167053222656 769.580017089844 843.365661621094 906.237365722656 964.993408203125 1011.64440917969 1050.36364746094 1063.4150390625 -9999 -9999 -9999 -9999 -9999 -9999 -9999 -9999 -9999 -9999 -9999 -9999 -9999 -9999 -9999 -9999 -9999 -9999 -9999 -9999 -9999 -9999 -9999
7.21368980407715 6.08758306503296 16.2443885803223 26.2970352172852 34.1763572692871 49.813060760498 66.5217819213867 86.2536773681641 124.21019744873 180.521667480469 248.334259033203 289.286590576172 330.306304931641 363.112976074219 385.578674316406 404.335357666016 425.652160644531 448.233917236328 501.3818359375 554.268859863281 620.980529785156 691.265869140625 734.08740234375 788.397155761719 852.689575195312 911.347961425781 968.464172363281 1021.13818359375 1065.46801757812 1064.1044921875 -9999 -9999 -9999 -9999 -9999 -9999 -9999 -9999 -9999 -9999 -9999 -9999 -9999 -9999 -9999 -9999 -9999 -9999 -9999 -9999 -9999 -9999 -9999
7.39566993713379 6.45731687545776 14.591157913208 22.4023628234863 30.4948558807373 37.9152984619141 53.3736915588379 73.1664276123047 120.840751647949 190.137390136719 256.869537353516 297.778350830078 334.896911621094 363.263977050781 387.426208496094 413.5556640625 437.880645751953 483.417083740234 521.9072265625 584.294616699219 669.093994140625 708.538818359375 752.6572265625 798.249206542969 845.380432128906 892.16064453125 947.294738769531 1018.73913574219 1066.59130859375 1074.11352539062 -9999 -9999 -9999 -9999 -9999 -9999 -9999 -9999 -9999 -9999 -9999 -9999 -9999 -9999 -9999 -9999 -9999 -9999 -9999 -9999 -9999 -9999 -9999
7.48574590682983 7.24546718597412 12.6453485488892 19.3064460754395 27.4359073638916 33.4984664916992 48.9200210571289 73.416145324707 132.153839111328 210.313049316406 273.000244140625 307.461059570312 349.161071777344 364.890960693359 392.755859375 424.453643798828 452.276489257812 507.507141113281 561.172607421875 624.387084960938 691.266845703125 722.120178222656 761.646911621094 794.794311523438 835.638549804688 870.394287109375 930.303405761719 991.788696289062 1046.73840332031 1057.83581542969 -9999 -9999 -9999 -9999 -9999 -9999 -9999 -9999 -9999 -9999 -9999 -9999 -9999 -9999 -9999 -9999 -9999 -9999 -9999 -9999 -9999 -9999 -9999
7.35570192337036 7.53026008605957 10.6898069381714 16.9166679382324 24.440544128418 32.8150291442871 51.7037544250488 88.0833969116211 156.303756713867 236.080749511719 283.880310058594 320.476287841797 352.998931884766 370.007354736328 402.342071533203 435.917419433594 488.233306884766 533.192199707031 585.132995605469 658.174987792969 703.091491699219 726.15087890625 771.640686035156 797.924438476562 832.355163574219 867.607116699219 891.90380859375 945.260681152344 1002.66119384766 1047.75134277344 -9999 -9999 -9999 -9999 -9999 -9999 -9999 -9999 -9999 -9999 -9999 -9999 -9999 -9999 -9999 -9999 -9999 -9999 -9999 -9999 -9999 -9999 -9999
7.07227897644043 7.57807588577271 8.8497953414917 15.7322902679443 24.4573879241943 34.2531242370605 60.0634727478027 116.009635925293 193.507675170898 262.345336914062 297.367858886719 336.824737548828 358.239929199219 380.843170166016 417.485809326172 450.905212402344 505.353393554688 556.260070800781 608.459289550781 671.692565917969 708.816833496094 725.605346679688 756.578552246094 795.46630859375 824.354248046875 854.736022949219 881.571044921875 909.989868164062 929.069885253906 -9999 -9999 -9999 -9999 -9999 -9999 -9999 -9999 -9999 -9999 -9999 -9999 -9999 -9999 -9999 -9999 -9999 -9999 -9999 -9999 -9999 -9999 -9999 -9999
6.83591985702515 6.5033597946167 8.48081588745117 16.1737174987793 26.4708156585693 38.2029151916504 71.1708221435547 144.741226196289 227.565551757812 279.178558349609 314.056579589844 351.038238525391 366.388885498047 396.096008300781 429.401092529297 462.278656005859 526.270385742188 572.101989746094 634.052124023438 684.623229980469 714.869567871094 745.234741210938 762.800048828125 796.651000976562 810.107299804688 847.149597167969 882.819885253906 899.4638671875 894.81103515625 -9999 -9999 -9999 -9999 -9999 -9999 -9999 -9999 -9999 -9999 -9999 -9999 -9999 -9999 -9999 -9999 -9999 -9999 -9999 -9999 -9999 -9999 -9999 -9999
6.8170051574707 6.97826290130615 9.69759082794189 17.8806591033936 28.7432079315186 45.6078720092773 91.2970581054688 173.675186157227 248.988784790039 291.101135253906 330.696136474609 358.082397460938 376.559936523438 407.839477539062 441.558471679688 503.958435058594 551.370483398438 595.365966796875 671.966857910156 707.368103027344 739.8740234375 763.241333007812 790.51171875 819.659240722656 846.305969238281 866.495971679688 873.645202636719 883.107543945312 -9999 -9999 -9999 -9999 -9999 -9999 -9999 -9999 -9999 -9999 -9999 -9999 -9999 -9999 -9999 -9999 -9999 -9999 -9999 -9999 -9999 -9999 -9999 -9999 -9999
7.03575706481934 6.90365409851074 11.7972850799561 20.8024387359619 31.2010498046875 56.5632972717285 122.791046142578 208.688323974609 269.911865234375 306.554016113281 347.888122558594 365.846405029297 393.822937011719 422.766082763672 452.631866455078 519.325012207031 576.9345703125 649.343811035156 699.815979003906 736.436157226562 769.584289550781 793.468383789062 825.450073242188 850.285705566406 873.686096191406 885.504516601562 910.689208984375 915.141784667969 -9999 -9999 -9999 -9999 -9999 -9999 -9999 -9999 -9999 -9999 -9999 -9999 -9999 -9999 -9999 -9999 -9999 -9999 -9999 -9999 -9999 -9999 -9999 -9999 -9999
7.52266311645508 5.65327310562134 14.661003112793 25.1888885498047 38.348804473877 78.8747253417969 163.362548828125 245.017105102539 285.161254882812 335.598022460938 355.978302001953 377.465881347656 408.712463378906 437.19921875 498.258422851562 546.33251953125 607.514709472656 685.078491210938 731.888732910156 770.874450683594 804.532836914062 841.952453613281 866.0107421875 893.584899902344 902.697082519531 923.65869140625 925.782043457031 926.148010253906 -9999 -9999 -9999 -9999 -9999 -9999 -9999 -9999 -9999 -9999 -9999 -9999 -9999 -9999 -9999 -9999 -9999 -9999 -9999 -9999 -9999 -9999 -9999 -9999 -9999
4.94387102127075 8.94979286193848 18.3360538482666 29.6196460723877 52.5340614318848 123.21768951416 215.413757324219 268.663635253906 312.680969238281 349.404479980469 371.341156005859 403.459167480469 428.922607421875 471.081573486328 518.212585449219 577.117614746094 651.330444335938 702.565368652344 745.3076171875 792.026123046875 841.749877929688 873.887756347656 908.491577148438 927.048889160156 947.947570800781 951.955139160156 947.365356445312 -9999 -9999 -9999 -9999 -9999 -9999 -9999 -9999 -9999 -9999 -9999 -9999 -9999 -9999 -9999 -9999 -9999 -9999 -9999 -9999 -9999 -9999 -9999 -9999 -9999 -9999
5.29926490783691 12.1694555282593 22.4003562927246 34.5799865722656 77.4108352661133 174.132141113281 253.585510253906 299.155426025391 346.311889648438 368.247497558594 400.593414306641 425.036743164062 453.617889404297 508.190124511719 558.121643066406 605.19140625 682.334899902344 719.324890136719 763.164978027344 811.308532714844 855.0927734375 900.072631835938 929.915161132812 958.301818847656 968.628479003906 978.586120605469 -9999 -9999 -9999 -9999 -9999 -9999 -9999 -9999 -9999 -9999 -9999 -9999 -9999 -9999 -9999 -9999 -9999 -9999 -9999 -9999 -9999 -9999 -9999 -9999 -9999 -9999 -9999
6.8879280090332 15.3426742553711 27.4874572753906 48.312744140625 123.758499145508 222.454971313477 279.933135986328 340.464782714844 365.459381103516 396.658813476562 419.886383056641 448.093170166016 501.622344970703 534.994567871094 578.756286621094 644.218994140625 695.981323242188 737.829040527344 775.574584960938 819.005737304688 861.343383789062 911.889770507812 953.477172851562 979.945556640625 997.777404785156 -9999 -9999 -9999 -9999 -9999 -9999 -9999 -9999 -9999 -9999 -9999 -9999 -9999 -9999 -9999 -9999 -9999 -9999 -9999 -9999 -9999 -9999 -9999 -9999 -9999 -9999 -9999 -9999
8.31709480285645 19.3800315856934 31.9095935821533 77.7883987426758 183.109848022461 261.012908935547 314.531158447266 360.704681396484 388.533081054688 411.848693847656 437.379547119141 463.644409179688 513.297790527344 558.117065429688 598.375122070312 659.257446289062 703.133178710938 741.94287109375 785.845031738281 830.790710449219 870.077880859375 921.440185546875 965.716857910156 985.78515625 -9999 -9999 -9999 -9999 -9999 -9999 -9999 -9999 -9999 -9999 -9999 -9999 -9999 -9999 -9999 -9999 -9999 -9999 -9999 -9999 -9999 -9999 -9999 -9999 -9999 -9999 -9999 -9999 -9999
11.8141355514526 25.1190166473389 48.5809478759766 139.321487426758 240.49040222168 299.411285400391 351.748718261719 382.154846191406 398.514770507812 418.302032470703 447.1826171875 473.456756591797 527.658569335938 566.654907226562 607.203491210938 676.684936523438 707.029174804688 746.174743652344 793.410461425781 839.141906738281 883.781555175781 934.271545410156 973.07861328125 988.759399414062 -9999 -9999 -9999 -9999 -9999 -9999 -9999 -9999 -9999 -9999 -9999 -9999 -9999 -9999 -9999 -9999 -9999 -9999 -9999 -9999 -9999 -9999 -9999 -9999 -9999 -9999 -9999 -9999 -9999
15.5921936035156 29.1592597961426 87.8834075927734 207.972885131836 284.186309814453 340.625885009766 386.186767578125 392.458831787109 401.450927734375 420.274627685547 451.139831542969 499.874084472656 541.578369140625 579.035095214844 621.538146972656 679.6962890625 710.286682128906 748.206604003906 795.017639160156 845.315551757812 889.071044921875 941.053955078125 969.649475097656 -9999 -9999 -9999 -9999 -9999 -9999 -9999 -9999 -9999 -9999 -9999 -9999 -9999 -9999 -9999 -9999 -9999 -9999 -9999 -9999 -9999 -9999 -9999 -9999 -9999 -9999 -9999 -9999 -9999 -9999
19.7959403991699 40.5527229309082 138.729354858398 245.386260986328 326.498809814453 387.323577880859 399.540130615234 397.445678710938 401.559600830078 419.953521728516 451.474578857422 511.573547363281 554.129699707031 586.4736328125 634.563293457031 685.236145019531 711.158630371094 754.195251464844 798.022827148438 853.278930664062 912.662475585938 942.612060546875 -9999 -9999 -9999 -9999 -9999 -9999 -9999 -9999 -9999 -9999 -9999 -9999 -9999 -9999 -9999 -9999 -9999 -9999 -9999 -9999 -9999 -9999 -9999 -9999 -9999 -9999 -9999 -9999 -9999 -9999 -9999
24.1430969238281 54.4054946899414 179.583770751953 278.448547363281 370.297180175781 403.553314208984 408.179870605469 401.827270507812 401.801361083984 417.133483886719 452.657806396484 514.556030273438 564.741821289062 598.614318847656 646.215148925781 688.57666015625 713.279052734375 758.289855957031 796.277099609375 857.122741699219 920.953857421875 950.718444824219 -9999 -9999 -9999 -9999 -9999 -9999 -9999 -9999 -9999 -9999 -9999 -9999 -9999 -9999 -9999 -9999 -9999 -9999 -9999 -9999 -9999 -9999 -9999 -9999 -9999 -9999 -9999 -9999 -9999 -9999 -9999
