Rscript/monthly_maps/SnowDepthMapFile-q25-1989-12.asc
ncols 320 
nrows 361 
xllcorner 618410.159 
yllcorner 5088785.286 
cellsize 100 
NODATA_value -9999 
[rows 50 to 74 of 361, columns 112 to 167 of 320]
690.305755615234 686.018798828125 679.387084960938 676.817810058594 670.908416748047 664.455749511719 660.209716796875 641.111358642578 637.123260498047 609.763031005859 598.360717773438 591.789520263672 595.073272705078 612.528594970703 638.456756591797 642.317443847656 645.556335449219 649.601776123047 646.497497558594 632.608032226562 619.766204833984 600.963104248047 575.356048583984 564.623138427734 555.664154052734 553.560272216797 553.674011230469 554.2138671875 553.051696777344 547.634246826172 536.9970703125 524.450958251953 515.268249511719 514.474304199219 513.459533691406 513.679260253906 513.216003417969 512.428894042969 511.351989746094 513.071670532227 516.771697998047 515.425750732422 504.130981445312 496.466461181641 456.448043823242 431.911849975586 400.232833862305 353.308853149414 273.540191650391 241.056076049805 226.217185974121 212.248596191406 207.990234375 206.652206420898 157.301979064941 138.970314025879
714.180603027344 684.639434814453 682.291137695312 680.170135498047 676.282745361328 670.073333740234 660.867828369141 644.389556884766 642.529479980469 635.739013671875 612.327178955078 603.350891113281 587.619445800781 605.743804931641 611.476684570312 614.521728515625 637.649749755859 642.517730712891 637.218353271484 647.012512207031 643.364227294922 605.869140625 586.054534912109 567.765625 556.007598876953 549.930908203125 540.485900878906 537.941436767578 538.434051513672 541.768890380859 539.913391113281 531.820495605469 526.468017578125 520.582458496094 517.986389160156 518.730987548828 521.144775390625 521.720092773438 525.059936523438 525.880249023438 523.735260009766 515.377197265625 495.695419311523 478.410400390625 460.791687011719 432.356430053711 421.673721313477 365.46533203125 299.232513427734 252.09521484375 240.576736450195 224.37589263916 211.965972900391 203.090629577637 182.064491271973 144.866744995117
710.072235107422 701.630310058594 696.749603271484 680.922088623047 678.419342041016 672.279144287109 665.801147460938 655.4326171875 651.58935546875 639.047454833984 634.760192871094 608.844268798828 604.060028076172 587.982086181641 602.262176513672 589.128540039062 592.574127197266 609.390899658203 615.485015869141 616.85498046875 620.265106201172 607.615112304688 603.281646728516 594.511566162109 578.363830566406 567.077728271484 554.162628173828 540.048004150391 531.659057617188 529.919464111328 530.951080322266 529.226593017578 524.701843261719 522.930480957031 522.71044921875 525.461639404297 531.982543945312 540.115875244141 541.403991699219 538.035675048828 520.604064941406 505.282974243164 491.743927001953 485.74641418457 469.647552490234 457.341583251953 432.469772338867 402.790710449219 321.092147827148 282.521438598633 251.195472717285 236.047676086426 218.244720458984 197.995010375977 179.92781829834 146.057456970215
702.429779052734 701.753723144531 698.294677734375 701.892761230469 701.559173583984 691.539276123047 681.536804199219 656.444763183594 652.561920166016 648.481262207031 639.841003417969 636.194702148438 614.281127929688 607.171264648438 590.207000732422 592.038238525391 576.893585205078 577.495727539062 582.187103271484 582.758819580078 583.657562255859 582.337310791016 604.257110595703 585.243041992188 606.021484375 591.395538330078 589.575103759766 568.079956054688 551.771759033203 540.740203857422 538.069396972656 534.349273681641 531.369232177734 531.2783203125 534.284423828125 541.694641113281 545.953094482422 548.723724365234 545.991882324219 530.100982666016 516.479095458984 499.863510131836 491.47119140625 498.014175415039 485.910827636719 472.361679077148 444.703018188477 420.59782409668 371.796829223633 303.094680786133 266.291076660156 242.305252075195 216.457427978516 187.539283752441 160.628089904785 141.665985107422
716.788055419922 711.747955322266 711.202270507812 713.306884765625 709.826568603516 706.391326904297 694.537109375 683.113098144531 652.189758300781 645.602630615234 643.601806640625 640.442626953125 635.951995849609 617.124237060547 610.740447998047 603.023620605469 600.837829589844 578.552307128906 562.296478271484 561.542846679688 551.053253173828 550.550140380859 554.640930175781 576.639007568359 581.649261474609 604.501831054688 584.208892822266 580.3486328125 568.880065917969 562.436004638672 567.019561767578 564.203735351562 562.260711669922 559.682647705078 558.948486328125 558.5771484375 557.157623291016 554.379272460938 547.176116943359 528.9697265625 516.436981201172 511.121627807617 508.272354125977 505.706344604492 502.517639160156 484.82096862793 461.317825317383 436.481369018555 408.817749023438 322.596481323242 269.406234741211 237.879806518555 204.676528930664 178.045051574707 153.225929260254 138.522727966309
755.100555419922 732.488861083984 727.244995117188 732.867553710938 727.337951660156 721.212493896484 709.767913818359 688.248504638672 664.092559814453 645.747222900391 641.65283203125 638.550872802734 634.126495361328 619.594390869141 615.417694091797 609.943908691406 601.019561767578 579.910400390625 579.077484130859 563.385711669922 573.408996582031 552.82275390625 552.900146484375 571.387176513672 575.248687744141 573.768218994141 575.449462890625 558.305419921875 552.921081542969 553.1201171875 532.196868896484 531.798370361328 542.382446289062 547.378784179688 548.103454589844 548.874908447266 560.851135253906 557.360382080078 549.520660400391 530.887176513672 517.449859619141 517.581787109375 515.384948730469 514.068695068359 513.736236572266 503.975860595703 480.840560913086 445.885681152344 411.950088500977 347.145050048828 267.026153564453 231.400848388672 202.525588989258 167.373840332031 151.183937072754 139.327003479004
785.585479736328 760.545959472656 752.721008300781 748.595672607422 749.382202148438 733.612762451172 714.504730224609 689.707183837891 654.892303466797 641.2060546875 625.43408203125 622.334014892578 617.473968505859 616.213958740234 612.131713867188 606.396087646484 603.005523681641 594.565643310547 579.029388427734 580.5908203125 580.091400146484 580.173461914062 580.091064453125 579.479278564453 573.443298339844 557.742218017578 549.139129638672 532.275451660156 519.388946533203 513.515563964844 508.964920043945 506.095962524414 509.23323059082 513.636566162109 538.321197509766 540.253692626953 544.707183837891 545.99169921875 541.368927001953 526.867126464844 505.113204956055 505.223968505859 521.639373779297 518.974700927734 489.384735107422 464.446182250977 455.704635620117 427.483245849609 415.732574462891 365.688598632812 269.945007324219 229.880645751953 203.25178527832 173.58228302002 160.699508666992 141.121856689453
812.218475341797 784.424041748047 771.073211669922 763.817108154297 753.165161132812 732.128997802734 715.193054199219 663.771026611328 649.981964111328 630.244293212891 620.649200439453 616.055145263672 613.192077636719 609.241943359375 605.245727539062 605.239868164062 602.409576416016 602.407073974609 601.241638183594 599.715454101562 583.147003173828 584.550231933594 586.509460449219 585.066528320312 578.699432373047 567.890228271484 548.526336669922 530.602905273438 506.55305480957 487.098937988281 472.966003417969 467.364944458008 464.803329467773 469.187866210938 476.23193359375 495.687911987305 503.582458496094 509.899383544922 508.946060180664 499.348785400391 499.288925170898 497.04573059082 490.241836547852 481.997177124023 453.492309570312 446.837768554688 422.945663452148 416.109512329102 395.542694091797 359.336929321289 266.251678466797 228.458068847656 206.85115814209 179.543243408203 162.685096740723 147.264839172363
849.553588867188 816.217529296875 785.873291015625 770.018585205078 750.678833007812 728.939239501953 697.827545166016 663.310241699219 649.043304443359 629.094329833984 619.645599365234 612.571502685547 610.121459960938 606.16259765625 603.880615234375 604.027801513672 604.691375732422 607.951904296875 605.841247558594 604.092529296875 602.891571044922 599.717468261719 587.831848144531 585.296051025391 577.480163574219 552.114593505859 547.248352050781 540.937774658203 514.046722412109 499.48567199707 488.609237670898 485.684417724609 481.048248291016 475.801513671875 466.343017578125 484.539962768555 491.867080688477 494.831039428711 492.401763916016 493.806091308594 488.0986328125 456.77880859375 444.290374755859 438.831283569336 408.777618408203 389.129089355469 382.194793701172 369.420333862305 369.041244506836 315.222320556641 260.491088867188 229.40128326416 200.443473815918 187.372917175293 166.192504882812 150.789352416992
835.250427246094 849.607391357422 819.679229736328 779.988861083984 751.887176513672 720.320587158203 695.315673828125 660.981475830078 650.222229003906 632.561950683594 625.996337890625 618.423828125 615.056365966797 615.165191650391 615.677551269531 614.278625488281 612.642730712891 609.603790283203 608.670623779297 606.799468994141 603.283813476562 588.568359375 585.433044433594 577.292449951172 558.411102294922 551.936767578125 547.392303466797 539.795623779297 540.812286376953 511.736221313477 505.243896484375 498.461471557617 518.482330322266 497.1611328125 490.156845092773 491.845596313477 498.329391479492 504.184829711914 497.621368408203 493.057510375977 461.768905639648 445.889877319336 419.350952148438 398.833465576172 380.807174682617 354.569839477539 348.928070068359 331.058853149414 279.610824584961 248.634231567383 226.358100891113 218.914070129395 198.483894348145 179.283699035645 168.664779663086 153.579452514648
780.263977050781 824.986938476562 856.981292724609 818.559509277344 762.116180419922 725.442047119141 695.894836425781 682.623138427734 666.523590087891 640.589874267578 633.65283203125 630.88427734375 627.539123535156 612.395172119141 613.277496337891 613.859924316406 615.889587402344 615.914978027344 611.598907470703 606.152130126953 587.090240478516 586.155883789062 580.999206542969 575.915252685547 554.356567382812 552.722045898438 550.634033203125 550.865142822266 547.503387451172 543.195648193359 541.452392578125 537.874237060547 530.789337158203 523.284423828125 503.738052368164 505.164184570312 523.490325927734 525.701293945312 505.138412475586 492.579162597656 459.521545410156 445.421127319336 414.559539794922 388.770294189453 372.930435180664 344.828186035156 301.170379638672 244.021369934082 212.911727905273 202.994277954102 197.440826416016 194.33226776123 188.911468505859 180.166656494141 166.574287414551 149.114974975586
736.294494628906 743.283813476562 771.903167724609 767.703552246094 801.701721191406 755.795593261719 709.8408203125 687.090728759766 669.895721435547 670.253662109375 668.331268310547 663.188842773438 648.238983154297 636.807647705078 622.804351806641 624.702423095703 622.300750732422 616.263458251953 601.937286376953 584.737731933594 582.6572265625 576.331726074219 575.998596191406 556.002685546875 549.042572021484 551.864440917969 548.473358154297 552.093139648438 549.053955078125 543.558227539062 536.359527587891 512.012329101562 497.983123779297 502.009811401367 496.7421875 499.806823730469 508.16032409668 508.241241455078 495.235473632812 482.260162353516 454.768859863281 427.165252685547 406.747756958008 384.446716308594 364.196060180664 287.415237426758 249.022811889648 215.433860778809 200.241661071777 190.192657470703 180.933799743652 176.733406066895 174.371353149414 169.76131439209 158.647964477539 146.554916381836
713.000030517578 710.380920410156 714.804168701172 735.352325439453 764.696411132812 763.217407226562 755.922668457031 714.731323242188 694.025543212891 685.935913085938 683.021820068359 674.559173583984 660.722839355469 632.605163574219 628.288146972656 624.059234619141 609.034515380859 603.352996826172 585.449005126953 577.621368408203 566.868621826172 552.817596435547 545.402770996094 548.113220214844 544.345428466797 543.961761474609 544.617126464844 542.375701904297 537.011901855469 512.445785522461 496.550170898438 491.298385620117 472.497344970703 476.725677490234 477.832412719727 481.643997192383 487.927093505859 490.064758300781 485.255035400391 452.846008300781 446.323165893555 419.81575012207 409.349899291992 377.677215576172 316.445831298828 266.283401489258 235.164474487305 211.568725585938 190.837715148926 175.67032623291 171.044570922852 165.475723266602 160.211860656738 155.14714050293 146.790344238281 141.094413757324
711.167816162109 691.220153808594 684.737731933594 683.660675048828 704.777160644531 732.033813476562 709.639739990234 755.564300537109 724.85009765625 707.700286865234 695.142761230469 684.258178710938 655.355285644531 629.049011230469 614.261688232422 608.457977294922 589.059631347656 583.592712402344 578.322357177734 554.376190185547 547.016326904297 545.472747802734 537.264343261719 513.156341552734 506.94645690918 503.201080322266 499.338592529297 494.680358886719 486.572189331055 457.838241577148 447.278656005859 438.333572387695 447.614562988281 431.978652954102 430.784530639648 437.541046142578 443.147598266602 443.572250366211 439.130325317383 445.771286010742 441.5947265625 415.071136474609 410.369842529297 353.961059570312 290.857681274414 273.872833251953 241.468757629395 212.532737731934 192.305931091309 175.007843017578 163.1640625 158.000015258789 153.236518859863 152.478950500488 140.945610046387 136.483421325684
706.13427734375 689.954162597656 677.950775146484 668.430084228516 650.265380859375 655.234313964844 681.909698486328 704.824371337891 681.663970947266 682.998260498047 693.222900390625 651.528015136719 629.438293457031 615.539642333984 603.688568115234 590.577301025391 585.046905517578 578.431976318359 577.714385986328 555.569641113281 552.774932861328 544.555908203125 522.659545898438 514.302185058594 509.178100585938 492.971252441406 485.721328735352 465.663803100586 456.349273681641 458.220825195312 454.211410522461 439.04524230957 432.657333374023 433.770492553711 437.829849243164 429.173553466797 420.394073486328 423.660400390625 437.376663208008 442.27507019043 442.068283081055 418.935455322266 406.082015991211 349.741882324219 293.738708496094 276.914138793945 241.985412597656 231.807334899902 200.336837768555 183.02912902832 173.136100769043 161.582763671875 151.065223693848 146.207443237305 138.378578186035 133.969261169434
692.66552734375 679.766143798828 673.607513427734 667.218170166016 644.417449951172 626.244140625 627.018798828125 647.710021972656 671.249176025391 684.731811523438 675.564697265625 650.417999267578 625.480529785156 610.882629394531 593.471984863281 588.713989257812 585.037139892578 583.574096679688 580.799499511719 562.028656005859 557.601684570312 544.951202392578 540.156646728516 532.702239990234 529.000579833984 517.277984619141 504.202438354492 504.004302978516 493.637908935547 465.454406738281 457.450134277344 457.037902832031 454.647323608398 441.488098144531 452.749786376953 444.592163085938 431.100234985352 434.589004516602 442.764053344727 448.226348876953 440.484603881836 427.836502075195 394.574600219727 327.814651489258 294.546020507812 287.944244384766 246.901824951172 238.516403198242 207.96688079834 192.914192199707 180.275169372559 166.102745056152 150.818603515625 140.326591491699 135.387939453125 135.08179473877
675.15283203125 670.156127929688 667.451751708984 664.279235839844 643.714813232422 639.213653564453 636.596313476562 622.523376464844 647.754211425781 674.397186279297 685.170654296875 670.223083496094 632.144073486328 606.797210693359 596.15966796875 589.952087402344 592.695220947266 592.470916748047 586.324829101562 567.629730224609 553.827484130859 555.707916259766 554.1962890625 550.574462890625 543.521667480469 533.431060791016 526.546691894531 514.691864013672 508.857299804688 514.080017089844 506.616851806641 497.009216308594 489.673461914062 485.420944213867 478.317443847656 465.081359863281 450.576568603516 454.817535400391 468.714569091797 477.562606811523 456.922729492188 445.061645507812 417.766235351562 355.083129882812 307.450149536133 291.442321777344 248.882774353027 239.075973510742 209.541526794434 203.703193664551 192.168388366699 177.757255554199 162.705497741699 145.02400970459 140.204612731934 138.81201171875
656.022674560547 655.228149414062 662.618591308594 640.002563476562 643.483947753906 626.874206542969 622.102416992188 623.262115478516 627.990112304688 663.512298583984 682.291198730469 694.181243896484 664.146850585938 609.639129638672 593.741485595703 589.782165527344 591.992584228516 590.836395263672 583.923248291016 568.545379638672 554.111450195312 541.373352050781 536.40283203125 534.278442382812 530.392395019531 524.599365234375 516.020538330078 512.247619628906 509.275238037109 500.991409301758 493.737579345703 488.848693847656 485.82258605957 482.808471679688 482.669403076172 482.428527832031 480.51806640625 482.704696655273 486.496170043945 481.671325683594 459.598602294922 446.770629882812 421.465835571289 362.021026611328 313.050384521484 291.635055541992 256.355674743652 239.640609741211 214.714515686035 203.607376098633 194.668762207031 183.45191192627 171.322189331055 155.59114074707 150.507019042969 142.146141052246
648.234100341797 644.734283447266 645.611114501953 640.642608642578 627.7744140625 637.883331298828 633.610626220703 615.3720703125 616.163909912109 618.724487304688 647.933441162109 674.785797119141 690.856964111328 646.239196777344 622.962493896484 613.3515625 606.351806640625 602.202880859375 594.491271972656 581.703094482422 562.349304199219 549.216918945312 543.000274658203 534.950408935547 534.620422363281 527.458831787109 514.993896484375 503.435119628906 495.992279052734 492.831573486328 490.832885742188 487.402679443359 483.377807617188 483.009063720703 485.083297729492 486.142974853516 486.974411010742 491.73664855957 493.307250976562 484.987594604492 465.423049926758 451.357360839844 426.741607666016 379.883087158203 316.925018310547 291.938323974609 259.486465454102 235.953140258789 217.26927947998 207.798950195312 201.233901977539 193.630355834961 182.97583770752 170.394805908203 163.471923828125 159.299964904785
640.743499755859 627.453186035156 627.480560302734 636.404449462891 623.003387451172 611.093872070312 613.819122314453 609.189727783203 592.331115722656 580.491088867188 607.780364990234 629.366516113281 666.371215820312 680.577545166016 660.548522949219 637.253570556641 613.914733886719 604.407989501953 600.235260009766 594.842681884766 584.577026367188 574.753814697266 569.828552246094 560.216705322266 552.797485351562 538.667877197266 524.744445800781 503.724594116211 495.802642822266 493.610321044922 495.347991943359 492.485931396484 486.563827514648 486.354049682617 489.568969726562 493.286895751953 495.470718383789 497.163818359375 496.325790405273 486.738189697266 474.222366333008 454.488967895508 435.793792724609 400.412643432617 333.731994628906 294.417694091797 260.58137512207 241.765296936035 225.558410644531 215.66478729248 210.980918884277 203.782676696777 192.294258117676 178.744331359863 171.01579284668 166.160186767578
626.768585205078 613.126190185547 614.465515136719 613.790771484375 610.657623291016 608.280578613281 609.082580566406 591.793273925781 576.546600341797 560.569549560547 552.934692382812 565.313720703125 619.487182617188 666.377136230469 689.239166259766 683.06640625 664.833953857422 642.121826171875 629.890747070312 623.276458740234 614.004516601562 602.657135009766 593.7705078125 572.156066894531 569.672637939453 568.727142333984 548.687438964844 525.802825927734 513.617492675781 512.632675170898 506.493347167969 503.321884155273 498.110488891602 496.786437988281 501.303070068359 509.761001586914 508.886383056641 508.156036376953 500.578811645508 489.790374755859 469.868835449219 458.70964050293 441.824203491211 424.461441040039 356.354034423828 303.603988647461 259.433441162109 245.781448364258 233.537437438965 224.406555175781 215.840797424316 207.398712158203 194.471298217773 183.185256958008 173.791641235352 171.288681030273
613.324035644531 615.755493164062 608.044769287109 594.642822265625 593.172637939453 588.317718505859 601.502349853516 587.249694824219 578.339385986328 557.105682373047 533.333343505859 531.401672363281 553.208129882812 609.173828125 647.996459960938 692.139739990234 694.806182861328 692.454803466797 671.780242919922 658.929260253906 645.617645263672 631.277069091797 604.318023681641 589.975463867188 594.076141357422 594.287933349609 575.919372558594 568.210968017578 567.128051757812 565.004943847656 544.402130126953 523.173248291016 517.690765380859 515.818115234375 520.130859375 524.973815917969 523.427795410156 521.878540039062 515.263946533203 502.419372558594 482.854797363281 462.404708862305 449.509552001953 434.3349609375 390.085388183594 309.932769775391 279.558929443359 254.718940734863 245.007553100586 234.461814880371 223.810684204102 213.36954498291 201.367477416992 190.178443908691 182.812408447266 176.14591217041
614.711578369141 609.681091308594 605.902404785156 594.342987060547 592.236541748047 602.476226806641 593.430297851562 574.697174072266 578.04931640625 557.301940917969 544.988189697266 520.980529785156 511.029266357422 523.312347412109 560.163787841797 617.210296630859 667.861206054688 714.152099609375 700.653869628906 684.119781494141 665.186218261719 643.939910888672 627.370208740234 622.615234375 623.945007324219 613.753051757812 616.884216308594 623.988647460938 622.739379882812 602.240905761719 564.336486816406 534.580230712891 524.939331054688 522.509124755859 526.130432128906 528.22509765625 527.036041259766 530.395416259766 531.182464599609 525.366790771484 496.141647338867 475.421401977539 457.147720336914 441.638076782227 416.18766784668 351.346557617188 306.345062255859 276.305236816406 257.008056640625 247.708442687988 239.951881408691 231.445320129395 221.704292297363 207.514961242676 193.670257568359 186.500358581543
608.610473632812 595.439239501953 594.524932861328 604.960723876953 602.035675048828 592.766265869141 598.175567626953 580.1083984375 576.797454833984 557.938537597656 542.781616210938 522.765075683594 490.705749511719 489.044052124023 495.209915161133 530.350616455078 590.550201416016 649.064910888672 647.470642089844 667.956420898438 685.483093261719 654.732086181641 660.750854492188 654.953765869141 644.924346923828 658.207611083984 642.960571289062 656.201690673828 636.252197265625 604.333648681641 575.398559570312 547.548583984375 530.718963623047 522.273040771484 520.847320556641 521.553070068359 528.012390136719 538.657501220703 548.625854492188 529.824432373047 505.042785644531 485.795059204102 464.929794311523 444.793441772461 432.821624755859 399.076110839844 337.241928100586 307.680526733398 285.573684692383 269.239410400391 259.003570556641 255.787788391113 243.189086914062 225.949554443359 209.571556091309 198.434837341309
603.2373046875 601.923553466797 602.41064453125 601.376190185547 601.977294921875 601.707824707031 586.231964111328 580.805450439453 577.066925048828 562.377532958984 548.585418701172 528.059875488281 510.688995361328 485.138000488281 463.279342651367 489.574691772461 526.201446533203 586.674224853516 620.504516601562 641.09326171875 651.527435302734 650.166534423828 676.621124267578 657.929290771484 656.878723144531 657.263854980469 620.532440185547 619.344604492188 617.476409912109 609.390838623047 605.125091552734 587.269775390625 571.769836425781 550.458831787109 540.656372070312 532.142059326172 540.586639404297 553.911682128906 550.766357421875 531.159027099609 516.112823486328 492.680191040039 474.252288818359 452.677886962891 440.297790527344 430.067489624023 389.94010925293 342.334884643555 316.795562744141 304.973510742188 289.489044189453 267.184646606445 256.76237487793 236.372611999512 222.483108520508 209.489639282227
