Rscript/monthly_maps/SnowDepthMapFile-sd-1989-06.asc
ncols 320 
nrows 361 
xllcorner 618410.159 
yllcorner 5088785.286 
cellsize 100 
NODATA_value -9999 
[rows 29 to 57 of 361, columns 66 to 131 of 320]
-9999 -9999 -9999 -9999 -9999 -9999 -9999 -9999 -9999 -9999 -9999 -9999 -9999 -9999 -9999 -9999 -9999 -9999 -9999 -9999 -9999 -9999 -9999 -9999 -9999 -9999 -9999 -9999 -9999 -9999 -9999 -9999 -9999 -9999 -9999 -9999 -9999 -9999 -9999 -9999 -9999 -9999 -9999 -9999 -9999 -9999 -9999 -9999 347.403496412414 346.751312758857 351.157646937693 347.731220670726 343.070623543498 340.344466911243 333.119740684396 327.083037317626 330.111637632859 326.698491322711 322.578999235851 321.356494411066 318.890526613395 312.818482554819 304.240348275554 291.420129112619 286.678833561126 285.692644147775
-9999 -9999 -9999 -9999 -9999 -9999 -9999 -9999 -9999 -9999 -9999 -9999 -9999 -9999 -9999 -9999 -9999 -9999 -9999 -9999 -9999 -9999 -9999 -9999 -9999 -9999 -9999 -9999 -9999 -9999 -9999 -9999 -9999 -9999 -9999 -9999 -9999 -9999 -9999 -9999 -9999 -9999 -9999 -9999 -9999 -9999 351.51190426255 351.263018603049 347.962390227495 340.914216278886 338.487614238465 340.365829104257 339.42829918083 337.439056969524 333.186194316349 333.066907353575 329.698013789017 325.344526047744 323.621386346116 322.4330756736 320.505428021743 315.820946317871 306.151860600349 297.924743964464 289.551410726138 285.475072239699
-9999 -9999 -9999 -9999 -9999 -9999 -9999 -9999 -9999 -9999 -9999 -9999 -9999 -9999 -9999 -9999 -9999 -9999 -9999 -9999 -9999 -9999 -9999 -9999 -9999 -9999 -9999 -9999 -9999 -9999 -9999 -9999 -9999 -9999 -9999 -9999 -9999 -9999 -9999 -9999 -9999 -9999 -9999 -9999 -9999 342.554414678327 347.97574689528 346.88319323844 341.259014794199 331.600755397674 325.885658555967 324.685161631913 328.581457175737 328.283280632197 328.64021686343 326.143863249231 323.459311850504 321.668694285446 321.855135290458 321.908716765638 321.605972476872 317.984352272346 311.945701273498 304.267412345202 298.017233422844 290.840600310961
-9999 -9999 -9999 -9999 -9999 -9999 -9999 -9999 -9999 -9999 -9999 -9999 -9999 -9999 -9999 -9999 -9999 -9999 -9999 -9999 -9999 -9999 -9999 -9999 -9999 -9999 -9999 -9999 -9999 -9999 -9999 -9999 -9999 -9999 -9999 -9999 -9999 -9999 -9999 -9999 -9999 -9999 -9999 -9999 347.197892185864 341.040637916417 338.689847216796 341.076632596843 340.724076795171 334.203641568398 326.943188399183 317.870676386304 315.980119766555 312.873755969804 310.28647324188 311.077691530956 310.061407293484 310.51350214799 310.815684405345 311.870640240996 315.810241351978 318.643981299756 314.055721138251 311.19226250398 307.405233164616 304.408244506368
-9999 -9999 -9999 -9999 -9999 -9999 -9999 -9999 -9999 -9999 -9999 -9999 -9999 -9999 -9999 -9999 -9999 -9999 -9999 -9999 -9999 -9999 -9999 -9999 -9999 -9999 -9999 -9999 -9999 -9999 -9999 -9999 -9999 -9999 -9999 -9999 -9999 -9999 -9999 -9999 -9999 -9999 -9999 -9999 -9999 330.976151529226 334.303873563389 332.476615971977 334.581672044286 333.634502862698 326.366791037657 316.013574426393 307.261695667731 297.553993253816 294.918007760383 294.017306272254 293.2910707281 292.360038069141 291.696420455007 291.721702121882 295.06039585133 303.3605973947 308.894181866936 311.592146869084 307.838486566074 307.56292985802
-9999 -9999 -9999 -9999 -9999 -9999 -9999 -9999 -9999 -9999 -9999 -9999 -9999 -9999 -9999 -9999 -9999 -9999 -9999 -9999 -9999 -9999 -9999 -9999 -9999 -9999 -9999 -9999 -9999 -9999 -9999 -9999 -9999 -9999 -9999 -9999 -9999 -9999 -9999 -9999 -9999 -9999 -9999 -9999 346.726702449841 339.755350686867 331.50078411475 326.307560645733 324.963575250478 323.839148640353 322.639611347795 315.614476308737 308.586733151359 297.016366818477 291.779159959444 289.00286288809 285.804982963835 280.865082764673 275.11799424298 271.301352178789 270.550875844146 274.105530128387 287.588461662284 291.837904625636 294.756686013778 300.252611247167
-9999 -9999 -9999 -9999 -9999 -9999 -9999 -9999 -9999 -9999 -9999 -9999 -9999 -9999 -9999 -9999 -9999 -9999 -9999 -9999 -9999 -9999 -9999 -9999 -9999 -9999 -9999 -9999 -9999 -9999 -9999 -9999 -9999 -9999 -9999 -9999 -9999 -9999 -9999 -9999 -9999 -9999 -9999 -9999 -9999 344.116864513717 331.130304208112 323.723921446996 321.578568202173 315.310871171291 313.249535344685 311.152515148636 308.79783328253 303.359861227229 297.204876801299 291.213783073675 288.250164725488 284.526973007153 281.210906347036 270.032668649361 262.816989426215 258.273053142322 262.543471035858 267.513291354698 270.897796749629 274.856735923238
-9999 -9999 -9999 -9999 -9999 -9999 -9999 -9999 -9999 -9999 -9999 -9999 -9999 -9999 -9999 -9999 -9999 -9999 -9999 -9999 -9999 -9999 -9999 -9999 -9999 -9999 -9999 -9999 -9999 -9999 -9999 -9999 -9999 -9999 -9999 -9999 -9999 -9999 -9999 -9999 -9999 -9999 -9999 -9999 -9999 341.977134982822 338.259077347951 327.890018155872 320.398071638197 312.675218517595 309.570599461706 307.951086769376 305.672010442047 301.199535545493 298.384624534378 292.390373032821 288.017695754793 285.326010303064 283.092486685069 279.627224460503 268.52994141264 261.84299598971 257.274141934394 257.80501679719 260.326650915207 262.711367990891
-9999 -9999 -9999 -9999 -9999 -9999 -9999 -9999 -9999 -9999 -9999 -9999 -9999 -9999 -9999 -9999 -9999 -9999 -9999 -9999 -9999 -9999 -9999 -9999 -9999 -9999 -9999 -9999 -9999 -9999 -9999 -9999 -9999 -9999 -9999 -9999 -9999 -9999 -9999 -9999 -9999 -9999 -9999 352.810410993061 355.108627283169 353.697555580485 347.443780081339 336.273376865793 323.434880873113 315.153937581321 310.756759313727 309.213349475999 306.639296164307 302.061960369371 298.114851609071 294.992156058662 290.585229762743 285.52404652314 281.658228678483 278.548549622321 275.39081883389 265.556962283224 261.699724420328 260.065787911991 260.642630544697 261.573481897782
-9999 -9999 -9999 -9999 -9999 -9999 -9999 -9999 -9999 -9999 -9999 -9999 -9999 -9999 -9999 -9999 -9999 -9999 -9999 -9999 -9999 -9999 -9999 -9999 -9999 -9999 -9999 -9999 -9999 -9999 -9999 -9999 -9999 -9999 -9999 -9999 -9999 -9999 -9999 -9999 -9999 -9999 352.266140335291 349.262748837987 348.712246682523 351.53752063608 351.612829544754 339.276698707579 331.156993124375 322.662403903234 316.717884611555 310.600755540351 306.612795501701 301.221250419367 298.604253076503 295.383930892058 289.654643567509 285.736430871864 280.422573646261 274.374054330896 265.907800166593 264.894519238226 261.135030067878 260.174427626514 260.716816796667 261.222414234031
-9999 -9999 -9999 -9999 -9999 -9999 -9999 -9999 -9999 -9999 -9999 -9999 -9999 -9999 -9999 -9999 -9999 -9999 -9999 -9999 -9999 -9999 -9999 -9999 -9999 -9999 -9999 -9999 -9999 -9999 -9999 -9999 -9999 -9999 -9999 -9999 -9999 -9999 -9999 -9999 -9999 -9999 353.212551499607 343.694640424252 338.8920612787 348.83236977154 349.00986765093 347.183769909481 340.310654581428 330.395862458561 321.569946896712 312.278738355193 305.553633198274 297.906373453932 291.845482745927 288.692207131904 286.316048630673 282.017344145256 273.236349142212 263.741856773034 258.342329640489 256.79832164112 255.211905395467 255.026077124471 256.693655157778 257.932386183223
-9999 -9999 -9999 -9999 -9999 -9999 -9999 -9999 -9999 -9999 -9999 -9999 -9999 -9999 -9999 -9999 -9999 -9999 -9999 -9999 -9999 -9999 -9999 -9999 -9999 -9999 -9999 -9999 -9999 -9999 -9999 -9999 -9999 -9999 -9999 -9999 -9999 -9999 -9999 -9999 333.857564522301 333.339639274905 338.806450335011 337.946914937158 335.975504154283 336.835479659683 348.479620480498 350.272077911693 349.981072577119 341.077670146864 332.478196464008 320.400616154123 306.02920541956 289.174596983019 279.519388836245 274.951144743966 272.287187606166 270.591488399446 260.976047746841 247.431214695845 239.849859695434 238.260857627879 236.967947419799 237.047448342904 238.936356502649 242.448192890482
-9999 -9999 -9999 -9999 -9999 -9999 -9999 -9999 -9999 -9999 -9999 -9999 -9999 -9999 -9999 -9999 -9999 -9999 -9999 -9999 -9999 -9999 -9999 -9999 -9999 -9999 -9999 -9999 -9999 -9999 -9999 -9999 -9999 -9999 -9999 -9999 -9999 -9999 -9999 -9999 336.176677598805 331.107689540008 326.09926278322 338.749196883819 333.872888303314 330.876649934043 334.881061164447 346.008035545405 352.993242331022 349.583414736351 342.189661235171 338.958273925684 319.168580620204 288.628926605268 264.476183943209 255.530263529573 257.244488166585 259.477817820205 249.893224643401 235.83043688016 230.810654722321 227.1928281764 218.538415380419 215.026527891212 213.525909679303 216.936316993277
-9999 -9999 -9999 -9999 -9999 -9999 -9999 -9999 -9999 -9999 -9999 -9999 -9999 -9999 -9999 -9999 -9999 -9999 -9999 -9999 -9999 -9999 -9999 -9999 -9999 -9999 -9999 -9999 -9999 -9999 -9999 -9999 -9999 -9999 -9999 -9999 -9999 -9999 -9999 346.211113172386 344.405511947389 327.3954870541 323.469808400462 329.95455352885 328.761824562097 326.492481062063 320.171513263533 329.652499464495 334.283942269198 343.346133404292 347.40513274984 347.226897263255 330.274567922987 305.611711625163 267.300057662433 246.016771260058 244.211963539396 243.895201253824 235.953334530562 228.211319788039 221.382397969717 225.896088016646 220.91883950068 214.327345615735 209.588678036539 204.316685764216
-9999 -9999 -9999 -9999 -9999 -9999 -9999 -9999 -9999 -9999 -9999 -9999 -9999 -9999 -9999 -9999 -9999 -9999 -9999 -9999 -9999 -9999 -9999 -9999 -9999 -9999 -9999 -9999 -9999 -9999 -9999 -9999 -9999 -9999 -9999 -9999 357.039736335391 357.978495789672 349.523921661899 340.54059107382 326.084980497945 316.336754144164 318.754575769302 322.428350391985 324.45184338715 314.936713045445 309.98471082922 309.674774467132 313.523399095641 316.729286722646 322.737239553873 341.27286672645 345.512697416433 326.251790365146 290.376769493359 256.241467178237 242.66582548945 232.055355231719 224.779396500164 217.74139304256 220.924391294337 214.199149675076 216.730148777474 219.065163631382 211.089513249671 213.578645705431
-9999 -9999 -9999 -9999 -9999 -9999 -9999 -9999 -9999 -9999 -9999 -9999 -9999 -9999 -9999 -9999 -9999 -9999 -9999 -9999 -9999 -9999 -9999 -9999 -9999 -9999 -9999 -9999 -9999 -9999 -9999 -9999 -9999 -9999 -9999 -9999 356.704249546715 351.986921321948 341.085680771131 319.144379445213 305.702146092352 308.016098792325 312.105128359607 311.196230550213 311.95655703872 308.736339016351 301.109718260971 298.152625464373 299.333292695051 298.629134874678 299.748244060681 311.406367013598 322.630942879982 336.769480670335 315.272454130376 290.431385012183 262.837279443224 235.734314577784 218.1160098835 211.293998496474 210.678665066565 212.113359009903 212.21153499158 213.1035124475 215.862825639555 213.808414151396
-9999 -9999 -9999 -9999 -9999 -9999 -9999 -9999 -9999 -9999 -9999 -9999 -9999 -9999 -9999 -9999 -9999 -9999 -9999 -9999 -9999 -9999 -9999 -9999 -9999 -9999 -9999 -9999 -9999 -9999 -9999 -9999 -9999 -9999 -9999 -9999 333.694595365282 342.85913723093 325.470187989914 312.672834965307 305.007987384714 305.034436810486 307.684560183993 308.128681798532 308.151061386884 307.646675307092 302.168769173807 297.304404181909 296.663243771392 295.223161946158 293.322458219849 288.196161869766 297.34063342772 302.949771722471 320.293493375423 318.290341812312 299.879816960003 265.449391102037 230.114888671357 216.771259448695 211.526421799614 211.268979495897 210.538215578202 209.014394056545 208.748611867592 209.613703265664
-9999 -9999 -9999 -9999 -9999 -9999 -9999 -9999 -9999 -9999 -9999 -9999 -9999 -9999 -9999 -9999 -9999 -9999 -9999 -9999 -9999 -9999 -9999 -9999 -9999 -9999 -9999 -9999 -9999 -9999 -9999 -9999 -9999 -9999 -9999 -9999 313.048986266751 319.70592650313 310.993708827456 309.161173584744 310.581909410684 311.878604123978 311.232569203402 310.381706191313 308.726342197981 307.325240512995 305.257201140318 301.986740039143 295.742222848883 292.558831021296 289.68787546825 277.140665650461 274.554741526425 277.115923526037 294.398386108262 315.111921216676 320.904053934633 303.412977094151 266.734469999081 239.534476558015 229.828683104367 225.159208683733 219.326638827574 215.529421784195 209.384735116053 204.626688999666
340.829965696647 341.516330307929 341.115153315517 346.207037358391 349.850346120333 -9999 -9999 -9999 -9999 -9999 -9999 -9999 -9999 -9999 -9999 -9999 -9999 -9999 -9999 -9999 -9999 -9999 -9999 -9999 -9999 -9999 -9999 -9999 -9999 -9999 -9999 -9999 -9999 -9999 -9999 296.36537018263 307.416496233285 295.239099151428 296.511601691415 305.069640263731 312.522774349186 315.582030555298 314.657051634497 312.822101745502 309.88705388864 307.513600476034 305.722406932129 302.854775724376 298.538724163804 291.439946004187 286.512880486973 274.375484897393 269.182724797308 268.757956127467 272.578567566519 290.716444949136 309.238374831449 305.75765681268 295.287994262867 279.134102328486 261.136098215182 252.641814660163 241.911388186761 228.513909196727 214.204841751623 208.130785779623
331.120713341418 328.811898627289 320.740797060935 322.386911920846 324.877229969688 322.7302061404 342.765579862775 361.45181855769 369.958243435811 363.536802433512 359.489453053592 -9999 -9999 -9999 -9999 -9999 -9999 -9999 -9999 -9999 -9999 -9999 -9999 -9999 -9999 -9999 -9999 -9999 -9999 -9999 -9999 -9999 -9999 -9999 -9999 278.843436269665 289.334432090887 277.589088525401 293.376816901776 305.285391404431 311.795593640722 314.750063378379 316.373709120005 313.463850040727 310.147469611785 306.434692234108 304.681865419479 301.712470768494 297.772276370355 291.376054114975 287.993415336916 279.97284228476 271.408544303697 267.432193369693 266.76326586888 268.037849424056 278.979152699099 294.065023964069 307.728328346289 292.130137186079 283.065618494243 270.186075408616 264.554235861931 244.411989364606 223.9968863803 214.680526982514
311.275505121106 301.98488262687 294.919751622437 282.717571849019 279.140221316698 288.949682262783 312.015046966963 340.328241722949 355.401783638093 354.16262410146 347.60350796046 338.509795228609 352.089425152937 357.310903331215 359.29185208045 359.039088906449 -9999 -9999 -9999 -9999 -9999 -9999 -9999 -9999 357.062851126098 358.994342140622 365.595048705548 365.826693944362 -9999 -9999 -9999 -9999 -9999 -9999 278.725135007475 276.190308262936 272.314683553601 271.838012634384 293.224410849207 307.359981546303 310.165534359993 313.013167831596 314.810454484009 313.01815357516 310.54768091902 306.120374298712 302.395142890192 299.65358042879 296.72527681373 293.065243676211 288.491873790321 285.384173416184 281.377197717391 275.399477636253 267.355374204552 262.193850191794 262.283047499028 270.797688688444 285.861771917167 288.418438880291 287.027913265987 284.63208819182 279.290870994683 263.893801136476 242.013759259454 227.187583521263
297.757478695605 287.289604412236 284.726429233236 266.155716920045 247.901640797344 245.448747354301 263.48453464265 291.367094273782 320.773081702231 327.238711544215 331.1736590505 333.650838278421 341.897756804868 349.75727521934 356.79052788568 357.496199166862 356.927195874834 -9999 -9999 -9999 -9999 -9999 -9999 -9999 361.624011275939 367.475133711444 365.098257057472 366.720037162085 372.415682494277 372.825364106267 368.547806273997 369.090144693936 376.567674874991 349.862343245386 294.811871838692 278.0854193772 268.498270615841 268.818795806777 290.378180336588 297.528722015697 298.194945253933 300.035354232679 304.929270170498 307.18631054359 306.298066562907 305.08697981529 301.033715182502 297.180704426955 294.237987718652 292.155711230326 289.065629541814 286.331392477432 284.271727615093 280.926355473045 276.962305448823 265.065440714929 258.494099658438 257.285656739633 262.106744299257 268.32224361456 271.634152385202 278.765591820655 279.469949412037 277.168099755456 264.193981185194 246.495895177753
277.022927914045 271.128189701041 269.483508982599 261.745930816892 243.816749252272 230.426761446089 238.951985469961 261.31960488969 284.178496450577 300.07835991085 303.999334720721 315.92709404738 322.945703667608 333.803541843381 340.939623759856 350.147770700769 351.924547996946 355.571236888184 -9999 -9999 -9999 -9999 -9999 -9999 367.511134923435 366.286740505578 366.268627168168 372.067538163271 381.673426177633 375.723411922112 375.142493264746 372.454447512664 373.649220418605 348.688214054585 333.885393711144 288.792236406199 272.167408931598 269.299226667463 278.515901327834 286.016732988815 283.417652150182 277.976926869124 285.679836587418 290.120326167287 295.049249699737 295.671836479929 292.735201254483 291.020404289064 291.854841881982 292.625861188263 287.486779138462 284.858412387237 283.134972154052 279.602336009277 278.412265694812 271.429274379474 262.36274423433 257.343465135222 254.89412585631 257.039721415165 259.702511788751 261.894089661108 267.059227235726 272.738676138058 265.234332788438 261.829738794181
251.944924352918 245.089653737051 247.059574095567 245.887417744189 240.602457495412 225.367446759375 223.12215516179 237.645618323662 249.812512619574 258.801614444364 277.808656745551 298.555526586116 316.213001036242 320.391088526533 320.93113408019 331.326216193071 342.74110133032 355.397979644956 356.062642840518 -9999 -9999 -9999 -9999 -9999 368.579379594944 364.998965976366 372.118954898824 375.595174988679 381.541624074156 384.215099132649 376.936274904542 368.975582951421 366.449500263413 362.631468894126 355.204165169849 320.088441857116 287.5259776996 281.410278092504 279.852050835985 274.117164403399 268.980413569032 265.67796366131 266.193529061699 270.16830606895 275.632726071384 284.076426186924 284.200035908261 284.521688090774 286.596607030029 287.911083996994 287.199634863622 284.011849033201 282.43200633729 279.703205129882 277.379365861012 267.586426067619 265.812972085732 259.189299319947 253.502316920398 250.560895931502 247.507140524408 247.572023124141 250.914687550555 254.989009406741 257.680846789912 257.482721184667
228.167737263918 224.818932247332 232.248730762972 236.482178948285 236.789098213023 223.990661950802 216.817279110587 219.348998083095 225.417232048602 238.391006982979 257.063110416908 280.364247951228 301.152009432455 311.513011554303 309.537059324314 317.813470267337 330.576550142161 350.658327400059 358.383791632918 368.42749747225 -9999 -9999 -9999 -9999 358.621959404983 364.073647097939 368.142211260577 376.226640245966 381.508550607881 391.808507272456 385.824846062522 385.332567582342 373.996288533421 371.014306864009 365.271161696481 359.581847599461 327.542910195672 298.490785909842 289.151628958079 292.936010010725 282.425312982986 271.095502193404 266.289732307144 268.802126831427 272.513183119993 272.760606139131 271.563816253914 274.647524486006 283.299045337612 284.803649423758 285.075040368331 282.780515940273 279.787975750915 277.341962238426 272.572102741079 266.964717019303 264.21114522766 262.474804557253 257.063076765411 250.205730315616 244.061604918115 240.409923363211 239.240847273734 238.400740450716 237.351837745055 236.669320009862
212.785801864481 212.463147465515 217.520417977769 223.665509340885 227.408656816578 220.147092193278 213.253564501144 213.435579764205 216.771299839147 230.715982442441 247.887814876396 269.229660861713 290.213818055925 295.400148139129 298.955160485092 303.498606358318 318.988624141841 343.441678460222 363.343137421993 363.686251416263 376.860750820327 -9999 -9999 360.512710589222 358.371759305635 360.131035537985 366.483121276185 374.970595924675 377.534384646851 390.914390820711 384.665103504261 381.382599404617 380.313898472061 377.50426112412 380.606276139467 371.554055315626 365.700905803915 335.796288396247 323.687050029583 316.795324444242 315.431125997568 300.878451038125 296.403677731202 286.446829411864 287.63406736075 288.389911080567 282.857127811992 275.757329476326 282.750527164913 284.543186386003 285.522598636378 283.607031614384 281.867085044188 274.180016329621 267.736833029435 265.165653575618 262.780112975981 259.101803852941 257.41626597534 254.322829783307 248.82275832803 243.894057612791 238.299498320364 234.108665290693 228.5335649625 223.559021698737
195.097144686689 200.530757982516 208.751039223942 215.406255223464 218.044329192612 214.072620105898 209.582000966128 212.057975622366 220.848344376332 234.130910222671 243.47012211973 256.531749008067 269.400113689729 276.801596802761 284.376347376515 299.933643881071 314.739878256337 343.182544923361 365.381220767412 383.755573865043 377.505505608315 383.770407432417 368.902818835817 364.814950389648 363.411370640073 362.297953002726 365.683423834337 381.370015951809 383.516217044952 382.386276556742 386.275208692639 377.093921230291 380.212967157767 374.220585590971 374.349956983708 380.912379289601 376.55316670203 372.348607391629 348.225293285522 337.292275457421 327.728637945468 322.576426615771 307.882972248114 318.85323570419 311.202269343227 305.91543457053 300.962974414276 290.94573653582 287.500255720129 289.018405011888 290.671637230294 290.776199242085 285.964666826268 281.973137552871 270.806765662535 265.12757837366 262.633921186853 258.439905287309 256.13692460759 253.080898016094 247.892324887604 242.922143351812 236.267401756221 231.516094794154 223.826823675139 217.653393674469
189.551316551603 197.697779089618 202.754439800894 206.596058000691 209.551649020474 210.382975753597 209.482788543677 213.41766505415 218.855789627097 231.198531892185 238.324550542945 243.614706328489 252.792810193016 265.531502960673 279.050246114209 300.197042570449 316.326538756978 340.538060443348 352.572550658097 353.698031173497 359.143352163958 367.87041625966 373.238500212874 385.236303191473 370.871616226499 363.804834755408 365.577474172982 372.273800443816 376.340949666246 378.106197607239 381.955726717985 375.271685372304 377.720342056861 374.846938026829 374.067373473898 373.473007291461 378.100856675198 376.287289487595 364.226158524095 361.974818903829 359.288672997019 358.791861848267 357.352919371904 337.554764640026 329.547817278152 322.596243746228 315.941948091432 308.134477354662 300.76468313353 299.151954991895 300.978358970453 301.423818843795 293.249379006612 283.531240383668 274.202457787402 265.493793263289 260.516652499076 256.562429470039 253.75178770673 248.716893792641 243.719654825787 237.469883605414 232.346821522651 227.451044311893 222.981898425804 221.220701069567
182.686037295354 193.924712143922 197.175023391142 202.651962084519 203.870268552326 205.602167508104 207.897355115654 213.384937767058 219.732483105198 222.730187648634 229.654291161373 232.191867031053 238.647893974901 253.764250951255 280.571071099141 305.824778148229 321.584589255039 309.553257985836 303.405766627753 301.520772876975 307.482805525615 313.083160782386 335.948880122895 367.628930527543 384.871324532908 377.15421366845 365.969455165797 368.525999809769 374.160243242708 380.317440523385 377.987286004984 372.71798866959 373.220067475964 370.304655811878 370.855263968775 369.572392564428 367.219277238223 377.13212696421 385.093009628248 375.020463894583 363.862439835067 369.072054284373 363.513916292299 354.087794397403 343.721754424851 333.588790828381 326.333008618706 317.759806194114 309.069190180563 307.431987017094 306.694085899196 303.205972207968 294.230724829526 284.481638821078 269.176667179437 261.679801142369 255.65532380519 249.613633971964 246.894652736248 243.441021069314 237.7060049081 232.680803964246 228.201601217748 226.600586933943 224.1066943114 222.974255803556
