Rscript/monthly_maps/SnowDepthMapFile-q25-1990-02.asc
ncols 320 
nrows 361 
xllcorner 618410.159 
yllcorner 5088785.286 
cellsize 100 
NODATA_value -9999 
[rows 144 to 167 of 361, columns 216 to 269 of 320]
534.43327331543 579.603103637695 645.048309326172 704.821960449219 744.505874633789 788.14631652832 839.719924926758 832.288482666016 804.235580444336 759.111694335938 765.569885253906 779.668487548828 819.55744934082 872.884613037109 913.679962158203 972.371078491211 997.98014831543 1005.17227172852 969.346572875977 947.543106079102 968.787185668945 1109.04373168945 1337.60153198242 1381.43792724609 1332.31170654297 1269.40060424805 1236.54638671875 1211.73635864258 1198.62683105469 1195.44412231445 1179.42181396484 1201.47897338867 1256.60147094727 1308.68878173828 1350.01669311523 1333.69424438477 1339.76901245117 1439.13751220703 -9999 -9999 -9999 -9999 -9999 -9999 -9999 -9999 -9999 -9999 -9999 -9999 -9999 -9999 -9999 -9999
505.78067779541 593.939498901367 692.436019897461 746.912124633789 782.863586425781 756.64599609375 744.189849853516 743.263900756836 719.610610961914 680.522872924805 691.356536865234 720.381652832031 763.243606567383 816.56575012207 893.385452270508 971.954223632812 1015.84872436523 1033.40333557129 1021.17304992676 989.588195800781 1008.02261352539 1112.77383422852 1279.12744140625 1327.47024536133 1282.43334960938 1224.36584472656 1206.10852050781 1180.6640625 1188.55819702148 1205.31219482422 1199.20309448242 1236.28369140625 1291.43270874023 1292.34991455078 1340.7610168457 1361.86557006836 1377.18765258789 -9999 -9999 -9999 -9999 -9999 -9999 -9999 -9999 -9999 -9999 -9999 -9999 -9999 -9999 -9999 -9999 -9999
472.966423034668 559.998550415039 681.745452880859 762.487243652344 768.830764770508 717.01692199707 676.462097167969 668.314987182617 661.231185913086 638.349807739258 653.426788330078 663.800872802734 741.523666381836 805.183944702148 872.670852661133 951.262512207031 1022.14167785645 1046.62887573242 1054.86978149414 1043.03616333008 1051.03317260742 1093.77459716797 1164.71591186523 1179.79364013672 1178.6745300293 1162.45471191406 1170.56628417969 1188.24456787109 1199.67575073242 1229.80950927734 1253.42568969727 1295.60708618164 1301.59075927734 1326.56610107422 1337.162109375 1388.50570678711 1428.44766235352 -9999 -9999 -9999 -9999 -9999 -9999 -9999 -9999 -9999 -9999 -9999 -9999 -9999 -9999 -9999 -9999 -9999
405.195220947266 485.620147705078 602.573745727539 669.433013916016 669.204086303711 637.177291870117 607.046051025391 600.595993041992 605.930648803711 601.561248779297 632.012481689453 666.078826904297 726.882354736328 813.86506652832 876.903091430664 919.87385559082 1023.62292480469 1066.22463989258 1090.04513549805 1090.39541625977 1050.60400390625 1032.59294128418 1024.92701721191 1037.66485595703 1080.68991088867 1133.21047973633 1173.33419799805 1217.28964233398 1255.30728149414 1212.80987548828 1269.78131103516 1256.57168579102 1265.63970947266 1283.86206054688 1341.60458374023 1418.43328857422 1449.42034912109 -9999 -9999 -9999 -9999 -9999 -9999 -9999 -9999 -9999 -9999 -9999 -9999 -9999 -9999 -9999 -9999 -9999
322.904174804688 376.268867492676 447.57942199707 511.010559082031 544.580230712891 545.917510986328 546.614151000977 547.470169067383 571.550247192383 601.607513427734 632.015823364258 676.712829589844 724.578979492188 821.961807250977 905.99723815918 939.030075073242 1023.43212890625 1074.33428955078 1124.11911010742 1094.5915222168 1006.55061340332 931.275909423828 926.73583984375 975.332702636719 1062.55993652344 1154.60726928711 1213.86096191406 1273.46453857422 1245.65133666992 1286.55487060547 1235.91571044922 1205.96276855469 1225.97702026367 1309.16256713867 1383.48199462891 1440.64859008789 1475.16793823242 -9999 -9999 -9999 -9999 -9999 -9999 -9999 -9999 -9999 -9999 -9999 -9999 -9999 -9999 -9999 -9999 -9999
262.120227813721 268.648681640625 305.546020507812 355.218551635742 417.407844543457 448.806838989258 475.138053894043 488.257255554199 508.216232299805 551.056869506836 595.043273925781 653.623596191406 749.651779174805 854.899765014648 916.909896850586 988.406707763672 1008.42808532715 1085.38952636719 1077.59512329102 1002.48071289062 923.787948608398 892.821899414062 917.879837036133 1003.95889282227 1115.95013427734 1216.71740722656 1250.94332885742 1323.8547668457 1317.45162963867 1266.49240112305 1203.31665039062 1195.29287719727 1232.90734863281 1350.49020385742 1465.11441040039 1534.80014038086 1571.21179199219 -9999 -9999 -9999 -9999 -9999 -9999 -9999 -9999 -9999 -9999 -9999 -9999 -9999 -9999 -9999 -9999 -9999
216.852119445801 190.849689483643 229.290904998779 251.054531097412 306.17945098877 362.366508483887 402.208419799805 434.573463439941 463.594619750977 491.060874938965 526.124305725098 582.515838623047 645.244506835938 775.364334106445 833.669830322266 940.955230712891 965.485534667969 974.220672607422 922.0498046875 895.112701416016 882.241577148438 900.929901123047 955.982315063477 1044.11587524414 1159.06546020508 1296.12478637695 1315.85522460938 1300.71273803711 1250.40670776367 1219.2278137207 1200.86480712891 1218.06637573242 1283.21929931641 1419.02072143555 1547.82489013672 1624.74987792969 1638.115234375 -9999 -9999 -9999 -9999 -9999 -9999 -9999 -9999 -9999 -9999 -9999 -9999 -9999 -9999 -9999 -9999 -9999
184.273204803467 186.144931793213 180.932308197021 183.687999725342 244.408531188965 302.621894836426 335.281608581543 375.398078918457 386.901573181152 414.656867980957 423.98876953125 476.097961425781 554.572982788086 658.96614074707 743.190673828125 771.871566772461 782.935043334961 785.963943481445 805.607833862305 838.325088500977 887.119857788086 932.316940307617 969.489639282227 1035.27735900879 1115.10446166992 1239.90383911133 1249.59155273438 1239.47506713867 1216.50769042969 1229.64627075195 1269.0754699707 1316.04849243164 1385.41552734375 1501.09719848633 1576.78771972656 -9999 -9999 -9999 -9999 -9999 -9999 -9999 -9999 -9999 -9999 -9999 -9999 -9999 -9999 -9999 -9999 -9999 -9999 -9999
236.7802734375 215.827247619629 214.642192840576 202.879215240479 221.968868255615 255.279251098633 293.630485534668 341.410415649414 356.479331970215 345.628089904785 340.72607421875 347.253242492676 373.785919189453 456.857269287109 493.095718383789 554.476104736328 594.195541381836 662.755783081055 736.280746459961 822.588928222656 887.091186523438 926.548812866211 937.732666015625 966.835266113281 1056.19619750977 1151.69955444336 1201.01428222656 1269.76602172852 1307.97763061523 1353.51489257812 1416.51135253906 1472.02182006836 1501.1865234375 1539.12142944336 -9999 -9999 -9999 -9999 -9999 -9999 -9999 -9999 -9999 -9999 -9999 -9999 -9999 -9999 -9999 -9999 -9999 -9999 -9999 -9999
340.679443359375 278.737861633301 272.815505981445 303.470840454102 306.068161010742 313.079429626465 333.885795593262 354.242820739746 355.450759887695 330.811889648438 307.029823303223 279.698051452637 272.970615386963 319.054405212402 355.297386169434 423.499839782715 510.186058044434 603.936767578125 734.429306030273 821.841903686523 883.553100585938 904.650802612305 910.997177124023 921.839614868164 954.531723022461 1080.05972290039 1226.36306762695 1376.71090698242 1427.82397460938 1469.34622192383 1512.09573364258 1555.28295898438 -9999 -9999 -9999 -9999 -9999 -9999 -9999 -9999 -9999 -9999 -9999 -9999 -9999 -9999 -9999 -9999 -9999 -9999 -9999 -9999 -9999 -9999
377.922508239746 409.336433410645 418.889869689941 431.410003662109 388.101921081543 369.217674255371 404.375793457031 406.506782531738 400.501876831055 394.682472229004 390.096954345703 347.416572570801 324.464141845703 302.253219604492 336.482444763184 424.306549072266 503.499649047852 611.574783325195 707.145751953125 804.138534545898 863.057403564453 883.383407592773 882.572250366211 878.351715087891 904.756439208984 1045.67633056641 1254.61959838867 1375.37506103516 -9999 -9999 -9999 -9999 -9999 -9999 -9999 -9999 -9999 -9999 -9999 -9999 -9999 -9999 -9999 -9999 -9999 -9999 -9999 -9999 -9999 -9999 -9999 -9999 -9999 -9999
426.02303314209 486.266647338867 501.974418640137 493.592529296875 494.837684631348 513.219223022461 513.945129394531 549.177261352539 550.329071044922 551.853042602539 497.90113067627 475.691207885742 447.588882446289 441.488479614258 421.556991577148 452.737770080566 523.744140625 615.850967407227 701.322677612305 785.298690795898 841.260986328125 873.091934204102 853.253631591797 852.386917114258 876.823013305664 1002.81645202637 1238.06430053711 1398.05422973633 -9999 -9999 -9999 -9999 -9999 -9999 -9999 -9999 -9999 -9999 -9999 -9999 -9999 -9999 -9999 -9999 -9999 -9999 -9999 -9999 -9999 -9999 -9999 -9999 -9999 -9999
471.166213989258 556.14892578125 553.464508056641 541.497787475586 521.380661010742 521.775512695312 533.67707824707 555.132583618164 579.165084838867 584.560333251953 613.155166625977 643.684219360352 608.475570678711 563.46403503418 520.272407531738 509.889831542969 541.93879699707 601.459564208984 683.528472900391 759.146591186523 829.268890380859 849.539428710938 840.964813232422 827.040740966797 873.603363037109 1021.55726623535 1237.62600708008 1323.09185791016 -9999 -9999 -9999 -9999 -9999 -9999 -9999 -9999 -9999 -9999 -9999 -9999 -9999 -9999 -9999 -9999 -9999 -9999 -9999 -9999 -9999 -9999 -9999 -9999 -9999 -9999
474.878128051758 591.378387451172 626.199584960938 610.364715576172 558.350830078125 536.171356201172 539.299362182617 558.469345092773 579.673767089844 602.402008056641 631.102783203125 654.233444213867 681.001770019531 686.694396972656 662.148208618164 582.335174560547 564.463836669922 600.739288330078 673.036682128906 750.35237121582 820.020278930664 843.281021118164 826.488739013672 848.709106445312 891.168426513672 1040.90795898438 1235.4518737793 1300.6474609375 -9999 -9999 -9999 -9999 -9999 -9999 -9999 -9999 -9999 -9999 -9999 -9999 -9999 -9999 -9999 -9999 -9999 -9999 -9999 -9999 -9999 -9999 -9999 -9999 -9999 -9999
447.949127197266 591.024078369141 685.593307495117 680.442184448242 636.683731079102 591.218536376953 570.408813476562 569.958801269531 579.199356079102 602.894821166992 628.893707275391 658.703018188477 682.369995117188 713.773986816406 720.954803466797 727.630798339844 611.386627197266 633.642517089844 672.238220214844 736.008285522461 803.427352905273 859.000076293945 863.384246826172 877.004989624023 938.285186767578 1076.79501342773 1229.40777587891 1293.22305297852 -9999 -9999 -9999 -9999 -9999 -9999 -9999 -9999 -9999 -9999 -9999 -9999 -9999 -9999 -9999 -9999 -9999 -9999 -9999 -9999 -9999 -9999 -9999 -9999 -9999 -9999
368.398826599121 494.098907470703 652.569396972656 751.007736206055 731.807647705078 692.031814575195 640.917465209961 607.970413208008 599.923477172852 596.461685180664 616.985641479492 645.4443359375 666.422592163086 704.207168579102 726.292846679688 738.551071166992 774.813690185547 725.778442382812 688.9931640625 735.792083740234 812.356369018555 847.704132080078 864.141983032227 900.010437011719 966.954193115234 1100.69479370117 1213.80151367188 -9999 -9999 -9999 -9999 -9999 -9999 -9999 -9999 -9999 -9999 -9999 -9999 -9999 -9999 -9999 -9999 -9999 -9999 -9999 -9999 -9999 -9999 -9999 -9999 -9999 -9999 -9999
301.554977416992 438.211906433105 537.868057250977 708.70719909668 813.634735107422 815.28271484375 773.302978515625 743.290573120117 686.619964599609 659.954513549805 640.17692565918 635.210754394531 645.180953979492 662.663101196289 695.526153564453 751.096008300781 788.806793212891 819.621536254883 769.926452636719 758.669738769531 808.137084960938 840.911804199219 853.005065917969 900.750946044922 966.354598999023 1080.88500976562 1263.98611450195 1342.12612915039 -9999 -9999 -9999 -9999 -9999 -9999 -9999 -9999 -9999 -9999 -9999 -9999 -9999 -9999 -9999 -9999 -9999 -9999 -9999 -9999 -9999 -9999 -9999 -9999 -9999 -9999
205.566596984863 331.77897644043 468.809867858887 595.270858764648 769.107879638672 859.186813354492 899.164077758789 886.225616455078 879.049011230469 822.855285644531 771.09602355957 716.614974975586 708.257583618164 691.655288696289 712.005889892578 738.828079223633 795.112731933594 846.820053100586 899.771469116211 823.814910888672 840.318405151367 855.342132568359 860.306198120117 880.087554931641 927.487518310547 1017.99430847168 1202.66952514648 1309.49755859375 -9999 -9999 -9999 -9999 -9999 -9999 -9999 -9999 -9999 -9999 -9999 -9999 -9999 -9999 -9999 -9999 -9999 -9999 -9999 -9999 -9999 -9999 -9999 -9999 -9999 -9999
137.66185760498 233.577484130859 406.169303894043 517.66374206543 646.812118530273 738.947662353516 746.368515014648 799.562271118164 955.293334960938 943.686492919922 963.404754638672 920.851638793945 846.953903198242 815.799850463867 786.952301025391 787.946701049805 818.099319458008 869.448745727539 921.271438598633 958.636505126953 946.978439331055 891.759765625 872.336837768555 879.479888916016 913.250778198242 986.643768310547 1146.75241088867 1270.13931274414 -9999 -9999 -9999 -9999 -9999 -9999 -9999 -9999 -9999 -9999 -9999 -9999 -9999 -9999 -9999 -9999 -9999 -9999 -9999 -9999 -9999 -9999 -9999 -9999 -9999 -9999
134.006866455078 203.925422668457 338.462829589844 458.183822631836 550.194564819336 615.846420288086 653.866439819336 697.37629699707 758.72248840332 832.262512207031 841.577224731445 970.373458862305 1017.62913513184 1015.01472473145 983.427154541016 926.646408081055 902.881805419922 902.316650390625 939.339126586914 1012.54429626465 1059.91339111328 1041.83248901367 948.395217895508 892.596603393555 903.224563598633 987.047927856445 1175.70190429688 1282.50500488281 -9999 -9999 -9999 -9999 -9999 -9999 -9999 -9999 -9999 -9999 -9999 -9999 -9999 -9999 -9999 -9999 -9999 -9999 -9999 -9999 -9999 -9999 -9999 -9999 -9999 -9999
147.54870223999 165.232872009277 278.475967407227 406.387771606445 467.721878051758 501.525939941406 516.048484802246 545.035339355469 597.412200927734 667.667129516602 754.69010925293 831.461837768555 889.49284362793 1044.4977722168 1099.30038452148 1098.57217407227 1027.89529418945 979.90380859375 972.511306762695 999.235214233398 1046.69540405273 1074.21185302734 1076.8464050293 1004.97529602051 994.457244873047 1066.88119506836 1206.02139282227 1300.4587097168 -9999 -9999 -9999 -9999 -9999 -9999 -9999 -9999 -9999 -9999 -9999 -9999 -9999 -9999 -9999 -9999 -9999 -9999 -9999 -9999 -9999 -9999 -9999 -9999 -9999 -9999
171.243171691895 168.240245819092 256.681213378906 318.950347900391 378.074951171875 405.836128234863 406.593399047852 424.560997009277 479.097434997559 569.232116699219 647.028045654297 722.924942016602 813.026550292969 921.056945800781 1072.93148803711 1120.51181030273 1176.05383300781 1086.19345092773 1037.6891784668 1009.01268005371 1008.33818054199 1009.07598876953 1044.36749267578 1074.90444946289 1059.13931274414 1133.68890380859 1244.29507446289 1327.86602783203 -9999 -9999 -9999 -9999 -9999 -9999 -9999 -9999 -9999 -9999 -9999 -9999 -9999 -9999 -9999 -9999 -9999 -9999 -9999 -9999 -9999 -9999 -9999 -9999 -9999 -9999
188.66136932373 183.310028076172 207.350448608398 250.642490386963 282.779197692871 316.24080657959 354.014991760254 382.095817565918 430.149703979492 497.862686157227 592.352249145508 677.656997680664 744.595367431641 857.778533935547 943.091415405273 1020.2200012207 1160.06951904297 1166.97360229492 1142.14511108398 1092.40856933594 1052.3977355957 1027.27995300293 1054.68902587891 1109.42263793945 1181.61190795898 1261.05862426758 1273.46484375 -9999 -9999 -9999 -9999 -9999 -9999 -9999 -9999 -9999 -9999 -9999 -9999 -9999 -9999 -9999 -9999 -9999 -9999 -9999 -9999 -9999 -9999 -9999 -9999 -9999 -9999 -9999
209.2294921875 187.910305023193 197.46870803833 234.766784667969 282.830780029297 313.867614746094 368.566688537598 426.528984069824 459.717338562012 502.225730895996 566.619476318359 645.775604248047 719.466003417969 809.350326538086 892.294708251953 968.112579345703 1050.14376831055 1159.62185668945 1186.47482299805 1183.52154541016 1175.08724975586 1138.05551147461 1151.88299560547 1217.40277099609 1300.91418457031 1327.40374755859 -9999 -9999 -9999 -9999 -9999 -9999 -9999 -9999 -9999 -9999 -9999 -9999 -9999 -9999 -9999 -9999 -9999 -9999 -9999 -9999 -9999 -9999 -9999 -9999 -9999 -9999 -9999 -9999
