Rscript/monthly_maps/SnowDepthMapFile-q90-1989-12.asc
ncols 320 
nrows 361 
xllcorner 618410.159 
yllcorner 5088785.286 
cellsize 100 
NODATA_value -9999 
[rows 276 to 298 of 361, columns 53 to 105 of 320]
971.206848144531 913.474792480469 891.2470703125 871.571655273438 825.574645996094 762.984436035156 703.835510253906 666.956726074219 631.495788574219 611.115234375 587.876098632812 584.272155761719 579.263916015625 580.888366699219 583.903991699219 585.859375 586.764709472656 594.204040527344 595.938842773438 601.361450195312 633.765441894531 709.500610351562 761.935363769531 805.2099609375 881.184326171875 973.813842773438 1073.35766601562 1189.42700195312 1242.08081054688 1243.42810058594 1153.77307128906 1045.86584472656 979.045471191406 921.3291015625 897.114013671875 883.679565429688 881.037658691406 851.370544433594 778.692138671875 686.252380371094 629.226013183594 559.096923828125 499.406768798828 410.556488037109 259.960052490234 174.208190917969 146.477783203125 124.398941040039 90.2037048339844 58.263500213623 43.8009414672852 6.99476718902588 8.05230808258057
925.626342773438 909.947692871094 896.474609375 885.138916015625 847.67919921875 790.223449707031 735.055969238281 686.473754882812 637.95263671875 621.289794921875 603.119445800781 595.111938476562 594.412841796875 596.227172851562 606.282775878906 609.436340332031 605.944580078125 601.029296875 627.537963867188 665.323913574219 722.137939453125 758.420471191406 806.255126953125 899.809204101562 991.329406738281 1081.19812011719 1190.56811523438 1243.24157714844 1234.12426757812 1151.77856445312 1042.63854980469 968.112731933594 908.142700195312 870.398132324219 854.20556640625 847.169738769531 809.041870117188 763.382934570312 703.146728515625 652.245788574219 621.154479980469 569.940795898438 524.313049316406 464.180633544922 343.099700927734 201.761810302734 163.346252441406 141.639114379883 110.592674255371 77.2432632446289 42.3445281982422 46.0836029052734 8.94721508026123
927.023559570312 919.019470214844 916.300659179688 903.464050292969 878.374816894531 834.534362792969 778.710205078125 722.676513671875 678.466918945312 631.109436035156 623.656005859375 617.59814453125 613.124206542969 617.716796875 631.534240722656 650.462951660156 677.408142089844 703.176147460938 724.20556640625 743.639282226562 768.662170410156 815.605224609375 914.584777832031 1034.89807128906 1148.42578125 1225.93151855469 1262.88830566406 1252.7734375 1186.77575683594 1087.23376464844 1010.21337890625 934.026550292969 897.294067382812 873.386291503906 850.557373046875 804.565979003906 729.348083496094 669.049133300781 612.748718261719 597.392883300781 583.575317382812 551.0947265625 520.845153808594 463.486938476562 368.264129638672 221.805770874023 168.885650634766 160.966384887695 125.482711791992 100.68017578125 71.8686904907227 43.2932891845703 5.71805810928345
938.701110839844 938.976501464844 930.64013671875 919.103271484375 899.545227050781 875.47900390625 840.168334960938 784.728332519531 730.277648925781 684.382141113281 665.886474609375 647.727416992188 657.318542480469 671.0146484375 715.893737792969 749.270812988281 759.639282226562 764.6494140625 780.421691894531 808.201721191406 867.228698730469 939.527709960938 1059.05688476562 1187.15063476562 1262.05541992188 1309.22302246094 1277.73657226562 1232.53869628906 1150.5732421875 1063.47058105469 1001.22204589844 933.861755371094 896.434631347656 877.445373535156 834.401794433594 769.429748535156 695.063659667969 632.987182617188 611.927856445312 587.052734375 560.564392089844 537.462341308594 506.180450439453 470.318176269531 358.404937744141 229.714248657227 175.743835449219 162.998916625977 143.803039550781 116.812767028809 80.2200469970703 41.2104415893555 7.33749914169312
958.032409667969 951.396179199219 945.222290039062 933.585693359375 920.615112304688 897.951904296875 882.233947753906 843.933044433594 802.347778320312 749.988037109375 719.115417480469 704.076049804688 736.543579101562 772.357788085938 797.224792480469 818.9833984375 853.856201171875 893.374267578125 921.246459960938 967.685729980469 1019.302734375 1096.39819335938 1192.27331542969 1296.56262207031 1361.05798339844 1334.90588378906 1263.08581542969 1223.23120117188 1156.96142578125 1093.75451660156 1030.10424804688 962.045288085938 903.1484375 880.692687988281 832.054016113281 747.908813476562 679.659057617188 631.527099609375 615.584594726562 600.258911132812 574.441223144531 545.713012695312 520.214111328125 473.834075927734 374.363861083984 263.780731201172 200.049591064453 173.867141723633 165.424835205078 131.523101806641 102.438545227051 60.4057235717773 45.8127250671387
979.397277832031 978.102233886719 973.863464355469 957.572143554688 950.751708984375 949.661010742188 950.156372070312 925.879699707031 849.147033691406 816.133911132812 794.092529296875 782.019409179688 816.751403808594 835.605285644531 878.002868652344 947.913635253906 1008.99951171875 1067.06787109375 1119.11010742188 1149.90844726562 1175.93408203125 1223.30053710938 1298.77294921875 1354.49169921875 1381.60754394531 1322.3759765625 1268.82409667969 1237.95336914062 1205.11267089844 1130.29797363281 1064.77380371094 991.047973632812 907.58837890625 865.043395996094 821.953796386719 742.780151367188 686.362426757812 657.231140136719 643.616149902344 616.847595214844 588.209533691406 554.602233886719 527.036743164062 488.956756591797 425.346313476562 335.504333496094 253.758071899414 202.413650512695 172.941589355469 149.626937866211 116.174293518066 72.2212448120117 43.6896438598633
1012.52337646484 1012.41278076172 1011.68695068359 999.668701171875 996.741821289062 1011.97723388672 1032.869140625 1002.81610107422 919.668884277344 861.873596191406 848.12353515625 848.843444824219 870.744018554688 899.527709960938 961.300354003906 1025.11413574219 1102.45495605469 1183.64868164062 1234.04235839844 1266.06018066406 1290.95043945312 1325.06762695312 1382.21740722656 1403.90502929688 1369.25524902344 1327.70544433594 1287.34228515625 1267.30432128906 1238.32775878906 1182.9990234375 1086.29467773438 1001.64288330078 898.323303222656 852.768615722656 820.943664550781 757.859191894531 715.573425292969 685.416625976562 657.074523925781 639.40673828125 617.577819824219 578.623046875 546.049987792969 518.738464355469 487.051513671875 433.812561035156 363.009857177734 277.3828125 199.599044799805 172.352447509766 130.678741455078 90.4313507080078 46.0105209350586
1045.72888183594 1053.53405761719 1052.35925292969 1044.64587402344 1055.25415039062 1089.84008789062 1111.14111328125 1054.77905273438 976.601440429688 927.446105957031 903.295166015625 901.778503417969 932.528381347656 963.896240234375 1004.17541503906 1058.54284667969 1143.88842773438 1225.5810546875 1260.357421875 1306.56359863281 1368.40075683594 1403.87719726562 1409.37194824219 1394.56799316406 1368.41760253906 1333.27673339844 1304.18273925781 1278.67236328125 1241.88146972656 1177.25549316406 1068.65344238281 978.075988769531 890.660461425781 854.4375 836.852172851562 802.064392089844 765.773986816406 745.310729980469 720.994750976562 687.538208007812 643.142761230469 614.699768066406 574.420532226562 543.942565917969 532.031127929688 502.137176513672 468.486968994141 376.220977783203 264.812469482422 178.465255737305 151.119094848633 118.288436889648 68.4773406982422
1079.70336914062 1108.99694824219 1116.68273925781 1126.005859375 1150.54895019531 1185.32409667969 1171.03576660156 1102.4619140625 1041.72705078125 1000.40545654297 972.619812011719 974.924682617188 990.797729492188 1014.48492431641 1033.78308105469 1078.09423828125 1159.23815917969 1236.95178222656 1279.56164550781 1315.78466796875 1378.84790039062 1433.24255371094 1445.85461425781 1397.76208496094 1344.40795898438 1317.48706054688 1299.47155761719 1267.07849121094 1234.74829101562 1156.78845214844 1054.95397949219 972.284606933594 891.53955078125 878.451843261719 872.818176269531 847.096801757812 834.645202636719 833.692321777344 815.495300292969 761.017639160156 688.572937011719 636.830078125 610.647216796875 581.298156738281 557.976379394531 539.735412597656 506.188781738281 454.445281982422 340.366943359375 216.234100341797 172.21012878418 125.998458862305 81.4739608764648
1130.24047851562 1159.94519042969 1178.37768554688 1189.24145507812 1228.79406738281 1234.19934082031 1215.47692871094 1153.71838378906 1100.42846679688 1058.30090332031 1045.41833496094 1039.12890625 1039.14782714844 1050.58972167969 1055.28295898438 1109.53686523438 1183.07421875 1252.54821777344 1302.47827148438 1337.68823242188 1385.150390625 1457.70031738281 1483.93664550781 1451.08410644531 1349.16625976562 1314.26440429688 1290.09619140625 1263.62548828125 1233.57202148438 1165.89721679688 1069.15417480469 994.080627441406 924.161743164062 886.2060546875 879.464172363281 873.799621582031 879.606750488281 884.301330566406 878.991455078125 821.473937988281 728.246887207031 656.153015136719 636.085754394531 609.263488769531 585.480895996094 557.339965820312 529.585388183594 485.467529296875 387.791900634766 260.40087890625 173.204208374023 135.483245849609 97.7867965698242
1169.91564941406 1205.41772460938 1231.94067382812 1258.37487792969 1275.40234375 1283.59436035156 1238.93115234375 1207.67260742188 1164.95837402344 1144.38659667969 1129.88159179688 1103.53247070312 1087.69738769531 1087.03771972656 1097.1669921875 1142.62377929688 1209.85766601562 1271.78527832031 1331.21350097656 1382.2333984375 1419.97924804688 1461.72204589844 1501.22375488281 1498.30627441406 1416.2236328125 1339.11193847656 1317.67175292969 1284.87817382812 1248.71435546875 1190.23962402344 1111.0810546875 1028.27172851562 963.824035644531 921.036682128906 896.614135742188 897.785949707031 916.805969238281 913.821960449219 888.815307617188 847.060546875 767.208129882812 692.477233886719 649.345458984375 629.831176757812 597.6513671875 563.397033691406 532.621948242188 491.44482421875 408.892913818359 278.288452148438 174.988677978516 142.713394165039 106.788436889648
1199.37890625 1246.91271972656 1288.38415527344 1313.62927246094 1335.95190429688 1303.56799316406 1260.33093261719 1242.435546875 1228.73461914062 1221.46911621094 1213.97729492188 1178.64379882812 1148.26489257812 1148.17785644531 1140.89794921875 1177.24841308594 1242.49475097656 1311.10302734375 1370.69262695312 1433.80920410156 1472.54907226562 1491.22253417969 -9999 1511.96752929688 1456.50830078125 1389.04150390625 1364.22131347656 1354.43762207031 1307.06726074219 1251.31665039062 1191.36694335938 1108.49389648438 1047.50024414062 999.1767578125 984.556335449219 989.542175292969 988.997375488281 936.761413574219 889.850646972656 863.073974609375 796.529907226562 714.390258789062 654.312927246094 637.846313476562 598.724548339844 553.770263671875 524.89892578125 487.075531005859 395.678619384766 276.247955322266 175.743026733398 145.883911132812 112.466026306152
1229.51782226562 1276.02368164062 1333.83740234375 1359.82348632812 1375.94006347656 1333.99230957031 1297.00622558594 1280.49816894531 1273.39270019531 1273.28332519531 1260.18835449219 1233.31311035156 1211.49682617188 1208.74719238281 1187.52661132812 1220.91613769531 1286.3193359375 1397.34362792969 1439.32739257812 1470.92419433594 1496.88037109375 -9999 -9999 -9999 -9999 -9999 -9999 1395.16296386719 1353.85437011719 1286.65734863281 1252.2744140625 1229.89184570312 1178.79968261719 1119.572265625 1082.41235351562 1046.41821289062 1008.30737304688 941.663208007812 882.671081542969 870.185180664062 805.596069335938 715.414001464844 657.182434082031 633.755065917969 587.920471191406 548.115417480469 514.177307128906 480.012084960938 380.877990722656 268.630584716797 173.686172485352 152.388275146484 113.663925170898
1253.40771484375 1327.87780761719 1400.31872558594 1421.36633300781 1386.40661621094 1358.36999511719 1348.95288085938 1321.40075683594 1311.2490234375 1315.083984375 1298.73388671875 1269.14318847656 1243.61499023438 1238.4248046875 1223.38488769531 1251.31030273438 1351.87255859375 1474.82104492188 1483.10729980469 -9999 -9999 -9999 -9999 -9999 -9999 -9999 -9999 -9999 -9999 -9999 -9999 1266.12292480469 1240.21801757812 1196.33264160156 1157.93078613281 -9999 -9999 -9999 -9999 862.435485839844 791.393310546875 709.485107421875 652.633239746094 629.929565429688 584.07666015625 543.432067871094 507.624938964844 473.954681396484 371.775146484375 253.699157714844 173.577865600586 158.845550537109 117.959396362305
1299.46569824219 1410.28967285156 1450.77416992188 1440.69714355469 1394.22009277344 1378.95031738281 1371.564453125 1359.212890625 1351.07666015625 1360.01843261719 1318.55480957031 1296.0263671875 1276.89233398438 1268.01318359375 1267.25012207031 1316.3271484375 1420.48742675781 1479.70886230469 -9999 -9999 -9999 -9999 -9999 -9999 -9999 -9999 -9999 -9999 -9999 -9999 -9999 -9999 -9999 -9999 -9999 -9999 -9999 -9999 -9999 -9999 -9999 693.137939453125 653.293518066406 629.338684082031 582.069641113281 543.390380859375 511.876647949219 473.401702880859 364.459625244141 243.390335083008 173.387252807617 155.516632080078 122.372596740723
1358.16186523438 1434.3935546875 1491.38659667969 1438.59729003906 1401.59899902344 1392.54223632812 1374.74340820312 1351.99011230469 1355.88354492188 1352.17260742188 1327.71154785156 1317.6767578125 1308.37805175781 1308.3818359375 1331.73718261719 1399.23974609375 1458.427734375 -9999 -9999 -9999 -9999 -9999 -9999 -9999 -9999 -9999 -9999 -9999 -9999 -9999 -9999 -9999 -9999 -9999 -9999 -9999 -9999 -9999 -9999 -9999 -9999 -9999 648.410400390625 619.4755859375 582.215148925781 545.67333984375 512.554504394531 474.290954589844 363.416961669922 237.669677734375 174.018035888672 152.803619384766 130.084777832031
1428.32092285156 1492.31640625 1493.67272949219 1430.85986328125 1408.55444335938 1397.18359375 1369.32043457031 1371.61828613281 1375.78198242188 1367.15112304688 1336.36877441406 1331.54211425781 1348.97741699219 1386.26477050781 1419.20739746094 1459.83605957031 1487.74279785156 -9999 -9999 -9999 -9999 -9999 -9999 -9999 -9999 -9999 -9999 -9999 -9999 -9999 -9999 -9999 -9999 -9999 -9999 -9999 -9999 -9999 -9999 -9999 -9999 -9999 -9999 -9999 575.01611328125 540.322265625 495.817993164062 473.430450439453 361.374145507812 240.203628540039 179.199859619141 162.534301757812 140.262969970703
1507.11059570312 1535.92993164062 1509.26721191406 1448.35290527344 1426.25524902344 1430.45874023438 1459.87036132812 1471.09741210938 1458.43127441406 1418.55419921875 1402.57043457031 1402.02893066406 1413.09167480469 1430.95947265625 1467.93530273438 -9999 -9999 -9999 -9999 -9999 -9999 -9999 -9999 -9999 -9999 -9999 -9999 -9999 -9999 -9999 -9999 -9999 -9999 -9999 -9999 -9999 -9999 -9999 -9999 -9999 -9999 -9999 -9999 -9999 -9999 -9999 484.703125 452.70166015625 355.869262695312 243.4638671875 190.719146728516 167.336975097656 153.772262573242
1566.85278320312 1577.33288574219 1574.791015625 1525.12683105469 1492.05444335938 1472.78112792969 1500.35424804688 1519.67272949219 1510.17309570312 1503.04711914062 1438.47436523438 1450.72192382812 1455.69641113281 -9999 -9999 -9999 -9999 -9999 -9999 -9999 -9999 -9999 -9999 -9999 -9999 -9999 -9999 -9999 -9999 -9999 -9999 -9999 -9999 -9999 -9999 -9999 -9999 -9999 -9999 -9999 -9999 -9999 -9999 -9999 -9999 -9999 -9999 427.549591064453 342.208923339844 257.345367431641 201.243942260742 176.907028198242 158.844787597656
-9999 -9999 1607.95568847656 1579.44287109375 1541.2255859375 -9999 -9999 -9999 -9999 1546.8515625 -9999 -9999 -9999 -9999 -9999 -9999 -9999 -9999 -9999 -9999 -9999 -9999 -9999 -9999 -9999 -9999 -9999 -9999 -9999 -9999 -9999 -9999 -9999 -9999 -9999 -9999 -9999 -9999 -9999 -9999 -9999 -9999 -9999 -9999 -9999 -9999 -9999 -9999 336.306030273438 263.568878173828 209.894393920898 183.865432739258 167.056884765625
-9999 -9999 -9999 -9999 -9999 -9999 -9999 -9999 -9999 -9999 -9999 -9999 -9999 -9999 -9999 -9999 -9999 -9999 -9999 -9999 -9999 -9999 -9999 -9999 -9999 -9999 -9999 -9999 -9999 -9999 -9999 -9999 -9999 -9999 -9999 -9999 -9999 -9999 -9999 -9999 -9999 -9999 -9999 -9999 -9999 -9999 -9999 -9999 311.385864257812 274.679565429688 215.542602539062 188.506988525391 167.108428955078
-9999 -9999 -9999 -9999 -9999 -9999 -9999 -9999 -9999 -9999 -9999 -9999 -9999 -9999 -9999 -9999 -9999 -9999 -9999 -9999 -9999 -9999 -9999 -9999 -9999 -9999 -9999 -9999 -9999 -9999 -9999 -9999 -9999 -9999 -9999 -9999 -9999 -9999 -9999 -9999 -9999 -9999 -9999 -9999 -9999 -9999 -9999 -9999 -9999 260.602447509766 216.778015136719 191.254653930664 170.106079101562
-9999 -9999 -9999 -9999 -9999 -9999 -9999 -9999 -9999 -9999 -9999 -9999 -9999 -9999 -9999 -9999 -9999 -9999 -9999 -9999 -9999 -9999 -9999 -9999 -9999 -9999 -9999 -9999 -9999 -9999 -9999 -9999 -9999 -9999 -9999 -9999 -9999 -9999 -9999 -9999 -9999 -9999 -9999 -9999 -9999 -9999 -9999 -9999 -9999 248.672698974609 212.789184570312 186.174758911133 175.660614013672
