Rscript/monthly_maps/SnowDepthMapFile-mean-1989-12.asc
ncols 320 
nrows 361 
xllcorner 618410.159 
yllcorner 5088785.286 
cellsize 100 
NODATA_value -9999 
[rows 207 to 229 of 361, columns 106 to 158 of 320]
132.360224816107 125.333671815934 122.554327195691 101.774352289015 94.3736112040858 89.2834361906975 89.1428067607264 89.6065334197014 84.7687545284148 84.8643658545709 79.6139270413306 76.2666239584646 72.9830276735367 75.4357208744172 79.9791980866463 84.7863252701298 89.5011409636467 104.605617400139 153.445905131678 193.326795762585 239.02157789661 268.926133678805 294.514912759104 278.462543610604 232.499691870905 172.329987556704 139.555800899383 105.190961530132 82.7611765707693 39.5978168364494 11.9600158353006 2.34307739715422 2.05876797533804 2.19063836912955 1.69415023730647 1.71420918741534 1.53437844111073 1.41467019819444 1.52845466425342 1.47839270195653 1.43130094870444 1.40886364925292 1.3724125873658 1.39860379022937 1.43912925066486 1.32826298090719 1.55099269940007 1.44497052027333 1.84123638656832 1.70879920067326 2.23866488472108 2.53693035917897 47.2730475394956
146.303825624527 139.594472085276 138.152073521768 106.944792470624 96.1115141837828 93.074085112541 87.0347568142799 83.0127558554372 81.0645109607327 79.3691529304751 73.9047893401115 69.5650279137396 65.4051916060909 58.1597021779706 59.6172967726184 61.6171893458213 67.6428597973239 70.0417273736769 79.2691512569304 97.4009807955834 154.043161699849 203.71647151824 231.351835681546 256.640815488754 214.711791992188 168.279158069241 139.365113289126 102.273366374354 59.7268290365896 22.6634743290563 2.43376882133945 2.17710350886468 2.3669759602316 1.84004592510962 1.44124438397346 1.54880826319418 1.46369009248672 1.56743932923963 1.40505888192884 1.44415174857263 1.39917566218684 1.37218566286948 1.35584067625384 1.38188427975101 1.43852988654567 1.36249985810249 1.51904627200096 1.48147171255081 1.91364503675892 2.01927382523014 2.33512410233098 23.7371474235289 59.3543826687721
158.431612568517 147.502324750347 146.532459874307 127.26236995574 115.671983780399 102.75376793646 97.7818697037235 84.6114972022272 77.8573379516602 79.0541357224987 73.535274136451 60.2237473764727 52.0170320080173 39.0385287500197 34.1061519499748 35.7372621720837 38.8466346494613 43.1759463894752 49.3897319916756 66.0684685245637 85.2148577782416 127.676581598097 168.309978362053 186.749914846113 181.60504445722 157.567502913936 133.210755378969 99.0135005827873 49.2435397486533 2.58854050405564 2.29440545843494 2.01179260592307 1.97850120932825 1.72994629509987 1.76085965479574 1.57114856858407 1.41302333147295 1.28805026027464 1.37618098239745 1.29654011178401 1.36779430364409 1.36317868242341 1.34040632267152 1.38133185717367 1.4496606218238 1.27384440024053 1.56389253850906 1.66266415869036 2.2006152089565 2.10933399392712 2.42990843230678 28.5224268513341 72.3330818914598
184.905309861706 166.358299501481 157.003029607957 148.296384749874 131.348357169859 119.836601749543 110.189313334803 102.498248192572 98.8146859445879 96.0964712327526 87.4039050686744 71.950859192879 47.1776758009388 32.9798992526147 30.1308108914283 25.6342168623401 21.4581311748874 23.9374932319887 24.2058833645236 36.0702290073518 50.6220004174017 78.3390913932554 118.876764359013 141.576815205236 145.127989245999 138.372856386246 111.983320666898 87.9701550391413 27.9092688406667 2.44510142360964 2.17406209630351 2.34277910763218 1.84631514356982 1.44391332422533 1.62467040458033 1.53973662084149 1.44581506713744 1.26452791835031 1.34680043208984 1.28392575729278 1.28766811182422 1.28634479882256 1.34431685747639 1.38643957530299 1.49512689921164 1.39912777033544 1.30859829725758 1.73531167353353 1.85095318767332 2.206275315054 2.53283652182548 42.9341623244747 92.9998565181609
245.028531966671 223.8763314524 200.904887537802 182.107384466356 162.439653458134 148.864295713363 133.971812094412 123.087308083811 114.970837746897 104.049246757261 98.8930760045205 97.2367787514963 73.7801856994629 58.127629803073 41.8358011553364 32.3477402348672 22.3229146772815 13.2278973979335 9.71953577380027 9.92926696808108 21.3988565014255 41.9152122620613 73.5939199386104 98.5092510100334 121.811767085906 116.974465154832 91.6472020303049 55.1166016363329 26.7626295089722 2.28795821724399 2.01103740738284 1.96502455396037 1.73874230730918 1.34627917024397 1.70424321197694 1.50865576776766 1.42696232180442 1.52442371412631 1.43493436324981 1.24992815381096 1.27789108503249 1.28888297561676 1.36782886905055 1.42765908423931 1.35067060061039 1.5605863842272 1.44957559627871 1.82794928646857 1.96366563439369 2.30383961912124 28.7197023822415 62.1465129237021 103.790587640578
310.232415476153 301.192151961788 288.994420697612 262.353942871094 230.725234000914 197.994855326991 174.309900099231 167.182880524666 149.731577227193 133.138052909605 120.975045234926 108.548112192462 99.3098676127772 84.8957841934696 63.9535934694352 37.0818093207575 38.9395393863801 2.54824169412736 2.42505285047716 2.80147822922276 2.23966428637505 13.510502876774 31.9318888264318 63.8349670902375 76.9720951203377 76.2121530348255 55.0848087187736 24.1275707983202 2.39489135530687 2.12447358908192 2.29547038482082 1.81940946655889 1.43502096495321 1.69811336455807 1.56297352861974 1.43889856771115 1.5716115356453 1.50563368585802 1.39253629888258 1.26199831212721 1.2461545486604 1.34655194272918 1.40226854960765 1.51303309634809 1.39594428818072 1.59528167930342 1.635875903791 2.13629241672254 2.0334854472068 2.37024914929944 26.8912144322549 75.1257752449282 113.31862566548
345.831926407353 345.516174316406 342.589630126953 333.998222104965 308.414588682113 284.782379150391 250.851052068895 211.264178368353 182.081130489226 159.230615431263 157.317538353705 140.401087114888 123.971180823541 105.746775473318 100.517046774587 64.4560647779895 36.143153467486 36.2594258093065 2.59230976912283 2.47234812378883 2.74851929660766 2.56915287817678 5.08807456877924 24.0112589559247 30.8793261743361 32.0127274913173 16.6313175462907 2.45398905392616 2.21123614522719 1.92297870305277 1.90307144772622 1.68354288128115 1.75716507242572 1.59379918681037 1.4347848474018 1.58770090149295 1.45245099163825 1.43928523073273 1.29473834556918 1.23456494990856 1.34205818272406 1.38423669049817 1.48316300828611 1.33844418102695 1.60014958102857 1.39280002299816 1.76406053381581 2.25533236803547 2.11273890253036 2.41470458046083 29.5822339827015 96.2518121042559 121.281557390767
390.480676958638 394.065286943989 390.839754166142 377.453782604587 359.748570596018 341.68722386514 320.428350140972 285.482573478453 241.77047827936 198.593699301443 177.956853066721 159.78412062122 149.185650733209 129.880352389428 109.768910807948 102.122303132088 63.2552751110446 32.8708763737832 4.78039647686866 3.11232298708731 2.38813751647549 2.66485883824287 2.51628301316692 2.49023924623766 2.69109309681 2.62008432226796 2.43697981872866 2.27137610989232 2.05520889932109 2.25122393811903 1.79367384602947 1.4523119003542 1.61210495329672 1.46285291833262 1.31246662284097 1.36384326940583 1.42743209677358 1.29919556840774 1.24197929857239 1.24291674167879 1.3912105968883 1.46747354874688 1.31855599149581 1.55408918136551 1.31737043299983 1.64291863143444 1.84860231607191 1.9041716518902 2.20235049291965 2.48445465583955 41.4849499117944 94.079345210906 144.522192185925
428.835186866022 434.236267582063 430.431526430192 415.411860312185 398.101743636593 378.69712238927 358.03161473428 333.753296882876 299.148663428522 260.952938941217 223.331804829259 188.035083401588 163.916463544292 145.420472175844 129.155944332 108.682763868763 101.09585620511 58.8682717354067 38.9117865408621 3.87254508849113 2.43348444661786 2.25176704314447 2.59379957375988 2.48710940634051 2.42219459049163 2.41100006911062 2.30196373789541 2.1352054255624 1.90493321899445 1.89619406769353 1.65171463835624 1.72856814197956 1.5352883040905 1.59844570871322 1.50777336810866 1.42217691867582 1.27763983751497 1.20358956004343 1.19912207799573 1.29353457641217 1.44013569624193 1.52956243291978 1.52930541865287 1.7521965796909 1.41158380046968 1.72840421767004 1.92124680117253 2.01583308894788 2.30052003648973 2.11781401499625 58.2662586089103 102.694938413558 147.045393420804
473.969188074912 475.447558003087 469.359114123929 450.159421859249 424.193157565209 396.66112789031 378.445742207189 363.343041204637 341.661365139869 315.994095833071 283.153716056578 238.768966182586 191.147133611864 163.604444934476 148.602069977791 125.867832306893 104.032891550372 82.5777329475649 44.6237004187799 4.88207171040197 3.56913718196654 2.31402409461237 2.68682951504184 2.5098465017734 2.43214176835552 2.29571219221238 2.16833991004575 1.97033645933674 2.01926784265426 1.82474271808901 1.4583228018976 1.62496563023137 1.45273009807833 1.29401145394771 1.36193597076401 1.37068839948024 1.21561790666273 1.30651711360101 1.32719547710111 1.36795905953453 1.50965665569229 1.38308995048846 1.64584631881406 1.3426841117682 1.67771930656125 1.82479484811906 2.25983192218888 2.08819708756862 2.36916083433936 34.8251037597656 69.590340398973 113.566165554908 156.440994262695
528.756139939831 524.51470258159 505.22368695659 475.184282856603 446.821674469979 419.190362745716 396.046675159085 384.309620026619 373.405084425403 358.188375165386 328.862846128402 295.852871310326 246.924623058688 192.271599062027 162.265145086473 152.837373302829 120.169374773579 100.064971431609 66.4133091588174 35.7656219851586 3.89925576794532 2.39861690132849 2.20123412916737 2.59170997623474 2.41903939843178 2.24235461988757 1.75527345845776 2.05095616079146 1.87677907174633 1.55177372213333 1.78526825385709 1.59421009594394 1.45944383452016 1.27119569480419 1.34913664527478 1.36720060821502 1.21337239636529 1.28411295721608 1.20271474123001 1.39726853851349 1.48317810748854 1.49886828612897 1.76510041471451 1.4683080507863 1.77681520437041 1.95361531549884 1.90687828390829 2.13228755324118 2.3984877866122 32.4495828074794 77.5865148728894 119.796115013861 163.766810263357
553.42671351279 552.664382442351 540.105809365549 507.510594521799 469.243165046938 443.672012821321 424.745607929845 408.002918366463 396.489418768114 383.101627472908 365.908598869078 340.523272606634 302.939648043725 251.759370373141 191.139512092836 159.043927100397 139.744920299899 111.784975851736 87.4253434211977 50.585758947557 3.87926860778562 4.03442438187138 2.35246059490788 2.25731487908671 2.43376159956378 2.18812762345037 2.38833338887461 1.92335988244703 1.71201240343432 1.46382731295401 1.77713135413585 1.56494638756398 1.44480933729679 1.27987764006661 1.36463315063907 1.40275809697567 1.25698902193577 1.29479145667245 1.32648128030762 1.38535436795604 1.4792421229424 1.51011172994491 1.77409038236064 1.68669144184359 1.9009035835343 1.87709402845752 2.06884609403149 2.21998239621039 2.36105639415403 27.8541708300191 65.9498078130907 105.395777794623 145.430423859627
605.723828715663 588.664522232548 558.152829077936 539.941392467868 506.621940366683 473.299816500756 453.719305223034 442.71065644295 430.387344852571 408.167575467017 384.902296496976 372.069270964592 345.209577498897 301.544022590883 240.756134525422 179.992795390467 152.249095301474 128.385066863029 103.814612850066 73.0738627526068 31.2480037443099 4.81367245028096 3.28139256661938 2.28614702628505 2.14075300385875 2.13418885488664 1.55527138325476 1.89888292791382 1.67628579947256 1.39365568324443 1.76699644855915 1.54784506030621 1.39897034918108 1.30156284330353 1.45160133079175 1.42721017858674 1.27555394028464 1.32637505906243 1.3279711282061 1.37618504993377 1.54784870676456 1.50583307685391 1.67720563902009 1.74137051980342 1.70430920200963 2.1149167389639 2.30373487164897 2.42940408231751 2.51438331555936 20.7805529025293 49.0188881658739 90.000980992471 133.310381981634
664.033427576865 639.811636647871 604.888819540701 570.344918527911 544.974992321384 526.268925820627 497.338112123551 475.61433656754 460.945384363974 438.623064102665 412.310352448494 389.440046248897 368.084241805538 336.185417421402 275.077632780998 210.045489895728 166.765813519878 153.445403068296 119.871149370747 97.3345962032195 60.2102787879206 39.0166420475129 4.74087796672698 2.33301963056287 2.18271764343785 2.31611587924342 2.07259405716773 1.70460314039261 1.56018667307592 1.46791805038529 1.75971231537481 1.53783897190325 1.39842160430647 1.30658965101165 1.47553773945378 1.43156295053421 1.29360565495106 1.20722161185357 1.2047143174756 1.35896974657812 1.28116214179224 1.5297090252561 1.39352889887748 1.81504862731503 1.9640617327344 2.28570461177057 1.9573368060012 2.13979322246967 2.72320857067262 35.2108967688776 45.6548338859312 83.0004904962355 110.452195690524
743.624079550466 687.183556341356 648.334186184791 615.977146271736 585.426998015373 562.689421622984 545.841711228894 525.78127953314 490.19568264869 463.193501134073 438.346908569336 408.173185286983 378.805361840033 350.844821560767 301.309681061775 241.829894035093 188.023177608367 157.873464276714 149.691620365266 110.966156005859 87.8123319072108 46.403007630379 3.02046571720031 4.49958410570698 2.24293933376189 1.93883750419463 2.12662478848811 1.77443621331646 1.79298936503549 1.53747194380529 1.36852910105259 1.53149078353759 1.39433681868738 1.3006366015442 1.44694206839608 1.42430819907496 1.27839220195047 1.32071699298197 1.22134679411688 1.36958180464083 1.32284203219798 1.57254905710297 1.49931291322554 1.90722434270766 2.06825894886448 2.4204474307837 3.24384787342241 4.73272626630722 34.3912315368652 36.3788581355926 69.1746539454306 95.2954273839151 107.607055910172
818.240299347908 743.021670433783 696.142488541142 665.274997834236 640.917857508506 615.518563547442 582.08831491778 558.289046748992 517.707936932964 479.479011781754 457.662698068926 426.069575155935 392.056361044607 368.579181794197 332.660587926065 274.553373767484 217.595060779202 178.799955306515 149.366361064296 124.142247353831 105.097081092096 68.6492180362824 28.4261494298135 4.64254792274967 3.57491702994993 2.15449568436992 2.25489527563895 2.00913008518757 1.64395769276927 1.60989579798714 1.41549610658999 1.58766676245197 1.42616335134352 1.49707932433774 1.3813179149743 1.39823380977877 1.24524206019217 1.30483170478575 1.24112726555717 1.38562935013925 1.37367037707759 1.62880505140751 1.66070582453282 2.19114326709701 2.12876764516677 2.46725884849025 4.90054882726362 39.1531460669733 50.7593685273201 75.556575036818 99.5563551379788 110.431083925309 136.523554894232
842.122729885963 787.894816737021 742.986966040827 711.282129103138 689.916959701046 648.080775107107 609.071090206023 572.566267444241 539.212148358745 493.758016278667 468.702026367188 441.764182306105 405.815593104209 376.886233914283 350.22847624748 315.304775607201 251.636508080267 193.350487985919 157.776248070502 142.266484414378 106.75238209386 81.0891691638577 40.0512614711638 4.82787147645027 4.62805677229358 2.1929055115869 2.36130305403663 2.09688204046219 1.72826014122655 1.76803646501034 1.39890457930103 1.62221374338673 1.51564466761005 1.30955040166455 1.36209403987854 1.37666914732225 1.21971528328234 1.41153683200959 1.465850153277 1.49785746297529 1.3542345356076 1.34125867654239 1.74689724608775 1.83766413696351 2.20565572621361 2.46582231310106 12.6714258117061 48.2770650309901 85.1077489545268 106.532051824754 119.890764790197 144.190514349168 153.377834197014
803.316196564705 780.689780942855 728.111988682901 699.820083125945 681.509908368511 646.297036447833 603.268825407951 574.554826305759 547.252686531313 506.734418315272 475.940691548009 454.930001535723 420.889953121062 390.046302549301 359.892994050057 333.66645468435 278.313324466828 214.036970569241 163.171457106067 145.689587993007 109.390583407494 89.4411785987116 47.8585045106949 35.6506820801766 3.7060526878603 2.18945135416523 2.40202856448389 2.16495123072978 1.9240019782897 1.79252766649569 1.45778294869008 1.71258191235604 1.53969283065488 1.33007204676828 1.35511995851994 1.36344374043326 1.44684343953286 1.43112301057385 1.46702063468195 1.28397309395575 1.49950091853257 1.48263826341398 1.85511441456695 1.92040836330383 2.26160378706071 2.50038910344724 34.4249988678963 63.3972946905321 99.7736877933625 122.318311629757 136.916784717191 147.078139274351 170.529619770665
702.320426694808 687.649885608304 676.655992077243 663.871865549395 647.231042677356 626.114919354839 587.336158998551 574.818859469506 552.619240053238 516.421951786164 488.600851735761 463.679533927671 432.488836473034 396.020639234974 368.851765294229 330.734407486454 303.211466143208 226.173283730784 165.421907486454 145.450528544764 109.256039281045 88.125002461095 47.7497777631206 34.4645520487139 3.69305580566006 2.17274366415316 2.41730298582585 2.18127645936704 1.81391840067602 1.84273144939253 1.50381247939602 1.348063485757 1.53111721959806 1.35934294904432 1.36757793493809 1.44330970702633 1.44203707479662 1.42599348868093 1.47553993040516 1.30905117527131 1.52256311163787 1.63313048236793 1.90826797701659 2.00026269353205 2.320376249571 2.56683159643604 27.5400671189831 68.6682747871645 94.2455232681767 107.929364850444 128.70750451857 139.241479689075 159.411711662046
623.982184625441 618.679257300592 592.07722719254 582.107561665197 576.333724483367 572.248113816784 576.302688106414 566.649641467679 548.281144665134 519.75003937752 494.993626748362 472.055522303427 439.128896897839 398.761363367881 370.796683034589 337.121865549395 307.388257918819 229.854227373677 164.958484280494 144.76866297568 107.010795101043 86.3296624460528 45.6609189433436 33.8576333445887 2.79312491416931 2.1657750491173 2.4360698504794 2.19456628109178 1.94822324283661 2.0976950954045 1.70300199860527 1.49592676614561 1.58924314764238 1.45566920070879 1.45220005968886 1.4564128229695 1.44041444409278 1.41938192613663 1.45483155404368 1.30636735116282 1.72046787508072 1.63810306931696 2.15205981221891 2.04393218217358 2.39020614133727 3.12274882341585 28.5402093702747 61.6770556049962 87.1799473916331 99.1477791570848 119.921018292827 132.709293242424 151.329746861612
566.461227909211 556.754553025769 558.784931798135 558.264136529738 558.092780328566 557.785188736454 554.335021972656 552.896805301789 535.555681782384 516.772820257371 493.500475483556 474.17771960843 441.702316776399 400.844879150391 371.911852436681 331.504286735289 298.116995534589 222.771428262034 157.008841729933 141.119206582346 105.304942715553 88.6243852184665 43.9338999102193 33.2989502568399 2.64467639115549 2.03354197019531 2.43892541383543 2.20567878167475 1.99547754228115 2.18334628497401 1.80923319872349 1.52565438997361 1.72730857710685 1.5142898900855 1.54226815003541 1.49365635841124 1.31831578285463 1.42385430489817 1.43842869420205 1.47055152154738 1.55109137873496 1.6301320445153 1.92638719418356 1.82704963871548 2.41576463777211 2.22842947898373 25.2099792726578 49.1559469161495 76.2710448234312 87.2727786648658 101.120296847436 126.084741653935 147.593416275517
562.588026477445 560.378330353768 549.746038621472 542.602163007182 538.347746818296 535.656308081842 529.645380819998 519.616081976121 513.61270436933 498.229607366746 486.851176600302 473.071065595073 441.188296902564 399.835194249307 368.198872720042 340.18886147776 278.670955534904 209.396421370968 150.722857567572 142.298803021831 102.484922101421 74.6385537424395 41.0277343257781 28.513172365004 2.63208749938396 2.6120101828729 2.44316542052454 2.22212814996319 2.03653437524073 1.73089224003976 1.86446122104122 1.57027272687804 1.40397617413152 1.58415970254329 1.36652417048331 1.59909600596274 1.45474272389566 1.40964008146717 1.42173082597794 1.48375575773178 1.42902854181105 1.39071864466513 1.81503016621836 1.69810408161533 2.35534744277116 2.17227842586656 27.1816037393385 31.7669600209882 50.5617836982973 76.7037130786527 92.3529276694021 114.066357520319 145.070163849861
579.448014782321 549.047844671434 537.947640695879 524.820464103453 508.65473101216 499.676913353705 488.163981776084 483.04739281439 479.842849239226 476.557206676852 474.400862170804 459.786225349672 436.308539113691 395.658545217206 363.814604236234 335.193158057428 268.885593045142 194.672271728516 146.699053856634 120.959500466624 99.9172572474326 73.8286284169843 36.4540225613502 13.702227623232 2.71016633798999 2.61624897199292 2.45773953439728 2.24461976799273 2.07174809517399 1.78645742564432 1.91744756265994 1.73182009833474 1.456890824341 1.61193675379599 1.58171060008387 1.44955136699061 1.56919667028612 1.33388982280608 1.42772270018055 1.41321439127768 1.30975509458973 1.6131104500063 1.76109713892783 1.58143502041217 2.21766499574146 2.51718369174388 2.70425790187813 20.3622059206809 36.5322209019815 61.5346917183169 89.4809587540165 114.168502807617 149.575945946478
