Rscript/monthly_maps/SnowDepthMapFile-max-1989-11.asc
ncols 320 
nrows 361 
xllcorner 618410.159 
yllcorner 5088785.286 
cellsize 100 
NODATA_value -9999 
[rows 46 to 68 of 361, columns 0 to 52 of 320]
-9999 -9999 -9999 -9999 -9999 -9999 -9999 -9999 -9999 -9999 -9999 -9999 -9999 -9999 -9999 -9999 -9999 -9999 -9999 -9999 -9999 -9999 -9999 -9999 -9999 -9999 -9999 -9999 -9999 -9999 -9999 -9999 -9999 -9999 -9999 -9999 -9999 -9999 -9999 -9999 -9999 -9999 -9999 -9999 -9999 -9999 -9999 -9999 -9999 -9999 -9999 -9999 -9999
-9999 -9999 -9999 -9999 -9999 -9999 -9999 -9999 -9999 -9999 -9999 -9999 -9999 -9999 -9999 -9999 -9999 -9999 -9999 -9999 -9999 -9999 -9999 -9999 -9999 -9999 -9999 -9999 -9999 -9999 -9999 -9999 -9999 -9999 -9999 -9999 -9999 -9999 -9999 -9999 -9999 -9999 -9999 -9999 -9999 -9999 -9999 -9999 -9999 -9999 -9999 -9999 -9999
-9999 -9999 -9999 -9999 -9999 -9999 -9999 -9999 -9999 -9999 -9999 -9999 -9999 -9999 -9999 -9999 -9999 -9999 -9999 -9999 -9999 -9999 -9999 -9999 -9999 -9999 -9999 -9999 -9999 -9999 -9999 -9999 -9999 -9999 -9999 -9999 -9999 -9999 -9999 -9999 -9999 -9999 -9999 -9999 -9999 -9999 -9999 -9999 -9999 -9999 -9999 -9999 -9999
-9999 -9999 -9999 -9999 -9999 -9999 -9999 -9999 -9999 -9999 -9999 -9999 -9999 -9999 -9999 -9999 -9999 -9999 -9999 -9999 -9999 -9999 -9999 -9999 -9999 -9999 -9999 -9999 -9999 -9999 -9999 -9999 -9999 -9999 -9999 -9999 -9999 -9999 -9999 -9999 -9999 -9999 -9999 -9999 -9999 -9999 -9999 -9999 -9999 -9999 -9999 -9999 1877.828125
-9999 -9999 -9999 -9999 -9999 -9999 -9999 -9999 -9999 -9999 -9999 -9999 -9999 -9999 -9999 -9999 -9999 -9999 -9999 -9999 -9999 -9999 -9999 -9999 -9999 -9999 -9999 1948.66625976562 1933.68737792969 1920.43115234375 1921.75244140625 -9999 -9999 -9999 -9999 -9999 -9999 -9999 -9999 -9999 -9999 -9999 -9999 -9999 -9999 -9999 -9999 -9999 -9999 -9999 -9999 1852.17883300781 1811.54370117188
-9999 -9999 -9999 -9999 -9999 -9999 -9999 -9999 -9999 -9999 -9999 -9999 -9999 -9999 -9999 -9999 -9999 -9999 -9999 -9999 -9999 -9999 -9999 -9999 -9999 1890.99951171875 1870.22351074219 1884.37036132812 1851.94213867188 1845.39733886719 1862.78649902344 1882.89013671875 -9999 -9999 -9999 -9999 -9999 -9999 -9999 -9999 -9999 -9999 -9999 -9999 -9999 -9999 1746.04699707031 -9999 1767.76574707031 1813.75268554688 1796.88049316406 1773.11889648438 1663.595703125
-9999 -9999 -9999 -9999 -9999 -9999 -9999 -9999 -9999 -9999 -9999 -9999 -9999 -9999 -9999 -9999 -9999 -9999 -9999 -9999 -9999 -9999 -9999 -9999 1851.53588867188 1838.74780273438 1805.56176757812 1773.65283203125 1756.96313476562 1759.72143554688 1791.80932617188 1830.70886230469 1878.11267089844 1914.9638671875 -9999 1931.28247070312 1920.18640136719 1907.53393554688 1916.01013183594 1925.03234863281 1878.3232421875 -9999 1775.474609375 1755.71813964844 1737.26000976562 1714.15014648438 1706.24267578125 1606.29223632812 1624.77185058594 1681.92504882812 1681.01208496094 1648.71411132812 1589.97009277344
-9999 -9999 -9999 -9999 -9999 -9999 -9999 -9999 -9999 -9999 -9999 -9999 -9999 -9999 -9999 -9999 -9999 -9999 -9999 -9999 -9999 -9999 -9999 1853.26440429688 1815.78393554688 1763.50744628906 1697.09814453125 1678.1435546875 1678.48107910156 1700.48608398438 1739.00793457031 1765.8046875 1825.0888671875 1881.18176269531 1878.01867675781 1886.21618652344 1873.85070800781 1876.98754882812 1892.97900390625 1912.61083984375 1848.72448730469 1786.9208984375 1741.80578613281 1728.41137695312 1701.9150390625 1679.36059570312 1634.53942871094 1576.787109375 1508.87890625 1507.857421875 1539.2109375 1583.10754394531 1572.10864257812
-9999 -9999 -9999 -9999 -9999 -9999 -9999 -9999 -9999 -9999 -9999 -9999 -9999 -9999 -9999 -9999 -9999 -9999 -9999 -9999 -9999 -9999 1897.17272949219 1818.89477539062 1757.52404785156 1695.22314453125 1656.23937988281 1646.26940917969 1655.72619628906 1701.99719238281 1718.01879882812 1735.87976074219 1770.76184082031 1820.57006835938 1841.626953125 1836.24182128906 1821.81420898438 1834.82043457031 1865.38598632812 1896.28588867188 1842.7236328125 1789.77868652344 1747.32434082031 1694.55773925781 1653.71166992188 1617.26330566406 1595.73901367188 1537.69104003906 1481.76904296875 1441.9208984375 1484.51354980469 1525.20141601562 1556.14489746094
-9999 -9999 -9999 -9999 -9999 -9999 -9999 -9999 -9999 -9999 -9999 -9999 -9999 -9999 -9999 -9999 -9999 -9999 -9999 -9999 -9999 -9999 1854.67126464844 1766.705078125 1699.26574707031 1648.76257324219 1632.93054199219 1627.39990234375 1653.56384277344 1690.39868164062 1702.26953125 1717.72412109375 1741.30749511719 1784.84814453125 1799.53576660156 1802.74670410156 1797.3505859375 1808.234375 1832.57312011719 1901.0068359375 1889.34875488281 1793.53540039062 1716.01342773438 1641.26525878906 1608.35339355469 1586.51513671875 1561.28723144531 1526.42504882812 1481.24694824219 1448.00402832031 1447.90270996094 1474.92700195312 1522.98498535156
-9999 -9999 -9999 -9999 -9999 -9999 -9999 -9999 -9999 -9999 -9999 -9999 -9999 -9999 -9999 -9999 -9999 -9999 -9999 -9999 -9999 1895.57653808594 1847.29370117188 1725.21240234375 1649.91369628906 1622.55212402344 1618.94775390625 1621.28784179688 1656.17211914062 1669.67895507812 1689.15576171875 1703.44897460938 1717.32202148438 1741.59997558594 1774.44482421875 1782.15771484375 1779.28515625 1784.64086914062 1795.44555664062 1848.37658691406 1825.88684082031 1820.4853515625 1681.61450195312 1593.29321289062 1556.98901367188 1529.97338867188 1517.6015625 1496.18737792969 1460.02905273438 1424.49645996094 1392.56262207031 1423.6669921875 1449.08508300781
-9999 -9999 -9999 -9999 -9999 -9999 -9999 -9999 -9999 -9999 -9999 -9999 -9999 -9999 -9999 -9999 -9999 -9999 -9999 -9999 -9999 1872.15026855469 1797.75256347656 1662.50720214844 1622.64636230469 1606.19982910156 1614.76770019531 1632.10131835938 1643.2939453125 1658.12048339844 1670.36730957031 1681.45483398438 1693.00207519531 1714.63439941406 1742.541015625 1759.61022949219 1756.50610351562 1733.46850585938 1719.50537109375 1748.36389160156 1778.53149414062 1755.52172851562 1640.81237792969 1545.92443847656 1494.77624511719 1472.47387695312 1450.84826660156 1429.22973632812 1412.07507324219 1376.90625 1353.94604492188 1353.87170410156 1371.38061523438
-9999 -9999 -9999 -9999 -9999 -9999 -9999 -9999 -9999 -9999 -9999 -9999 -9999 -9999 -9999 -9999 -9999 -9999 -9999 -9999 1920.20288085938 1873.54968261719 1777.86254882812 1698.18054199219 1615.49792480469 1598.7607421875 1622.74633789062 1631.02880859375 1638.26635742188 1648.16613769531 1664.80456542969 1666.58947753906 1676.23364257812 1695.55065917969 1716.17834472656 1726.35534667969 1715.59704589844 1689.76684570312 1634.77685546875 1588.68286132812 1593.5087890625 1608.02490234375 1575.29528808594 1487.69799804688 1446.41540527344 1423.92932128906 1408.54089355469 1386.48400878906 1356.90881347656 1333.76879882812 1313.92907714844 1298.693359375 1313.06677246094
-9999 -9999 -9999 -9999 -9999 -9999 -9999 -9999 -9999 -9999 -9999 -9999 -9999 -9999 -9999 -9999 -9999 -9999 -9999 -9999 1912.08447265625 1871.79333496094 1766.77746582031 1731.83508300781 1640.73779296875 1594.26965332031 1604.44409179688 1620.9482421875 1637.634765625 1639.8193359375 1653.32678222656 1660.14318847656 1662.78662109375 1680.38720703125 1699.06396484375 1699.69348144531 1679.59155273438 1620.04711914062 1564.58276367188 1497.76782226562 1445.40234375 1443.2568359375 1472.44250488281 1451.77783203125 1406.13012695312 1373.85424804688 1357.93701171875 1336.50769042969 1319.99963378906 1302.55908203125 1268.37145996094 1238.61218261719 1236.88916015625
-9999 -9999 -9999 -9999 -9999 -9999 -9999 -9999 -9999 -9999 -9999 -9999 -9999 -9999 -9999 -9999 -9999 -9999 -9999 1859.70349121094 1834.37182617188 1798.67907714844 1747.69348144531 1709.66369628906 1679.20874023438 1607.8310546875 1598.072265625 1630.10119628906 1632.77551269531 1638.65075683594 1644.22778320312 1650.62609863281 1658.38464355469 1661.70776367188 1669.38623046875 1643.68798828125 1610.96435546875 1575.54833984375 1526.54772949219 1463.796875 1398.96459960938 1368.06726074219 1380.99658203125 1388.68054199219 1382.21081542969 1350.72680664062 1330.1318359375 1310.90539550781 1293.67895507812 1267.41284179688 1225.14404296875 1187.96228027344 1181.35925292969
-9999 -9999 -9999 -9999 -9999 -9999 -9999 -9999 -9999 -9999 -9999 -9999 -9999 -9999 -9999 -9999 -9999 1924.14599609375 1837.65295410156 1815.99108886719 1776.28210449219 1745.82922363281 1731.22839355469 1713.34350585938 1684.27136230469 1618.75793457031 1602.146484375 1623.55798339844 1628.83459472656 1633.29296875 1638.01721191406 1643.052734375 1641.36938476562 1617.63488769531 1602.74584960938 1593.54602050781 1546.73461914062 1517.61608886719 1484.33764648438 1437.81799316406 1376.15014648438 1343.7841796875 1321.01599121094 1340.728515625 1344.75769042969 1334.18481445312 1312.68139648438 1292.91577148438 1267.37060546875 1217.37390136719 1178.78381347656 1142.97631835938 1117.42126464844
-9999 -9999 -9999 -9999 -9999 -9999 -9999 -9999 -9999 -9999 -9999 -9999 -9999 -9999 -9999 -9999 1897.42639160156 1837.04931640625 1788.61840820312 1747.28759765625 1727.72436523438 1717.5458984375 1705.47802734375 1692.72351074219 1670.7919921875 1622.56384277344 1613.01013183594 1624.17407226562 1627.50134277344 1630.87414550781 1634.11840820312 1630.16870117188 1601.46472167969 1582.60778808594 1533.43493652344 1510.20947265625 1480.23107910156 1456.544921875 1433.67529296875 1414.65295410156 1377.03552246094 1337.79602050781 1317.54418945312 1295.04797363281 1302.55908203125 1311.5224609375 1299.9775390625 1277.98168945312 1245.12084960938 1186.8671875 1144.44812011719 1105.400390625 1074.17395019531
-9999 -9999 -9999 -9999 -9999 -9999 -9999 -9999 -9999 -9999 -9999 -9999 -9999 -9999 1956.61083984375 1863.99877929688 1819.55041503906 1761.44555664062 1727.25842285156 1711.58325195312 1705.86901855469 1689.26403808594 1656.60278320312 1631.71740722656 1615.20520019531 1602.76916503906 1599.49096679688 1615.1298828125 1619.29125976562 1621.18298339844 1611.5859375 1587.62609863281 1561.56188964844 1513.96606445312 1478.17150878906 1433.86059570312 1418.10705566406 1409.43115234375 1402.32727050781 1386.19995117188 1353.21228027344 1320.5087890625 1295.8642578125 1267.47912597656 1257.03356933594 1281.01721191406 1287.86010742188 1269.92150878906 1221.33703613281 1157.25402832031 1115.88623046875 1077.07885742188 1045.26110839844
-9999 -9999 -9999 -9999 -9999 -9999 -9999 -9999 -9999 -9999 -9999 -9999 -9999 1971.34448242188 1900.8125 1780.65649414062 1733.12353515625 1677.27319335938 1682.35607910156 1688.68713378906 1672.6064453125 1634.22033691406 1614.97326660156 1591.92993164062 1575.43298339844 1573.54370117188 1574.8359375 1576.3232421875 1576.32800292969 1574.76745605469 1567.57885742188 1547.177734375 1506.65686035156 1466.53466796875 1417.82348632812 1369.75500488281 1349.61401367188 1344.921875 1350.82800292969 1341.29931640625 1315.98559570312 1294.73767089844 1267.92919921875 1239.212890625 1219.68225097656 1235.08813476562 1267.75439453125 1262.70056152344 1214.31884765625 1137.65454101562 1075.90417480469 1053.83251953125 1031.57080078125
-9999 -9999 -9999 -9999 -9999 -9999 -9999 -9999 -9999 -9999 -9999 -9999 1988.30883789062 1921.00854492188 1767.13403320312 1673.94738769531 1660.65759277344 1653.63989257812 1653.84924316406 1639.45825195312 1619.93762207031 1602.10192871094 1577.60400390625 1534.74609375 1521.73413085938 1515.0283203125 1526.72729492188 1530.66821289062 1530.84729003906 1525.35278320312 1509.04736328125 1497.64343261719 1459.43371582031 1410.33544921875 1371.07678222656 1334.58312988281 1321.31994628906 1313.71423339844 1311.82360839844 1305.11853027344 1289.87854003906 1267.62768554688 1229.44921875 1201.9609375 1186.0380859375 1172.97290039062 1200.42419433594 1238.85900878906 1207.94250488281 1130.06774902344 1056.283203125 1026.44946289062 1009.61553955078
-9999 -9999 -9999 -9999 -9999 -9999 -9999 -9999 -9999 -9999 -9999 -9999 1917.50207519531 1791.24584960938 1644.60925292969 1621.58776855469 1638.28771972656 1635.93286132812 1624.22033691406 1606.05969238281 1585.73425292969 1552.39929199219 1522.74719238281 1494.22912597656 1483.81091308594 1478.11206054688 1480.92456054688 1483.72106933594 1489.669921875 1478.58459472656 1475.29504394531 1438.17846679688 1403.99279785156 1362.73486328125 1324.87170410156 1307.13000488281 1296.15515136719 1282.98400878906 1276.66418457031 1271.57641601562 1263.13317871094 1231.66918945312 1194.78881835938 1165.02966308594 1143.0693359375 1127.0537109375 1120.79333496094 1142.83081054688 1150.44323730469 1093.27185058594 1040.8017578125 991.623046875 983.112915039062
-9999 -9999 -9999 -9999 -9999 -9999 -9999 -9999 -9999 -9999 -9999 1885.224609375 1824.24987792969 1675.52160644531 1600.62573242188 1600.283203125 1620.984375 1609.76232910156 1589.62121582031 1555.73596191406 1526.28369140625 1505.17053222656 1458.98254394531 1431.3681640625 1422.89538574219 1426.68103027344 1441.70483398438 1455.15075683594 1455.22204589844 1452.86865234375 1419.578125 1395.24682617188 1349.10949707031 1316.50341796875 1298.12658691406 1278.91821289062 1261.92431640625 1242.4091796875 1224.04907226562 1216.74499511719 1219.04992675781 1198.60693359375 1169.54406738281 1135.85498046875 1110.03771972656 1060.23681640625 1047.95251464844 1049.14721679688 1049.80163574219 1020.20574951172 968.811340332031 936.162292480469 917.584411621094
-9999 -9999 -9999 -9999 -9999 -9999 -9999 -9999 -9999 -9999 -9999 1833.37670898438 1752.78991699219 1612.61560058594 1576.42846679688 1584.07214355469 1590.25085449219 1557.5029296875 1529.90417480469 1500.78540039062 1473.11376953125 1435.9267578125 1409.58471679688 1393.91174316406 1388.71484375 1392.322265625 1399.17199707031 1408.63256835938 1408.42834472656 1397.25146484375 1383.54858398438 1348.14172363281 1313.51318359375 1292.07592773438 1265.15600585938 1238.91369628906 1209.09582519531 1188.27294921875 1166.31872558594 1157.19555664062 1153.48400878906 1148.9892578125 1126.76110839844 1077.04626464844 1045.60278320312 1024.23510742188 988.614013671875 961.555114746094 941.173217773438 897.696899414062 872.765014648438 856.295166015625 822.864685058594
