Rscript/monthly_maps/SnowDepthMapFile-max-1989-10.asc
ncols 320 
nrows 361 
xllcorner 618410.159 
yllcorner 5088785.286 
cellsize 100 
NODATA_value -9999 
[rows 112 to 139 of 361, columns 126 to 188 of 320]
0 0 0 0 0 0 0 0 0 0 0 0 0 0 0 0 0 0 0 0 0 0 0 0 7.68480587005615 15.8586120605469 24.1658020019531 30.4855804443359 32.2063446044922 26.9521007537842 16.4208583831787 0 0 0 0 0 0 0 0 0 0 0 0 0 0 0 0 0 0 0 0 0 0 0 0 0 0 0 0 0 0 0 0
0 0 0 0 0 0 0 0 0 0 0 0 0 0 0 0 0 0 0 10.6652908325195 10.0162401199341 9.29359722137451 13.9646024703979 20.3331394195557 28.8517913818359 43.6770477294922 55.907787322998 61.1745719909668 57.1635704040527 41.5903167724609 28.4648036956787 18.6186084747314 10.3017253875732 0 0 0 0 0 0 0 0 0 0 0 0 0 0 0 0 0 0 0 0 0 0 0 0 0 0 0 0 0 0
0 0 0 0 0 8.84984588623047 10.0729951858521 12.2160310745239 14.7609806060791 17.257791519165 18.3690643310547 17.6574897766113 14.3360633850098 10.1375608444214 9.86942195892334 8.86072540283203 7.68718099594116 15.5387773513794 20.5151615142822 23.6131172180176 25.6006031036377 30.6705017089844 41.2600555419922 53.7871704101562 64.2783737182617 71.2776260375977 76.0275726318359 76.8500900268555 73.6099243164062 58.797290802002 38.0977554321289 28.2629413604736 18.6580104827881 0 0 0 0 0 0 0 0 0 0 0 0 0 0 0 0 0 0 0 0 0 0 0 0 0 0 0 0 0 0
0 10.4921340942383 10.5477952957153 16.8699913024902 22.6003608703613 29.566707611084 36.9101753234863 42.9699096679688 47.5246200561523 50.0224380493164 48.5493431091309 43.8895034790039 35.8700561523438 28.5856094360352 24.8443241119385 23.8155822753906 26.0407104492188 30.9112396240234 43.1353454589844 55.3570823669434 61.7698745727539 65.0093765258789 68.0547485351562 73.1634216308594 79.1965408325195 81.4642868041992 83.5809860229492 81.4698867797852 77.2149505615234 69.1649627685547 48.3779411315918 32.3775634765625 22.6580333709717 10.8997821807861 0 0 0 0 0 0 0 0 0 0 0 0 0 0 0 0 0 0 0 0 0 0 0 0 0 0 0 0 0
13.9584636688232 21.8443298339844 32.4718017578125 46.8581008911133 56.3732070922852 61.9516105651855 65.349609375 68.4737167358398 70.7731323242188 72.1654968261719 72.0357437133789 70.3889923095703 66.7560348510742 61.6210250854492 56.2373008728027 52.0684204101562 52.7523193359375 59.8901596069336 68.7345199584961 72.7810287475586 76.5676345825195 79.7198791503906 82.7461547851562 85.8562164306641 89.3463745117188 91.3106994628906 91.3064193725586 86.501220703125 79.9288864135742 73.9990768432617 57.5661849975586 35.076358795166 23.3283500671387 7.63209009170532 0 0 0 0 0 0 0 0 0 0 0 0 0 0 0 0 0 0 0 0 0 0 0 0 0 0 0 0 0
29.2437496185303 51.1118812561035 61.1893653869629 64.8408813476562 68.9612045288086 73.7670516967773 79.2636871337891 80.9756164550781 81.6038589477539 80.429084777832 80.2698211669922 78.2289352416992 76.4030227661133 74.9546051025391 73.6473083496094 72.6489334106445 73.6383743286133 75.7201232910156 78.5301666259766 82.0094680786133 86.9343719482422 90.7894897460938 92.6405715942383 95.3971481323242 96.9095230102539 96.9077377319336 94.421142578125 90.8482208251953 82.2947158813477 76.1602249145508 65.2304000854492 39.5715713500977 23.6813640594482 11.2253723144531 0 0 0 0 0 0 0 0 0 0 0 0 0 0 0 0 0 0 0 0 0 0 0 0 0 0 0 0 0
55.1519622802734 64.4733657836914 71.4243850708008 78.7347640991211 84.5110702514648 88.4028015136719 92.1059875488281 92.3890762329102 90.8592071533203 88.2714996337891 85.6618804931641 83.6813888549805 83.4436874389648 83.4952011108398 83.0262985229492 81.7424240112305 81.4142913818359 83.1214065551758 86.1143341064453 90.7260818481445 94.3359298706055 98.4063415527344 100.787010192871 102.496467590332 102.809967041016 101.733345031738 98.6882019042969 92.5888290405273 86.4403762817383 79.1614456176758 70.3896102905273 47.6438674926758 25.6539039611816 9.11966609954834 0 0 0 0 0 0 0 0 0 0 0 0 0 0 0 0 0 0 0 0 0 0 0 0 0 0 0 0 0
64.7508087158203 73.27001953125 84.8592681884766 94.4555130004883 102.119499206543 106.389610290527 107.190704345703 104.701416015625 101.408538818359 97.9682998657227 96.773193359375 95.2317886352539 94.4154052734375 93.6510848999023 92.6785736083984 91.4885025024414 91.1497116088867 91.5159149169922 92.6979827880859 96.6850967407227 100.822334289551 103.648727416992 105.609214782715 108.112213134766 109.412803649902 108.104049682617 103.116661071777 95.9161148071289 89.4708480834961 81.2052764892578 73.422477722168 58.2476234436035 29.9003505706787 15.678448677063 0 0 0 0 0 0 0 0 0 0 0 0 0 0 0 0 0 0 0 0 0 0 0 0 0 0 0 0 0
71.1365966796875 82.2662353515625 94.2544174194336 110.43238067627 120.216613769531 118.839340209961 117.276611328125 114.497108459473 114.035804748535 111.088340759277 108.841270446777 107.987609863281 106.9091796875 104.307769775391 100.201095581055 97.2637023925781 96.7621536254883 96.875602722168 99.3651275634766 102.162017822266 105.177635192871 107.553001403809 109.268440246582 113.128067016602 114.423408508301 113.0078125 109.190040588379 99.3777923583984 92.2853546142578 83.5800247192383 76.5605773925781 67.1792297363281 40.5773429870605 22.6934642791748 9.2485466003418 0 0 0 0 0 0 0 0 0 0 0 0 0 0 0 0 0 0 0 0 0 0 0 0 0 0 0 0
78.456428527832 89.5277633666992 103.460998535156 119.549331665039 126.65746307373 128.352676391602 125.485931396484 122.900581359863 121.291664123535 123.033866882324 122.170707702637 121.611083984375 119.102912902832 114.51473236084 109.19734954834 104.484642028809 102.230690002441 102.159996032715 103.900344848633 106.561447143555 107.066619873047 110.598754882812 115.548057556152 119.964057922363 121.638153076172 119.931533813477 115.34578704834 103.249610900879 94.3234710693359 85.7233734130859 79.6627807617188 72.6521453857422 54.4599952697754 29.1841068267822 14.6869115829468 0 0 0 0 0 0 0 0 0 0 0 0 0 0 0 0 0 0 0 0 0 0 0 0 0 0 0 0
84.3664703369141 95.1583938598633 112.184898376465 126.723365783691 135.125762939453 134.834732055664 132.091369628906 129.404251098633 128.901596069336 129.069091796875 130.960220336914 129.987182617188 125.564300537109 119.777297973633 117.660202026367 113.461845397949 110.036766052246 109.098159790039 108.659065246582 111.234077453613 113.584930419922 116.180442810059 120.869438171387 127.170150756836 130.229934692383 127.328277587891 120.447494506836 107.146270751953 96.2938537597656 88.0210800170898 82.1564636230469 76.2326126098633 64.7701034545898 37.7488861083984 21.5901565551758 0 0 0 0 0 0 0 0 0 0 0 0 0 0 0 0 0 0 0 0 0 0 0 0 0 0 0 0
89.0121688842773 102.267776489258 120.774780273438 132.980560302734 140.970016479492 141.236770629883 138.477874755859 135.545761108398 134.296966552734 137.8955078125 140.298889160156 139.532516479492 133.224914550781 127.641670227051 123.063789367676 119.363304138184 116.799919128418 116.133033752441 117.01416015625 118.205131530762 119.548698425293 120.804222106934 124.913795471191 132.573364257812 137.716384887695 135.38801574707 121.808311462402 110.688621520996 96.6067886352539 90.8049697875977 84.2232513427734 79.1162719726562 71.5681076049805 47.0322723388672 26.8980541229248 10.6331815719604 0 0 0 0 0 0 0 0 0 0 0 0 0 0 0 0 0 0 0 0 0 0 0 0 0 0 0
94.7673263549805 108.74015045166 124.107086181641 137.728500366211 145.028182983398 146.363586425781 144.437728881836 140.870010375977 140.783477783203 146.464828491211 146.965408325195 145.376510620117 139.665588378906 135.38916015625 131.852935791016 128.019866943359 125.238418579102 123.895477294922 123.916221618652 123.944946289062 124.109169006348 125.146896362305 127.379211425781 134.470336914062 140.52067565918 140.712585449219 125.993209838867 113.312644958496 98.9804534912109 92.9585800170898 86.7530059814453 79.8377532958984 73.8542404174805 52.9329948425293 29.8775024414062 16.924919128418 0 0 0 0 0 0 0 0 0 0 0 0 0 0 0 0 0 0 0 0 0 0 0 0 0 0 0
101.464721679688 115.865661621094 127.175514221191 137.84619140625 145.520462036133 149.068389892578 149.57731628418 147.960662841797 150.756286621094 158.236587524414 157.069305419922 147.951217651367 144.048126220703 142.220031738281 139.903015136719 137.191741943359 134.330871582031 132.120864868164 130.158950805664 128.227035522461 127.822677612305 127.722755432129 130.030502319336 135.865310668945 141.116455078125 141.42512512207 127.767860412598 115.057502746582 100.458267211914 94.4500122070312 87.9795227050781 80.7806243896484 74.5919494628906 55.7119293212891 31.4363822937012 19.4049186706543 0 0 0 0 0 0 0 0 0 0 0 0 0 0 0 0 0 0 0 0 0 0 0 0 0 0 0
112.351844787598 121.103981018066 129.691436767578 137.378967285156 143.811264038086 148.785522460938 152.251541137695 156.135940551758 158.300109863281 157.960205078125 153.432266235352 149.373596191406 146.887954711914 146.781860351562 145.626373291016 144.202117919922 141.894561767578 138.685394287109 134.998229980469 132.164733886719 130.555572509766 130.863891601562 133.687744140625 138.294662475586 142.259384155273 140.995086669922 128.021438598633 116.396774291992 101.925987243652 95.7396926879883 88.1374740600586 81.080436706543 74.9899368286133 57.4101638793945 32.6113777160645 20.9363536834717 11.1784143447876 0 0 0 0 0 0 0 0 0 0 0 0 0 0 0 0 0 0 0 0 0 0 0 0 0 0
120.427406311035 127.204986572266 132.995361328125 138.400100708008 143.255523681641 147.913345336914 152.179489135742 158.015975952148 162.069290161133 166.389053344727 157.18017578125 152.833786010742 148.508972167969 150.014343261719 150.064834594727 149.871490478516 147.959716796875 144.191452026367 138.98991394043 133.835586547852 132.406616210938 134.477172851562 137.403427124023 141.82405090332 143.626235961914 140.078430175781 128.192153930664 117.521102905273 103.31494140625 96.4589767456055 88.2748794555664 81.1092300415039 75.3973007202148 59.1295204162598 33.9824028015137 22.3838901519775 8.42510890960693 0 0 0 0 0 0 0 0 0 0 0 0 0 0 0 0 0 0 0 0 0 0 0 0 0 0
128.200622558594 133.010681152344 137.707046508789 141.294448852539 144.414291381836 147.503387451172 151.056869506836 157.994247436523 163.728622436523 167.193130493164 163.320281982422 157.362060546875 153.518112182617 155.920532226562 150.976699829102 152.505340576172 157.778274536133 150.950790405273 143.831954956055 136.908905029297 134.43896484375 136.062133789062 141.342300415039 145.483123779297 145.058135986328 138.803405761719 127.018928527832 115.283470153809 104.382766723633 94.9790954589844 87.8951263427734 80.5422744750977 75.3220291137695 59.2424583435059 34.8820037841797 23.2185897827148 9.39839839935303 0 0 0 0 0 0 0 0 0 0 0 0 0 0 0 0 0 0 0 0 0 0 0 0 0 0
136.378387451172 139.604049682617 142.494720458984 144.679473876953 148.312515258789 147.477157592773 149.881896972656 154.881652832031 167.980682373047 169.689437866211 164.730758666992 158.431442260742 157.561813354492 153.001174926758 154.909393310547 157.325134277344 157.735412597656 155.349914550781 154.843444824219 143.660690307617 139.175567626953 139.85676574707 143.755920410156 146.886459350586 144.570663452148 136.255905151367 125.444259643555 115.057159423828 104.836303710938 95.2681503295898 87.273063659668 80.3214416503906 74.1651992797852 56.4777908325195 34.1740188598633 22.8009033203125 8.32635688781738 0 0 0 0 0 0 0 0 0 0 0 0 0 0 0 0 0 0 0 0 0 0 0 0 0 0
142.701156616211 146.244644165039 147.022308349609 146.123580932617 146.14387512207 147.414413452148 149.290115356445 152.83576965332 161.369445800781 167.375106811523 170.882293701172 165.130844116211 156.690612792969 154.88655090332 156.74560546875 160.558990478516 161.360275268555 161.284149169922 159.42008972168 157.146682739258 150.967422485352 144.086853027344 144.608520507812 145.267288208008 142.542007446289 133.596466064453 123.608917236328 114.10920715332 104.302688598633 94.9849853515625 86.3656845092773 78.7497863769531 71.8908233642578 50.181827545166 31.9794387817383 20.6030406951904 0 0 0 0 0 0 0 0 0 0 0 0 0 0 0 0 0 0 0 0 0 0 0 0 0 0 0
144.855621337891 150.162048339844 147.341583251953 147.299789428711 146.547790527344 146.690231323242 148.816940307617 151.715316772461 158.198837280273 164.105224609375 170.666625976562 169.013900756836 161.608032226562 156.116104125977 157.259353637695 160.894638061523 162.735244750977 163.671005249023 166.729598999023 167.026168823242 158.649612426758 152.726226806641 145.653610229492 143.360122680664 139.556533813477 131.873016357422 122.332679748535 112.655975341797 103.501831054688 96.3565902709961 86.2688293457031 78.1676635742188 70.1692352294922 45.3894996643066 29.7491226196289 17.8989505767822 0 0 0 0 0 0 0 0 0 0 0 0 0 0 0 0 0 0 0 0 0 0 0 0 0 0 0
142.472763061523 151.583404541016 150.534729003906 146.763809204102 146.614074707031 146.833450317383 148.194000244141 151.28466796875 156.183074951172 166.124313354492 167.380447387695 171.851776123047 165.517761230469 157.938232421875 155.279724121094 157.289749145508 162.695251464844 164.687561035156 169.681594848633 178.069412231445 173.697982788086 156.733810424805 152.990615844727 144.934463500977 139.280517578125 131.570251464844 121.965873718262 114.555038452148 102.737167358398 95.8607711791992 86.6395950317383 79.0201721191406 70.0471420288086 44.1330451965332 28.3114356994629 15.2504072189331 0 0 0 0 0 0 0 0 0 0 0 0 0 0 0 0 0 0 0 0 0 0 0 0 0 0 0
139.687377929688 151.843963623047 151.985778808594 148.575881958008 147.797073364258 146.825378417969 147.861145019531 147.810562133789 154.920394897461 162.771453857422 164.228561401367 169.826263427734 174.497802734375 162.802459716797 156.385681152344 155.588928222656 160.217468261719 165.765121459961 172.761383056641 181.590316772461 179.717300415039 163.20539855957 160.521667480469 150.209243774414 142.465957641602 132.13493347168 121.702842712402 114.16374206543 102.742942810059 94.659294128418 88.3785629272461 79.7309722900391 72.3586502075195 46.5239753723145 28.2014541625977 14.0764493942261 0 0 0 0 0 0 0 0 0 0 0 0 0 0 0 0 0 0 0 0 0 0 0 0 0 0 0
138.238922119141 152.021713256836 153.830871582031 150.481048583984 148.447723388672 147.221130371094 147.965591430664 149.546524047852 153.823455810547 158.832397460938 168.540252685547 167.035507202148 173.9677734375 174.414855957031 164.938385009766 158.095062255859 160.018249511719 169.407608032227 180.704437255859 181.451370239258 170.692565917969 166.521682739258 155.744155883789 148.559631347656 141.280746459961 130.628494262695 120.973472595215 113.035461425781 102.525741577148 95.6258926391602 89.6592483520508 80.9700164794922 74.779670715332 50.8589935302734 29.5076580047607 16.1479511260986 0 0 0 0 0 0 0 0 0 0 0 0 0 0 0 0 0 0 0 0 0 0 0 0 0 0 0
137.869277954102 151.848739624023 157.24560546875 151.900192260742 149.347671508789 146.933578491211 147.978485107422 148.714813232422 152.503860473633 157.560104370117 167.385452270508 165.947906494141 173.663818359375 182.882873535156 176.231079101562 170.20881652832 168.477157592773 177.040100097656 180.321334838867 171.384124755859 166.570053100586 152.779418945312 146.120071411133 138.86735534668 130.68586730957 123.622703552246 116.223297119141 109.282157897949 101.143051147461 94.2080993652344 89.2043151855469 81.0090942382812 75.7346572875977 52.5781326293945 30.9591636657715 18.0739688873291 0 0 0 0 0 0 0 0 0 0 0 0 0 0 0 0 0 0 0 0 0 0 0 0 0 0 0
137.400833129883 153.947677612305 158.160766601562 154.086288452148 149.003005981445 147.982406616211 147.518478393555 148.53352355957 151.529022216797 156.098541259766 165.300216674805 171.787857055664 172.613998413086 184.238632202148 188.960189819336 181.382522583008 179.360870361328 175.269088745117 168.831893920898 164.805465698242 150.609710693359 142.297546386719 134.374145507812 127.215065002441 120.479774475098 116.470054626465 110.536437988281 105.085556030273 98.0328521728516 92.2725601196289 84.8666687011719 79.5769653320312 71.2896041870117 47.3217506408691 31.0040111541748 18.874210357666 0 0 0 0 0 0 0 0 0 0 0 0 0 0 0 0 0 0 0 0 0 0 0 0 0 0 0
136.020812988281 151.579223632812 158.147369384766 157.750305175781 149.186965942383 148.897415161133 147.250411987305 148.930557250977 147.637405395508 154.478652954102 159.982727050781 170.488967895508 169.377716064453 182.722991943359 192.381927490234 187.069427490234 181.704345703125 168.824478149414 161.393859863281 148.409912109375 141.441116333008 134.474914550781 127.295852661133 120.055023193359 113.289978027344 110.960609436035 107.392692565918 102.373291015625 95.5174942016602 88.7254333496094 80.3022918701172 74.316047668457 57.5911979675293 35.5491981506348 26.4881591796875 14.9973278045654 0 0 0 0 0 0 0 0 0 0 0 0 0 0 0 0 0 0 0 0 0 0 0 0 0 0 0
134.960311889648 148.569747924805 161.741943359375 158.575805664062 152.100372314453 150.932662963867 149.187957763672 149.115097045898 147.860382080078 150.603744506836 157.789566040039 166.91960144043 173.06672668457 174.698364257812 192.914627075195 192.715530395508 181.60725402832 162.867691040039 146.793045043945 141.083419799805 136.258666992188 130.932327270508 125.353370666504 117.196090698242 111.183517456055 107.727928161621 106.515205383301 101.958923339844 94.197380065918 86.4874725341797 78.8766250610352 67.7178649902344 41.3905410766602 28.108699798584 17.6348934173584 11.1933431625366 0 0 0 0 0 0 0 0 0 0 0 0 0 0 0 0 0 0 0 0 0 0 0 0 0 0 0
134.686111450195 145.320724487305 159.167373657227 163.827514648438 156.540130615234 152.30192565918 148.352493286133 150.001342773438 149.623901367188 151.112655639648 154.551406860352 165.052658081055 171.987518310547 172.948089599609 190.172332763672 186.96354675293 169.048873901367 152.176498413086 141.07991027832 138.40446472168 135.231658935547 131.525924682617 125.724517822266 117.579795837402 111.71556854248 108.495231628418 105.410911560059 101.835113525391 94.2010345458984 85.9368438720703 77.6637191772461 60.3381385803223 33.9823913574219 21.5959548950195 8.73966407775879 0 0 0 0 0 0 0 0 0 0 0 0 0 0 0 0 0 0 0 0 0 0 0 0 0 0 0 0
