Rscript/monthly_maps/SnowDepthMapFile-ndays-1989-09.asc
ncols 320 
nrows 361 
xllcorner 618410.159 
yllcorner 5088785.286 
cellsize 100 
NODATA_value -9999 
[rows 92 to 137 of 361, columns 0 to 95 of 320]
-9999 -9999 -9999 -9999 -9999 -9999 -9999 -9999 -9999 -9999 -9999 15 12 8 7 6 6 6 6 6 6 6 6 6 6 6 6 6 7 9 7 4 4 3 1 1 0 0 0 0 0 0 0 0 1 1 1 1 1 1 3 3 4 4 5 5 4 4 3 3 1 1 1 1 1 0 0 0 0 0 0 0 0 0 0 0 0 0 0 0 0 0 0 0 0 0 0 0 1 1 1 1 1 1 1 1
-9999 -9999 -9999 -9999 -9999 -9999 -9999 -9999 -9999 -9999 -9999 -9999 10 8 7 6 6 6 6 6 6 6 6 6 6 6 6 7 8 11 6 4 4 3 2 1 1 0 0 0 0 0 0 1 1 1 1 1 1 3 3 4 4 4 6 4 4 4 3 3 1 1 1 1 1 0 0 0 0 0 0 0 0 0 0 0 0 0 0 0 0 0 0 0 0 0 0 0 0 0 0 0 1 1 1 1
-9999 -9999 -9999 -9999 -9999 -9999 -9999 -9999 -9999 -9999 -9999 -9999 -9999 8 7 7 7 6 6 6 6 6 6 6 6 6 7 9 14 13 6 4 4 3 2 1 1 1 0 0 0 0 1 1 1 1 1 1 3 3 3 4 4 6 6 5 4 4 3 1 1 1 1 1 1 1 0 0 0 0 0 0 0 0 0 0 0 0 0 0 0 0 0 0 0 0 0 0 0 0 0 0 0 1 1 1
-9999 -9999 -9999 -9999 -9999 -9999 -9999 -9999 -9999 -9999 -9999 -9999 -9999 8 7 7 7 7 6 6 6 6 6 6 6 6 7 15 15 13 6 4 4 3 3 1 1 1 1 0 0 1 1 1 1 1 1 2 3 3 4 4 4 6 6 5 4 4 3 1 1 1 1 1 1 1 0 0 0 0 0 0 0 0 0 0 0 0 0 0 0 0 0 0 0 0 0 0 0 0 0 0 0 0 0 0
-9999 -9999 -9999 -9999 -9999 -9999 -9999 -9999 -9999 -9999 -9999 -9999 -9999 -9999 -9999 8 8 7 7 7 7 6 6 6 6 6 9 15 16 14 6 4 4 3 3 1 1 1 1 1 1 1 1 1 1 1 1 3 3 4 4 4 4 5 6 5 4 4 3 3 1 1 1 1 1 1 0 0 0 0 0 0 0 0 0 0 0 0 0 0 0 0 0 0 0 0 0 0 0 0 0 0 0 0 0 0
-9999 -9999 -9999 -9999 -9999 -9999 -9999 -9999 -9999 -9999 -9999 -9999 -9999 -9999 -9999 8 8 8 8 7 7 7 7 6 6 7 14 16 17 15 7 4 4 4 3 1 1 1 1 1 1 1 1 1 1 1 3 3 4 4 4 4 6 6 7 6 4 4 4 3 1 1 1 1 1 1 0 0 0 0 0 0 0 0 0 0 0 0 0 0 0 0 0 0 0 0 0 0 0 0 0 0 0 0 0 0
-9999 -9999 -9999 -9999 -9999 -9999 -9999 -9999 -9999 -9999 -9999 -9999 -9999 -9999 -9999 -9999 8 8 8 8 8 7 8 8 7 9 13 15 15 15 6 4 4 4 3 1 1 1 1 1 1 1 1 1 1 2 3 4 4 4 4 5 6 7 7 5 4 4 4 3 1 1 1 1 1 1 0 0 0 0 0 0 0 0 0 0 0 0 0 0 0 0 0 0 0 0 0 0 0 0 0 0 0 0 0 0
-9999 -9999 -9999 -9999 -9999 -9999 -9999 -9999 -9999 -9999 -9999 -9999 -9999 -9999 -9999 -9999 8 8 8 8 8 8 8 8 8 12 15 15 13 9 7 5 4 4 4 3 1 1 1 1 1 1 1 1 1 3 3 4 4 5 5 6 7 8 6 4 4 4 4 3 1 1 1 1 1 1 0 0 0 0 0 0 0 0 0 0 0 0 0 0 0 0 0 0 0 0 0 0 0 0 0 0 0 0 0 0
-9999 -9999 -9999 -9999 -9999 -9999 -9999 -9999 -9999 -9999 -9999 -9999 -9999 -9999 -9999 -9999 8 8 8 8 8 8 8 8 10 14 15 15 12 8 7 6 5 4 4 3 3 1 1 1 1 1 1 1 3 3 4 4 5 6 9 10 11 7 6 4 4 4 4 3 1 1 1 1 1 1 0 0 0 0 0 0 0 0 0 0 0 0 0 0 0 0 0 0 0 0 0 0 0 0 0 0 0 0 0 0
-9999 -9999 -9999 -9999 -9999 -9999 -9999 -9999 -9999 -9999 -9999 -9999 -9999 -9999 -9999 -9999 -9999 -9999 -9999 9 9 9 9 10 14 15 16 15 9 7 8 6 5 5 4 4 4 3 1 1 1 1 3 3 4 4 4 4 6 8 14 14 8 6 5 4 4 4 3 3 1 1 1 1 1 1 0 0 0 0 0 0 0 0 0 0 0 0 0 0 0 0 0 0 0 0 0 0 0 0 0 0 0 0 0 0
-9999 -9999 -9999 -9999 -9999 -9999 -9999 -9999 -9999 -9999 -9999 -9999 -9999 -9999 -9999 -9999 -9999 -9999 -9999 9 9 10 10 12 15 16 16 15 14 9 8 7 6 5 4 4 4 4 4 3 3 3 4 4 4 4 4 5 7 14 15 13 7 6 5 4 4 4 3 2 1 1 1 1 1 1 0 0 0 0 0 0 0 0 0 0 0 0 0 0 0 0 0 0 0 0 0 0 0 0 0 0 0 0 0 0
-9999 -9999 -9999 -9999 -9999 -9999 -9999 -9999 -9999 -9999 -9999 -9999 -9999 -9999 -9999 -9999 -9999 -9999 -9999 -9999 10 12 13 15 15 17 18 16 14 11 8 7 6 6 5 5 5 4 4 4 4 4 4 4 4 5 5 8 15 15 15 10 7 6 5 4 4 4 3 3 1 1 1 1 1 1 1 0 0 0 0 0 0 0 0 0 0 0 0 0 0 0 0 0 0 0 0 0 0 0 0 0 0 0 0 0
-9999 -9999 -9999 -9999 -9999 -9999 -9999 -9999 -9999 -9999 -9999 -9999 -9999 -9999 -9999 -9999 -9999 -9999 -9999 -9999 13 14 15 15 17 18 18 17 15 14 10 7 6 5 6 6 5 5 5 5 5 4 4 4 5 6 9 15 16 16 15 8 6 6 5 4 4 4 3 3 1 1 1 1 1 1 1 1 0 0 0 0 0 0 0 0 0 0 0 0 0 0 0 0 0 0 0 0 0 0 0 0 0 0 0 0
-9999 -9999 -9999 -9999 -9999 -9999 -9999 -9999 -9999 -9999 -9999 -9999 -9999 -9999 -9999 -9999 -9999 -9999 -9999 -9999 -9999 15 15 15 18 19 19 18 16 15 14 8 7 6 6 6 6 6 6 5 5 5 5 4 6 8 15 17 17 15 13 7 6 6 5 5 4 4 4 3 1 1 1 1 1 1 1 1 1 1 0 0 0 0 0 0 0 0 0 0 0 0 0 0 0 0 0 0 0 0 0 0 0 0 0 0
-9999 -9999 -9999 -9999 -9999 -9999 -9999 -9999 -9999 -9999 -9999 -9999 -9999 -9999 -9999 -9999 -9999 -9999 -9999 -9999 -9999 -9999 15 17 18 21 22 19 18 16 15 10 7 7 7 6 6 6 6 6 5 5 6 6 6 12 15 17 17 15 11 7 6 6 5 5 4 4 4 3 3 1 1 1 1 1 1 1 1 1 1 0 0 0 0 0 0 0 0 0 0 0 0 0 0 0 0 0 0 0 0 0 0 0 0 0
-9999 -9999 -9999 -9999 -9999 -9999 -9999 -9999 -9999 -9999 -9999 -9999 -9999 -9999 -9999 -9999 -9999 -9999 -9999 -9999 -9999 -9999 -9999 17 20 22 23 20 18 16 15 12 8 8 7 7 7 7 7 7 7 6 6 6 7 14 15 17 17 15 13 7 7 6 5 5 4 4 4 4 3 3 1 1 1 1 1 1 1 1 1 1 0 0 0 0 0 0 0 0 0 0 0 0 0 0 0 0 0 0 0 0 0 0 0 0
-9999 -9999 -9999 -9999 -9999 -9999 -9999 -9999 -9999 -9999 -9999 -9999 -9999 -9999 -9999 -9999 -9999 -9999 -9999 -9999 -9999 -9999 -9999 -9999 -9999 21 21 19 18 17 15 15 10 8 8 8 8 8 8 8 8 7 7 7 9 15 15 17 18 16 14 8 7 7 5 5 5 4 4 4 4 3 2 1 1 1 1 1 1 1 1 1 1 0 0 0 0 0 0 0 0 0 0 0 0 0 0 0 0 0 0 0 0 0 0 0
-9999 -9999 -9999 -9999 -9999 -9999 -9999 -9999 -9999 -9999 -9999 -9999 -9999 -9999 -9999 -9999 -9999 -9999 -9999 -9999 -9999 -9999 -9999 -9999 -9999 20 20 20 18 17 16 15 14 10 9 9 8 9 9 9 9 9 9 10 13 15 17 17 17 15 15 11 8 7 5 5 5 5 5 4 4 4 3 3 1 1 1 1 1 1 1 1 1 1 0 0 0 0 0 0 0 0 0 0 0 0 0 0 0 0 0 0 0 0 0 0
-9999 -9999 -9999 -9999 -9999 -9999 -9999 -9999 -9999 -9999 -9999 -9999 -9999 -9999 -9999 -9999 -9999 -9999 -9999 -9999 -9999 -9999 -9999 -9999 -9999 19 20 18 18 17 16 15 14 14 11 10 10 10 10 10 10 10 11 13 14 15 17 17 15 15 15 14 10 8 7 5 5 5 5 5 5 4 4 4 3 3 2 1 1 1 1 1 1 1 0 0 0 0 0 0 0 0 0 0 0 0 0 0 0 0 0 0 0 0 0 0
-9999 -9999 -9999 -9999 -9999 -9999 -9999 -9999 -9999 -9999 -9999 -9999 -9999 -9999 -9999 -9999 -9999 -9999 -9999 -9999 -9999 -9999 -9999 -9999 -9999 21 20 19 18 17 16 16 15 14 13 14 14 14 14 14 14 13 13 13 15 15 15 15 14 13 13 12 10 9 8 7 6 6 5 5 5 5 4 4 3 3 1 1 1 1 1 1 1 1 0 0 0 0 0 0 0 0 0 0 0 0 0 0 0 0 0 0 0 0 0 0
-9999 -9999 -9999 -9999 -9999 -9999 -9999 -9999 -9999 -9999 -9999 -9999 -9999 -9999 -9999 -9999 -9999 -9999 -9999 -9999 -9999 -9999 -9999 -9999 22 22 20 19 18 17 17 16 15 15 15 15 14 14 14 14 14 13 14 15 15 15 15 13 12 9 9 9 8 8 8 6 6 6 6 5 5 5 4 4 4 3 1 1 1 1 1 1 1 1 0 0 0 0 0 0 0 0 0 0 0 0 0 0 0 0 0 0 0 0 0 0
-9999 -9999 -9999 -9999 -9999 -9999 -9999 -9999 -9999 -9999 -9999 -9999 -9999 -9999 -9999 -9999 -9999 -9999 -9999 -9999 -9999 -9999 -9999 23 22 22 20 19 18 17 17 16 16 15 15 15 15 15 15 15 15 15 15 15 15 15 13 11 8 8 8 7 6 6 6 6 6 5 6 6 5 4 4 4 3 3 1 1 1 1 1 1 1 1 0 0 0 0 0 0 0 0 0 0 0 0 0 0 0 0 0 0 0 0 0 0
-9999 -9999 -9999 -9999 -9999 -9999 -9999 -9999 -9999 -9999 -9999 -9999 -9999 -9999 -9999 -9999 -9999 -9999 -9999 -9999 -9999 27 26 24 22 22 19 18 18 17 16 16 16 15 15 15 15 15 15 15 15 15 15 15 15 15 13 9 7 6 6 6 6 6 5 4 5 4 4 4 4 4 4 4 4 3 1 1 1 1 1 1 1 1 0 0 0 0 0 0 0 0 0 0 0 0 0 0 0 0 0 0 0 0 0 0
-9999 -9999 -9999 -9999 -9999 -9999 -9999 -9999 -9999 -9999 -9999 -9999 -9999 -9999 -9999 -9999 -9999 -9999 -9999 -9999 28 28 23 23 22 21 18 18 17 17 17 16 16 16 16 15 15 15 15 15 15 15 15 15 15 15 13 8 7 6 6 6 6 4 5 4 4 4 4 4 4 4 4 4 4 3 2 1 1 1 1 1 1 1 0 0 0 0 0 0 0 0 0 0 0 0 0 0 0 0 0 0 0 0 0 0
-9999 -9999 -9999 -9999 -9999 -9999 -9999 -9999 -9999 -9999 -9999 -9999 -9999 -9999 -9999 -9999 -9999 -9999 -9999 -9999 28 28 26 23 21 19 18 18 17 17 17 16 16 16 16 16 15 15 15 15 15 15 15 15 15 15 14 9 8 8 6 6 5 6 4 4 4 4 4 4 4 5 5 4 4 4 3 1 1 1 1 1 1 1 0 0 0 0 0 0 0 0 0 0 0 0 0 0 0 0 0 0 0 0 0 0
-9999 -9999 -9999 -9999 -9999 -9999 -9999 -9999 -9999 -9999 -9999 -9999 -9999 -9999 -9999 -9999 -9999 -9999 -9999 27 26 26 24 23 21 19 18 18 17 17 17 16 16 16 16 15 15 15 15 15 15 15 15 15 16 15 15 10 8 7 7 5 6 5 4 4 4 4 5 5 5 5 5 4 4 4 3 1 1 1 1 1 1 1 0 0 0 0 0 0 0 0 0 0 0 0 0 0 0 0 0 0 0 0 0 0
-9999 -9999 -9999 -9999 -9999 -9999 -9999 -9999 -9999 -9999 -9999 -9999 -9999 -9999 -9999 -9999 -9999 -9999 28 26 26 24 23 22 21 19 18 18 17 17 16 16 16 16 16 16 15 15 15 15 15 16 16 16 16 15 15 13 10 8 7 5 6 5 5 5 5 5 5 5 5 5 5 4 4 4 3 2 1 1 1 1 1 1 1 0 0 0 0 0 0 0 0 0 0 0 0 0 0 0 0 0 0 0 0 0
-9999 -9999 -9999 -9999 -9999 -9999 -9999 -9999 -9999 -9999 -9999 -9999 -9999 -9999 -9999 -9999 -9999 -9999 28 26 25 23 23 23 21 20 18 18 18 17 17 16 16 16 16 16 16 16 15 15 16 16 16 16 16 16 15 14 11 8 7 6 5 6 5 5 5 5 5 5 5 5 5 5 4 4 3 2 1 1 1 1 1 1 1 1 1 0 0 0 0 0 0 0 0 0 0 0 0 0 0 0 0 0 0 0
-9999 -9999 -9999 -9999 -9999 -9999 -9999 -9999 -9999 -9999 -9999 -9999 -9999 -9999 -9999 -9999 -9999 -9999 29 28 26 23 23 23 21 20 19 18 18 17 17 16 16 16 16 16 16 16 16 16 16 16 16 16 16 16 15 13 10 8 8 7 5 5 5 5 5 5 5 5 5 5 5 5 4 4 3 3 1 1 1 1 1 1 1 1 1 1 0 0 0 0 0 0 0 0 0 0 0 0 0 0 0 0 0 0
-9999 -9999 -9999 -9999 -9999 -9999 -9999 -9999 -9999 -9999 -9999 -9999 -9999 -9999 -9999 -9999 -9999 30 30 28 25 24 23 23 21 20 19 19 18 18 18 17 16 16 16 16 16 16 16 16 16 16 18 18 18 16 15 13 8 8 8 7 6 5 6 5 5 5 5 5 5 5 5 5 4 4 4 3 2 1 1 1 1 1 1 1 1 1 1 1 1 1 1 1 1 1 0 0 0 0 0 0 0 0 0 0
-9999 -9999 -9999 -9999 -9999 -9999 -9999 -9999 -9999 -9999 -9999 -9999 -9999 -9999 -9999 -9999 -9999 -9999 30 29 27 25 23 22 21 19 19 19 19 18 18 18 18 17 16 16 16 16 16 16 16 18 18 19 19 17 15 13 10 8 8 8 7 5 5 6 5 5 5 5 5 5 5 5 5 4 4 4 3 1 1 1 1 1 1 1 1 1 1 1 1 1 1 1 1 1 0 0 0 0 0 0 0 0 0 0
-9999 -9999 -9999 -9999 -9999 -9999 -9999 -9999 -9999 -9999 -9999 -9999 -9999 -9999 -9999 -9999 -9999 30 30 30 28 26 23 21 20 19 19 19 19 18 18 18 18 18 18 18 18 18 18 18 18 18 19 19 20 17 15 13 10 9 8 8 7 5 5 6 5 5 5 5 5 5 5 5 5 5 4 4 3 3 1 1 1 1 1 1 1 1 1 1 1 1 1 1 1 0 0 0 0 0 0 0 0 0 0 0
-9999 -9999 -9999 -9999 -9999 -9999 -9999 -9999 -9999 -9999 -9999 -9999 -9999 -9999 -9999 -9999 -9999 30 30 29 28 26 23 21 20 19 19 19 19 19 18 18 18 18 18 18 18 18 18 18 18 18 20 20 20 17 15 15 13 10 9 8 8 7 5 5 6 5 5 5 5 5 5 5 5 5 5 4 4 3 2 1 1 1 1 1 1 1 1 1 1 1 1 1 0 0 0 0 0 0 0 0 0 0 0 0
-9999 -9999 -9999 -9999 -9999 -9999 -9999 -9999 -9999 -9999 -9999 -9999 -9999 -9999 -9999 -9999 -9999 30 30 28 25 26 23 20 19 19 19 19 19 19 18 18 18 18 18 18 18 18 18 18 19 19 20 21 20 17 16 15 15 14 13 10 8 8 6 6 6 6 5 6 6 6 6 5 5 5 5 5 4 4 3 2 1 1 1 1 1 1 1 1 1 1 1 1 0 0 0 0 0 0 0 0 0 0 0 0
-9999 -9999 -9999 -9999 -9999 -9999 -9999 -9999 -9999 -9999 -9999 -9999 -9999 -9999 -9999 -9999 -9999 30 30 28 25 26 23 20 19 19 19 19 19 19 18 18 18 18 18 18 18 18 18 18 19 19 20 23 23 19 17 16 16 15 15 13 10 9 7 7 6 6 7 9 9 9 8 6 6 5 5 5 5 4 4 3 3 1 1 1 1 1 1 1 1 1 1 1 0 0 0 0 0 0 0 0 0 0 0 0
-9999 -9999 -9999 -9999 -9999 -9999 -9999 -9999 -9999 -9999 -9999 -9999 -9999 -9999 -9999 -9999 -9999 -9999 -9999 -9999 26 26 23 20 20 19 19 19 19 19 18 18 18 18 18 18 18 18 18 19 19 19 21 26 26 22 18 17 17 17 16 16 15 14 14 11 12 13 13 15 16 15 14 10 7 6 5 5 5 5 4 4 3 3 2 1 1 1 1 1 1 1 1 1 0 0 0 0 0 0 0 0 0 0 0 0
-9999 -9999 -9999 -9999 -9999 -9999 -9999 -9999 -9999 -9999 -9999 -9999 -9999 -9999 -9999 -9999 -9999 -9999 -9999 -9999 -9999 -9999 -9999 -9999 -9999 -9999 19 19 19 19 19 18 18 18 18 18 18 18 19 19 19 20 22 28 28 24 22 19 18 17 17 17 16 16 16 16 15 16 16 16 16 16 15 14 10 7 6 5 5 5 5 4 4 4 3 2 1 1 1 1 1 1 1 1 0 0 0 0 0 0 0 0 0 0 0 0
-9999 -9999 -9999 -9999 -9999 -9999 -9999 -9999 -9999 -9999 -9999 -9999 -9999 -9999 -9999 -9999 -9999 -9999 -9999 -9999 -9999 -9999 -9999 -9999 -9999 -9999 -9999 19 19 19 19 19 18 18 18 18 18 19 19 19 20 20 23 28 28 28 26 25 21 20 18 18 17 17 17 17 16 16 16 15 15 15 15 13 10 8 6 5 5 5 5 5 4 4 4 3 1 1 1 1 1 1 1 1 0 0 0 0 0 0 0 0 0 0 0 1
-9999 -9999 -9999 -9999 -9999 -9999 -9999 -9999 -9999 -9999 -9999 -9999 -9999 -9999 -9999 -9999 -9999 -9999 -9999 -9999 -9999 -9999 -9999 -9999 -9999 -9999 -9999 -9999 -9999 19 19 19 19 19 19 19 19 19 19 20 20 22 26 28 28 29 28 26 25 21 20 20 19 19 17 17 16 15 15 15 14 13 13 12 9 8 5 5 5 5 5 5 5 4 4 3 2 1 1 1 1 1 1 1 1 0 0 0 0 0 0 0 0 0 1 1
-9999 -9999 -9999 -9999 -9999 -9999 -9999 -9999 -9999 -9999 -9999 -9999 -9999 -9999 -9999 -9999 -9999 -9999 -9999 -9999 -9999 -9999 -9999 -9999 -9999 -9999 -9999 -9999 -9999 -9999 19 19 19 19 19 19 19 19 20 20 20 23 23 28 29 30 28 28 25 25 21 21 20 19 17 16 15 15 13 12 11 12 9 9 8 7 5 5 5 5 5 5 5 4 4 4 3 1 1 1 1 1 1 1 1 1 0 0 0 0 0 0 0 0 1 1
-9999 -9999 -9999 -9999 -9999 -9999 -9999 -9999 -9999 -9999 -9999 -9999 -9999 -9999 -9999 -9999 -9999 -9999 -9999 -9999 -9999 -9999 -9999 -9999 -9999 -9999 -9999 -9999 -9999 -9999 -9999 19 19 19 19 19 19 20 20 20 22 24 24 27 28 28 23 22 20 20 19 19 19 16 16 15 15 13 12 9 8 7 7 7 6 5 5 5 5 5 5 5 5 5 4 4 3 2 1 1 1 1 1 1 1 1 0 0 0 0 0 0 0 1 1 1
-9999 -9999 -9999 -9999 -9999 -9999 -9999 -9999 -9999 -9999 -9999 -9999 -9999 -9999 -9999 -9999 -9999 -9999 -9999 -9999 -9999 -9999 -9999 -9999 -9999 -9999 -9999 -9999 -9999 -9999 -9999 -9999 19 19 19 20 20 20 20 21 22 22 24 28 27 25 22 20 19 19 19 18 16 16 15 15 13 11 9 5 5 5 5 5 5 5 5 5 5 5 5 5 5 5 4 4 3 2 1 1 1 1 1 1 1 1 1 0 0 0 0 0 0 1 1 1
-9999 -9999 -9999 -9999 -9999 -9999 -9999 -9999 -9999 -9999 -9999 -9999 -9999 -9999 -9999 -9999 -9999 -9999 -9999 -9999 -9999 -9999 -9999 -9999 -9999 -9999 -9999 -9999 -9999 -9999 -9999 -9999 -9999 19 20 20 20 20 20 21 22 -9999 -9999 -9999 25 24 22 20 19 19 18 17 16 15 15 15 13 9 5 5 5 5 5 5 5 5 5 5 5 5 5 5 5 5 4 4 3 2 1 1 1 1 1 1 1 1 1 0 0 0 0 0 1 1 1 1
-9999 -9999 -9999 -9999 -9999 -9999 -9999 -9999 -9999 -9999 -9999 -9999 -9999 -9999 -9999 -9999 -9999 -9999 -9999 -9999 -9999 -9999 -9999 -9999 -9999 -9999 -9999 -9999 -9999 -9999 -9999 -9999 -9999 -9999 -9999 -9999 -9999 -9999 -9999 -9999 -9999 -9999 -9999 -9999 25 24 22 20 19 19 18 16 16 15 15 14 13 6 5 5 5 5 5 5 5 5 6 5 5 5 5 5 5 4 4 4 3 2 1 1 1 1 1 1 1 1 1 0 0 0 1 1 1 1 1 1
-9999 -9999 -9999 -9999 -9999 -9999 -9999 -9999 -9999 -9999 -9999 -9999 -9999 -9999 -9999 -9999 -9999 -9999 -9999 -9999 -9999 -9999 -9999 -9999 -9999 -9999 -9999 -9999 -9999 -9999 -9999 -9999 -9999 -9999 -9999 -9999 -9999 -9999 -9999 -9999 -9999 -9999 -9999 -9999 26 24 21 20 19 18 16 16 15 15 15 13 10 6 5 5 5 5 5 6 6 6 6 5 5 5 5 5 4 4 4 3 3 1 1 1 1 1 1 1 1 1 1 1 1 1 1 1 1 1 1 1
-9999 -9999 -9999 -9999 -9999 -9999 -9999 -9999 -9999 -9999 -9999 -9999 -9999 -9999 -9999 -9999 -9999 -9999 -9999 -9999 -9999 -9999 -9999 -9999 -9999 -9999 -9999 -9999 -9999 -9999 -9999 -9999 -9999 -9999 -9999 -9999 -9999 -9999 -9999 -9999 -9999 -9999 -9999 -9999 25 23 21 20 19 16 16 15 15 15 13 13 9 6 5 5 5 6 6 6 6 6 5 5 5 5 5 4 4 4 4 3 1 1 1 1 1 1 1 1 1 1 1 1 1 1 1 1 1 1 1 1
