Rscript/monthly_maps/SnowDepthMapFile-q90-1989-11.asc
ncols 320 
nrows 361 
xllcorner 618410.159 
yllcorner 5088785.286 
cellsize 100 
NODATA_value -9999 
[rows 216 to 239 of 361, columns 162 to 215 of 320]
296.976937866211 272.995501708984 259.535836791992 249.835314941406 242.440119934082 240.329653930664 241.649108886719 248.813206481934 260.473706054688 264.270681762695 258.549096679688 238.176370239258 195.822546386719 186.643817138672 184.162649536133 185.581120300293 192.265219116211 220.128317260742 233.140272521973 243.225650024414 254.971820068359 264.148184204102 269.894671630859 277.447369384766 285.796862792969 297.338366699219 328.310778808594 351.61435546875 355.39296875 338.653170776367 294.213714599609 237.694772338867 220.20376739502 207.872570800781 201.524411010742 200.304866027832 199.728468322754 210.277008056641 242.865995788574 251.591023254395 257.76460723877 259.422494506836 258.275538635254 237.063729858398 222.256414794922 217.971395874023 216.388612365723 232.677583312988 237.633255004883 209.203161621094 187.276792907715 141.349180603027 83.0749092102051 34.9362903594971
304.920150756836 279.393435668945 265.875024414063 249.029574584961 238.980876159668 233.158168029785 231.759387207031 234.458378601074 242.741612243652 247.35246887207 239.910034179688 197.663031005859 183.176863098145 174.330010986328 172.514665222168 177.245837402344 189.416749572754 210.295286560059 237.521266174316 253.360386657715 266.081225585938 274.906109619141 282.786679077149 291.325433349609 299.583093261719 334.633224487305 345.002676391602 351.014758300781 331.921041870117 294.564801025391 240.329217529297 220.674555969238 204.412145996094 190.294921875 173.790995788574 160.488111877441 171.244064331055 181.957223510742 197.473544311523 239.865786743164 247.799508666992 245.751832580566 220.41696472168 208.116812133789 203.287202453613 198.710034179688 196.543640136719 196.491603088379 194.564628601074 186.119735717773 170.73600769043 123.837442779541 64.0728286743164 33.9629142761231
320.277621459961 283.762655639648 269.864135742188 249.230690002441 234.793521118164 229.425177001953 217.07899017334 204.308016967773 211.138137817383 212.807574462891 198.805491638184 184.650465393066 170.572731018066 134.156681823731 131.604162597656 172.644718933106 187.878988647461 204.890295410156 245.895036315918 263.954956054688 275.810485839844 285.485177612305 308.236138916016 327.562677001953 337.507962036133 339.769818115234 343.598696899414 328.925738525391 292.429708862305 261.532510375977 222.971632385254 206.621821594238 187.451322937012 157.947677612305 127.250203704834 116.701193237305 116.72431640625 134.344024658203 176.097212219238 192.219764709473 198.375054931641 196.872468566895 192.738864135742 181.549656677246 164.116786193848 145.577055358887 145.778845214844 169.631694030762 171.530444335938 144.079472351074 123.329576873779 73.1388671875 35.1576972961426 32.9301908493042
325.397436523438 286.677850341797 270.906900024414 249.482260131836 231.768418884277 215.992749023438 193.772210693359 188.946435546875 187.137530517578 186.639749145508 182.520440673828 168.673240661621 125.714745330811 112.535514068604 121.234812927246 153.84488067627 187.061141967773 212.519958496094 254.748188781738 270.830380249024 282.40657043457 311.503179931641 328.170288085938 332.656893920898 336.565774536133 336.180764770508 317.27360534668 287.532223510742 269.460705566406 224.325672912598 208.705125427246 191.182447814941 169.299488830566 125.58591003418 68.4698074340821 35.6126487731934 35.2468128204346 72.0748718261719 124.68051071167 145.52954864502 160.874867248535 145.314582824707 135.493365478516 125.449926757813 107.486219024658 84.3458274841309 85.2653244018555 102.196496582031 111.6979347229 84.4105216979981 66.9975975036621 34.8641044616699 33.3384296417236 30.7521139144898
323.66901550293 301.329202270508 271.616244506836 250.789775085449 231.523417663574 200.670895385742 188.722590637207 178.07492980957 173.767251586914 169.385278320313 136.480606079102 120.030354309082 81.6369125366211 75.7658905029297 90.8456886291504 141.854583740234 187.829635620117 230.984533691406 262.329525756836 276.825131225586 303.588784790039 321.690704345703 328.452194213867 330.042208862305 325.290643310547 289.956777954102 279.885919189453 267.295233154297 225.0138671875 210.218812561035 191.081614685059 171.375061035156 130.313731384277 74.8979545593262 36.3147724151611 33.5158683776855 29.1128728866577 31.1827955245972 40.424594116211 77.6079299926758 81.1787345886231 73.9208389282227 62.482914352417 33.0122371673584 31.3851619720459 31.1903078079224 33.0122148513794 34.2596752166748 34.7142780303955 34.306241607666 32.9730422973633 31.3923847198486 29.9122068405151 24.3818744659424
323.712786865234 303.685632324219 273.534848022461 254.043013000488 236.652824401856 202.781268310547 187.540458679199 172.151466369629 130.796738433838 121.130722808838 87.3187232971192 70.2741477966309 43.4547966003418 61.6741748809815 82.9502433776856 141.724642944336 190.174124145508 240.157554626465 266.264730834961 279.606799316406 313.496856689453 322.089233398438 322.149139404297 309.203176879883 281.28362121582 270.591165161133 257.79376373291 219.64161529541 209.861944580078 190.461392211914 169.190156555176 127.577726745606 78.7104637145996 37.4596031188965 34.6127353668213 31.3152269363403 25.7895454406738 26.7150033950806 29.482795715332 32.023063659668 31.390824508667 29.2458446502686 27.6333345413208 26.7241306304932 27.0106904983521 25.9729234695435 28.4753383636475 28.8723096847534 29.5645994186401 29.0156551361084 28.4005285263062 25.0745979309082 17.0797463417053 14.3756959915161
325.089654541016 312.0833984375 278.25715637207 262.523623657227 243.193376159668 206.836476135254 189.417016601563 148.64841003418 118.002484893799 76.2648620605469 59.888733291626 41.8479385375977 41.7185649871826 42.5619197845459 78.2677551269532 142.098526000977 192.33095703125 245.601042175293 269.060150146484 297.813800048828 315.330001831055 316.737661743164 306.309448242188 276.696771240234 263.581002807617 241.308129882813 210.262336730957 197.384515380859 181.72364654541 141.893502807617 120.393338012695 65.7692031860352 36.3384967803955 34.867163848877 33.0780841827393 23.8842872619629 18.4633583068848 17.4950817108154 22.5760190963745 27.7762807846069 26.4083106994629 19.3161037445068 13.3234799385071 13.193026638031 10.9159390449524 12.7645893096924 13.1973307609558 13.8623116493225 14.0225540161133 13.9012280464172 14.4617383956909 9.5035219192505 9.24060287475587 11.7955952644348
326.569619750977 320.412524414063 283.659194946289 272.148022460938 251.647406005859 221.256552124023 189.122438049316 137.70613861084 82.3337860107422 42.9834526062012 40.975817489624 39.6691291809082 39.022730255127 40.9062335968018 73.0219863891602 140.453762817383 191.631811523438 245.749479675293 268.990930175781 297.059298706055 309.499542236328 302.567263793945 275.734432983399 260.974670410156 234.259284973145 196.452304077148 179.180456542969 148.185615539551 131.189172363281 87.243091583252 36.3029289245606 32.0871011734009 31.7756956100464 30.8014659881592 24.855800819397 18.206526184082 9.73755321502687 8.67339334487916 9.44667358398438 14.5698699951172 9.47356348037721 10.6729338645935 1.08984813690187 0.849027061462414 0.733037281036387 0.737747287750255 0.814167213439953 0.979780673980727 1.06229562759401 1.12306032180788 9.13338251113892 9.15650300979615 9.0494499206543 1.06194353103639
326.625695800781 324.097259521484 306.438629150391 277.782412719727 257.610299682617 210.003630065918 184.119502258301 127.308595275879 68.8128952026368 40.9333961486816 38.5444004058838 37.9381427764893 38.6153919219971 39.0556434631348 68.488542175293 137.816055297852 190.060662841797 240.996031188965 263.912716674805 272.581045532227 274.934478759766 272.156256103516 261.305682373047 233.612623596191 188.078114318848 158.676121520996 128.064202880859 84.7603523254395 58.4119075775147 31.9685150146484 27.87253074646 25.9495250701904 17.1665057182312 16.3372985839844 10.9895449638367 12.0925315856934 8.02848396301271 7.1861523628235 1.12854337692262 1.04337205886842 0.771320390701305 0.749258089065562 0.938505172729506 0 0 0 0 0 0 0 0 0 0 0
324.385705566406 323.497186279297 316.754870605469 278.705487060547 254.63503112793 201.031657409668 174.809799194336 91.0229064941407 41.2171295166016 39.6049198150635 37.5872344970703 35.1787921905518 37.2346267700195 37.381782913208 60.8032482147217 133.025810241699 187.357293701172 233.848219299316 251.913282775879 261.596148681641 263.153936767578 256.87398223877 238.442425537109 187.470259094238 141.468266296387 97.1232513427735 42.3901027679444 31.5055696487427 27.2337121963501 26.6663799285889 15.3611401557923 9.53983669281007 10.674168586731 1.26145544052126 1.13233003616335 1.02878551483156 0.822049140930187 0.856352233886731 1.02969455718996 0.831528282165539 0 0 0 0 0 0 0 0 0 0 0 0 0 0
320.771478271484 320.888665771484 311.092251586914 273.983459472656 245.581683349609 187.908251953125 137.781684875488 71.5090782165528 40.0097587585449 38.0339515686035 34.240153503418 28.6064510345459 33.6231822967529 36.2897590637207 44.4940994262696 128.483686828613 184.687117004395 217.850965881348 238.780207824707 243.199119567871 239.757934570313 215.565594482422 187.985266113281 149.005082702637 88.9536506652832 34.7191650390625 29.5541423797607 26.1762928009033 14.6184367179871 8.10471572875977 1.24280996322634 0.916619586944593 0.931877231597914 0.731537818908702 0.99580459594728 0.898943996429456 0 0 0 0 0 0 0 0 0 0 0 0 0 0 0 0 0 0
315.983187866211 313.027465820312 279.646365356445 264.543368530273 208.559585571289 179.277275085449 120.609372711182 40.5377056121826 38.62607421875 36.4747581481934 26.8695531845093 25.1472780227661 29.2281881332398 35.6575885772705 40.1176204681397 122.967694091797 177.396908569336 193.654411315918 206.472636413574 200.979086303711 193.413879394531 183.272178649902 146.736753845215 91.9097106933594 35.2626647949219 28.2429676055908 20.6288234710693 8.80746784210206 1.10412340164186 0.927616310119642 0.684152603149424 0 0 0 0 0 0 0 0 0 0 0 0 0 0 0 0 0 0 0 0 0 0 0
311.290576171875 298.739840698242 270.547509765625 248.426853942871 192.337283325195 143.768544006348 78.5708839416504 39.3092102050781 36.6625286102295 29.0056594848633 24.3907567977905 23.1791793823242 25.710385131836 36.0071899414063 40.1832893371582 85.196004486084 135.38727722168 176.713478088379 183.921801757813 181.929612731934 174.061305236816 134.464099121094 85.3134056091309 36.1577613830567 30.0478204727173 21.078528213501 10.89447889328 0.908962059021009 1.00753078460695 0 0 0 0 0 0 0 0 0 0 0 0 0 0 0 0 0 0 0 0 0 0 0 0 0
308.469940185547 278.512942504883 257.555792236328 222.046939086914 182.215808105469 126.377827453613 49.0666114807129 38.3338680267334 34.9175731658936 22.8241619110108 18.1008541107178 16.0707517623901 22.5548231124878 35.0637084960938 39.8109603881836 62.7304649353028 82.8377716064453 121.3723487854 128.829149627686 126.965223693848 108.067565155029 73.2624771118164 36.8316215515137 30.9485385894775 23.6424036026001 11.9606799125671 0.967354297637953 0.864019012451184 0 0 0 0 0 0 0 0 0 0 0 0 0 0 0 0 0 0 0 0 0 0 0 0 0 0
304.802395629883 269.833950805664 248.038168334961 201.774168395996 174.534237670898 87.6731903076172 39.8762798309326 35.561287689209 29.142599105835 21.9419212341309 13.9888977050781 13.7152146339417 21.2301950454712 30.7624479293823 36.5474361419678 39.1929096221924 40.2186450958252 45.0437129974366 65.6679454803467 64.4029090881348 39.9416210174561 37.4484970092774 32.8520851135254 24.9542797088623 9.33658428192139 1.07009487152101 0.891814994812024 0 0 0 0 0 0 0 0 0 0 0 0 0 0 0 0 0 0 0 0 0 0 0 0 0 0 0
305.856341552734 270.72985534668 247.671311950684 198.399029541016 151.611723327637 77.1719528198243 39.4790554046631 37.1955951690674 26.576263999939 13.2299806594849 12.7838754653931 10.4257846832276 12.0774829864502 21.337657737732 30.9126302719116 34.9362232208252 35.4995700836182 36.4979740142822 37.2214351654053 37.1439937591553 35.2202083587647 32.8537342071533 22.993092918396 8.1928369998932 9.48033990859986 0.97723770141603 0 0 0 0 0 0 0 0 0 0 0 0 0 0 0 0 0 0 0 0 0 0 0 0 0 0 0 0
308.687966918945 274.715356445313 251.823002624512 203.814250183106 168.800883483887 81.1640815734864 39.093229675293 36.7755874633789 23.7466974258423 14.5606922149658 11.9446217536926 11.2560153961182 12.7293398857117 9.7393581390381 18.8944713592529 21.8605121612549 27.696884727478 31.089638710022 33.1390079498291 32.1859889984131 27.0700054168701 18.5174068450928 12.1437273979187 9.72148761749268 0.681550884246836 0 0 0 0 0 0 0 0 0 0 0 0 0 0 0 0 0 0 0 0 0 0 0 0 0 0 0 0 0
306.732208251953 272.094223022461 253.844523620606 209.74548034668 182.782470703125 90.9074981689454 39.1634464263916 36.8592586517334 24.1018472671509 14.584815120697 11.2880765914917 10.5230862617493 7.63004307746889 10.2239080429077 11.8725945472717 9.81274032592775 15.5371786117554 19.8060157775879 20.20345287323 19.0403945922852 12.8955235481262 11.2083013534546 1.13333950042726 1.01811676025392 0 0 0 0 0 0 0 0 0 0 0 0 0 0 0 0 0 0 0 0 0 0 0 0 0 0 0 0 0 0
270.591448974609 260.123797607422 246.490438842773 211.476446533203 183.356231689453 125.202676391602 40.39447555542 37.0626403808594 27.0073089599609 14.6454672813416 12.1958779335022 10.5137721061707 8.73226308822633 1.03778905868532 1.00175600051881 1.24455709457399 11.1534427642822 8.66301856040956 8.26233830451967 11.3339680671692 7.91921520233155 0.846898555755627 0.862682723999036 0 0 0 0 0 0 0 0 0 0 0 0 0 0 0 0 0 0 0 0 0 0 0 0 0 0 0 0 0 0 0
245.477088928223 232.854634094238 200.519819641113 189.936378479004 177.054676818848 122.259985351563 40.8415096282959 36.416495513916 28.547099685669 14.1123358726502 11.5000792503357 9.38489532470705 1.13832349777223 0.854317474365247 1.00490665435792 0.789092683792125 0.66886978149415 0.693113708496104 0.943521881103529 0.726832723617564 0.83779983520509 0 0 0 0 0 0 0 0 0 0 0 0 0 0 0 0 0 0 0 0 0 0 0 0 0 0 0 0 0 0 0 0 0
197.576686096191 185.740043640137 177.302624511719 139.334907531738 122.107545471191 76.9718864440918 40.5707271575928 36.7635608673096 22.7854209899903 12.836141204834 11.2793684959412 6.64399957656862 0.857534599304211 0 0 0 0 0 0 0 0 0 0 0 0 0 0 0 0 0 0 0 0 0 0 0 0 0 0 0 0 0 0 0 0 0 0 0 0 0 0 0 0 0
180.041444396973 138.525108337402 101.993240356445 71.6262886047364 40.3680618286133 40.0556579589844 38.4783576965332 32.2800678253174 17.672785949707 9.79877471923829 8.35379123687745 0.867568588256848 0 0 0 0 0 0 0 0 0 0 0 0 0 0 0 0 0 0 0 0 0 0 0 0 0 0 0 0 0 0 0 0 0 0 0 0 0 0 0 0 0 0
129.220762634277 79.5301445007324 39.5067775726319 36.496280670166 33.8339214324951 34.5415878295899 32.7835052490234 20.2606712341309 10.2221051216126 9.05468521118164 0.83439931869508 0 0 0 0 0 0 0 0 0 0 0 0 0 0 0 0 0 0 0 0 0 0 0 0 0 0 0 0 0 0 0 0.994379043579116 0.909677219390882 7.02727861404419 8.03423118591309 6.61141424179078 6.70622920989991 8.49606418609619 8.19980230331421 8.13942465782166 8.7151258468628 9.56784944534302 11.5988163948059
69.8458610534668 38.7112880706787 35.4773609161377 30.6364362716675 24.5161685943604 19.4194648742676 18.0877517700195 11.6184494018555 9.216654586792 0 0 0 0 0 0 0 0 0 0 0 0 0 0 0 0 0 0 0 0 0 0 0 0 0 0 0 0 0 0 0 6.91071228981018 7.04197096824647 7.57302436828614 9.40380668640138 8.38734841346742 10.3163311958313 12.3726662635803 13.4739768028259 11.6418786048889 14.248247718811 17.8853746414185 25.7845720291138 27.4912685394287 28.2245992660523
