Rscript/monthly_maps/SnowDepthMapFile-median-1989-12.asc
ncols 320 
nrows 361 
xllcorner 618410.159 
yllcorner 5088785.286 
cellsize 100 
NODATA_value -9999 
[rows 250 to 274 of 361, columns 112 to 167 of 320]
359.984100341797 338.970001220703 334.631378173828 321.638305664062 300.859619140625 280.685424804688 271.163360595703 261.024810791016 245.881149291992 232.367263793945 218.685546875 217.115631103516 193.458908081055 182.971343994141 150.091613769531 136.958236694336 123.170875549316 106.145431518555 92.4002990722656 66.3705596923828 38.7230491638184 40.501033782959 5.49501085281372 5.63706684112549 4.0708122253418 3.99548602104187 0 0 0 0 0 0 0 0 0 0 0 0 0 0 0 0 0 0 0 0 0 0 0 0 0 0 0 0 0 0
365.694946289062 341.406311035156 344.579620361328 324.754455566406 300.934539794922 282.373840332031 273.463653564453 255.411209106445 245.816879272461 230.978775024414 214.499588012695 215.339141845703 192.024612426758 174.959671020508 148.552352905273 135.590423583984 136.338195800781 106.68132019043 97.2839279174805 72.4723281860352 53.087963104248 34.8250160217285 41.2629508972168 7.80499601364136 6.95332908630371 4.09194707870483 0 0 0 0 0 0 0 0 0 0 0 0 0 0 0 0 0 0 0 0 0 0 0 0 0 0 0 0 0 0
371.635437011719 342.000854492188 345.574462890625 326.696502685547 303.37646484375 283.942352294922 270.607086181641 266.551239013672 248.525482177734 230.516571044922 223.053176879883 215.895492553711 194.204483032227 173.345474243164 148.801406860352 135.954391479492 137.020126342773 108.578186035156 97.2294921875 88.7935409545898 71.1385955810547 60.3479461669922 43.2060661315918 41.7311210632324 9.85476398468018 7.23362398147583 5.14815187454224 0.0771600008010864 0 0 0 0 0 0 0 0 0 0 0 0 0 0 0 0 0 0 0 0 0 0 0 0 0 0 0 0
380.485168457031 358.256988525391 345.865997314453 328.257995605469 309.800903320312 287.720642089844 272.225067138672 265.262176513672 246.795471191406 233.052963256836 226.332092285156 218.397171020508 205.616241455078 187.221939086914 151.81169128418 136.056747436523 136.875289916992 111.649429321289 104.427238464355 102.320579528809 95.92626953125 91.348388671875 82.8488159179688 69.0705032348633 45.7783393859863 40.4807052612305 5.38051509857178 4.85588884353638 0.0719999969005585 0 0 0 0 0 0 0 0 0 0 0 0 0 0 0 0 0 0 0 0 0 0 0 0 0 0 0
384.907684326172 367.817535400391 347.123718261719 332.741973876953 317.080383300781 291.17578125 274.819091796875 266.125732421875 252.17692565918 236.669845581055 229.0458984375 220.042938232422 207.511764526367 192.340270996094 153.885955810547 138.783554077148 129.048797607422 119.793045043945 113.108512878418 113.335006713867 113.634407043457 114.099739074707 110.495010375977 105.306587219238 88.7513122558594 71.9776458740234 31.0523624420166 5.53672313690186 4.88227891921997 0 0 0 0 0 0 0 0 0 0 0 0 0 0 0 0 0 0 0 0 0 0 0 0 0 0 0
392.085235595703 379.441741943359 341.350311279297 335.979858398438 322.355743408203 294.077514648438 278.375244140625 266.909515380859 254.063262939453 240.85627746582 227.570266723633 220.709808349609 216.049301147461 197.971145629883 163.828765869141 141.781173706055 134.582046508789 141.28547668457 137.759826660156 129.450408935547 133.70654296875 137.762878417969 134.966018676758 126.960334777832 113.500961303711 107.298553466797 72.0307540893555 39.3705558776855 4.90199613571167 4.39232206344604 0 0 0 0 0 0 0 0 0 0 0 0 0 0 0 0 0 0 0 0 0 0 0 0 0 0
390.67822265625 372.825012207031 348.207336425781 345.543151855469 325.339599609375 296.824920654297 280.223327636719 269.039093017578 259.334533691406 244.105072021484 232.938705444336 225.041351318359 218.208267211914 205.868057250977 173.151138305664 147.373718261719 141.669357299805 139.616149902344 140.258010864258 147.703033447266 162.494201660156 167.397567749023 157.440399169922 150.913635253906 134.175308227539 119.767028808594 104.82738494873 76.8349838256836 37.8494262695312 4.03467321395874 0.070362001657486 0 0 0 0 0 0 0 0 0 0 0 0 0 0 0 0 0 0 0 0 0 0 0 0 0
381.920623779297 370.240051269531 344.956359863281 342.149749755859 323.974731445312 296.327667236328 278.678833007812 271.476165771484 260.517425537109 244.769348144531 233.427719116211 220.044647216797 219.850158691406 206.520538330078 184.807693481445 156.871765136719 148.609146118164 151.052200317383 158.773345947266 191.815841674805 206.602249145508 209.483810424805 195.728927612305 168.911926269531 148.316665649414 146.636993408203 121.12092590332 105.421333312988 72.5099563598633 39.7798614501953 4.04088401794434 0 0 0 0 0 0 0 0 0 0 0 0 0 0 0 0 0 0 0 0 0 0 0 0 0
371.158782958984 358.36181640625 342.180999755859 335.613037109375 322.660095214844 297.156005859375 281.016296386719 271.198547363281 260.616302490234 243.567489624023 230.854354858398 217.101974487305 217.431045532227 208.902053833008 188.985977172852 171.688415527344 164.964126586914 180.286361694336 201.707366943359 219.853775024414 218.294509887695 216.54541015625 209.218521118164 185.080123901367 152.947463989258 141.384918212891 127.86190032959 109.211151123047 80.0435028076172 36.5562858581543 3.94010210037231 0 0 0 0 0 0 0 0 0 0 0 0 0 0 0 0 0 0 0 0 0 0 0 0 0
354.783172607422 342.735137939453 337.718811035156 326.342071533203 316.796630859375 294.641784667969 278.505706787109 271.792114257812 252.911376953125 240.666931152344 229.268814086914 222.907745361328 216.655883789062 209.130554199219 188.728973388672 182.045883178711 188.034164428711 206.964553833008 220.313186645508 223.711822509766 224.500701904297 214.491409301758 192.499862670898 150.295852661133 135.319549560547 123.433883666992 102.593315124512 91.3972702026367 58.5468368530273 34.8688812255859 0 0 0 0 0 0 0 0 0 0 0 0 0 0 0 0 0 0 0 0 0 0 0 0 0 0
341.124542236328 333.2705078125 326.892822265625 321.981292724609 308.932403564453 290.494567871094 278.031555175781 271.483489990234 251.262069702148 238.957916259766 226.859008789062 221.400482177734 216.076751708984 209.773513793945 197.644897460938 193.07014465332 206.500717163086 219.970367431641 227.553512573242 231.056167602539 221.028533935547 210.181793212891 155.256805419922 134.981842041016 110.073028564453 95.3018798828125 79.7607345581055 49.2097129821777 29.3782997131348 0 0 0 0 0 0 0 0 0 0 0 0 0 0 0 0 0 0 0 0 0 0 0 0 0 0 0
324.090026855469 323.996185302734 317.689697265625 311.616149902344 302.088653564453 287.324493408203 275.598937988281 269.801849365234 251.076843261719 237.749160766602 226.05680847168 221.674392700195 212.665664672852 204.572692871094 206.688690185547 207.040512084961 217.912185668945 221.12419128418 234.843185424805 233.418792724609 211.444061279297 192.258255004883 145.244018554688 137.303161621094 102.503944396973 84.8871154785156 48.265510559082 29.0220928192139 0 0 0 0 0 0 0 0 0 0 0 0 0 0 0 0 0 0 0 0 0 0 0 0 0 0 0 0
319.1767578125 316.230133056641 310.496612548828 303.225921630859 294.832092285156 282.917053222656 274.332275390625 269.019165039062 252.275192260742 239.668731689453 228.580444335938 220.453201293945 214.511932373047 212.765350341797 208.818542480469 215.402435302734 223.003890991211 236.281204223633 242.367050170898 231.624938964844 219.037445068359 190.106323242188 142.961975097656 119.334281921387 102.575569152832 72.6935119628906 34.1470413208008 0 0 0 0 0 0 0 0 0 0 0 0 0 0 0 0 0 0 0 0 0 0 0 0 0 0 0 0 0
313.825164794922 307.356140136719 301.383392333984 294.903900146484 287.218933105469 279.644683837891 273.215393066406 266.51123046875 253.793746948242 242.35530090332 233.33283996582 225.94987487793 221.675506591797 219.922256469727 215.840789794922 218.569396972656 231.268325805664 244.143981933594 242.749572753906 230.822891235352 219.703720092773 194.778045654297 148.411544799805 143.647384643555 109.59595489502 80.1266632080078 31.5663070678711 0 0 0 0 0 0 0 0 0 0 0 0 0 0 0 0 0 0 0 0 0 0 0 0 0 0 0 0 0
303.819427490234 297.857513427734 292.192962646484 285.361389160156 276.79248046875 277.742828369141 272.592620849609 266.263061523438 258.16552734375 243.791976928711 237.377075195312 231.270233154297 228.130416870117 225.003067016602 225.659042358398 229.9931640625 240.478012084961 246.063446044922 244.047119140625 230.222549438477 220.19221496582 196.46598815918 146.933029174805 121.786209106445 106.820007324219 77.7414245605469 25.978343963623 0 0 0 0 0 0 0 0 0 0 0 0 0 0 0 0 0 0 0 0 0 0 0 0 0 0 0 0 0
292.34716796875 285.246185302734 280.969421386719 278.310577392578 277.106262207031 273.770812988281 269.636901855469 268.507934570312 252.913391113281 243.318252563477 238.283279418945 235.337707519531 234.587677001953 232.662628173828 233.815811157227 238.894348144531 250.273010253906 254.653045654297 243.249252319336 227.522903442383 219.240188598633 191.779510498047 145.497604370117 113.98445892334 95.5315017700195 53.6792793273926 23.6234931945801 0 0 0 0 0 0 0 0 0 0 0 0 0 0 0 0 0 0 0 0 0 0 0 0 0 0 0 0 0
276.403442382812 274.114349365234 272.846405029297 271.947509765625 271.296905517578 270.493194580078 264.867706298828 260.974975585938 249.008575439453 242.231918334961 239.479446411133 237.950942993164 238.862045288086 238.254302978516 240.885314941406 249.018585205078 254.624420166016 245.268356323242 239.561462402344 224.377090454102 204.491912841797 172.735412597656 142.258102416992 101.134407043457 62.2451095581055 29.2419528961182 0 0 0 0 0 0 0 0 0 0 0 0 0 0 0 0 0 0 0 0 0 0 0 0 0 0 0 0 0 0
270.29345703125 274.760650634766 268.529968261719 267.606750488281 265.481536865234 264.973876953125 266.111785888672 253.055145263672 244.980575561523 241.134002685547 239.918228149414 240.207641601562 241.90266418457 243.650314331055 249.580612182617 251.623016357422 244.767379760742 242.095916748047 232.492523193359 214.299530029297 194.83772277832 145.958023071289 111.947692871094 86.2833633422852 35.5827140808105 0 0 0 0 0 0 0 0 0 0 0 0 0 0 0 0 0 0 0 0 0 0 0 0 0 0 0 0 0 0 0
249.696105957031 252.0546875 262.989624023438 267.992218017578 265.041290283203 266.732574462891 254.739776611328 249.253326416016 243.021774291992 240.573532104492 241.003860473633 242.626998901367 245.352462768555 251.288330078125 252.366073608398 244.332962036133 240.833099365234 234.617950439453 222.424468994141 214.550308227539 178.241165161133 129.949584960938 97.9264068603516 59.2277793884277 25.7038135528564 0 0 0 0 0 0 0 0 0 0 0 0 0 0 0 0 0 0 0 0 0 0 0 0 0 0 0 0 0 0 0
240.433456420898 245.190551757812 248.185577392578 249.950759887695 251.397064208984 251.947555541992 249.99333190918 245.589569091797 241.745544433594 240.16845703125 241.535095214844 243.970291137695 251.236953735352 252.834014892578 244.725326538086 240.332656860352 232.862945556641 223.16438293457 207.184677124023 186.13493347168 139.05778503418 106.624435424805 85.0055999755859 37.2605400085449 0 0 0 0 0 0 0 0 0 0 0 0 0 0 0 0 0 0 0 0 0 0 0 0 0 0 0 0 0 0 0 0
225.394912719727 231.77685546875 236.290451049805 239.28450012207 242.025512695312 242.914016723633 242.777603149414 240.680145263672 237.909317016602 237.557235717773 239.217361450195 244.542053222656 252.021286010742 243.271667480469 240.420013427734 232.062545776367 222.031768798828 210.072509765625 190.898406982422 149.432495117188 111.510971069336 91.866081237793 56.4207763671875 29.4777088165283 0 0 0 0 0 0 0 0 0 0 0 0 0 0 0 0 0 0 0 0 0 0 0.189174994826317 38.3889846801758 37.6138763427734 33.9653549194336 0 0 3.42036294937134 0.247894003987312 0 26.7017841339111
208.013107299805 214.681198120117 219.606826782227 224.209732055664 228.405136108398 231.827682495117 233.611740112305 232.367553710938 230.961837768555 231.169387817383 234.532974243164 238.429351806641 240.225631713867 238.028045654297 231.038314819336 221.022720336914 210.611572265625 193.250762939453 161.578689575195 120.139579772949 91.7324905395508 63.8993377685547 31.9207611083984 0 0 0 0 0 0 0 0 0 0 0 0 0 0 0 0 0 0 0 0 0 0 0 27.8554859161377 77.217887878418 112.89501953125 98.9542541503906 74.486442565918 66.9157943725586 42.5622673034668 41.8856506347656 55.8823547363281 72.912971496582
189.661376953125 206.451293945312 205.453552246094 211.699279785156 214.443710327148 218.39973449707 220.82096862793 221.257049560547 221.370086669922 222.508758544922 225.405349731445 229.883010864258 230.804397583008 226.249099731445 218.844757080078 209.605499267578 194.979064941406 168.485076904297 127.250839233398 94.5241394042969 65.2909317016602 39.0887603759766 8.63533020019531 0 0 0 0 0 0 0 0 0 0 0 0 0 0 0 0 0 0 0 0 0 0 36.2643737792969 78.7074508666992 114.775520324707 134.356109619141 136.894866943359 119.557601928711 105.342933654785 102.756324768066 103.157493591309 111.111129760742 113.116188049316
176.259246826172 184.043914794922 205.113418579102 201.313079833984 206.597061157227 209.350570678711 210.336532592773 211.691070556641 212.317977905273 212.816909790039 215.45295715332 218.177017211914 217.353790283203 213.420654296875 207.162261962891 195.899261474609 174.094009399414 132.213073730469 99.3245697021484 82.4098587036133 45.7280426025391 22.2104072570801 0 0 0 0 0 0 0 0 0 0 0 0 0 0 0 0 0 0 0 0 0 0 46.3347663879395 88.7340774536133 118.905113220215 138.482315063477 167.474594116211 188.330261230469 168.659912109375 154.489700317383 128.633651733398 128.936050415039 136.450439453125 162.254592895508
164.730758666992 174.217498779297 182.739685058594 203.200668334961 197.399627685547 201.184967041016 203.087173461914 205.325592041016 206.619735717773 207.195617675781 207.456848144531 207.883316040039 207.752014160156 203.810485839844 207.904174804688 178.569961547852 135.001983642578 102.930786132812 86.3806686401367 54.8628807067871 28.9239330291748 0 0 0 0 0 0 0 0 0 0 0 0 0 0 0 0 0 0 0 0 0 0 36.9542541503906 75.6472702026367 112.545883178711 141.829727172852 173.574234008789 207.728302001953 219.734130859375 207.787857055664 188.081176757812 180.379302978516 183.610595703125 188.321502685547 194.881866455078
