Rscript/monthly_maps/SnowDepthMapFile-median-1990-02.asc
ncols 320 
nrows 361 
xllcorner 618410.159 
yllcorner 5088785.286 
cellsize 100 
NODATA_value -9999 
[rows 48 to 71 of 361, columns 106 to 158 of 320]
1688.80126953125 1699.81433105469 1694.85894775391 1696.74017333984 1690.60736083984 1663.38110351562 1653.74291992188 1632.93005371094 1618.72436523438 1568.05139160156 1558.89233398438 1514.65704345703 1481.544921875 1466.73999023438 1453.91491699219 1463.67272949219 1502.90423583984 1581.69476318359 1661.62316894531 1596.875 1598.357421875 1577.10870361328 1533.92535400391 1473.80847167969 1387.75677490234 1361.65844726562 1366.29254150391 1390.82873535156 1398.40777587891 1376.91613769531 1325.57611083984 1295.76971435547 1286.23016357422 1285.40649414062 1283.19757080078 1280.10070800781 1251.71984863281 1208.75341796875 1198.84387207031 1190.85968017578 1181.84796142578 1186.02728271484 1177.35363769531 1176.38690185547 1185.95135498047 1183.43493652344 1183.35168457031 1176.18713378906 1178.2314453125 1180.44415283203 1152.41516113281 1093.13140869141 1014.98455810547
1726.55572509766 1724.44616699219 1718.36901855469 1702.71319580078 1694.50714111328 1664.12390136719 1659.25604248047 1615.3291015625 1620.11462402344 1592.61657714844 1571.21490478516 1568.65863037109 1541.34124755859 1495.025390625 1475.37847900391 1448.11798095703 1448.92785644531 1475.44677734375 1521.56677246094 1555.27716064453 1559.14324951172 1555.91564941406 1540.98126220703 1506.86560058594 1469.13214111328 1403.68048095703 1380.98052978516 1375.896484375 1381.59332275391 1351.66479492188 1305.61596679688 1278.19580078125 1284.31042480469 1283.37762451172 1281.59368896484 1280.27398681641 1252.08489990234 1225.99652099609 1197.83001708984 1189.33978271484 1197.56652832031 1193.95422363281 1185.64483642578 1187.21331787109 1190.92297363281 1189.53375244141 1193.67797851562 1186.27136230469 1187.47015380859 1185.28790283203 1126.00726318359 1076.12811279297 992.442504882812
1667.72143554688 1675.55126953125 1701.23992919922 1710.37109375 1694.63995361328 1673.27587890625 1625.79675292969 1608.86627197266 1601.06213378906 1592.07916259766 1577.43768310547 1571.08715820312 1574.15924072266 1555.65191650391 1495.23663330078 1471.39923095703 1423.72033691406 1424.04357910156 1456.18865966797 1499.55621337891 1518.70220947266 1534.48284912109 1536.294921875 1532.5498046875 1517.11364746094 1477.99389648438 1424.87023925781 1395.02966308594 1353.55487060547 1320.31274414062 1304.64111328125 1297.77301025391 1296.28668212891 1297.91589355469 1289.82342529297 1280.23162841797 1250.59167480469 1238.12060546875 1218.86346435547 1212.23504638672 1198.50360107422 1196.66778564453 1204.62353515625 1200.41357421875 1197.42803955078 1202.47900390625 1199.64691162109 1211.49865722656 1193.06719970703 1171.73748779297 1113.45977783203 1053.22180175781 993.598999023438
1587.44757080078 1578.80285644531 1601.85357666016 1632.61688232422 1666.02001953125 1657.87854003906 1637.17449951172 1604.18151855469 1605.35241699219 1601.15319824219 1584.197265625 1583.41644287109 1574.59283447266 1556.89221191406 1555.24664306641 1493.09704589844 1474.22222900391 1427.87243652344 1421.81005859375 1440.16009521484 1455.63836669922 1479.77551269531 1495.25921630859 1529.77679443359 1513.34521484375 1511.04528808594 1491.68438720703 1427.00482177734 1372.48614501953 1326.60064697266 1310.0498046875 1288.00622558594 1278.47845458984 1267.77380371094 1268.25323486328 1264.50994873047 1257.34674072266 1252.27508544922 1227.96405029297 1219.67120361328 1204.81744384766 1207.69555664062 1206.76770019531 1228.39508056641 1229.52813720703 1227.33337402344 1223.25274658203 1213.54431152344 1181.05419921875 1152.69244384766 1104.59051513672 1061.45153808594 1016.08889770508
1573.15460205078 1528.43939208984 1522.82421875 1556.33258056641 1582.81536865234 1616.56903076172 1602.14691162109 1607.77294921875 1608.89276123047 1594.84979248047 1586.81182861328 1580.12689208984 1571.68090820312 1567.47113037109 1543.50061035156 1516.27716064453 1512.28149414062 1476.20788574219 1432.51678466797 1431.20715332031 1409.00140380859 1421.63586425781 1429.14129638672 1451.830078125 1480.61138916016 1484.96337890625 1489.78277587891 1449.94244384766 1429.41412353516 1395.60589599609 1365.74957275391 1335.78735351562 1295.88818359375 1275.94787597656 1249.28137207031 1243.70489501953 1241.42541503906 1239.05578613281 1229.32257080078 1212.96301269531 1214.47332763672 1231.38232421875 1245.33465576172 1261.68579101562 1261.48736572266 1255.63702392578 1224.3974609375 1195.78076171875 1169.89685058594 1154.94653320312 1129.57635498047 1087.21307373047 1033.3623046875
1724.287109375 1631.81701660156 1590.72161865234 1565.86901855469 1566.29449462891 1575.59741210938 1563.71240234375 1585.35577392578 1600.08776855469 1606.47259521484 1606.38287353516 1606.11474609375 1573.99279785156 1550.04290771484 1535.4443359375 1531.05749511719 1519.89440917969 1509.50939941406 1477.80810546875 1443.43829345703 1421.30718994141 1407.72772216797 1397.94976806641 1395.11175537109 1397.92077636719 1399.47814941406 1397.71429443359 1395.43182373047 1403.87841796875 1388.11865234375 1422.02545166016 1389.64245605469 1383.72491455078 1341.60681152344 1289.64367675781 1276.37060546875 1266.07531738281 1248.11029052734 1245.13391113281 1244.13751220703 1245.76782226562 1269.48675537109 1273.26831054688 1284.16949462891 1276.30865478516 1257.81091308594 1207.15948486328 1188.08660888672 1172.39025878906 1184.05474853516 1162.25030517578 1106.71209716797 1057.30316162109
2019.89617919922 1945.99523925781 1777.43914794922 1713.87280273438 1641.22454833984 1628.52423095703 1595.64929199219 1601.01879882812 1593.96844482422 1608.36950683594 1617.20092773438 1610.20629882812 1597.52691650391 1568.12237548828 1532.54913330078 1517.59887695312 1521.60559082031 1522.97155761719 1496.73504638672 1478.57019042969 1467.64013671875 1433.24853515625 1405.28155517578 1387.61584472656 1359.08837890625 1349.07562255859 1333.00970458984 1330.12121582031 1338.53393554688 1371.4873046875 1398.20520019531 1422.142578125 1380.17211914062 1354.16632080078 1343.87164306641 1323.90313720703 1326.78289794922 1327.77703857422 1324.46057128906 1314.64306640625 1310.35437011719 1313.88800048828 1306.79431152344 1296.21978759766 1281.19195556641 1248.80810546875 1204.30725097656 1205.05865478516 1191.93109130859 1184.49450683594 1186.51483154297 1140.74096679688 1088.34979248047
2182.84240722656 2094.00463867188 1974.46331787109 1893.98504638672 1774.51281738281 1727.337890625 1675.93957519531 1643.97827148438 1650.36529541016 1657.97589111328 1655.12438964844 1660.48822021484 1622.85375976562 1591.19488525391 1544.74035644531 1516.265625 1506.50689697266 1502.51330566406 1492.81713867188 1488.64855957031 1474.50134277344 1442.37603759766 1421.296875 1411.81829833984 1379.41137695312 1355.23760986328 1341.70947265625 1331.10388183594 1328.55798339844 1338.72772216797 1340.44384765625 1346.05480957031 1346.39300537109 1338.15997314453 1325.43640136719 1320.66638183594 1281.06390380859 1279.46966552734 1283.97009277344 1287.88470458984 1299.62622070312 1308.109375 1325.43469238281 1310.22088623047 1286.228515625 1260.09710693359 1225.74206542969 1209.32824707031 1214.22515869141 1212.12591552734 1199.58001708984 1183.79162597656 1125.53942871094
2126.7978515625 2092.47485351562 2018.70819091797 1949.55554199219 1883.07006835938 1805.98150634766 1752.63726806641 1720.86602783203 1681.73645019531 1697.98657226562 1705.31414794922 1686.45330810547 1651.91064453125 1603.38427734375 1541.57836914062 1514.03009033203 1514.09899902344 1507.51080322266 1485.51580810547 1470.59765625 1459.30889892578 1451.24566650391 1419.34320068359 1393.85504150391 1397.44195556641 1374.34655761719 1372.40203857422 1371.47332763672 1370.52703857422 1368.86511230469 1354.78112792969 1339.83386230469 1311.89965820312 1284.85357666016 1259.53363037109 1234.81982421875 1223.49017333984 1220.67987060547 1225.04071044922 1246.17639160156 1259.60559082031 1275.57281494141 1283.97467041016 1284.48626708984 1275.73156738281 1250.33239746094 1215.54351806641 1212.66619873047 1223.00860595703 1218.751953125 1180.07580566406 1146.41198730469 1100.25482177734
2039.77026367188 2019.07360839844 1975.37799072266 1974.18023681641 1947.85766601562 1910.77691650391 1825.77502441406 1777.27319335938 1716.19036865234 1719.83392333984 1719.43322753906 1678.15081787109 1632.61926269531 1587.77960205078 1534.13592529297 1506.591796875 1485.67724609375 1478.05041503906 1471.15258789062 1445.52307128906 1450.46087646484 1424.57440185547 1423.06213378906 1419.19140625 1411.89605712891 1412.64715576172 1395.39532470703 1395.087890625 1395.41607666016 1386.02612304688 1365.08563232422 1334.90411376953 1293.35229492188 1265.22900390625 1226.17614746094 1199.42498779297 1166.07977294922 1162.97009277344 1160.84069824219 1164.64813232422 1191.17681884766 1205.15844726562 1215.37268066406 1228.02758789062 1226.24493408203 1211.69232177734 1192.19708251953 1186.3623046875 1176.46002197266 1161.65789794922 1119.2197265625 1085.04205322266 1061.22619628906
1994.62768554688 1988.46801757812 1981.29608154297 1990.66107177734 1993.45025634766 1971.33142089844 1935.64007568359 1864.37103271484 1779.02325439453 1724.4482421875 1720.12884521484 1661.00366210938 1635.83740234375 1584.50341796875 1524.69769287109 1494.56201171875 1465.17694091797 1451.82250976562 1442.65423583984 1452.42486572266 1446.09106445312 1423.57269287109 1429.47253417969 1433.93347167969 1421.86419677734 1421.63598632812 1414.73321533203 1410.02105712891 1397.40704345703 1373.21496582031 1346.80914306641 1319.67071533203 1293.04333496094 1267.78448486328 1235.74365234375 1217.81005859375 1204.84307861328 1192.71765136719 1167.74554443359 1168.23547363281 1170.17602539062 1173.8857421875 1197.94030761719 1209.90576171875 1207.21313476562 1183.29919433594 1165.18585205078 1140.04449462891 1106.88372802734 1073.67254638672 1025.60235595703 1008.49179077148 970.405853271484
1913.44818115234 1919.72393798828 1897.21337890625 1949.80316162109 1967.11248779297 1944.44073486328 1976.23333740234 1934.86291503906 1876.38299560547 1771.36663818359 1674.65380859375 1623.13177490234 1603.59033203125 1565.1162109375 1531.69091796875 1520.76702880859 1480.20001220703 1458.70068359375 1452.98895263672 1453.36572265625 1455.53674316406 1460.37524414062 1454.59771728516 1453.19744873047 1436.10925292969 1426.95727539062 1417.60992431641 1400.10919189453 1387.04345703125 1369.9853515625 1341.18518066406 1314.91558837891 1291.70373535156 1284.50201416016 1273.83929443359 1241.08587646484 1234.15856933594 1223.7822265625 1229.38629150391 1221.60394287109 1199.93890380859 1197.9033203125 1218.42962646484 1225.34478759766 1212.57312011719 1180.84613037109 1146.75335693359 1108.76348876953 1063.47644042969 1020.76495361328 985.404998779297 945.890014648438 921.231872558594
1858.40600585938 1862.17718505859 1864.23303222656 1860.65490722656 1859.25329589844 1860.44775390625 1887.50311279297 1959.53637695312 1923.99072265625 1869.18127441406 1727.21923828125 1622.80358886719 1568.00500488281 1549.30938720703 1545.74822998047 1526.70843505859 1505.07934570312 1498.31726074219 1464.87139892578 1450.25390625 1446.77136230469 1449.01635742188 1451.86236572266 1452.90826416016 1451.66076660156 1426.44689941406 1402.29870605469 1392.56585693359 1371.04113769531 1342.51794433594 1322.90844726562 1316.47308349609 1310.23547363281 1305.86376953125 1287.37646484375 1283.04913330078 1276.65435791016 1268.45678710938 1250.16455078125 1233.63848876953 1230.76629638672 1227.21246337891 1231.53485107422 1236.43304443359 1213.88067626953 1183.75073242188 1128.90435791016 1090.70440673828 1053.37420654297 1021.19842529297 960.197937011719 918.394653320312 885.070983886719
1806.93096923828 1795.91589355469 1806.28436279297 1801.71563720703 1773.9931640625 1790.58666992188 1769.98583984375 1799.98352050781 1855.38464355469 1847.34637451172 1830.60925292969 1689.8955078125 1590.94653320312 1542.87292480469 1546.23004150391 1560.73028564453 1551.85119628906 1514.72613525391 1506.76501464844 1497.40948486328 1469.59582519531 1480.54309082031 1486.16339111328 1453.52325439453 1424.77825927734 1402.94262695312 1378.63012695312 1373.44097900391 1344.67541503906 1342.02801513672 1320.15142822266 1315.56085205078 1312.90631103516 1310.86981201172 1294.79217529297 1282.55078125 1270.74822998047 1244.73004150391 1210.54669189453 1227.26831054688 1215.04016113281 1219.04083251953 1234.47399902344 1236.7919921875 1208.87432861328 1155.20080566406 1117.54992675781 1071.39971923828 1030.71215820312 997.166900634766 943.215515136719 867.377258300781 818.391876220703
1733.50396728516 1772.68249511719 1774.66070556641 1769.849609375 1794.92547607422 1756.95843505859 1724.91412353516 1719.79272460938 1725.32940673828 1770.89727783203 1808.24090576172 1781.70373535156 1713.60333251953 1602.79156494141 1570.26434326172 1550.35375976562 1553.28869628906 1561.97216796875 1530.75347900391 1501.41333007812 1504.76629638672 1490.97613525391 1457.79870605469 1429.91461181641 1386.04565429688 1367.28094482422 1344.76470947266 1337.73278808594 1319.55316162109 1305.36419677734 1288.80731201172 1287.33428955078 1285.83087158203 1282.994140625 1274.65185546875 1247.90234375 1213.94439697266 1185.35876464844 1169.96124267578 1159.00622558594 1158.39361572266 1159.03875732422 1186.16632080078 1190.03991699219 1170.28631591797 1128.00561523438 1090.02868652344 1055.03454589844 1022.49044799805 988.794342041016 917.204254150391 851.949859619141 805.181732177734
1719.60296630859 1744.60357666016 1752.78839111328 1761.61676025391 1760.19445800781 1743.84118652344 1732.91320800781 1700.19427490234 1658.1484375 1665.31903076172 1700.47998046875 1748.61480712891 1715.87170410156 1716.67694091797 1658.19592285156 1610.755859375 1596.03503417969 1567.77447509766 1533.64642333984 1500.13195800781 1457.79595947266 1461.51824951172 1415.6669921875 1387.24877929688 1356.97900390625 1345.07836914062 1322.36505126953 1292.26879882812 1276.35797119141 1255.98382568359 1249.79034423828 1240.99627685547 1220.86553955078 1206.56433105469 1178.67120361328 1155.77191162109 1119.58020019531 1109.66784667969 1098.41082763672 1101.70172119141 1094.11486816406 1098.40313720703 1127.03277587891 1107.38500976562 1108.04937744141 1101.84661865234 1076.44989013672 1047.62963867188 1016.87176513672 960.170471191406 893.045349121094 853.395965576172 811.121734619141
1694.71276855469 1679.31140136719 1701.86047363281 1713.41705322266 1737.39520263672 1734.09497070312 1708.35717773438 1694.13336181641 1647.80670166016 1598.19848632812 1584.08355712891 1592.67004394531 1632.27374267578 1692.24932861328 1626.09100341797 1606.03479003906 1598.82904052734 1538.84088134766 1501.45471191406 1462.95843505859 1442.8212890625 1417.05291748047 1388.99328613281 1380.05187988281 1357.07159423828 1331.00091552734 1314.68096923828 1282.58312988281 1258.30963134766 1244.66589355469 1238.11846923828 1209.74255371094 1201.34381103516 1168.97119140625 1136.26666259766 1104.23309326172 1099.45092773438 1104.34637451172 1101.17572021484 1109.58856201172 1097.97113037109 1089.79534912109 1073.34796142578 1077.11596679688 1097.74584960938 1102.74237060547 1084.57971191406 1050.7314453125 1019.42358398438 952.59619140625 898.731536865234 855.093658447266 811.40234375
1646.81201171875 1625.09790039062 1626.96832275391 1646.27752685547 1676.91046142578 1691.20446777344 1661.93365478516 1668.04071044922 1617.95532226562 1595.12872314453 1550.42102050781 1530.21154785156 1531.43298339844 1554.96154785156 1609.43139648438 1622.01104736328 1602.21258544922 1553.26635742188 1488.44720458984 1450.00860595703 1426.79888916016 1397.92150878906 1386.95550537109 1381.88507080078 1373.69476318359 1348.19879150391 1315.818359375 1286.58795166016 1274.32440185547 1268.59857177734 1256.5439453125 1232.23913574219 1196.47491455078 1200.93218994141 1187.87048339844 1152.53192138672 1146.20574951172 1144.54046630859 1130.40197753906 1129.126953125 1146.98474121094 1128.35119628906 1115.23071289062 1113.41705322266 1124.01635742188 1126.38665771484 1110.28869628906 1079.11309814453 1014.05422973633 946.158874511719 902.266418457031 866.146209716797 814.707000732422
1634.66784667969 1601.54461669922 1590.18414306641 1599.65643310547 1615.16485595703 1615.13586425781 1612.99566650391 1616.45886230469 1591.08416748047 1588.16827392578 1566.28082275391 1542.75628662109 1520.88513183594 1530.57141113281 1565.38580322266 1607.27093505859 1620.91650390625 1565.65435791016 1504.78533935547 1438.53332519531 1407.34051513672 1396.61968994141 1407.68395996094 1410.6484375 1380.86651611328 1351.65960693359 1308.62640380859 1315.38482666016 1311.36114501953 1297.02728271484 1284.59527587891 1260.79888916016 1247.86657714844 1211.27221679688 1212.62762451172 1219.92047119141 1206.69427490234 1196.04010009766 1187.5009765625 1178.57952880859 1173.16784667969 1149.18395996094 1133.86834716797 1139.75952148438 1146.6279296875 1168.56701660156 1135.03186035156 1087.93615722656 1039.04058837891 971.95703125 919.524322509766 872.245880126953 814.672332763672
1609.14575195312 1613.86645507812 1591.82983398438 1581.48870849609 1588.00231933594 1595.82318115234 1596.33489990234 1593.28942871094 1585.62554931641 1565.08184814453 1571.78704833984 1543.12298583984 1508.23645019531 1509.87084960938 1531.49652099609 1576.57830810547 1617.67565917969 1635.52154541016 1537.57830810547 1445.04675292969 1405.78723144531 1397.96142578125 1396.09655761719 1403.54473876953 1386.69464111328 1354.65472412109 1315.25659179688 1286.20782470703 1285.53802490234 1272.01226806641 1250.78430175781 1235.55487060547 1226.8466796875 1210.97857666016 1209.74365234375 1184.62426757812 1175.10681152344 1153.81958007812 1148.94903564453 1160.85137939453 1168.99957275391 1177.30725097656 1176.90631103516 1177.51977539062 1177.14782714844 1174.57788085938 1136.37939453125 1088.78948974609 1047.73913574219 990.289093017578 924.233551025391 867.736846923828 810.314849853516
1610.43524169922 1601.40515136719 1586.97723388672 1576.36065673828 1569.49285888672 1587.28674316406 1592.10998535156 1563.24890136719 1572.25891113281 1534.390625 1537.81591796875 1525.77581787109 1531.16217041016 1495.86755371094 1488.25695800781 1497.77691650391 1575.23541259766 1615.07305908203 1601.09936523438 1510.17926025391 1447.00653076172 1414.06323242188 1397.44506835938 1383.11468505859 1370.23553466797 1342.95806884766 1315.04968261719 1290.06829833984 1281.69049072266 1279.20953369141 1268.04144287109 1244.89617919922 1218.86688232422 1197.12548828125 1172.36895751953 1165.75836181641 1162.46350097656 1143.72540283203 1134.95220947266 1143.49530029297 1149.1630859375 1169.75994873047 1167.23559570312 1184.33190917969 1185.38635253906 1177.85870361328 1130.05322265625 1092.69787597656 1069.33972167969 1008.98876953125 930.565521240234 869.531463623047 812.723907470703
1588.65356445312 1588.84436035156 1585.52368164062 1575.01702880859 1562.451171875 1570.77661132812 1562.80059814453 1537.74798583984 1529.00134277344 1539.60089111328 1504.11676025391 1518.30908203125 1487.64306640625 1481.04626464844 1460.90350341797 1431.45056152344 1447.82397460938 1531.93151855469 1579.84228515625 1590.59484863281 1533.18719482422 1473.62933349609 1405.26251220703 1373.49908447266 1371.85064697266 1362.94372558594 1345.99719238281 1329.37530517578 1319.02862548828 1322.01696777344 1313.82739257812 1285.07238769531 1235.74963378906 1203.37371826172 1175.25708007812 1171.46209716797 1171.48309326172 1166.59088134766 1144.52117919922 1142.11016845703 1154.82879638672 1178.43103027344 1179.55981445312 1176.93249511719 1178.20013427734 1166.11291503906 1125.18060302734 1101.94378662109 1069.41296386719 1018.66714477539 944.016357421875 870.161285400391 809.046752929688
1559.240234375 1556.08459472656 1554.52734375 1570.48822021484 1565.68817138672 1526.26721191406 1526.9248046875 1519.68225097656 1489.61407470703 1484.23443603516 1488.06372070312 1473.73608398438 1463.39306640625 1448.48382568359 1429.37463378906 1388.16473388672 1345.71179199219 1382.04370117188 1492.33502197266 1584.53729248047 1602.41973876953 1572.94073486328 1525.95098876953 1474.9208984375 1434.82897949219 1426.71185302734 1424.15570068359 1402.99212646484 1375.86389160156 1357.77478027344 1350.16845703125 1341.06402587891 1281.71099853516 1224.67718505859 1197.51489257812 1210.4951171875 1209.91363525391 1201.0751953125 1178.91229248047 1182.40112304688 1187.11322021484 1212.97839355469 1211.23077392578 1208.33697509766 1182.55633544922 1154.44464111328 1121.05822753906 1093.58367919922 1067.47259521484 1035.25219726562 956.647918701172 883.658538818359 818.837158203125
1567.68615722656 1567.39935302734 1564.1044921875 1560.74090576172 1537.25561523438 1525.13317871094 1517.19030761719 1485.12530517578 1472.51470947266 1463.71820068359 1447.43151855469 1438.55767822266 1428.10760498047 1421.38793945312 1413.75622558594 1355.24853515625 1313.31616210938 1307.51354980469 1336.80413818359 1443.11370849609 1552.34527587891 1621.27032470703 1593.03125 1590.05798339844 1556.20178222656 1504.50329589844 1501.56329345703 1468.59411621094 1416.35632324219 1397.96472167969 1401.11938476562 1370.43096923828 1332.65008544922 1308.58386230469 1306.61956787109 1300.84509277344 1279.50305175781 1238.76947021484 1226.92175292969 1220.23645019531 1220.58819580078 1234.50634765625 1231.58532714844 1228.11590576172 1223.63140869141 1192.56756591797 1131.06317138672 1099.90936279297 1073.08459472656 1046.21685791016 988.921112060547 899.087249755859 847.080596923828
