Rscript/monthly_maps/SnowDepthMapFile-q75-1989-11.asc
ncols 320 
nrows 361 
xllcorner 618410.159 
yllcorner 5088785.286 
cellsize 100 
NODATA_value -9999 
[rows 216 to 239 of 361, columns 110 to 164 of 320]
288.999298095703 274.988395690918 266.217147827148 264.220291137695 254.491374969482 239.814487457275 231.622692108154 220.198986053467 205.85994720459 193.35472869873 174.37707901001 157.750026702881 139.078285217285 116.351083755493 70.4439430236816 24.8323850631714 14.5907075405121 10.1096048355103 7.05635368824005 8.1866580247879 8.35259735584259 8.1069518327713 5.55707931518555 0 0 0 0 0 0 0 0 0 0 0 0 0 0 0 0 0 0 0 0 4.57314240932465 9.7255175113678 56.6358222961426 104.158613204956 152.414112091064 195.477699279785 222.891357421875 245.91862487793 245.75524520874 232.677551269531 219.233451843262 205.737060546875
299.055297851562 285.063278198242 274.563446044922 269.258232116699 270.464073181152 261.682991027832 245.011493682861 234.667629241943 220.523937225342 204.943553924561 192.480804443359 174.669357299805 153.337539672852 132.748092651367 96.1151943206787 52.3313474655151 14.3691391944885 13.5451633930206 6.6161835193634 4.58278048038483 4.35822522640228 5.05812156200409 0 0 0 0 0 0 0 0 0 0 0 0 0 0 0 0 0 0 0 0 0 6.10037183761597 10.4156601428986 59.2088956832886 126.471387863159 158.095237731934 201.585094451904 229.281665802002 251.199268341064 254.263866424561 242.040676116943 230.833881378174 210.523418426514
308.970993041992 293.52222442627 286.152336120605 279.551544189453 276.04866027832 268.963417053223 267.532051086426 255.236843109131 237.095127105713 221.514064788818 204.7190284729 190.356559753418 165.608612060547 147.195495605469 122.557619094849 77.2307395935059 23.0289297103882 13.8995132446289 11.5870094299316 8.21962809562683 4.21881830692291 0 0 0 0 0 0 0 0 0 0 0 0 0 0 0 0 0 0 0 0 0 0 4.85630714893341 9.33224034309387 57.4526176452637 116.47255897522 153.262264251709 197.257579803467 222.144817352295 253.940048217773 261.279846191406 257.566463470459 236.024757385254 214.009922027588
325.810585021973 310.027931213379 298.491310119629 293.658882141113 290.456192016602 281.467475891113 267.054267883301 270.269012451172 258.713966369629 237.383796691895 220.038497924805 201.192821502686 185.275699615479 159.598972320557 137.607944488525 101.000535964966 55.225079536438 14.8192069530487 12.8831667900085 11.2564051151276 4.92534899711609 0 0 0 0 0 0 0 0 0 0 0 0 0 0 0 0 0 0 0 0 0 0 4.71089565753937 11.6991181373596 54.2375802993774 95.616268157959 140.841293334961 188.899490356445 212.953121185303 247.710674285889 262.307502746582 263.832313537598 237.774829864502 214.645977020264
344.007385253906 335.303955078125 323.357948303223 314.259521484375 305.850395202637 296.106155395508 285.15015411377 274.267417907715 262.318298339844 254.563335418701 230.413009643555 211.968879699707 196.085819244385 181.596050262451 153.460063934326 128.596120834351 89.5421867370605 51.1409330368042 14.3654625415802 11.6618838310242 6.00637590885162 0 0 0 0 0 0 0 0 0 0 0 0 0 0 0 0 0 0 0 0 0 9.12234008312225 12.529952287674 14.5300362110138 54.8817682266235 92.1731643676758 136.237846374512 174.843296051025 203.78800201416 234.357490539551 263.258720397949 261.235710144043 240.036285400391 215.525089263916
364.768226623535 359.324523925781 346.285575866699 339.086357116699 323.281898498535 308.674163818359 298.332855224609 286.636215209961 269.45548248291 259.633533477783 237.457176208496 222.549625396729 206.940135955811 190.639305114746 172.353824615479 146.947067260742 121.578023910522 72.0503311157227 22.6459178924561 13.8155841827393 11.6952373981476 4.49224805831909 0 0 0 0 0 0 0 0 0 0 0 0 0 0 0 0 0 0 0 8.70552730560303 13.0058476924896 14.5333638191223 45.0309066772461 64.0145101547241 113.071949005127 140.207138061523 160.519943237305 199.290107727051 227.078983306885 262.137397766113 261.027656555176 242.480686187744 218.723762512207
408.995216369629 402.904296875 364.957855224609 361.251602172852 337.498680114746 319.098655700684 306.154312133789 293.96280670166 278.871032714844 268.437370300293 253.664737701416 232.32299041748 217.874828338623 201.456104278564 183.392539978027 158.690582275391 139.689010620117 98.1547718048096 52.7216157913208 14.9679927825928 12.8734858036041 7.41791379451752 0 0 0 0 0 0 0 0 0 0 0 0 0 0 0 0 0 0 4.20154738426208 11.0497632026672 14.4760618209839 54.0389633178711 79.5899295806885 104.828489303589 137.188785552979 151.590671539307 181.629322052002 204.340545654297 230.626247406006 262.40544128418 262.824035644531 249.668853759766 225.52188873291
441.649085998535 407.924346923828 389.227424621582 362.847923278809 352.578575134277 325.43384552002 311.649726867676 300.320251464844 287.444633483887 270.269805908203 260.39575958252 246.20726776123 227.502094268799 210.92879486084 191.858322143555 170.224056243896 145.622611999512 119.262559890747 68.1726207733154 23.3084740638733 14.3475155830383 10.7081351280212 4.34556663036346 0 0 0 0 0 0 0 0 0 0 0 0 0 0 0 0 0 4.27633953094482 12.452944278717 32.945086479187 81.8689498901367 122.786798477173 144.258968353271 157.097068786621 178.259323120117 195.014091491699 212.642013549805 236.252388000488 262.484298706055 265.26197052002 257.431964874268 235.251586914062
440.249855041504 409.814559936523 381.21036529541 363.41593170166 354.38990020752 340.687652587891 316.767524719238 305.841758728027 293.907707214355 280.772804260254 264.32942199707 252.678237915039 234.129989624023 217.232845306396 196.334705352783 178.079494476318 148.820987701416 130.232538223267 82.9634761810303 49.2351636886597 14.7791547775269 11.6579523086548 6.64616763591766 0 0 0 0 0 0 0 0 0 0 0 0 0 0 0 0 0 4.47658216953278 13.1888456344604 53.832202911377 97.033052444458 141.463752746582 166.338035583496 179.586666107178 191.019512176514 203.656257629395 221.125442504883 244.501644134521 261.185386657715 265.494819641113 262.003662109375 244.996887207031
408.816482543945 404.278656005859 360.965049743652 359.900382995605 356.043632507324 344.102867126465 333.824165344238 309.856048583984 297.82763671875 284.775230407715 271.87914276123 248.169582366943 243.426219940186 219.98136138916 198.174522399902 178.67943572998 149.468299865723 126.024019241333 85.4574890136719 49.85959815979 14.8104002475739 11.8596203327179 7.11768662929535 0 0 0 0 0 0 0 0 0 0 0 0 0 0 0 0 0 6.80318868160248 13.590918302536 55.1403894424438 105.908578872681 142.469055175781 169.336940765381 182.674060821533 193.547691345215 205.857250213623 218.80073928833 244.308120727539 256.794235229492 262.07007598877 261.132995605469 253.461708068848
358.526153564453 354.445541381836 360.85440826416 356.438499450684 349.651176452637 343.647766113281 336.451721191406 317.737731933594 299.815078735352 285.999847412109 273.334800720215 255.116756439209 243.678298950195 220.459079742432 198.250942230225 178.689350128174 148.608810424805 125.923881530762 85.0749835968018 50.7890405654907 14.694721698761 11.9097781181335 4.31353354454041 0 0 0 0 0 0 0 0 0 0 0 0 0 0 0 0 4.79123246669769 10.0523569583893 18.345440864563 58.2236614227295 102.658601760864 138.295879364014 154.119232177734 176.808238983154 188.586856842041 203.27560043335 216.1018409729 240.796951293945 252.209667205811 256.974697113037 257.375659942627 247.061061859131
353.855621337891 353.714820861816 349.018669128418 351.140251159668 345.947257995605 342.598098754883 333.779510498047 324.154556274414 301.478805541992 287.015335083008 273.777870178223 248.82523727417 237.494243621826 216.945693969727 196.996166229248 176.958026885986 147.172832489014 129.516738891602 82.0711688995361 49.1954612731934 14.7211263179779 11.8949646949768 4.2648628950119 0 0 0 0 0 0 0 0 0 0 0 0 0 0 0 0 4.68147897720337 12.2400255203247 22.9890365600586 58.078200340271 91.9613761901855 128.661529541016 140.461093902588 162.729335784912 181.174251556396 199.89554977417 215.477443695068 241.268505096436 249.545970916748 251.129776000977 247.927936553955 226.666095733643
346.892875671387 346.371528625488 344.532836914062 341.727127075195 341.159141540527 335.644317626953 329.507957458496 324.284515380859 300.878776550293 286.86669921875 272.115188598633 254.811065673828 233.226917266846 212.577808380127 194.500205993652 175.266731262207 145.400173187256 121.902799606323 78.7761116027832 44.5735578536987 14.662627696991 11.7806754112244 4.30945587158203 0 0 0 0 0 0 0 0 0 0 0 0 0 0 0 0 4.0819433927536 9.23702418804169 20.338207244873 56.2260599136353 81.4151077270508 97.3871231079102 130.61399269104 143.937538146973 171.187366485596 196.756702423096 218.579471588135 243.154495239258 248.680839538574 245.934917449951 229.822910308838 211.950847625732
336.309417724609 335.97932434082 330.066177368164 328.170303344727 328.96981048584 326.917541503906 324.308815002441 318.563461303711 298.635238647461 285.563781738281 270.067558288574 252.887172698975 229.192584991455 209.322265625 191.801376342773 169.494575500488 143.563369750977 119.157926559448 66.6703910827637 33.592565536499 14.5672912597656 11.6239819526672 4.18660569190979 0 0 0 0 0 0 0 0 0 0 0 0 0 0 0 0 0 6.52114605903625 12.6849689483643 26.5032157897949 57.47682762146 86.8185749053955 118.084846496582 140.0891456604 159.756366729736 196.325378417969 222.026836395264 246.048789978027 248.007595062256 242.629127502441 223.754325866699 201.268451690674
328.526725769043 324.003028869629 305.685508728027 300.792747497559 299.810478210449 301.348075866699 301.784538269043 298.966651916504 292.380958557129 282.396324157715 267.024612426758 249.526706695557 226.750926971436 208.02759552002 190.961826324463 167.765357971191 142.534362792969 117.241693496704 62.5017204284668 25.1756267547607 14.7048625946045 12.1202087402344 5.85152637958527 0 0 0 0 0 0 0 0 0 0 0 0 0 0 0 0 0 6.0293447971344 4.95610910654068 10.6809537410736 25.228009223938 59.3686971664429 95.5686779022217 138.809600830078 157.695701599121 198.878616333008 229.375598907471 248.704513549805 248.27458190918 238.83805847168 216.527557373047 192.318832397461
327.994758605957 320.915367126465 300.517036437988 291.666015625 288.53882598877 287.58812713623 287.574607849121 286.723037719727 283.335006713867 276.064643859863 263.095977783203 246.924911499023 226.108921051025 207.804286956787 190.879173278809 167.375827789307 142.614910125732 115.6595287323 61.5778064727783 24.9547667503357 15.0214982032776 12.6931884288788 5.62552809715271 0 0 0 0 0 0 0 0 0 0 0 0 0 0 0 0 0 0 4.7662239074707 7.43915176391602 13.1102287769318 55.3806447982788 95.8702545166016 140.732082366943 171.83553314209 202.807601928711 236.723903656006 248.728321075439 251.999328613281 240.581817626953 217.962261199951 190.018447875977
333.135269165039 324.117607116699 297.131706237793 294.068367004395 283.091835021973 278.239379882812 275.652389526367 274.395698547363 271.930267333984 266.841705322266 257.326995849609 239.724678039551 223.018115997314 206.499248504639 189.479335784912 166.763820648193 142.100505828857 114.89109992981 61.2668752670288 25.0622148513794 15.2601490020752 13.4210925102234 8.46985137462616 0 0 0 0 0 0 0 0 0 0 0 0 0 0 0 0 0 0 0 5.42830860614777 8.71635627746582 50.8293495178223 98.682409286499 144.412715911865 182.710006713867 210.93053817749 240.686477661133 251.142795562744 251.881126403809 244.787647247314 225.741039276123 194.973495483398
329.451400756836 311.932189941406 302.283790588379 294.498359680176 284.420692443848 273.424255371094 267.140884399414 262.685394287109 259.4775390625 254.968925476074 245.865047454834 230.279838562012 216.232837677002 202.691032409668 185.642421722412 158.645771026611 141.350406646729 113.312715530396 61.1941165924072 24.6715874671936 15.4815301895142 13.5926332473755 9.40064764022827 0 0 0 0 0 0 0 0 0 0 0 0 0 0 0 0 0 0 0 4.47282385826111 7.40062761306763 50.7157278060913 101.64958190918 149.716175079346 191.663940429688 218.732807159424 241.719715118408 247.994960784912 247.633884429932 241.513301849365 216.97497177124 199.301826477051
337.701988220215 317.969367980957 300.246406555176 288.930229187012 280.323844909668 268.287963867188 262.687259674072 255.648063659668 248.985877990723 240.303211212158 235.551277160645 221.625164031982 209.554431915283 196.973686218262 180.199417114258 152.697273254395 138.821292877197 103.741901397705 60.7022972106934 25.1580286026001 15.6207807064056 13.6122448444366 9.42254304885864 0 0 0 0 0 0 0 0 0 0 0 0 0 0 0 0 0 0 0 0 4.98755472898483 51.9417695999146 106.913913726807 151.208904266357 195.580242156982 217.039566040039 238.512390136719 237.967578887939 230.503124237061 214.675140380859 206.012664794922 191.675678253174
360.288215637207 332.290824890137 308.565773010254 284.622756958008 271.759887695312 263.18864440918 257.594955444336 249.064792633057 246.990524291992 239.170589447021 228.223693847656 213.461158752441 203.870277404785 191.305732727051 174.659378051758 147.656288146973 135.187770843506 97.8761329650879 59.371787071228 24.9223499298096 15.4949729442596 13.4159128665924 8.74079215526581 0 0 0 0 0 0 0 0 0 0 0 0 0 0 0 0 0 0 0 0 6.204430103302 47.4882316589355 100.361196517944 148.705307006836 191.621845245361 209.485382080078 214.592231750488 211.269996643066 202.621070861816 191.166408538818 178.726238250732 149.772239685059
362.376098632812 353.309814453125 321.279090881348 294.952842712402 276.436500549316 264.495758056641 255.997817993164 252.02579498291 246.295738220215 232.47505569458 219.136856079102 211.080825805664 200.735874176025 185.26537322998 165.563610076904 143.091743469238 126.973815917969 90.5095405578613 59.9000263214111 22.7184343338013 15.2108805179596 13.1868224143982 8.0018972158432 0 0 0 0 0 0 0 0 0 0 0 0 0 0 0 0 0 0 0 0 5.79136955738068 17.9720010757446 87.3849658966064 137.30001449585 169.575866699219 193.696853637695 198.509281158447 191.955135345459 176.634395599365 146.930740356445 135.958362579346 126.408275604248
363.548583984375 352.593200683594 332.018775939941 308.625259399414 289.137145996094 272.026802062988 268.003768920898 254.485973358154 244.328407287598 236.545684814453 229.263637542725 217.047077178955 199.398468017578 181.521739959717 163.939571380615 139.611385345459 119.374929428101 83.4127464294434 53.479284286499 17.3260006904602 14.7004306316376 11.1507120132446 5.49859416484833 0 0 0 0 0 0 0 0 0 0 0 0 0 0 0 0 0 0 0 0 4.67595613002777 7.22475707530975 52.8301258087158 93.8169231414795 137.974922180176 151.022205352783 170.262836456299 159.274406433105 142.540279388428 129.202617645264 93.2807445526123 65.1766738891602
363.223159790039 354.948997497559 343.443786621094 321.970855712891 304.714164733887 286.261131286621 270.507820129395 267.218589782715 254.659992218018 245.719718933105 231.210163116455 219.967967987061 204.252391815186 186.076263427734 161.896606445312 142.701637268066 114.309978485107 75.3690967559814 50.8896160125732 16.3739013671875 15.2968649864197 12.7227053642273 5.68357598781586 0 0 0 0 0 0 0 0 0 0 0 0 0 0 0 0 0 0 0 0 0 5.91689550876617 9.21712481975555 47.3890323638916 85.4121360778809 125.085784912109 134.531482696533 135.699882507324 125.824956893921 87.4735412597656 58.9201354980469 17.3763871192932
360.777717590332 355.791374206543 352.333206176758 340.894332885742 315.114822387695 301.157737731934 284.238166809082 272.178833007812 269.928588867188 260.296775817871 239.97834777832 227.944206237793 213.177825927734 196.21321105957 175.843700408936 149.038116455078 127.262823104858 85.4270248413086 51.3985652923584 18.7850389480591 15.7279806137085 13.5844709873199 10.4777042865753 6.74283230304718 3.02926433086395 0 0 0 0 0 0 0 0 0 0 0 0 0 0 0 0 0 0 0 0 0 5.87362039089203 17.3896272182465 57.565131187439 84.0642356872559 82.1789379119873 62.2964496612549 47.12180519104 12.8584544658661 5.90583902597427
