Rscript/monthly_maps/SnowDepthMapFile-sd-1989-06.asc
ncols 320 
nrows 361 
xllcorner 618410.159 
yllcorner 5088785.286 
cellsize 100 
NODATA_value -9999 
[rows 203 to 231 of 361, columns 66 to 131 of 320]
85.6814117503138 78.7598885622243 76.4074535793747 77.2792540120983 73.6640514463714 77.6746233584014 71.0849374061915 70.6159756805371 60.7638073293045 53.2365502935497 47.1012597900264 41.9505796032375 35.478145197786 24.2702426103324 6.23084672512123 1.55118305339196 0 0.000352635451733459 0 0 0 0 0 0 0 0 0 0 0 0 0 0 0 0 0 0 0 0 0 0 0 0 0 0 0 0 0 0 0 0 0 0 0 0.00042895621157042 0.00126179978934843 0 0 0.00402698924288041 0.384467524134174 0.556352717210259 0.284229747247982 0 0.00121797570172485 0 0 0
79.9386537468996 77.636611623616 80.2533351336298 77.0061502263641 79.084441478947 73.8756313776948 68.1902728636279 63.6530332705272 59.1599693224599 55.528452519373 55.0623793911502 55.0719173512929 50.9358966481031 33.573957938142 14.9131002028242 3.36910941580851 0.129429279345647 0.00121723291471624 0 0 0 0 0 0 0 0 0 0 0 0 0 0 0 0 0 0 0 0 0 0 0 0 0 0 0 0 0 0 0 0 0 0 0 0 0 0 0 0.00111435769226367 0 0 0 0 0.000473894522942484 0 0 0
83.4380611579875 81.4361153682156 78.5114246520211 75.4278818065754 69.5490231271548 69.6995934886459 70.8482976675099 70.1146950788712 66.5300338350994 65.6187761155613 65.8881346994092 65.6192820199849 59.7523139816259 42.5530345598083 23.2071764537315 4.90174890756119 0.985957761793343 0.00325895335601257 0 0 0 0 0 0 0 0 0 0 0 0 0 0 0 0 0 0 0 0 0 0 0 0 0 0 0 0 0 0 0 0 0 0 0 0 0 0 0 0 0.0000180124471454746 0.00101723902589227 0.00134777673706178 0.000910649954867763 0 0 0 0
90.4008786384036 83.8526011330448 76.724965279557 72.4653031207368 75.7407800457175 93.7134132237066 103.638636537315 106.063990403359 98.4905588777516 87.473682891483 80.4690006023391 70.7160995141085 60.8890753566048 47.5854402564646 26.9500288833771 6.68284438000694 1.7484995801923 0 0.00106254868753307 0 0 0 0 0 0 0 0 0 0 0 0 0 0 0 0 0 0 0 0 0 0 0 0 0 0 0 0 0 0 0 0 0 0 0 0 0 0 0 0 0 0 0 0 0 0 0
112.932094650028 92.0960629253737 89.3513700411211 97.7115639455739 107.867785560385 126.361612216707 137.334466306213 140.699050175064 132.436985807502 110.509126911322 84.7538965696132 68.3744923109461 61.0894853605923 50.8512680780469 30.4632512882418 11.7006938470073 3.4064069461482 0.393607066031133 0 0.00114035506462282 0 0 0 0 0 0 0 0 0 0 0 0 0 0 0 0 0 0 0 0 0 0 0 0 0 0 0 0 0 0 0 0 0 0 0 0 0 0 0 0 0 0 0 0 0 0
124.205454354991 112.461993205087 114.85626439241 121.583310588662 136.930689273779 161.974106569396 169.267491884105 162.952594813323 139.044293001514 113.271509223005 82.5310258220932 69.8990557313045 63.0545128081781 54.3903654229594 35.9036485443694 17.9443285691779 5.23323166000902 1.59286770551648 0.211867805581911 0 0 0 0 0 0.00577475375759014 0.176981217638332 0.192693627989454 0.00486986035880355 0 0.00096858690918384 0 0 0 0 0 0 0 0 0 0 0 0 0 0 0 0 0 0 0 0 0 0 0 0 0 0 0 0 0 0 0 0 0 0 0 0
134.750004130473 131.008200084603 137.976956038236 152.493537481041 174.925223886754 192.415011420639 183.359046250013 161.271632886481 135.282690670536 112.789155431789 85.649517062234 74.4682272607259 66.5553568390845 59.3682608204828 43.6255621079762 29.0083634906866 10.9115560791281 4.72463069822128 1.64816105959701 0.752052784523595 0.450288916795714 1.0973458152124 1.37784977187948 2.52009890221401 3.31267806291518 4.03329128375472 4.45420456577451 3.83433664786344 2.51749174091274 1.22790709434971 0 0.00192547496621761 0.00010324660514799 0 0 0 0 0 0 0 0 0 0 0 0 0 0 0 0 0 0 0 0 0 0 0 0 0 0 0 0 0 0 0 0 0
157.663207403143 162.379898992217 173.289082105673 189.574462838227 207.241461235076 198.151794962376 180.145718439818 155.929909387311 136.582874694915 117.391985859732 91.9773639899193 79.622214707498 71.4616380455344 63.5580129488827 54.5922986000122 38.008562218828 24.7769103898521 9.03247978367729 5.4754055417552 3.62484923615675 3.33812382970873 4.4805241088118 5.61135958962495 7.31720583230565 10.5565763821583 14.3296660699172 17.2243860250894 16.5089083681496 8.54659909704058 4.93699555372077 3.15984655786693 1.39789615401643 0.296934456488489 0 0.00200346708329507 0 0 0 0 0 0 0 0 0 0 0 0 0 0 0 0 0 0 0 0 0 0 0 0 0 0 0 0 0 0 0
192.997004128424 203.118489779972 210.238576093926 216.778673558759 209.296159854861 189.74986019974 173.30821012116 157.902788383381 143.292303799097 124.730475319555 100.531256689077 87.5911615747386 75.7492258224955 69.0751791912656 62.2533335533119 50.9106810384856 35.8489656621784 24.2095384365398 13.8815644431014 8.01537968138306 7.46375069227609 11.418528253416 19.0051673878615 28.0400094180421 30.0798738487776 32.9145550355463 36.140193048926 35.0828509995359 30.1913730847145 19.7973434593624 8.29529057028914 5.09885724778075 4.46793493053543 2.91264828105102 1.7492134415702 0.00432447310510896 0.00133719215189576 0 0 0 0 0 0 0 0 0 0 0 0 0 0 0 0 0 0 0 0 0 0 0 0 0 0 0 0 0
236.099623920919 238.051779567272 229.954486183023 215.72518713762 200.481151855658 184.213448130417 173.887404994054 162.234279696879 152.384318299542 136.238134370495 116.714873924988 94.037704250138 81.8801488583419 73.4128941522715 68.0056415111352 61.3550634148818 49.760893666954 37.9145341979588 31.7929546019094 26.4585596145134 25.6781819087208 30.754761399191 34.6054424532281 42.5376265810337 48.7535147946791 53.3520335604916 58.5446070577766 59.028308627855 51.0980133061671 36.5289560817825 30.3049406452584 20.1825620596884 14.519796663965 7.55936364250721 4.9726113713576 1.78535012811625 0.0820780813605822 0.00141184164096334 0 0 0 0 0 0 0 0 0 0 0 0 0 0 0 0 0 0 0 0 0 0 0 0 0 0 0 0
271.886625423792 247.56082363988 226.924413387439 210.979780572034 199.354340583386 186.051842489164 177.716686266738 168.483923984168 159.399147261548 147.148051006871 126.115809647042 101.491205198722 88.5013955538883 78.0750345359523 73.2387793754255 69.0517422602403 62.1442168755039 53.8712962635554 45.5570356009431 40.60648408372 40.7146653679468 45.258225186654 53.4749656275267 58.7563937181218 60.9277315539265 63.8888172005735 68.6529593789455 70.3760999312959 67.7982315683935 59.5170023030604 46.0924672552874 38.3682155176624 35.1231668794174 24.9751035076811 9.19263587920153 4.88487354007555 1.57132347184536 0 0.00203967756084482 0.00118065095719106 0.00108260385029446 0.00108056114278522 0.00070471381321046 0 0 0 0 0 0 0 0 0 0 0 0 0 0 0 0 0 0 0 0 0 0 0
269.577746741341 243.086175334242 227.451252576036 215.947367596983 205.048474916572 191.5662332126 182.692540441578 173.064715091341 162.682583848431 151.91870584097 134.023036353299 110.358704297608 93.2673439861712 84.0765113843152 78.2114415373824 73.039090345563 68.9469302542058 65.6487402370392 62.2263509819839 59.8140575074317 59.7776288416452 60.839559143407 60.7925553101672 64.6849135383898 68.2452658805114 71.5138764064969 73.5713449873863 76.7254683387447 74.6878409849522 70.5832870793233 67.56293353003 58.4359245010639 47.035965925221 38.3343553201705 21.114296223704 7.30678283626177 3.70987152529822 1.49982859903041 0.378342368603851 0.245317838262567 0.281183417754074 0.292770604545422 0.167277336091241 0 0.00164451798522398 0.0000878338936170971 0 0 0 0 0 0 0 0 0 0 0 0 0 0 0 0 0 0 0 0
261.658079772211 244.895320475936 234.427701242526 226.312718838888 215.379674254 200.417520258861 188.083481824621 178.82974871631 167.350638019918 157.688348485185 138.047022798264 119.815209201724 98.9065773984457 90.6708341194317 83.3828201735194 77.6691757151787 73.6606133173233 70.7862093170166 69.200735338329 67.8157728766775 67.0235308839802 65.3913157997384 66.2831857638098 75.7648810774097 83.9802868818173 85.9720000164314 84.8696170960056 84.0142831447423 81.0279647179995 76.329044480186 72.5932956457969 69.919216811789 56.9786598340502 42.3583587413012 31.4975041574341 13.6409028464254 6.4597147769152 4.52706128279587 3.42861793449255 3.16229504395248 3.37157348606703 3.29150200533056 2.64146702458655 1.37399472563667 0.313166280241094 0 0.000498034884544545 0 0 0 0 0 0 0 0 0 0 0 0 0 0 0 0 0 0 0
251.958481069765 248.223043314053 242.531902191317 234.569160091466 225.770344836179 211.68118305764 196.243479187314 184.22584445008 174.282371958748 160.727648658102 148.065990663138 132.135806977994 115.507142046477 99.3011965188046 94.3374944532849 88.7559551810039 83.0214094798141 76.5829806114056 74.5243411999131 72.8711747065138 72.0577753574421 72.1852659399047 79.0274753373762 92.7446164552414 107.012167397825 105.740592817708 97.3349823693994 92.9554096519021 86.7302302254008 78.5662660197713 73.7885726809708 71.6484852484114 62.9601674615942 48.0231905307129 39.5625579408698 26.1485133228353 13.7233547147068 8.10500090043228 7.20140446669239 7.05161751735089 7.31069266220505 7.17016391033647 6.24081349965936 4.47568486891787 2.01122022456818 0.327281711321427 0 0.000509547996706899 0 0 0 0 0 0 0 0 0 0 0 0 0 0 0 0 0 0
248.950840277388 248.261045185184 248.066530500656 241.346006206645 232.685424998726 223.516422111083 207.629335288804 191.18193474209 179.614892200154 166.443079739772 157.383166303506 145.894455975157 134.255031354783 123.636737061716 113.879260826635 102.759874770324 95.4210900864447 90.5584713928366 86.2483111464145 82.8971541251111 82.4680969129141 84.8541407753443 101.466647305524 124.186814623473 134.721985838752 132.752852291486 117.801619821348 97.9090130860104 89.7911964111399 80.8029672437876 73.4929807381628 70.8616925089086 68.6744121955873 56.3828176116525 44.5594963877346 35.8852377768421 31.6609945952782 25.4777675237892 22.6909079258121 22.1280996072452 21.9124128895063 19.013430207281 12.610909010122 7.45625564945346 4.72026217118828 1.58483140795566 0.272712733508232 0 0.00128148355860552 0.000228405275725553 0 0 0 0 0 0 0 0 0 0 0 0 0 0 0 0
250.085414698258 248.068459277121 248.444934308242 245.420209412508 238.279666620479 230.384488797488 217.133066231441 201.291095769583 186.103512753916 175.501354059787 164.884900271589 158.746198730737 150.633630903894 144.000102513152 136.721280864189 129.15356004728 120.023004454013 116.048485192954 110.098070048088 104.801465231044 108.009851007881 115.093468434465 128.944564329095 144.291009246395 154.388410769783 146.096705921072 133.176414874968 116.031442664569 94.1303049864901 86.1458795954407 74.5066872286302 69.517163489791 66.7998945574084 65.0264223020807 57.4648654813484 48.6924929188379 42.3485188865465 39.4391992395421 37.5101451502276 36.8076492326319 35.7890847466165 35.2753756509253 29.0773386484408 15.4194237835689 7.16851857422976 4.49691972133689 2.12929034633526 1.26527342527122 0.207226157062915 0 0.000803503750351235 0 0 0 0 0 0 0 0 0 0 0 0 0 0 0
252.462383014137 251.078476575852 249.480953538235 244.823926328749 240.788519526338 234.669030325736 226.068084628835 212.271307924651 195.998989653113 184.443266697894 177.962783134052 170.01600649035 163.340939428416 159.804908739186 155.598109152811 149.22300195405 143.577008744435 137.511542754711 131.744573741601 127.491247328656 129.422585244923 138.206614414679 159.188866450866 177.716821455201 179.881035008501 168.700741904054 150.663347241843 133.25199690597 115.222104097402 96.851547145242 84.9156606621721 73.4581036244291 66.9433595615548 64.2879474905663 61.5801268120135 61.1466858631213 60.5890819194295 60.3901872324144 59.7039580984563 59.4707464473835 57.0053200837008 49.3525071683073 39.0535447840731 32.7971023445487 16.7455141282568 7.85830253980043 5.54799694331574 4.0159195353043 2.25702867650348 0.990733071159516 0 0.000976014692798828 0 0 0 0 0 0 0 0 0 0 0 0 0 0
256.102802624472 249.915811354709 244.168587334504 242.906930243626 243.129386639826 239.817691995854 232.856884526719 222.493264600987 210.928890702889 197.113698753122 187.581105737581 182.339269194761 177.300979278758 172.67145610165 166.128636215552 161.413705798541 157.300848522348 151.216327597459 143.791114206034 145.383384851272 157.222007659976 175.928437079845 195.064729117995 196.201827110099 196.721649858088 194.760229572921 177.421995056568 158.225833778178 142.130429692488 129.173958880109 111.550826283968 90.3689900717842 81.7741526006223 75.825970228409 71.8709068825391 69.2955670777823 68.7539127113941 68.9913496059648 68.4121584440037 68.366961723289 67.5385603402606 65.865407621944 56.3862608054205 42.2380163798698 34.6874062135876 22.6822251167966 13.2436606548495 7.82283997449224 5.42297793096968 3.03782354604377 1.18915226674415 0 0.000827458415201143 0 0 0 0 0 0 0 0 0 0 0 0 0
256.446007392004 249.580549690202 247.68484496581 249.832584105582 251.192115272515 246.288443431476 239.009893140253 231.46159335128 222.610081804903 212.882590365791 202.636534947608 194.148470644837 188.435344477739 183.693273320019 179.302515950658 173.402756872924 166.517227513729 160.993426136653 163.193784712481 174.903623743868 190.945550508208 204.860864054827 206.43729014349 207.247386288921 205.70038584365 202.188911408061 194.955034589317 188.256123656385 172.095379652348 157.344024231589 144.792831043824 130.034114116061 116.108645146664 101.898379202879 96.5635316056501 92.6293801390753 87.8489557465936 85.3589314115244 84.7209588351552 83.1959223278141 78.5072118561737 71.8169887754939 69.1141014060521 60.3202851185426 47.0587165323636 37.6913159616306 34.049676059865 21.069970880989 8.5650950145331 5.54476911835347 2.59868351117453 0.550845173080437 0 0.0000785491262672418 0 0 0 0 0 0 0 0 0 0 0 0
257.25963783369 257.393771317529 259.464785495306 259.552223531808 257.884795630522 254.523254910427 243.842033583315 236.005674169721 229.728921939057 222.563261559382 214.577834166713 205.545762323057 198.851147108601 191.084881731821 184.219023308543 178.519613063179 174.991417779156 179.7469612541 194.325806244258 209.965490382683 218.67318415783 204.258721186651 197.493257707305 196.617316248214 196.532119803689 198.01740748291 201.364989093106 199.764064670389 190.159671611688 180.528465507599 168.972400452934 162.628375570224 152.545636548669 131.995625859123 122.462555178247 118.911597812491 112.666809325147 109.556837040553 109.176552089996 106.605078984973 92.8126353410082 81.0675224620179 75.7733257603566 73.1468728761034 68.6710183327223 57.3211982482975 44.7439166831893 37.5951531825404 18.8630793083598 8.12606185576354 4.37051614016525 1.42311152297999 0.00251357204055174 0.00076005105623196 0 0 0 0 0 0 0 0 0 0 0 0
262.364040842372 269.300719131635 278.116677396671 276.706397290262 265.894703586513 255.578457124241 247.958260994253 239.480925518884 234.113557976138 228.717203041428 222.315196741661 215.719604837016 210.262553219736 204.498074643052 197.95159721667 193.639153933051 196.661566140044 213.326663859515 233.46754422239 237.014505307721 218.646807691492 197.57922724188 184.949833850893 189.98568989267 193.51764790403 191.836373300971 192.916998362005 195.615360893659 194.860365259812 183.726854181702 173.746038118693 164.47971202845 151.162726412068 141.52451252881 132.794838570187 118.292055162258 113.283350067668 114.122405465251 114.61311003954 111.183416480216 103.929651146065 90.2892994411982 84.4745053447492 81.4716605684319 79.1370014795471 73.86788343891 56.7078882256512 41.0337288206489 26.7635824392218 9.74647619760177 5.60845474529163 2.47617243138871 0.355000465161693 0 0 0 0 0 0 0 0 0 0 0 0 0
277.277025639502 281.182956086931 290.423993495214 290.476758129205 279.233441673712 264.031783252227 251.832969172102 243.94179403046 240.782282856737 237.707133985918 234.840372656361 232.99785966702 229.894055335769 227.892814383234 224.293026442418 227.889790944753 238.852000953401 255.76795446508 260.953046919086 246.163178458311 222.602980094037 199.261357957626 183.568037534978 183.437304248495 187.86004847749 190.508146248581 190.177136749329 188.879078273596 187.673204277593 179.651790523379 166.741469308244 152.332426467992 132.800230067856 119.157798899274 107.722978803843 104.558974428477 102.223112411854 101.010262109469 101.11933886932 102.30061771 98.5026393202712 93.0379781886223 85.5412591748461 82.7472466283781 79.756029676343 75.1076360671271 59.7647552284077 42.9140995526234 30.0507841790484 12.4868073739665 6.69318969116458 3.50295125190312 1.37028285898304 0 0.000507691072420934 0 0 0 0 0 0 0 0 0 0 0
289.039933124762 294.370636001229 299.403925013438 305.990441029323 299.140758046373 284.418314646388 272.947962177851 262.522673505986 259.266727486558 260.472276024558 260.943721828568 259.156263454727 258.363728348762 256.589331149368 258.742830849778 250.490170916746 266.203154854865 274.087041965055 273.341778094069 254.922584201583 234.776959304034 212.111718551243 191.144094235182 179.970554271309 181.141490254062 186.423983621096 186.571266471113 185.715996396993 180.544695261573 172.881735209616 160.125808824847 137.498559510554 117.695665721226 105.401966190672 97.0100546048263 90.2605643837797 85.4172398700251 80.7942319994569 78.6479323685275 79.5307405521295 80.5572192447341 80.2166739329975 79.0350227976032 77.7675300313187 76.8968011685304 70.5880853504735 56.2213776371297 43.581189691099 31.5584101362067 14.7269341479247 7.65741794705352 4.29195349072119 1.42591215824687 0.00231599225274132 0.000848999065508627 0 0 0 0 0 0 0 0 0 0 0
300.117116582194 299.697687640515 304.947842172551 317.346261586916 316.209276097777 302.77025706833 285.678538059194 277.511083413407 270.087446083755 262.466295275765 253.313477985725 247.180712993755 249.410636753372 249.834856755711 254.872037043259 271.799035051166 277.10799450603 278.402819162563 276.50575664419 262.059099251401 246.567854496922 233.458453011129 212.81987979076 189.413758842331 179.206772407684 179.968529202285 182.507733649691 181.135915450956 176.764274260509 172.327724667402 155.123192994344 133.41711192678 110.816450955169 101.787895686601 92.2294490455201 85.0248284248507 79.7383960731519 75.2349857267584 72.0443038113163 70.3431711022619 69.9501215110084 70.6546008600577 69.6893390399865 67.1233076178973 62.3937137669487 55.9239785225706 48.7988962133442 45.238649319353 31.2329058720399 16.7896430949186 8.36086128386763 5.03850940096067 1.71136338146146 0.167624582013606 0.00100164067165368 0 0 0 0 0 0 0 0 0 0 0
297.367422730462 301.837916713682 301.586112186824 302.64779786076 304.53881800238 302.372390936768 286.956239280409 269.225507386593 248.293607810381 236.499161054872 228.303480174933 226.983986226223 228.252102290798 234.332179739344 239.289240998062 247.762439118666 257.774012070816 267.100030170254 271.551021411962 260.482902956311 250.378248827953 237.77691064613 229.716839595738 210.723570700388 190.762691250374 181.593120531331 179.490621808689 179.604191558814 175.934044176734 167.829912122918 152.500835184517 130.690211043268 110.062361569467 98.0564955615695 89.5326064864899 80.6914928015794 77.9129939552392 76.7563865617465 73.4210559366702 68.2737218362111 62.9367243816339 58.1699983410162 52.937822276062 48.905030150195 45.7704253964404 44.9789222930253 45.4440769033299 37.8412958309427 27.9384985486507 15.0056464957407 8.65903602910615 5.27528186605749 1.95475132798542 0.235470965287464 0 0 0 0 0 0 0 0 0 0 0 0
280.56794919447 280.282409969616 273.561961272832 267.790506741354 263.389591323998 257.679935814808 245.212420677649 226.300723737157 209.0269871535 193.331726794917 189.574846838824 194.891210282206 202.787117066516 212.911553079206 220.510697077329 233.056889497171 249.211660877089 260.541442909173 260.130112276923 253.163723757546 240.136359631596 232.870351558387 228.224656064217 218.723537626153 205.412635634487 194.235700675807 186.333606913484 180.743585147281 175.79492842071 165.22735372842 154.290420517705 134.774391850873 116.830975262389 100.877553822348 87.8065361198205 77.6221530974539 73.5386191552889 73.3133267857222 65.9048395456916 57.6421602885201 51.9586155770317 46.3336719588856 44.4110092031547 43.1696498625469 38.8518581115636 34.8623684103846 30.6940289215239 25.6563348643267 18.7773310554457 11.8303950026816 8.01389609541722 4.79127747649856 1.89703250989305 0.240248532587789 0 0 0 0 0 0 0 0 0 0 0 0
241.094441385577 240.671775333215 237.543188684377 232.89753696885 229.997147859641 223.66020374083 209.578721897038 194.215017302606 178.361023432277 174.640427178288 177.841892203885 184.275627479989 191.664947365211 199.601106047601 207.730402508819 224.786302631321 243.612582577547 254.963423625048 257.826999089184 244.844794624358 229.508053298705 222.22453594697 217.370592374895 217.882043258766 213.821569827292 207.285175162674 196.194885700384 194.354033669386 186.919863417901 174.907043073349 160.93239768718 148.784022212624 129.732741917475 106.487648155036 91.1780376122333 77.251702922777 71.5399081907963 71.3916412015924 60.1649018889764 51.700597763899 47.0360315881837 44.2696743398014 35.357035129975 28.8502513857838 24.1224307176243 19.7439465515787 15.1762685676216 12.0599723628046 10.0621198579228 8.23429966864359 5.90329128238902 3.84271172409355 1.55199077399344 0.152097665380423 0.000908421593841927 0 0 0 0 0 0 0 0 0 0 0
213.569697558786 213.194493382918 213.926018893357 213.687111267502 210.440478107696 202.808416525976 186.78538901169 174.244327528588 166.048711610249 166.865294878767 177.74876067519 184.845206853218 189.891799436621 192.725708598255 198.086563885972 212.835745419274 235.757286809344 250.934882541552 253.145758940306 234.898166976301 221.003589255308 213.32486909461 211.595338380447 209.651985309867 208.72127074363 206.683799150791 205.359873841047 196.749051206236 194.583343712815 183.179855236037 175.307520210101 164.020436753907 149.888974868148 126.107186836367 99.5510338422901 82.7584574124771 71.2247910631023 70.0572528742619 61.0127274263736 49.8546457747004 46.3979481422012 35.9997896602125 26.1556014750788 17.7906540692082 11.9566048981049 9.86389071652572 8.23428146344346 6.86265342186106 5.6281600352595 4.84746833726804 3.72266117270875 2.14326881821362 1.17749858157835 0 0.000667946115697562 0 0 0 0 0 0 0 0 0 0 0
188.462451628652 188.74322057103 192.192084150262 194.773088635282 194.241959014811 186.804539550661 176.786579950913 164.789469704742 162.904163345059 169.333839557187 177.979649246343 181.875122536991 186.047384883582 187.313256940493 187.140896776028 201.500288466802 230.776614450134 245.348428047939 246.594416438297 228.035189946259 214.930834592155 210.37542395488 208.492571328808 206.893715950641 202.711976846821 195.421725419965 192.521308296498 191.586509052801 190.865068529608 188.264404158429 176.037249754918 166.401812619334 153.394837173551 133.416840895555 107.134759211149 90.8185379590238 77.1832591464777 70.9869435988101 66.115937231727 51.0610743198252 44.3507190554526 33.4892120780176 21.6730495815946 12.2015411282967 8.8195806346042 6.37066951475195 4.55829231961998 3.30712690966497 2.43835619601903 1.7182105003687 1.72729731286221 1.04664952651966 0.142428881427436 0 0.000301940627515784 0 0 0 0 0 0 0 0 0 0 0
