Rscript/monthly_maps/SnowDepthMapFile-min-1989-12.asc
ncols 320 
nrows 361 
xllcorner 618410.159 
yllcorner 5088785.286 
cellsize 100 
NODATA_value -9999 
[rows 200 to 224 of 361, columns 56 to 111 of 320]
629.498291015625 631.273498535156 625.079711914062 603.871154785156 567.772888183594 537.121643066406 499.321319580078 453.39599609375 412.374603271484 383.975036621094 360.339569091797 362.38916015625 362.776031494141 363.93408203125 354.054382324219 348.106475830078 329.205291748047 287.950592041016 250.896789550781 241.669631958008 231.771911621094 232.31965637207 228.591445922852 217.814651489258 206.408920288086 175.486328125 158.949188232422 149.332366943359 146.174255371094 145.55647277832 146.614654541016 146.534881591797 146.734405517578 149.234436035156 153.802581787109 165.499237060547 178.303085327148 177.680160522461 167.448852539062 161.706939697266 153.204345703125 146.379455566406 144.155242919922 144.468414306641 147.008026123047 152.726974487305 161.598770141602 167.041122436523 178.603500366211 184.072463989258 185.338729858398 187.652267456055 192.663604736328 196.463729858398 198.311325073242 197.921173095703
626.130798339844 630.1220703125 621.801330566406 601.957275390625 568.524353027344 533.568664550781 510.423370361328 487.747619628906 457.1865234375 409.717956542969 378.246124267578 352.0849609375 341.393341064453 330.123291015625 348.775787353516 337.837432861328 333.238098144531 289.901245117188 285.838562011719 270.431060791016 272.147399902344 270.843078613281 276.650726318359 242.468887329102 209.43620300293 197.884231567383 186.366073608398 158.765090942383 152.453964233398 150.025573730469 144.488632202148 141.431304931641 141.016159057617 140.223358154297 148.074829101562 152.835906982422 158.137329101562 159.825088500977 156.98991394043 148.064926147461 145.322708129883 138.510269165039 134.387893676758 132.83415222168 129.980514526367 135.581008911133 142.042129516602 151.403915405273 159.678558349609 176.220336914062 183.327926635742 174.458053588867 175.992813110352 176.978744506836 178.468475341797 178.449676513672
625.659851074219 625.7109375 619.703857421875 599.185791015625 569.241577148438 540.39892578125 518.433654785156 508.903839111328 466.274841308594 455.544677734375 425.041809082031 384.259063720703 372.223663330078 371.498596191406 363.523071289062 349.925140380859 335.442779541016 320.558776855469 312.182373046875 303.430938720703 298.453399658203 291.526519775391 276.514770507812 255.852310180664 235.037414550781 222.03044128418 196.936614990234 200.049743652344 199.777862548828 188.776397705078 178.480239868164 172.417877197266 166.809555053711 162.454055786133 150.679168701172 153.525680541992 155.229217529297 155.881057739258 143.228332519531 138.283477783203 133.228912353516 127.664031982422 125.453842163086 122.945785522461 121.959533691406 125.158950805664 126.18244934082 134.670761108398 139.658721923828 146.905899047852 151.127685546875 152.973419189453 152.116897583008 152.805541992188 154.104782104492 154.590927124023
624.337463378906 620.065185546875 607.537902832031 592.3740234375 570.946716308594 550.137512207031 528.638793945312 511.550720214844 477.846862792969 456.261566162109 425.898223876953 413.018035888672 387.081085205078 375.15478515625 348.298797607422 372.42041015625 355.129302978516 350.826141357422 329.717590332031 311.633148193359 303.137786865234 297.281341552734 277.181915283203 263.881591796875 234.20182800293 209.458969116211 206.253433227539 204.903366088867 195.862289428711 192.03076171875 187.658416748047 190.788619995117 190.7578125 181.165954589844 176.206741333008 173.844573974609 167.309951782227 162.594177246094 148.578048706055 141.36799621582 135.818405151367 132.004516601562 128.67626953125 118.620735168457 118.071006774902 121.533515930176 123.826126098633 128.159225463867 126.634292602539 128.824798583984 131.820770263672 133.271194458008 132.816940307617 133.673721313477 135.919281005859 139.418731689453
613.177429199219 605.413330078125 592.299682617188 574.397583007812 563.699951171875 547.663940429688 540.180419921875 510.035217285156 481.214874267578 454.612457275391 420.071990966797 413.648040771484 390.940673828125 383.573638916016 386.314971923828 391.766174316406 394.940673828125 380.203704833984 353.469299316406 333.589538574219 324.549468994141 323.127075195312 307.611785888672 269.967834472656 241.257904052734 210.938766479492 202.13752746582 201.807083129883 200.597885131836 191.588531494141 188.614303588867 184.592819213867 180.754455566406 183.077178955078 184.638107299805 181.773941040039 185.841461181641 182.120559692383 179.761047363281 166.128219604492 158.851272583008 154.342620849609 142.65885925293 125.096687316895 117.286087036133 118.937995910645 119.463500976562 124.016807556152 122.187217712402 125.444313049316 121.260452270508 121.249336242676 121.036399841309 122.247261047363 124.743019104004 127.143363952637
599.457580566406 579.744873046875 569.306945800781 551.8046875 545.314514160156 538.225708007812 532.649291992188 514.445434570312 488.449066162109 463.89990234375 446.326538085938 447.101318359375 419.784362792969 418.38037109375 424.309844970703 428.950531005859 427.721099853516 428.465545654297 428.209838867188 421.922180175781 403.774047851562 362.875762939453 323.862884521484 277.499389648438 251.554458618164 222.514434814453 206.499450683594 203.668670654297 206.597442626953 195.548431396484 194.807464599609 191.818023681641 187.619537353516 183.991271972656 188.392242431641 191.61198425293 178.465316772461 177.105895996094 175.262878417969 171.622909545898 169.570831298828 162.703002929688 151.481674194336 137.517364501953 127.03101348877 124.237228393555 116.47526550293 116.663879394531 119.45751953125 119.697723388672 112.682739257812 112.551055908203 112.306770324707 114.517135620117 113.923614501953 115.503944396973
567.216857910156 547.894836425781 547.443176269531 545.381774902344 542.685913085938 539.068420410156 542.443176269531 521.71435546875 510.394683837891 494.711242675781 476.769317626953 463.139801025391 442.929504394531 435.636352539062 432.260467529297 448.500854492188 455.597473144531 465.69677734375 467.203460693359 465.096862792969 447.958221435547 394.020294189453 324.885803222656 282.333862304688 260.435943603516 234.210266113281 215.150497436523 211.486663818359 212.014831542969 205.862182617188 196.552581787109 199.873275756836 200.791137695312 199.306716918945 189.614959716797 186.907684326172 182.912780761719 178.172470092773 173.934722900391 169.90380859375 166.579681396484 164.200149536133 162.600952148438 158.112274169922 153.677612304688 143.852188110352 126.654800415039 118.352203369141 123.046226501465 116.511421203613 112.941276550293 109.746360778809 105.229934692383 105.467681884766 101.174003601074 100.23046875
544.355712890625 544.604858398438 546.071533203125 558.944091796875 566.8076171875 557.578857421875 554.327941894531 547.725708007812 528.303649902344 504.913208007812 480.953125 453.373046875 447.840881347656 446.369964599609 452.720947265625 475.566070556641 493.313293457031 505.5732421875 499.188323974609 477.403747558594 435.714172363281 391.845733642578 323.885223388672 294.1953125 267.963989257812 248.600006103516 224.793716430664 221.774383544922 220.246002197266 213.946731567383 211.35871887207 211.85334777832 203.393310546875 199.600326538086 196.945587158203 192.14826965332 184.593276977539 176.571548461914 175.600341796875 169.418640136719 159.149673461914 160.992553710938 156.021591186523 154.390106201172 153.411575317383 152.717315673828 149.797927856445 145.144317626953 141.004592895508 136.976913452148 118.661582946777 113.284637451172 110.029640197754 86.9594039916992 82.4707183837891 79.4733581542969
543.777465820312 562.368591308594 576.95751953125 575.238342285156 574.751525878906 572.040283203125 559.028137207031 546.306579589844 524.852844238281 494.840393066406 469.538391113281 454.14013671875 453.289459228516 460.889312744141 489.295745849609 526.748840332031 539.789184570312 534.590698242188 500.784912109375 470.528533935547 428.274841308594 390.575134277344 331.85107421875 304.759246826172 274.761627197266 261.117279052734 241.393188476562 229.946533203125 226.922927856445 224.517318725586 221.565170288086 221.675537109375 212.828659057617 210.097412109375 208.57568359375 206.769119262695 200.562347412109 195.699493408203 193.254974365234 189.275985717773 183.458587646484 177.26155090332 165.265869140625 160.313919067383 157.923431396484 149.833633422852 151.831100463867 153.149505615234 155.212310791016 149.977172851562 138.016250610352 131.75602722168 127.472274780273 91.0432434082031 80.999885559082 79.8363189697266
581.11865234375 579.739501953125 587.608825683594 586.568298339844 577.090454101562 566.260620117188 555.3642578125 541.968994140625 521.554809570312 494.582855224609 473.743774414062 465.279602050781 478.672821044922 502.566680908203 544.373840332031 574.913452148438 560.917907714844 525.187377929688 480.417755126953 464.106414794922 431.946807861328 416.917877197266 352.698303222656 321.741546630859 289.784637451172 267.345001220703 253.527755737305 241.029861450195 235.233108520508 232.310470581055 229.588119506836 229.721939086914 226.946685791016 227.307891845703 229.709976196289 229.61376953125 229.499374389648 224.6171875 213.23112487793 205.030822753906 196.236434936523 191.040328979492 190.528015136719 183.878616333008 179.579467773438 173.171264648438 157.494979858398 159.778961181641 160.441116333008 159.192352294922 150.736999511719 141.029159545898 139.627182006836 118.325607299805 103.888969421387 91.357177734375
589.325317382812 591.761291503906 582.205627441406 574.990600585938 569.757019042969 567.386535644531 560.915710449219 548.208129882812 535.751586914062 509.081176757812 498.788726806641 513.637817382812 539.173400878906 560.346435546875 591.223449707031 582.529418945312 548.062683105469 511.482940673828 479.810943603516 469.976684570312 456.530181884766 438.480834960938 385.798217773438 334.482635498047 308.324096679688 279.244506835938 265.408416748047 254.186630249023 246.304397583008 242.658111572266 239.528839111328 242.934020996094 247.990478515625 252.558547973633 257.2060546875 262.669799804688 264.975128173828 263.406463623047 250.163040161133 235.854904174805 223.641906738281 215.253463745117 206.527603149414 199.665557861328 192.206634521484 185.810119628906 180.052093505859 176.194259643555 173.009323120117 169.617431640625 162.319519042969 153.422790527344 149.438217163086 136.494491577148 124.786560058594 111.441253662109
582.333190917969 574.990844726562 568.559143066406 567.186706542969 569.769714355469 583.918640136719 569.509521484375 573.261535644531 559.318664550781 562.180847167969 569.96728515625 588.179870605469 593.487731933594 587.853088378906 584.483337402344 563.495056152344 536.157836914062 514.754333496094 505.377044677734 495.548309326172 473.736328125 456.206237792969 422.638458251953 358.211273193359 330.338836669922 307.030242919922 281.123657226562 271.086578369141 260.059906005859 253.282302856445 253.346832275391 257.998016357422 266.429504394531 269.498107910156 274.9052734375 279.597045898438 286.225219726562 288.4775390625 272.699829101562 266.363861083984 254.780395507812 243.885848999023 236.915069580078 230.072875976562 222.469451904297 212.403259277344 204.369018554688 196.785537719727 190.445709228516 184.140106201172 176.805282592773 166.996337890625 158.295501708984 161.309204101562 146.060974121094 136.887680053711
565.622314453125 568.690795898438 585.1767578125 598.069152832031 600.563415527344 604.9560546875 600.567993164062 595.874877929688 592.3505859375 616.811950683594 632.195068359375 635.46435546875 593.576599121094 582.353759765625 567.681579589844 550.578674316406 537.738464355469 531.296813964844 518.086730957031 504.620422363281 491.643005371094 464.503814697266 447.723388671875 391.358428955078 345.80810546875 328.19140625 305.852844238281 286.553894042969 279.917572021484 276.280120849609 270.597747802734 275.734954833984 277.869750976562 298.046875 308.056732177734 314.868133544922 326.126678466797 327.178039550781 314.613952636719 289.855285644531 269.564178466797 272.29833984375 266.332702636719 259.437408447266 249.695999145508 235.857879638672 219.877075195312 212.939834594727 208.797744750977 201.255020141602 194.87873840332 190.082122802734 183.294662475586 172.844009399414 167.110000610352 165.123260498047
593.508605957031 603.417053222656 613.954162597656 613.566650390625 613.208435058594 615.566040039062 616.531433105469 624.119079589844 642.102661132812 667.684265136719 675.995178222656 616.567443847656 587.072814941406 574.83642578125 566.572631835938 556.901550292969 550.189636230469 541.818054199219 532.328674316406 516.056884765625 502.125671386719 473.864501953125 454.592895507812 421.775146484375 365.635955810547 344.716674804688 332.372192382812 314.333984375 305.716644287109 299.453399658203 297.020233154297 302.699371337891 309.958465576172 325.102508544922 337.72802734375 343.066253662109 352.686828613281 355.715148925781 340.908782958984 325.952819824219 309.390655517578 292.496826171875 289.501007080078 282.823638916016 261.267822265625 245.530960083008 235.681671142578 229.202255249023 224.809326171875 221.928817749023 213.686569213867 213.422790527344 209.79817199707 203.404968261719 192.668838500977 183.010345458984
619.097961425781 625.453552246094 628.124084472656 631.150573730469 635.825256347656 641.55078125 654.752868652344 671.600952148438 687.3447265625 685.12890625 639.192504882812 605.144165039062 586.968811035156 581.232788085938 576.917419433594 567.347534179688 556.156555175781 547.441040039062 536.357482910156 522.532470703125 506.550018310547 481.039855957031 459.738006591797 449.763214111328 414.10791015625 372.341003417969 350.906799316406 334.487579345703 332.059875488281 326.794921875 324.859771728516 326.422210693359 336.158416748047 368.978210449219 399.486907958984 404.790374755859 399.81884765625 394.477386474609 369.082733154297 352.416931152344 338.563568115234 327.824493408203 305.091033935547 296.401336669922 278.085540771484 255.167694091797 241.20344543457 238.258758544922 232.61491394043 232.120681762695 232.86149597168 234.728424072266 234.062240600586 229.805511474609 220.596862792969 211.585662841797
648.286987304688 649.659118652344 650.500061035156 669.897583007812 683.192810058594 695.567504882812 696.722961425781 696.401611328125 669.261657714844 652.9130859375 626.822875976562 609.38916015625 599.767700195312 595.197326660156 586.291320800781 578.250854492188 565.5126953125 553.427185058594 540.698608398438 523.947937011719 511.168090820312 492.894287109375 470.423736572266 463.859283447266 455.170349121094 427.884704589844 398.028900146484 368.712280273438 357.722747802734 351.593383789062 350.411285400391 359.039764404297 397.273315429688 438.770080566406 452.208648681641 464.251892089844 461.590667724609 444.980926513672 420.302490234375 371.114593505859 347.658843994141 338.686065673828 322.315856933594 302.341369628906 290.415466308594 271.428466796875 258.340850830078 248.729034423828 243.261215209961 245.301864624023 243.016540527344 246.839904785156 246.294097900391 240.788818359375 235.496551513672 230.165725708008
675.395202636719 687.011047363281 691.801208496094 719.426818847656 739.472595214844 726.113586425781 696.36279296875 658.30712890625 642.171630859375 625.330749511719 611.411865234375 611.46630859375 612.641784667969 608.994812011719 600.067749023438 587.378845214844 576.749145507812 559.997741699219 546.560424804688 527.826110839844 515.217407226562 510.250885009766 494.843627929688 479.514038085938 469.096832275391 464.578155517578 457.047912597656 435.069305419922 422.971801757812 409.371032714844 410.927215576172 430.072479248047 439.41259765625 462.037658691406 480.736511230469 483.69873046875 475.568939208984 469.334533691406 453.039947509766 397.350524902344 359.446716308594 338.513641357422 329.597442626953 306.201873779297 299.356140136719 288.886901855469 276.326293945312 264.733245849609 258.508483886719 258.815582275391 261.807098388672 264.710571289062 264.381805419922 254.345642089844 243.126663208008 233.385116577148
713.141296386719 724.515014648438 739.928527832031 750.141235351562 754.117309570312 677.017333984375 643.384826660156 630.686889648438 615.397644042969 610.537536621094 608.456420898438 619.747680664062 622.939819335938 622.587829589844 613.270690917969 599.590942382812 585.646423339844 569.387634277344 552.88330078125 537.294555664062 525.380554199219 516.646911621094 511.920227050781 506.175354003906 498.914489746094 486.998504638672 478.483062744141 468.114868164062 458.938873291016 449.868835449219 447.467407226562 445.967163085938 456.500366210938 485.300903320312 503.408447265625 505.169891357422 487.470611572266 476.301818847656 464.047210693359 430.509307861328 371.459228515625 341.050964355469 337.217224121094 322.241821289062 304.897766113281 294.031188964844 286.026733398438 279.45263671875 277.932556152344 278.643218994141 283.201293945312 282.850128173828 278.970733642578 264.660675048828 250.635131835938 240.353439331055
753.519592285156 761.875305175781 762.318481445312 697.390258789062 688.234680175781 658.437805175781 631.422973632812 614.335144042969 610.531433105469 612.573669433594 622.942321777344 621.251770019531 631.238891601562 629.333679199219 621.80224609375 608.201049804688 594.085876464844 577.614318847656 559.697814941406 547.136291503906 536.257507324219 527.857116699219 522.0341796875 516.018737792969 514.776245117188 510.719146728516 501.891937255859 486.421905517578 476.176116943359 465.704986572266 459.808074951172 463.194000244141 482.432281494141 508.006378173828 520.381591796875 515.150573730469 493.367767333984 482.707061767578 469.176940917969 456.188018798828 422.140380859375 368.481994628906 341.188171386719 334.033386230469 321.510803222656 308.118774414062 303.039642333984 296.037231445312 289.530395507812 288.795227050781 289.349945068359 289.577056884766 287.040466308594 275.196258544922 259.505889892578 247.979156494141
767.191223144531 713.656372070312 697.551025390625 667.342895507812 640.9638671875 630.821350097656 613.188598632812 611.392333984375 618.043823242188 626.85693359375 633.330383300781 634.5751953125 631.113464355469 624.182922363281 618.104125976562 611.587768554688 599.166870117188 584.885620117188 569.17822265625 557.757446289062 549.339904785156 541.357299804688 536.207580566406 530.276062011719 525.115539550781 520.798095703125 512.135070800781 498.084869384766 486.202301025391 475.081604003906 475.140686035156 493.011047363281 522.757080078125 553.728759765625 556.937683105469 541.251037597656 512.563049316406 492.245483398438 482.256164550781 463.10791015625 449.324188232422 434.466857910156 385.431640625 353.528961181641 341.237945556641 332.112670898438 327.499053955078 325.453552246094 324.564331054688 324.290618896484 322.7900390625 312.951324462891 292.165283203125 285.85546875 273.060211181641 261.072265625
728.248291015625 681.53173828125 646.325561523438 627.296142578125 611.50439453125 610.334838867188 611.28271484375 622.927673339844 630.990966796875 638.868225097656 638.236877441406 627.539245605469 634.063171386719 636.972961425781 640.86572265625 622.628723144531 605.413269042969 592.468017578125 582.432373046875 571.667419433594 562.948303222656 557.903259277344 552.426879882812 547.09228515625 539.643127441406 528.644470214844 520.550231933594 508.01611328125 496.329284667969 495.899200439453 512.174011230469 546.857849121094 583.154296875 582.987915039062 586.330932617188 582.748229980469 553.670593261719 523.192626953125 504.340637207031 491.996887207031 474.686737060547 454.247711181641 448.944549560547 444.238800048828 421.37451171875 397.835479736328 376.649536132812 366.845703125 362.360260009766 360.453552246094 350.579895019531 339.628936767578 321.266357421875 301.340972900391 287.557678222656 279.980346679688
696.857421875 646.825500488281 629.635070800781 626.084899902344 623.679931640625 622.423278808594 627.456481933594 633.851928710938 643.134765625 644.923950195312 634.472839355469 634.234069824219 644.314575195312 652.797302246094 650.4814453125 645.20751953125 627.098571777344 602.056457519531 592.581787109375 586.014831542969 579.388854980469 572.276733398438 566.367370605469 560.189758300781 550.822448730469 539.238952636719 525.856506347656 515.983215332031 518.427429199219 550.76611328125 575.773254394531 591.837890625 597.661376953125 595.891418457031 591.313293457031 587.468688964844 584.391235351562 572.4775390625 549.536071777344 529.082763671875 516.545227050781 505.555114746094 486.893859863281 481.131164550781 477.791046142578 474.059539794922 465.039276123047 452.817230224609 449.52490234375 443.701690673828 409.327972412109 365.699493408203 342.883605957031 329.498596191406 307.188140869141 295.337585449219
666.433227539062 637.256958007812 629.702575683594 633.944702148438 638.423034667969 631.00390625 635.14306640625 640.689880371094 641.889099121094 636.476318359375 628.4541015625 652.035278320312 664.19775390625 668.609069824219 668.696105957031 651.410888671875 636.759338378906 620.035278320312 599.747619628906 593.533081054688 587.594787597656 580.770568847656 573.988464355469 567.471740722656 555.227172851562 538.954040527344 540.394165039062 548.082702636719 580.383361816406 602.761108398438 592.862182617188 584.465942382812 578.557678222656 574.400756835938 569.557739257812 571.514404296875 588.729675292969 586.884643554688 576.217163085938 562.205993652344 550.065368652344 544.622680664062 539.850830078125 516.471740722656 508.528472900391 500.058685302734 497.419830322266 495.887023925781 496.2314453125 492.979370117188 467.041198730469 405.2041015625 368.568481445312 350.649139404297 341.954315185547 330.254364013672
665.89599609375 646.460693359375 640.248840332031 645.793579101562 646.016906738281 652.665954589844 644.708312988281 654.006896972656 647.494689941406 649.414916992188 651.924926757812 672.710632324219 691.438903808594 701.539428710938 688.982299804688 661.796630859375 646.590209960938 633.463989257812 623.200866699219 611.852416992188 603.944763183594 595.737670898438 583.116027832031 585.138916015625 578.135375976562 570.783874511719 580.794799804688 601.650451660156 630.5966796875 634.699829101562 588.398498535156 563.500854492188 559.376770019531 564.985412597656 569.826110839844 563.380615234375 565.828369140625 572.525939941406 575.670227050781 560.8408203125 542.261413574219 527.99658203125 514.727478027344 513.579162597656 498.512084960938 473.821319580078 472.930877685547 473.14013671875 473.932037353516 475.865356445312 484.261871337891 442.069610595703 397.932098388672 371.699127197266 364.323608398438 341.284698486328
667.991943359375 660.752746582031 662.294128417969 669.718383789062 680.122009277344 680.927795410156 667.1279296875 666.02783203125 664.500122070312 670.727905273438 677.314636230469 689.866394042969 710.875854492188 718.814514160156 714.855163574219 687.692077636719 660.613952636719 645.655334472656 638.019958496094 632.723022460938 629.1611328125 628.617980957031 621.283630371094 610.531616210938 608.400634765625 613.135803222656 636.992431640625 656.181762695312 668.731262207031 622.656005859375 589.352905273438 562.948486328125 554.20849609375 559.312927246094 571.257202148438 562.929260253906 561.016967773438 559.685852050781 560.085205078125 550.641479492188 528.767761230469 512.331237792969 482.311981201172 469.470184326172 458.720306396484 452.518096923828 439.012420654297 441.376434326172 441.819091796875 438.249145507812 444.501251220703 428.314208984375 383.597473144531 359.449890136719 355.223541259766 335.510345458984
