Rscript/monthly_maps/SnowDepthMapFile-sd-1990-01.asc
ncols 320 
nrows 361 
xllcorner 618410.159 
yllcorner 5088785.286 
cellsize 100 
NODATA_value -9999 
[rows 69 to 91 of 361, columns 212 to 264 of 320]
130.553558983803 132.180332383093 130.331435309798 130.454957787162 130.356579903216 130.324794587409 130.185380701613 130.022712998521 129.704242053172 130.220194398699 130.396345736139 130.408836579583 128.887497534799 130.770398355634 129.742109626911 131.153694316846 131.175683730072 131.841249640672 133.292297217489 135.45475150506 134.525438541872 138.023587453948 133.339564877303 130.411252477163 126.190162215472 124.128165510576 129.283206869917 132.512403663069 146.000802101032 157.022487443118 171.650944256826 174.449835526614 176.220363567681 182.109084114747 180.901935969638 184.222997051897 186.071104404802 186.594842138253 180.722596011699 179.160857370872 178.714012645723 179.846015358576 188.041242178404 187.611237211745 188.185718543956 189.011831201159 192.364447311315 196.165050023205 198.181955568933 203.948108191324 204.980335416217 205.870430384247 214.488107046231
130.382264662567 130.401306783808 129.341200442934 131.684817059951 130.490863312439 129.263680952867 130.110604356057 127.216887962157 129.54290607367 129.055362302544 129.493008030968 127.567003488739 129.661980725272 129.180400085671 128.564005058358 128.985200809153 129.355333835607 130.071398226511 130.658391009337 132.977222763088 137.284464939483 138.849654280604 139.05333853988 132.079574807736 128.988446840072 122.871206673587 126.493413571284 129.334147388323 130.068488262461 139.816511463736 150.158092629132 161.122755149931 170.363454949401 177.667645112665 181.080945605564 178.420864800319 185.265244855416 186.707343722076 192.739505813019 191.982294978954 189.519405698366 188.183257082437 188.370232923904 189.794982110574 196.078262174913 193.494235190222 200.593875831121 200.37391475146 200.321797512803 206.952771040941 209.11081773362 212.125075429031 218.287631202918
131.807020967044 130.760228995358 127.773803609667 127.729857865856 129.876018471632 130.717293483799 128.429102361961 130.799812979319 129.761007818245 130.054871577322 128.91922374779 127.470871341608 127.996039444925 127.767443542059 127.142936500414 124.752547206842 123.662325163219 126.766183847458 128.318303464533 129.622859276664 133.604994786354 135.478253251222 138.561867234015 137.415136516593 131.810787867206 123.237838910121 120.156736505171 120.29615296498 128.854222801766 134.30545037487 143.394892070601 148.296190545985 158.657920104495 163.078229511129 171.715770666103 176.59011799936 177.553239975603 184.213279538608 188.682866116238 201.584471057014 200.930242168351 198.927715195638 201.298530683355 194.32409240316 201.649350313215 201.82923991814 203.614043815177 206.245122819283 208.242777062512 211.881506101718 217.539288585239 219.820392230894 222.513567217014
128.859755275455 129.318250290546 130.893594001138 129.709533626477 129.645006394226 128.84652764512 128.065087049659 129.784808031524 127.426268827938 128.208023055925 128.383126692473 128.379371758516 128.524840744527 127.858481386834 128.380318784512 126.730077601499 124.554694458324 124.205795978406 125.422763503359 128.081596749243 130.249574945976 132.821870163462 135.747740742924 139.417537321593 136.11798272043 132.58465589024 123.042101666355 122.122038074127 125.097095517603 129.054390381851 136.766557168974 143.068414098595 152.393429498708 157.417352007902 163.711191360489 169.553309200261 174.62468895039 181.317432390278 185.08507044017 199.443455133031 205.006955011209 207.801642695089 206.214524242997 204.609799470454 202.40585689275 205.98946279376 207.399389412959 210.810286493595 216.80319571056 219.540404692962 219.49108988021 220.347998159323 223.776774047904
128.250368925154 130.557475660139 130.619772256214 129.97756452083 128.69255729982 129.923949598856 127.94511758585 128.676030240441 128.283893307977 127.236444947743 129.140884882657 129.015856494099 131.106864257517 131.495879464875 131.523621067533 131.180085006736 128.593369762382 131.319749135096 131.314559921426 128.96980572688 125.465116324536 128.608460833953 132.650369031559 137.092706568349 139.195538189441 137.497765419675 132.725207798313 126.455626234746 129.416290488029 131.170068678036 137.777192398895 140.571570860332 145.918695099824 152.134996778167 156.05606685621 160.34981754082 169.789410486033 174.768664420448 178.404228361435 189.765669471637 198.589567653788 210.973494614935 215.368609593647 217.115203535877 210.021321601691 209.073256842039 211.969237556907 218.08807984445 217.902711211718 220.667666765123 222.435236245766 224.373200951842 227.39360506076
131.894501721852 128.639703146315 129.280945129745 129.502208149393 127.79263533253 125.307895189062 125.920171090017 125.557687620727 126.989130147126 130.083274113125 130.574784020818 133.50341106918 132.496282362335 132.354631745111 133.728388751268 136.838775622342 142.416161307521 146.456236694651 138.595289901777 133.627547603322 127.470085003926 123.877550725354 128.026144719812 132.899185129211 138.397856340603 139.044501319211 137.164793986214 133.550741231959 127.511854723251 133.31732869263 137.293778343799 141.568650659066 144.371366020161 145.438770060675 148.585496994428 152.745050491823 160.102105067713 168.529632056366 177.966224843507 186.574660647438 193.943940611489 206.117265684272 218.851188582784 228.441084682638 223.245123013124 221.062314006654 218.559853726117 220.862290262867 223.267869499375 224.571548453574 229.869254250916 232.815139024997 234.596346792824
129.251359992873 130.022620352305 127.812992778172 125.492511927775 121.554353182337 124.044486883253 122.882394028633 123.574168876543 128.99158955728 131.209464577946 134.911080358207 135.830032252406 133.48721843007 133.157520669465 134.621017365539 137.506982579464 150.172598504707 157.425268342444 154.805605609783 146.051024937516 132.869562166701 126.348774409914 123.686567814308 128.643821225146 135.085315757647 138.972978047285 139.017163001368 138.780706570631 133.717005036104 132.154484620836 136.641628789979 140.674196205614 143.345197765737 139.302222003275 140.734008163664 145.571552745065 153.565250435254 163.333440957809 171.317085336878 182.379998917245 189.458026965656 198.27286842609 207.498612045483 223.222561643317 230.954103384573 238.896687513969 230.530125879407 229.801342155036 230.878938750795 231.429246331671 232.988562351024 234.671550965877 241.510503070529
129.269500841621 126.467184989834 124.025915539944 124.236082043648 120.808895546723 123.699931343209 122.195757650243 128.639361766332 130.983579951838 133.060371647738 135.299056046886 138.638010381475 137.710446367199 134.416636438459 135.131169101089 136.247338726054 146.405204589202 158.26766319369 165.975248911092 158.129934597307 144.480748423614 130.248652631953 121.933443240701 124.401476945993 129.541604300948 134.887309817686 140.395593210428 139.197872929083 138.2926395243 138.288230001775 139.006697455748 141.372181430357 143.383229282617 143.456928859397 140.434615426531 142.918854344825 148.288796425895 156.058191886785 164.894673902989 178.385500949182 187.298999228534 196.910426429783 201.025019507218 219.437514855753 239.945412331435 240.894432113607 241.073626680957 241.530761564328 238.667781024499 236.56143103454 238.167006002371 245.988403453674 246.236789056428
126.54322057677 126.367385424542 124.236684548014 125.52165987509 125.540606488635 126.906048285599 127.253087830368 131.167290679063 133.438336425708 134.948569049975 137.430329327811 141.25067424331 142.269268669982 137.020651032688 133.711460838322 137.06565454228 142.635879957461 154.391447156514 165.445759664422 167.916483451587 159.992476678821 138.958724760234 123.470791116532 119.914263502468 124.988979414426 130.869013359499 137.410177952022 140.827691767774 142.700515123088 140.789583586214 142.800531008673 142.54572985215 143.789756094699 140.936411780773 140.803809071725 138.988455048614 143.25541133184 146.414597798284 156.964378747943 166.821349362169 181.052237583438 190.899879550754 202.669452440292 216.559137533227 228.927143413214 235.964813423066 244.345002199019 245.263559895349 243.167875782064 244.280354155165 246.242246478071 247.260500128668 255.542645604274
127.05524470233 125.029764112554 125.050911679536 124.240532072053 126.456630816086 131.449689525783 133.447679662966 134.91905835633 136.407305176853 136.345368238647 137.959068445925 140.227357397446 144.468546316712 141.890760371753 136.487802544866 136.952109608798 138.117939903641 149.186430646539 158.72500852526 172.990259174189 170.086478657132 154.729113995689 130.782929111585 123.108844520581 120.045753741397 124.913535982702 129.080042620272 134.897587519261 138.975668957617 144.104300814489 144.751590653938 144.124246810639 143.907494293409 143.195100811354 140.594066564257 137.958490900617 139.68048938583 142.172183701727 151.886815363215 160.143599145927 171.229473786575 188.480679061909 206.310562144774 217.812317468211 225.036683659052 240.881657229391 243.8880423057 243.437323566643 245.101564852514 247.189321635794 247.328423337314 253.215261300461 259.413271102441
128.370917411208 128.806712621594 128.350135085732 131.010706484341 133.803778892192 139.729486460105 140.301353256225 141.086206490432 141.725110371183 139.590721417219 138.27969390927 140.430747804659 142.360510470044 146.519213480449 138.366972993711 135.401856139139 138.398964519426 143.880595626003 152.854844245859 165.480047646272 180.446817247469 168.496935955367 147.430249725069 128.65664361767 122.440828400176 122.417143973056 128.503755071296 131.031938261769 133.705856976602 140.761364875704 144.54825787555 145.437683432758 145.552184962603 144.004272479672 142.528586942849 138.077377132374 138.396698245091 139.780180322136 144.229325466672 154.46839925301 165.512442780142 184.302866069664 197.743694146736 212.325008686361 227.455836302222 233.260562588164 235.033555476143 244.343663666848 247.639503670576 249.453423976088 251.488703006777 251.637322527039 258.275651158691
128.4048452533 130.604663806776 131.561772720297 135.148754765311 140.524239220624 148.150414248875 152.043750218214 152.499366864954 147.903550960257 142.989368256494 142.228513362782 138.508292651679 145.122457354909 145.780758969344 142.751321830745 136.706620800497 138.597298883151 143.426969353494 148.610807601517 158.249018148619 172.81956299336 180.937664551345 170.402053088627 142.731284350973 128.622228141806 126.179981284653 131.717383488618 133.365135271251 133.813993209333 136.515190340608 141.627654457851 147.25928799328 147.812253091986 145.769492139095 144.322242781867 140.698638173493 138.554110041839 139.093786390181 140.007845024264 149.744582245611 163.472462999268 178.940866693655 192.516343546654 206.058947238244 221.403093589152 227.371743498263 236.423919214924 244.955209182027 250.665228014883 250.654752067935 249.594379583202 250.867167642429 251.610003344217
129.388239440324 134.960246645082 138.32366478712 140.645635079576 148.14418543862 158.56429339122 162.149903067983 161.780746492289 156.950081760264 148.098291285376 142.412834787561 139.682878413813 142.573816946869 144.545312136561 146.694848356511 138.491367017459 138.058226954425 142.284109292718 145.432705290422 152.886329823908 161.301839074396 177.434325032844 183.704716226696 170.58992240571 146.776752506784 136.422812089679 137.06811796923 140.194895786237 140.670441922368 139.352837554407 141.687723908573 140.718817913451 146.493892439994 147.182427097801 145.193418488807 145.789309847043 141.221355464769 139.324604940772 141.485360903339 147.219741910498 157.728071979242 174.375248409089 185.786638256665 203.333386816761 221.389676390806 229.474452077579 239.092851952472 250.81690130605 248.982054874286 255.090926141934 260.568911630289 265.850079643838 263.428665245673
136.722201215133 141.25406420962 146.603011180752 151.015087284348 153.841208939728 165.57877295115 170.037151968833 166.789119973252 159.818444049021 153.813940205201 144.814929366199 138.859857167164 141.200142380804 148.37079026055 145.017943268752 141.253805095508 138.709189842476 140.14845553254 145.689680933166 150.155044593754 158.025853541416 170.31797847723 191.591517498136 186.808081438451 165.233991663472 148.212006572536 145.671561905472 149.198752243689 149.149812707017 148.281434801156 143.198233802712 142.28248181027 144.400578843747 144.513861237515 145.340962151883 145.379983044091 144.754412164634 142.769857341623 147.129570175017 149.94204976386 162.102110984981 167.169035076739 178.85711284267 198.918426830282 214.071478949228 231.079517521492 242.602230689457 253.379047546343 260.690285479005 262.427771234726 269.265514091493 275.198454454955 279.591932876688
146.63361181291 152.63410858333 158.801451104804 160.140559841114 163.444629910257 172.550737793904 172.462438856089 169.254541624591 159.88173067571 155.312185838876 149.107611880875 143.519169828766 142.244142336964 146.215749936301 145.806801806227 145.237761835646 141.346613062416 141.57879237565 144.141732182497 146.406826233977 153.386878892808 160.342005221146 177.835603853613 190.494533684591 192.227983452144 164.33217102403 151.426037221266 152.110133724121 155.32844443465 153.094536225514 149.026395681176 143.920422086317 143.076115004195 140.40216149665 140.277332986157 143.938302623555 149.677609430348 150.732793638458 150.521868291199 155.346587020548 158.76632250822 167.282351525384 182.646885694554 193.189322674251 202.099241648496 214.997484161751 246.730387395823 250.841823900175 268.343034355571 279.198599599879 281.613586186967 287.614202649918 292.491309785016
158.66339595967 162.511876463192 165.873905604432 166.329350169385 172.35043224454 179.234968802485 178.313073191941 171.576978157004 162.624092584273 155.137727752163 148.132102552897 144.21377173547 141.469217933445 145.481205928605 147.902630434212 148.497773579176 145.085459875203 142.839861222841 146.376333138484 149.70040486862 153.957935877645 158.093461363103 165.712281784921 191.528512304307 198.1843057305 184.792284785804 161.490270319477 154.993350460148 153.22982484622 155.108192027303 153.12781445184 150.834867237707 148.248173613148 147.410238478683 147.903511678683 153.709085229171 157.740909404631 162.880499752705 164.168622395884 162.920282479749 162.056940131939 168.061692759713 176.582970686409 187.150812692321 197.778610123177 206.002263945073 229.923812565469 253.952644698385 266.887094065099 281.650764498027 287.448378771141 291.65723908543 295.782132902212
165.394052412029 169.404808697867 173.396662252693 173.284989836425 175.047231121284 181.047537803779 177.498348998493 171.892716540874 160.188455775523 154.404337551214 149.38443752338 144.682698335693 145.077929316315 147.461846604464 146.523071073708 148.82625093679 146.402417538274 145.972341966631 150.492285098056 152.48930310261 154.927354949629 157.54150535944 163.109077874111 179.338918611511 197.024148490708 194.336974108214 176.72766988553 160.109004502016 152.563070307767 150.215615766251 153.078577593059 154.964370144552 155.588637213841 155.902425575784 163.246879471083 165.398428852808 167.995678759133 171.453887432671 171.928117764885 170.759791035794 168.608032270393 166.913624606118 169.844935459459 180.55673820358 191.567741119691 203.16495858728 218.831196403082 235.876444152 253.444388367657 269.351867970497 280.837940695241 288.172309315604 291.472169730396
170.447624769982 178.490459103949 175.82974753617 179.376289504956 178.352345021186 188.892757592951 180.254092635791 176.979221523079 163.401572069838 160.799795446657 152.936070564651 148.080873823748 143.072958608366 147.112985495087 149.755152516911 147.698830868939 149.411100295231 147.470882630337 149.5721256319 154.265657730197 153.753807153288 159.153894129145 162.848803113732 175.814070407539 191.515038393967 197.712809749013 187.512533634473 169.212513962645 153.206382132607 149.462245861763 146.263571991249 149.634318786099 159.95960752119 165.705317090936 172.809000384676 176.547721618962 176.833906498535 177.268106094213 176.96776614074 175.859699156344 171.578794780074 169.662858819765 168.312056101306 172.321216421106 186.825133153339 202.156300399304 209.550476278572 230.078907398706 241.965269622525 260.638632800434 271.853407814004 282.907755321616 289.732340490773
177.538724664957 179.268469966157 178.723314789595 180.503129146396 181.436881608321 189.790270160701 190.113080668529 178.827405018014 167.478623464229 161.343096894827 155.420374528663 146.131785383812 144.540385807978 147.658226605352 151.551478678737 150.847109540032 150.65436952436 150.595460096485 149.249143338097 154.2124226868 154.869599041444 161.773354550936 167.940817136468 173.98342104025 185.750517509745 198.766376861541 198.039842781917 178.517338607823 157.909306121475 148.264746889995 144.570764145296 147.279033173761 160.394781166381 169.203203498283 176.075844712016 182.044662603468 181.279424273277 182.941559592747 181.805272065994 178.661834194512 178.322431011134 169.189164675079 172.529475587039 171.378416010589 178.7540959115 197.225526357359 203.427912316425 219.8231325429 234.193243183934 247.960085905704 263.434757926278 271.12043270316 273.845747362894
188.101512523583 187.792034893097 186.104399110618 189.11558604116 188.781863019877 195.362126835105 194.936458762595 185.348577064209 169.483703320519 163.246392227373 155.188466514613 147.210542692136 144.033990591805 147.969417880152 151.530989508477 151.012555041596 151.329801411442 149.037861075466 149.270459570089 151.001866978315 155.374852353402 162.050902841927 168.390271653669 173.680160863152 185.026449109936 189.981400072527 195.518084189798 188.987720519311 170.137686952019 155.700470958541 146.506371264983 145.365681828479 154.988314988208 167.220902752749 177.226973164161 183.148119899309 183.527658057968 183.251709686843 183.921045831768 185.062605793804 179.998634078433 177.182653695808 173.872333834767 171.142725325841 182.15539810549 191.679456974766 201.383374144652 209.226802628962 224.359888829398 231.416795645772 258.08258247647 269.859154409521 281.579781312648
193.910741763764 188.94891121566 188.596877159682 189.7015165296 192.970867134037 195.027460411932 197.562331084605 191.176366376828 174.284342807105 162.719243532718 154.173266527242 147.812660504918 143.842619700068 147.282153578455 151.372978561936 153.039026439251 151.684610092355 147.286564880012 149.58634973085 153.75743923416 155.004443627176 163.211069477895 168.392781590921 173.999831584001 180.570688733572 185.005682288257 191.063869433797 196.015086362268 191.814345644669 176.823657819713 157.575519999963 145.217778822527 149.254916443234 161.800580041989 174.476778045637 182.397748560387 184.627245965584 184.695016116567 185.527313488584 186.256989626011 186.075699513465 178.503856813579 174.933792044941 176.468877203902 181.224114624909 188.464425005708 198.978844303697 205.572341432076 211.622768402947 229.128396171137 237.851232846674 260.202734417331 272.713526591366
196.015782036329 194.658863249419 193.938359999646 190.686640742474 194.664414239745 199.281076401538 202.979883758676 195.722657494313 179.517897331772 166.730821197582 153.830871915903 147.437165292168 141.995150757875 146.174879593937 152.639877044405 154.390686225191 148.778354684629 149.433557180515 150.26524811753 154.509643852688 153.417714753776 163.988127301066 166.499247097151 173.007226774439 176.67190412757 179.552224806256 188.116462124616 198.99667917454 211.373504004286 203.393225383438 177.83756503231 156.043974097969 145.497562092912 151.79226441582 165.541103116344 177.229964365674 184.48153419944 185.340603950535 185.870045517352 186.817820641922 188.111877531196 182.319386092218 178.532612080927 177.816020945816 182.074594987653 191.227751152199 198.247791091415 202.787137693023 208.537260638301 215.332475810801 226.780184942046 253.690838003823 265.222572339854
200.276736298062 196.851425781544 195.956370462438 197.74073107682 195.592678616582 201.139949455825 205.527656032856 201.591590804978 184.482198801926 167.122810172307 156.656487574936 147.167012056389 141.533570387935 144.027093034637 152.66218306804 153.509852322268 155.132042993025 150.530818123213 151.665355075683 155.661621234694 154.94232701305 164.854095771068 168.147157295721 170.712756564516 174.1242762949 176.869952315903 184.149423297308 200.925132640629 222.247828739442 227.199865449702 210.525539177728 171.829029924475 147.64016417904 142.613838947875 155.267713908724 172.853637273726 183.350699915438 186.5819669915 186.894240652715 187.861475940671 188.336732681404 187.896347404866 179.194272435491 175.326236751132 181.085974187601 187.686205994822 194.248538221785 198.134808530393 202.216603337397 207.048979627932 218.458470101992 227.297266754566 232.631251029563
