Rscript/monthly_maps/SnowDepthMapFile-mean-1989-06.asc
ncols 320 
nrows 361 
xllcorner 618410.159 
yllcorner 5088785.286 
cellsize 100 
NODATA_value -9999 
[rows 116 to 144 of 361, columns 0 to 65 of 320]
-9999 -9999 -9999 -9999 -9999 -9999 -9999 -9999 -9999 -9999 -9999 -9999 -9999 -9999 -9999 -9999 -9999 -9999 -9999 -9999 604.73161421151 581.767326618063 538.612901358769 502.891173132535 470.862661756318 428.011711120605 406.459291129277 397.552988446992 386.402902636035 375.723829762689 372.121423096492 365.987288771005 359.828981728389 355.205913280619 352.189640505561 350.297589828228 347.969604689499 346.610151225123 345.323339824019 344.332758722634 343.165661170565 342.048383893638 344.897390628683 350.132456253315 347.544204942111 322.25148733731 286.117570244033 267.828967595923 262.494651934196 259.724849322747 247.716492102064 238.66525925439 223.597275092684 213.732136989462 207.966337154652 204.633361865734 203.343508457315 204.074952339304 202.340934860295 199.521785645649 200.904883828656 198.663852962954 191.412734763376 176.603399186299 164.899297245618 149.310638559276
-9999 -9999 -9999 -9999 -9999 -9999 -9999 -9999 -9999 -9999 -9999 -9999 -9999 -9999 -9999 -9999 -9999 -9999 -9999 607.631801210601 587.687363197064 568.682953407025 529.6167165822 495.288474247373 461.017877776047 425.788640449787 398.758152534222 391.266142845154 386.028938161916 379.381558188077 373.280307276496 369.087462852741 364.298913232211 360.258083080423 355.602963809309 352.911380899364 350.579441004786 349.288459383208 348.132210665736 347.361927032471 346.381531518081 345.411976699171 348.439603838427 353.407512599024 354.225875213228 329.057033933442 297.234055223136 274.454066120345 266.586806987894 260.797613916726 251.605485044677 235.570687573532 222.332347179281 212.570702906313 208.984832303277 207.31110678048 206.032349249412 205.339357121237 205.315257458851 204.567229846428 204.478200024572 202.801564331712 193.206792806757 181.411094459994 169.572302736085 154.772807088392
-9999 -9999 -9999 -9999 -9999 -9999 -9999 -9999 -9999 -9999 -9999 -9999 -9999 -9999 -9999 -9999 -9999 -9999 614.9203354408 593.679791417615 562.965370704388 537.615160974963 520.890404405265 501.286537038869 465.99716653495 427.145410998114 400.956284490125 387.08051369108 385.871263997308 380.212685091742 373.653071436389 370.285672944168 366.899685563712 364.282744835163 360.623809814453 356.256831399326 353.35070675817 351.101291327641 349.979602550638 349.656777908062 349.121386823983 350.254339185254 353.455161982569 359.873264575827 359.559884581073 342.834503404025 312.413190389502 294.349017743407 278.656522701527 263.176461762395 251.849795785444 234.464726004107 226.645394456798 220.812389242238 217.469187744733 213.853023257749 210.664245350608 208.699739842579 207.829171008077 207.933839502006 207.491766806307 205.410502417334 195.023042045791 182.280226041531 170.351117989113 157.167562616283
-9999 -9999 -9999 -9999 -9999 -9999 -9999 -9999 -9999 -9999 -9999 -9999 -9999 -9999 -9999 -9999 -9999 -9999 614.33839942669 584.937323208513 562.135800854913 524.766110387342 510.792733159559 506.436054361278 466.210336915378 429.303839979501 405.451083643683 389.60530244893 387.232503693679 383.52538809283 375.960487628805 371.405493769152 369.877272770323 367.227776099896 364.047645042683 361.309512434335 357.045146942139 354.606745358171 353.030430432024 352.475757072712 353.447406242634 355.364562593657 361.184870095089 365.865238189697 365.992577602123 351.239639907048 322.682678781707 299.231310745765 288.386819740822 266.040486837256 254.377070435162 239.728743495612 231.318210297617 225.39866004319 220.465571510381 216.300567158337 214.543545040591 213.046346434231 212.488379322249 213.075176230792 213.797630893773 210.126061809474 199.355637558575 183.751698970795 168.996354559372 158.360360573078
-9999 -9999 -9999 -9999 -9999 -9999 -9999 -9999 -9999 -9999 -9999 -9999 -9999 -9999 -9999 -9999 -9999 -9999 617.491974929283 582.049346397663 569.683857621818 516.67804967946 509.471977760052 498.775468102817 467.527857270734 433.455068456716 413.239471599973 394.439305930302 390.987752980199 387.956078315603 384.669880340839 375.931477711118 371.952954917118 370.593635559082 368.417567812163 365.320110978751 362.518611644876 360.378349435741 359.714577773522 359.174262211241 360.136539459229 364.01509265242 370.145180751537 374.675194970493 373.890732074606 350.989058165715 322.694504902281 294.373721583136 282.492519715737 264.766508077753 258.793524166633 252.835746452726 243.993055804022 230.510285410388 223.517495114228 219.6517311869 216.556891474231 215.966874574793 214.860589701554 214.543935808642 216.7707432714 215.997267460001 204.324333519771 187.028763475089 169.317507127236 160.17227373041
-9999 -9999 -9999 -9999 -9999 -9999 -9999 -9999 -9999 -9999 -9999 -9999 -9999 -9999 -9999 -9999 -9999 646.527048571356 627.89642807533 598.808598485486 545.42906820363 524.380893970358 511.491200282656 500.27646952662 461.969301815691 447.002446273278 415.419208296414 405.393678204767 396.748472279516 390.850933420247 388.249809643318 386.22725503198 384.861436909643 375.552446562668 372.079856609476 371.939522414372 368.629688526022 366.907035564554 365.935671049973 366.518293972673 368.03132682011 370.505197820992 376.623373130272 381.31497057553 382.79982570122 350.078780322239 307.676037068896 283.847642980773 271.385386688956 264.532055525944 261.55831379726 257.384839616973 251.187472031034 241.742644219563 229.18228204497 223.146517630281 220.349005090779 217.9151328761 216.568657463995 217.829435784241 219.393263619522 219.46416413373 208.795781587732 193.716707624238 175.188548984199 164.746127634213
-9999 -9999 -9999 -9999 -9999 -9999 -9999 -9999 -9999 -9999 -9999 -9999 -9999 -9999 -9999 -9999 -9999 -9999 641.217988112877 606.427994300579 548.544511203108 534.553196874158 515.860078088168 489.807233941966 456.199160214128 446.04842271476 417.682212040342 410.799301673626 404.384046094171 396.942423590298 392.791909382261 389.285272170757 388.375470391635 386.162388637148 385.22482592484 378.832303080066 374.061153280324 374.341734096922 374.09759148236 374.026408261266 372.983350128963 375.250009257218 385.686091258608 395.514435274848 394.094547748566 351.210526104631 303.347553779339 276.177503774906 270.697085051701 271.088312806754 270.433534350888 260.395091147258 254.694595591775 247.618568247762 235.576858413631 227.395346847074 223.353238064667 221.35837724291 219.524846545581 221.583961947211 223.914488480009 221.703261654952 211.114234159733 200.452591690524 186.810577515898 171.068656239016
-9999 -9999 -9999 -9999 -9999 -9999 -9999 -9999 -9999 -9999 -9999 -9999 -9999 -9999 -9999 -9999 -9999 678.037943872912 670.235047439049 620.354673714473 558.045797150711 537.770980308796 509.258231722075 473.250267390547 451.111313787 444.204907976348 417.753520439411 414.430390325086 408.931780190303 404.605686450827 397.149239934724 394.873277729955 391.600302597572 389.648823096834 389.181534536954 388.448757664911 387.938547726335 388.229647176019 388.188152724299 388.384647665353 382.361507793953 382.331478710832 401.030344995959 412.927313475773 411.371940415481 352.010917466262 297.079784300821 277.404784038149 273.300334774215 279.6261749432 274.30603677651 264.401777185243 256.620055749499 249.704531792937 242.577234794354 233.295481385856 227.462453274891 224.193175422734 222.973031874361 225.286903751308 227.145250164229 223.174374728367 212.574281010134 203.574239689728 194.774247687438 181.114618309613
-9999 -9999 -9999 -9999 -9999 -9999 -9999 -9999 -9999 -9999 -9999 -9999 -9999 -9999 -9999 -9999 -9999 687.574881191911 670.643353166251 619.337137682685 569.462987965551 538.42998846646 498.640781797212 469.716535042072 449.360434170427 436.256024755281 421.479356963059 416.20612019506 410.909270187904 406.891782234455 402.052666697009 398.623042567023 396.118867446636 394.054004438992 393.4949785101 393.385793587257 393.061579506973 393.197861408365 393.5934188777 393.619803297109 393.804329313081 390.970430702999 417.54807781351 433.73598111909 433.1731970228 349.308742852047 304.393474907711 284.94607603961 283.703777091256 284.636221466393 274.011461751214 266.32182357229 258.915485908245 252.824740056334 246.765873243069 235.772309163521 230.622908427798 226.627577814563 226.099836094626 226.191519687916 222.185266790719 217.123069228797 207.196796458343 199.229572008396 192.776849680933 185.279899679381
-9999 -9999 -9999 -9999 -9999 -9999 -9999 -9999 -9999 -9999 -9999 -9999 -9999 -9999 -9999 -9999 -9999 684.10635007661 661.594921769767 615.109270819302 564.907474649364 535.969844423491 495.524474571491 466.105005856218 442.067154193747 426.907760225493 419.662219606597 417.625536951525 411.974395751953 408.612710886988 404.808190904815 400.870687320315 399.097319866049 398.168726921082 397.175614587192 396.870215810578 396.911756318191 396.932069548245 397.403236948211 398.203975052669 398.194250501435 393.717466453026 432.084272910809 459.914589585929 451.065366087289 358.770183563232 318.662070307238 304.536885088888 293.134526795354 286.233732955209 281.094094950577 269.906704129844 262.952983946636 255.493606666039 241.458438478667 236.969815837926 233.87609564847 223.835771396242 217.399042030861 218.055965711331 218.714900189433 213.40021041344 202.38301619168 195.79713047784 190.310388663719 184.193373540352
-9999 -9999 -9999 -9999 -9999 -9999 -9999 -9999 -9999 -9999 -9999 -9999 -9999 -9999 -9999 -9999 -9999 684.130750458816 668.205199669147 601.575008523875 569.808041276603 536.139338526232 493.911055729307 459.357779075359 431.675059943364 420.813875658759 417.703016346899 418.076656144241 414.738090054742 408.826836355801 406.420188969579 403.078609729635 400.439242297205 399.023169024237 398.581861726169 398.05507857224 398.101525405358 398.13866779722 399.668338528995 402.255671369618 399.613904229526 413.312713096882 455.889330765297 481.143522591426 484.793510831636 382.554322407163 335.336318903956 323.546299589091 313.689640768643 300.167247204945 289.040208068387 277.738828881034 271.970721080385 260.252615205173 247.57966128711 242.230062632725 232.004627959482 225.36547619721 225.113752389776 231.681868281858 242.247041077449 233.416591841599 225.430686325862 213.703775882721 200.6069204314 192.401990495879
-9999 -9999 -9999 -9999 -9999 -9999 -9999 -9999 -9999 -9999 -9999 -9999 -9999 -9999 -9999 -9999 -9999 -9999 -9999 -9999 575.492110153724 538.184041779617 495.066774302516 462.339077127391 429.890175194576 416.119607991186 417.630800641816 419.487843875227 414.536741322484 409.716603706623 407.599211396842 405.778662056758 402.928507870641 401.287142391863 399.547210857786 399.202404449726 400.095313565484 399.929405409714 402.279549532923 402.226317964751 407.12233852518 421.119508940598 460.021458724449 508.095718252248 512.638170965787 426.766464496481 353.582116916262 338.997729005485 333.374101211285 322.525247442311 312.596902485551 295.721011852396 282.125237284036 276.907223767248 271.057517602526 255.855658383205 253.321569302986 253.660631220916 260.311733837785 287.645852911061 304.433442872146 294.393555896036 279.097162855083 256.811980189948 238.16041309258 217.723658446608
-9999 -9999 -9999 -9999 -9999 -9999 -9999 -9999 -9999 -9999 -9999 -9999 -9999 -9999 -9999 -9999 -9999 -9999 -9999 -9999 -9999 -9999 -9999 -9999 -9999 -9999 418.841442634319 418.677574157715 414.632745019321 413.445366958092 408.598436684444 406.163062062757 405.210706612159 403.754261773208 403.030638201483 402.667440973479 402.838314089282 403.867002191215 403.778510751395 404.400258952174 416.652169457797 431.28579600104 469.519948679825 537.394259485705 531.968163325869 469.153701782227 408.317722780951 364.487544553033 355.135035350405 347.672073265602 340.108900431929 327.39160804913 317.206256471831 309.006135521264 299.760246951005 296.644722856324 299.342977038745 309.781582741902 337.785620788048 363.527475784565 344.982060235122 330.565414774007 305.199954123333 294.021457754332 271.881385901879 244.964284058275
-9999 -9999 -9999 -9999 -9999 -9999 -9999 -9999 -9999 -9999 -9999 -9999 -9999 -9999 -9999 -9999 -9999 -9999 -9999 -9999 -9999 -9999 -9999 -9999 -9999 -9999 -9999 419.240101518302 417.24603232022 413.902704830827 410.159590754016 408.475260964755 407.976881454731 406.18576033362 405.234664851222 405.391661775523 405.726347528655 405.694429792207 407.032999301779 416.399721474483 425.92168873754 441.198567028703 480.856333666834 565.700310805748 581.143201630691 521.167714612237 467.731367176977 421.254896492794 402.822786380505 387.526428551509 378.899941839021 365.960889750514 357.861549772065 353.91587175172 351.59798786558 351.749532814684 363.946899446948 363.434205088122 372.14691073319 357.810549834679 353.890691033725 325.659397371884 311.529968853655 291.617884471499 281.358893419134 262.640063154286
-9999 -9999 -9999 -9999 -9999 -9999 -9999 -9999 -9999 -9999 -9999 -9999 -9999 -9999 -9999 -9999 -9999 -9999 -9999 -9999 -9999 -9999 -9999 -9999 -9999 -9999 -9999 -9999 -9999 416.047354994149 413.914091702165 410.341497289723 410.103799754176 408.753575226356 408.247437115373 408.646841575359 408.927100346006 410.578484239249 417.104204112086 424.246545857397 445.567065534921 462.116498355208 517.309279211636 581.958673937567 630.071714730098 593.897747697501 523.675074347134 492.726547504294 480.942225489123 468.856041217672 438.579471522364 411.401476629849 397.71714029641 390.431963821937 383.028918628035 382.864973462861 375.906424357973 363.200919644586 352.179536885229 326.108647757563 318.626348431768 302.491589200908 292.182475550421 286.060146093369 277.983385299814 261.4279011118
-9999 -9999 -9999 -9999 -9999 -9999 -9999 -9999 -9999 -9999 -9999 -9999 -9999 -9999 -9999 -9999 -9999 -9999 -9999 -9999 -9999 -9999 -9999 -9999 -9999 -9999 -9999 -9999 -9999 -9999 418.503241045722 418.095898069184 418.408355910203 415.058313961687 415.401949454998 413.879360396287 414.986129760742 420.775186736008 435.311862649589 450.408416156111 464.004660113104 496.489068195738 525.720245624411 608.942030544939 640.660087322367 656.463176858836 578.770924535291 531.672084413726 522.072346654432 504.266570255674 484.272425815977 452.767889548992 421.530460094583 404.248194398551 388.967838221583 364.926330829489 357.50449693614 325.640495625035 299.206917631215 289.718618787568 284.001370298451 282.157322357441 279.601705740238 275.768349096693 261.748699821275 257.027689744686
-9999 -9999 -9999 -9999 -9999 -9999 -9999 -9999 -9999 -9999 -9999 -9999 -9999 -9999 -9999 -9999 -9999 -9999 -9999 -9999 -9999 -9999 -9999 -9999 -9999 -9999 -9999 -9999 -9999 -9999 -9999 424.133859601514 424.601772472776 425.460314356048 426.266321955056 427.751541203466 438.727928556245 443.448923439815 452.283408000551 466.161462060336 493.629566061086 509.540137718464 563.587999015019 614.669566187365 624.493144331307 627.39052976411 563.059610037968 526.552101924502 480.802072722336 498.923479409053 455.926190080314 436.520058204388 406.953467993901 380.394151621851 367.184069107319 347.351020747218 322.152210981681 292.3231011588 273.436269094204 262.447145305831 258.204454759072 256.614289809918 255.248213381603 253.895185166392 252.069049835205 251.42903056638
-9999 -9999 -9999 -9999 -9999 -9999 -9999 -9999 -9999 -9999 -9999 -9999 -9999 -9999 -9999 -9999 -9999 -9999 -9999 -9999 -9999 -9999 -9999 -9999 -9999 -9999 -9999 -9999 -9999 -9999 -9999 -9999 430.759750136014 431.323238997624 432.90597672298 442.603676828845 446.122786357485 454.8995491554 476.006072208799 482.904867862833 489.253409698092 500.492973196095 565.027381896973 615.512788180647 617.929337074017 577.154790680984 525.732879901754 478.983039790186 458.973677520094 446.661186349803 419.572067852678 405.018490363812 379.394678609125 367.741147797683 351.332945856555 327.112256662599 296.876059796276 273.5594729144 259.702596294469 249.781542243629 241.37789433578 240.050966410801 244.796486533921 246.499906071301 248.193384474721 250.130463961897
-9999 -9999 -9999 -9999 -9999 -9999 -9999 -9999 -9999 -9999 -9999 -9999 -9999 -9999 -9999 -9999 -9999 -9999 -9999 -9999 -9999 -9999 -9999 -9999 -9999 -9999 -9999 -9999 -9999 -9999 -9999 -9999 -9999 432.00414195554 440.552910114157 443.64873179074 452.763261268879 462.27156422056 478.122988996835 483.857481397431 495.621233430402 -9999 -9999 -9999 577.328350987928 558.773563779634 515.514720653665 466.439060112526 448.302521146577 421.320712517048 407.016904699391 383.888914026063 373.002029287404 362.490749096048 341.586789295591 313.746878019695 288.587186377624 264.663228273392 251.361110399509 244.90139746666 242.838604129594 243.635897702184 244.222031428896 247.247189423134 248.717889966636 250.524777026012
-9999 -9999 -9999 -9999 -9999 -9999 -9999 -9999 -9999 -9999 -9999 -9999 -9999 -9999 -9999 -9999 -9999 -9999 -9999 -9999 -9999 -9999 -9999 -9999 -9999 -9999 -9999 -9999 -9999 -9999 -9999 -9999 -9999 -9999 -9999 -9999 -9999 -9999 -9999 -9999 -9999 -9999 -9999 -9999 562.018213995572 553.158020282614 514.148208618164 466.684764730519 445.5808335666 415.873225639606 397.259482120645 379.648535004978 367.807680590399 360.868948837806 332.704408452429 302.939365529809 274.283144490472 258.727094420071 247.639764695332 246.68164983289 246.844061300672 247.412213950322 248.729489499125 249.551246922592 249.672909991495 251.967095358618
-9999 -9999 -9999 -9999 -9999 -9999 -9999 -9999 -9999 -9999 -9999 -9999 -9999 -9999 -9999 -9999 -9999 -9999 -9999 -9999 -9999 -9999 -9999 -9999 -9999 -9999 -9999 -9999 -9999 -9999 -9999 -9999 -9999 -9999 -9999 -9999 -9999 -9999 -9999 -9999 -9999 -9999 -9999 -9999 558.212230287749 554.382101913978 513.574143508385 464.434275166742 433.945626817901 407.45397561172 378.974079099195 370.629434585571 362.510148147057 347.026250839233 325.775213418336 293.987018091925 267.729333713137 253.425907743388 246.674285255629 249.017378798847 249.351677763051 248.318441867828 248.979771203008 252.19259064773 253.749861454142 254.309439428921
-9999 -9999 -9999 -9999 -9999 -9999 -9999 -9999 -9999 -9999 -9999 -9999 -9999 -9999 -9999 -9999 -9999 -9999 -9999 -9999 -9999 -9999 -9999 -9999 -9999 -9999 -9999 -9999 -9999 -9999 -9999 -9999 -9999 -9999 -9999 -9999 -9999 -9999 -9999 -9999 -9999 -9999 -9999 -9999 558.429496238972 552.602302814352 507.842106260102 457.681066973456 419.787102008688 383.408132339346 370.192290996683 355.265489380935 339.672507203858 325.685228220348 304.431474903534 285.025441580805 262.734963063536 252.247534159956 250.864904395465 250.598330094897 252.414824773525 252.05766551248 253.176820976981 254.24198250935 256.925022758287 255.534068650213
-9999 -9999 -9999 -9999 -9999 -9999 -9999 -9999 -9999 -9999 -9999 -9999 -9999 -9999 -9999 -9999 -9999 -9999 -9999 -9999 -9999 -9999 -9999 -9999 -9999 -9999 -9999 -9999 -9999 -9999 -9999 -9999 -9999 -9999 -9999 -9999 -9999 -9999 -9999 -9999 -9999 -9999 -9999 -9999 557.158992898875 524.341708610798 495.399286335912 447.599419314286 396.390595929376 373.794860478105 346.267815984529 333.386390398289 312.497509163001 297.221678421415 286.881650628715 276.993715557559 262.07212645432 255.875672291065 255.869329394965 255.783140610004 254.964257478714 254.790880819847 257.495948627077 260.009747011908 259.602039945537 253.421106256288
-9999 -9999 -9999 -9999 -9999 -9999 -9999 -9999 -9999 -9999 -9999 -9999 -9999 -9999 -9999 -9999 -9999 -9999 -9999 -9999 -9999 -9999 -9999 -9999 -9999 -9999 -9999 -9999 -9999 -9999 -9999 -9999 -9999 -9999 -9999 -9999 -9999 -9999 -9999 -9999 -9999 -9999 -9999 580.218754998569 556.521517786486 514.35100055563 470.563278099586 427.139240462204 389.331851433063 360.577536846029 338.172653855949 312.722307213422 296.129236731036 285.025877623722 279.688175497384 275.447892542543 270.457255536112 262.624152808354 267.529271331327 262.42025775745 260.502844563846 261.918835755052 265.45631745766 265.243189885699 258.86662784116 253.523305629862
-9999 -9999 -9999 -9999 -9999 -9999 -9999 -9999 -9999 -9999 -9999 -9999 -9999 -9999 -9999 -9999 -9999 -9999 -9999 -9999 -9999 -9999 -9999 -9999 -9999 -9999 -9999 -9999 -9999 -9999 -9999 -9999 -9999 -9999 -9999 -9999 -9999 -9999 -9999 -9999 -9999 -9999 600.504204585634 580.339267073006 552.429122398639 512.09642686515 465.121110554399 422.689178960077 385.349279831196 353.896450305807 335.286731522659 305.616816872153 291.319474549129 285.393276617445 279.347473539155 275.69532337682 273.965596774529 273.136211337714 271.37176242368 269.124770263146 269.626527144991 268.960824769119 268.499269995196 267.211219228547 260.360100663941 255.357591612586
-9999 -9999 -9999 -9999 -9999 -9999 -9999 -9999 -9999 -9999 -9999 -9999 -9999 -9999 -9999 -9999 -9999 -9999 -9999 -9999 -9999 -9999 -9999 -9999 -9999 -9999 -9999 -9999 -9999 -9999 -9999 -9999 -9999 -9999 -9999 -9999 -9999 -9999 -9999 -9999 -9999 -9999 609.827346275593 583.627032575936 544.154346597606 516.409294917666 465.136105504529 432.590796371986 391.142100630135 361.184301705196 336.771711875652 307.215153221426 291.405507515217 286.459146302322 282.193711667225 278.964650844705 276.624790915127 275.326607136891 274.773546375077 273.621576950468 273.190867160929 271.972267438625 271.157067027585 268.99972770954 267.95380238829 258.031542646474
-9999 -9999 -9999 -9999 -9999 -9999 -9999 -9999 -9999 -9999 -9999 -9999 -9999 -9999 -9999 -9999 -9999 -9999 -9999 -9999 -9999 -9999 -9999 -9999 -9999 -9999 -9999 -9999 -9999 -9999 -9999 -9999 -9999 -9999 -9999 -9999 -9999 -9999 -9999 -9999 -9999 -9999 607.836003796808 596.050490280678 546.778493946996 520.549244321626 488.437658375707 449.065664455808 397.377637402765 371.98549568242 340.412900266976 308.043698280022 292.787111430333 288.727593027312 284.839836424795 281.523204293744 280.344088809244 279.653284418172 277.473870910447 276.365072242145 275.037866353989 273.779002033431 273.053155759285 272.328480416331 271.827308457473 264.373763183068
-9999 -9999 -9999 -9999 -9999 -9999 -9999 -9999 -9999 -9999 -9999 -9999 -9999 -9999 -9999 -9999 -9999 -9999 -9999 -9999 -9999 -9999 -9999 -9999 -9999 -9999 -9999 -9999 -9999 -9999 -9999 -9999 -9999 -9999 -9999 -9999 -9999 -9999 -9999 -9999 -9999 -9999 626.109780673323 615.309228305159 562.727189162682 524.745365800529 503.011236256567 474.667626611118 416.472146395979 379.906031378384 343.813253928875 311.912765387831 294.02458716261 289.841176337209 286.291812798073 284.352195583541 282.793177522462 282.063787452106 280.676375816608 280.017385515673 276.988564507715 275.913022912782 275.703850055563 276.948325017403 279.461729181224 279.970793962479
-9999 -9999 -9999 -9999 -9999 -9999 -9999 -9999 -9999 -9999 -9999 -9999 -9999 -9999 -9999 -9999 -9999 -9999 -9999 -9999 -9999 -9999 -9999 -9999 -9999 -9999 -9999 -9999 -9999 -9999 -9999 -9999 -9999 -9999 -9999 -9999 -9999 -9999 -9999 -9999 -9999 -9999 673.98214037665 634.263808677936 583.325444188611 542.950987980284 517.855163048054 487.535474185286 438.389492725504 387.969698609977 350.910206169918 318.648989940512 298.122876948324 290.866476642674 290.795463414028 288.481693103396 286.057998015963 284.663518453467 284.353201709945 282.84282732832 281.522540626855 279.464947429197 279.15134648619 283.457365249765 287.231076939353 290.014019333083
