Rscript/monthly_maps/SnowDepthMapFile-sd-1989-06.asc
ncols 320 
nrows 361 
xllcorner 618410.159 
yllcorner 5088785.286 
cellsize 100 
NODATA_value -9999 
[rows 87 to 115 of 361, columns 66 to 131 of 320]
30.4562361421561 22.7912577109189 11.1500407669648 1.65513391444529 0 0.00735279239201448 0 0 0 0 0.0103248466439068 0.0241312949311149 2.39071555633274 15.8173553356155 24.7499199296272 32.9709964529945 48.4928648099795 84.9096808684061 106.655395285586 139.546921760026 170.701287653124 185.08566925019 195.7614379953 197.992545786017 201.708031528097 203.943871973291 206.927497296086 205.565701155963 200.765992862232 201.118719359319 214.685230324899 237.438301657737 262.252038537897 289.757267720836 296.905690318667 294.114586855638 274.446111865762 268.813708729104 270.398382411061 285.653430151426 297.865868575616 293.77950239575 282.908899782804 272.868252268791 260.362434646506 244.216161255358 231.78191417045 219.284856548039 208.231039036385 201.546516541991 194.953075284862 191.873065841281 184.006477594189 175.887105430162 164.601340568904 155.64784927358 139.93359165368 128.750606500478 114.356025135242 91.5813972922962 78.2990614930617 71.1438751583333 62.3672772272116 56.7774699297959 51.947053040634 49.3897623331111
33.4977400464481 26.87845408489 16.7535261528605 3.30190408660444 0.378410327994516 0.0123533818807956 0 0 0 0 0.0011319987540115 0 0.733359923227952 6.12817174923764 20.750712240657 27.7812146188029 42.0227142780637 63.7456423314885 93.056336737735 117.581563145104 152.122623635487 174.805278187056 184.97290521645 189.447149125131 191.17422445282 192.438132634257 195.606081742631 195.5253108053 191.326098083909 197.782682532046 209.900759513579 231.291875616898 249.577932261448 272.136392731278 282.592105673167 275.402634127939 258.369760783046 246.133828135938 242.364409098365 249.473688926998 264.357464596422 282.763734198567 286.781677914783 278.764298769121 269.775820051788 258.449590819246 241.798311023243 229.094961884319 214.905459393816 200.797763298603 190.623229433745 185.175270673712 180.204697448751 169.578286942395 160.839879398182 151.913555362538 134.691598197839 123.53905300446 103.724932118938 80.8671469289847 73.1970497604349 64.03211761435 58.0323996166124 53.3404246882104 49.9415994378018 45.5461253679674
36.721964543167 27.218206535012 18.8576057763191 5.11239801318756 0.748747523110272 0 0.00233734716306108 0 0 0 0 0.00494636655597928 0 2.27215594986 15.4314554828237 24.6040359076265 32.9762573484713 48.0585878510421 80.118413396975 105.958636151629 133.966339269118 160.58766561329 171.525953181247 175.955456871437 178.693869822307 180.750597864779 184.10446598376 183.147524642817 182.515540207374 190.193120250653 203.409516136764 224.802681880578 239.120558325407 257.013530265167 263.429728498916 261.517363869117 244.641758239455 237.553993993785 229.699922572152 229.587523497176 232.804361319331 246.815986823022 262.025502498158 270.079594518275 271.25538895372 261.235796311016 257.263618351046 243.600927739073 228.742645842729 208.202817320906 191.100863841973 180.8650729614 176.293050489164 166.763623352225 157.517827429899 145.408568151704 131.285650399185 116.955655102772 94.8490970977612 78.5345221287876 69.8246004759711 59.1954013786233 54.0989375786405 50.3444413800566 46.9834359111046 38.7316481657053
40.0357715431264 27.0075488463505 20.9209928886413 8.44855416962337 1.47629056522953 0 0.00610826253032297 0 0 0 0 0 0 0.831975684338196 7.71422378933011 20.3433966861803 29.392600080368 42.2130234837193 57.1218898721439 94.3746655643797 120.367932920617 143.162104944443 154.763337517463 157.154320758116 159.101163181078 162.620493094697 168.365563509251 171.984904716217 174.290792517901 181.006585169282 199.514721398767 212.747233387242 230.787315844723 236.294093901237 238.775671919925 241.787052104507 235.090498240716 225.88028773578 219.862354691813 212.48303762754 209.544583744957 216.82260822056 231.824305074745 238.164487492144 241.367203824107 247.909848686985 255.25752308992 247.522961748186 242.832184628936 227.235102845914 203.727938239428 186.308081812663 176.254183665637 168.594348426887 155.155829015659 142.308438130893 127.765796599625 112.942286627169 89.5998777598523 76.8867798778531 67.4120254265567 57.3238507467754 51.4668303428651 48.7023344045588 42.5569553966342 32.4199904812736
45.010903294402 28.3709060634329 22.3044623691124 13.0809311764209 2.14884990015966 0.242147101024185 0.0110782121847056 0 0 0 0 0 0.00697880198672569 0.157422106546114 3.02324384385581 16.8884786207657 27.9243907177799 36.7921442669658 51.8340324606108 78.0248491087828 107.487308759264 127.789210797844 137.315766847701 138.912156522575 141.604981947857 142.68359032164 148.529879861728 158.538245244558 166.596394849877 175.216228504578 190.626011772092 201.556969315032 209.733174204865 212.589615481496 215.618484893976 220.107536606793 213.677478227966 210.895813108911 208.862555286151 205.37264056406 201.418555089532 202.165148342664 206.702742257753 205.167461916686 205.010235360001 210.598845841015 220.610011567666 236.85098916641 249.063572382314 244.222961519497 226.407748423934 204.16852464041 187.284415994823 174.959052008766 159.634772601698 140.921230761502 126.561640138298 111.033368098297 92.6201153947273 77.5555803924058 67.0571079531682 55.451109170999 49.5226490487753 46.3292234517054 37.9510808138169 27.379837813043
49.8339260197371 32.07523716387 25.6474888138661 18.3401209318293 4.14007226603856 0.738994088763181 0 0.00278598723035972 0 0 0 0 0.00136096116322908 0 2.03648730465115 12.8151976885589 25.3795796465627 33.4070847392256 43.7836576864078 57.3987588973449 89.5082661892721 110.062294578405 115.61232284341 115.879270879693 117.155983035737 123.628936662462 135.49776817483 141.814960802067 158.412798708231 169.592221330778 176.035691402965 183.039725096057 191.217938508995 198.277610368358 200.173156894881 200.335900463725 196.97450878782 191.722634187305 192.432754975019 192.910988997145 192.245768037584 191.286029819022 190.257787189171 184.133768977567 177.92264559624 177.672746664367 187.169035171455 201.675668250761 221.90391002456 237.558307939151 231.337204475449 219.9195655967 202.189064598882 185.533845949056 174.001903436212 151.495553190449 132.491261817278 116.359478246626 100.075004325598 74.7322221319699 67.4686918243466 54.8538713067347 48.5916641347097 44.6878417955935 34.9428141032047 25.2602674012782
61.8465714785327 40.2681723787776 27.6620959560679 20.1695883723917 8.43900897955213 1.66610517221844 0.0625377310447773 0.00874327929560032 0 0 0 0 0 0.0102275424104899 0.591933951954832 5.82004739757894 20.5480313809191 31.3949299701016 36.415723055524 49.0694928540225 63.2740911447439 82.8544372957885 93.4095780150145 92.7155845172605 96.372561045595 106.555387464859 114.762142893471 129.42983422304 139.717535313378 153.084149868616 161.691231361144 166.409873058285 174.128916780488 181.994156478896 186.540581575704 181.71853513852 175.283362482875 172.990331427725 174.855216672148 176.902018722971 176.805649914017 177.095861057335 176.84926575003 172.011927093259 166.569210733091 164.14680819221 166.906544178667 174.917727801747 191.968359709469 209.500494222293 215.705229854792 213.313311340946 204.491624190872 196.276148687095 181.782922024764 167.55893529475 148.256215644993 128.902194449629 110.864325844202 84.3290019607035 69.7603191005858 57.2381002437737 48.9612390732061 44.7274709457264 35.9289296069573 25.246969198587
77.5805999388007 51.6158557274946 32.172415789316 24.3402925570919 15.5755062993424 3.11118851961551 0.539401121605062 0 0.00285803687842603 0 0 0 0 0.00299378029630299 0 2.03883484779812 15.7779987247085 25.8418540487199 33.459901419005 38.2298742375474 51.8409484327402 65.038267656314 69.3259677380741 70.2664904092975 70.9185231556396 79.1632662155149 100.793984379066 110.540257875421 120.746975729846 124.824055973783 136.361531484007 148.337348776831 160.419501977946 172.981185707093 176.392590718431 173.466341334106 163.538179470465 157.247205398881 159.276108533841 159.34334285587 159.970115109096 162.637967784538 164.14692632606 160.08080695725 151.054495657362 146.98826178693 151.572823292185 159.401895683746 172.263047222587 186.210066511722 191.378153495157 187.174479177966 181.129373854879 179.337473814312 178.657467824469 173.42307910989 156.331006077897 139.624017837878 116.188651032652 96.0454681097552 71.1518548418811 61.5429019640892 51.33777893917 46.2867008788292 40.275576950278 27.249773337092
89.9587986425129 62.429423360887 38.3989046014568 29.0422846726128 19.4313093002417 6.42816355522401 1.61446258774977 0.0600236043783964 0.00918003459781891 0 0 0 0 0 0.0111064384369174 0.625186238304281 4.7092123115928 19.5676464139692 27.8468528726012 34.5854749750966 39.9577535124579 49.3479522875901 55.4945187395109 59.3500413946609 63.3501537775699 65.7278940219621 72.563073176124 90.5443292018194 96.4878009663385 102.437113280366 114.680214082042 122.967199710512 137.636963771339 153.284020865006 161.300509131799 159.069602045158 146.233147606988 137.486478462913 132.393200486323 132.153915499469 132.526889297574 136.126846117966 138.762493659318 137.890801336565 133.193108591059 130.449719094674 130.889546160693 140.273850181885 156.878824390926 173.053777109445 174.470064822123 169.847844503336 161.32978115876 152.619688328502 148.352586743946 147.746621279023 149.951725215361 142.83695206253 125.961209280435 102.011276002676 74.7896775606602 65.5745782303489 56.0478886314377 49.7966959659757 44.5349935764428 33.4089933768376
93.996042790281 69.0001382309962 45.9719587432859 33.3880971751771 25.0184816760264 14.1227140195089 3.08373912403766 0.597344404916102 0 0.00488341591906176 0 0 0 0 0.00161629225183899 0 1.31708044047405 6.6355280451516 20.3382077400835 28.3573741476229 34.8668447066239 38.916283183611 43.2367338062545 46.5669639731093 50.137560145887 54.3797240985629 60.8109359144091 60.3057411836676 64.337998341726 77.1381110429661 94.7344389442091 104.356710163684 115.199288143481 121.402698363318 126.336662802345 130.615648387948 124.183400477713 116.589286781815 108.705274603321 108.465784798151 109.166755285674 111.629934568905 113.991310893165 114.460601849126 112.598318579757 110.705382710634 113.454302609623 121.438143318215 134.570026026196 153.086328772266 161.335635737489 153.701255316217 140.415172079773 131.870093477597 125.244818798496 120.208237734174 120.351330245057 122.606171561081 118.365490521312 100.324945053627 77.7651510489832 70.1277498182005 60.6876730748196 54.2128218909384 48.4900963854307 39.4791584774881
94.8061614280304 72.0201534598722 52.9871094840622 39.2278204880501 32.0769265514281 21.018701674252 7.46925408869008 1.53767263798141 0.330098904772088 0 0.00173940829056954 0 0 0 0 0.00547652693541072 0 1.75508477873786 6.590733476206 19.950670477708 26.1205097613396 32.260160396417 36.9546625914766 40.662801329276 42.1839446839844 43.4120856396994 46.6788571026944 49.7691352198136 53.2867689223754 57.4151172085615 62.6638763606787 78.396281038533 90.0969147980861 92.084987203338 95.5408386255874 100.573646278582 100.982732984901 95.5444092520538 85.6774007286793 81.2776382603399 81.9925085186337 85.1294865953362 89.7075007943895 87.043057140595 87.3010989719895 86.767615943067 94.6381674429401 100.685335740535 112.11190675022 132.291511994138 142.173804092909 142.106529295382 126.978915767387 114.706707536085 106.155690088089 99.4307210408501 92.4388177642757 94.804419248603 93.5982655129419 82.9520992358386 76.7931346577064 71.0062822361249 63.1403251847685 56.285630302935 50.207643604264 42.0615525824985
91.7619058771105 72.1767785035018 56.0064620496562 43.9434176947046 38.6630951547845 28.1732558143799 18.6957372226156 5.5220421168609 1.45269533043012 0.193202991370297 0.009950856238618 0 0 0 0 0 0.00612497497860335 0 1.08296870727309 4.18091306397923 14.5772508474901 21.9142463146097 25.9055994453114 31.3247004302215 35.9194756528655 37.4877595145538 38.2075693697541 40.6589023185696 42.8054532483741 45.9708991203398 52.2636956689449 55.2174131374381 54.4430216581812 53.3359862263368 57.4123464817339 65.7083383358758 65.9478446719444 61.0233077644128 60.4267871955652 59.2013432769215 59.0112027750629 59.5289290371072 60.1328147485888 60.5521151749676 61.6889541904843 63.2112120151168 64.8605996564905 73.2769721524382 94.5673860637347 107.147874080349 118.572694887024 125.851256478877 115.874536235179 101.244767355149 77.9934733109604 69.4804991474924 66.3131783166131 64.2858093304254 65.5679047104071 68.6791005635896 67.2710205317319 62.5444586106761 58.0921294278282 54.9790983126941 50.4804349424815 41.8124057896224
84.2840562314762 71.2988130631074 57.5779040883143 47.8864543208648 44.2215218719375 36.5374177904136 25.2243346300597 17.1597583127116 4.83697960624282 1.21639844824829 0 0.00165621666443179 0 0 0 0 0 0.00309089878973212 0 0.553791024504565 1.80553446560259 5.74474659098242 13.8405703514248 19.836826118841 23.5716997443696 27.8750620257247 31.7275266488794 36.9986463861554 39.5242217701889 40.0886509092062 41.1313042394631 42.3902693552864 42.314806755401 43.0119896200869 45.2401997891639 48.4991426642054 49.715131437733 48.2124237278558 45.2352989804401 45.356528027616 45.7808861873262 47.1573278553221 48.1761323679251 47.3396368665201 47.7657362486706 48.3508288212581 51.7206299720841 56.7414861803487 60.601793943889 75.6130686813945 94.7923533311193 103.705563852217 98.3398885892745 77.774661127351 69.1639230305505 62.4269001923461 54.7309524657616 49.5330007351318 48.0038309932808 47.5141809730221 49.4613476786841 47.7368615359069 47.0280566004571 46.8643838790503 44.6912880644555 35.2293561554389
81.591437742969 71.6559913365361 59.9078449370659 51.7161862416124 48.2247502351352 43.9690300045058 34.9007622605678 24.2664863946785 13.6279409581305 2.71622731291801 0.273118652513645 0.00692216477996799 0 0 0 0 0 0 0 0.0101161247050827 0 0.852744516857461 1.64651445004809 3.79013709982535 8.97597842448969 16.4495442107061 22.3678458076562 26.0453993358755 32.7419241383399 36.4629106272495 37.0948328251747 37.3279825639378 37.4610075248951 37.5438269576144 37.8651408066294 37.2152948300644 36.3196363181041 35.9247476659795 36.9835093760831 38.0658867777615 38.7930561214931 39.553019767681 40.8370613500371 40.8575136853967 39.4963144408185 40.0741845318608 41.439082832073 44.7831131338624 49.4820219463193 53.9575066784968 58.0000641308587 65.3771814422409 70.6113074502894 69.0202736976138 60.2029320186604 50.9940298908933 45.6623516874574 41.6630757018408 38.6626653948629 36.9256382560143 37.9120689711 37.5371747439697 36.60629198594 33.312605598044 30.0262475210796 23.1311642565842
84.3294109446348 75.3009688431715 65.3449258974325 55.7590511392466 50.1806776547966 46.5998544392346 42.1126868713689 32.7009987540378 20.6751757029787 5.02761519620115 0.727421202221465 0.0118319498972489 0 0 0 0 0 0 0 0 0.00500597491077143 0 0.0792029619374385 0.601470934535827 1.5068223508379 2.58310713028779 6.2979585811309 15.6305357422775 22.3824567487895 24.5746240216125 27.8719485953347 29.2013647643845 30.681202023438 31.6026468582758 32.5857561650824 31.9097880111779 30.1030677478888 28.8284855706491 28.4861446480681 28.6860952475772 29.6335791540307 31.4106909347003 33.7471183351832 33.4440451688295 32.9795258245185 35.0498360128618 37.6749454906973 39.1723857368575 40.1871131795845 39.6720834237235 41.7371819642347 48.0178444516021 52.1187221582922 52.2091901451579 46.4356014831107 42.5067353721736 39.7810910772094 36.1975700036265 31.1641122115924 28.1815248398827 26.4250535654717 23.5808885317561 20.9903892052961 18.658811975747 12.5438817034733 6.06974045951528
95.3230132512881 77.8057600015007 72.0515213024722 62.4579536075456 54.9286722158929 49.5937566992477 44.4537834722153 38.0067527425728 23.7536993804767 9.0739811524003 1.90140705808379 0 0 0 0 0 0 0 0 0 0 0 0.00613685957074114 0 0.0455748347005142 0.377024133517834 1.24904605097709 2.73736334751296 5.87261815378605 11.2078937046626 15.5210360823503 17.2479120752211 18.5251543240131 19.5861534913992 20.254505212728 19.4883125708902 17.999920597644 15.2591303880104 13.6382220324451 13.383148122268 15.4019715753819 18.2910813616182 19.2993934575346 20.2745532459051 19.9939581257657 24.120633516877 28.4015347135787 33.8158403570986 36.115525972829 35.3565192081343 34.2624239723873 34.9632359090553 36.7830449966192 37.5311900220774 36.9001793036958 34.550297618563 28.9415788831133 22.6685903392666 19.4427459346094 15.1532621119609 10.9609282624472 6.90662322579095 3.51066435496762 1.53567945767671 0.793200402505608 0.234186156481546
109.125648458663 90.6186636928565 76.7798138363858 72.4471983784904 65.4032685759264 56.7994899744732 48.3180010654623 40.3412587054049 29.590676539031 17.1065450730362 3.03080323030508 0.251150347817455 0.0062486480643548 0 0 0 0 0 0 0 0 0 0 0 0.00423292508188876 0.0119192262466361 0.0482380791015414 0.415796183405458 0.92905994626807 1.59989085474117 1.64900809481668 1.99712292337089 2.21180907350715 2.40310656768233 2.41264620665644 2.0804288283708 1.45419043702474 1.82880145875875 1.25241958169361 1.16593353139634 1.78454223042189 1.55892537678078 2.16594113349655 2.51828795047737 3.13997815406906 6.25015119221584 15.6640365758627 21.887648451195 23.1582257914883 24.2186622354558 26.4903069513294 27.9999675544196 28.8310598733429 27.7513037470604 24.8063514289661 20.2828577953761 15.2474599199897 6.71508240342198 2.90005768603164 1.77890890607782 0.887388664655582 0.450168582187358 0 0.00975049086981859 0.00115279661731038 0
123.425856680912 109.311471769881 93.9176717229729 79.4192140250886 75.2786010853005 68.3116044362711 54.1212063642502 42.5062158110646 34.4058877087236 20.5617018108087 6.3453661870021 1.25778894910795 0 0 0 0 0 0 0 0 0 0 0 0 0 0 0.00446225897108177 0.0105944760797835 0 0 0 0 0 0 0 0 0.00845860803367911 0.0057344578650219 0.00404407317113622 0.00396830924214233 0.00587112963695293 0.0088675092554304 0 0 0 0.594200563658064 1.6834500025519 3.46141128465722 5.86944807388785 8.40715917080116 11.9593701482279 15.773683692051 16.6892529022438 14.2384120023435 8.50582963141926 3.58784922184655 1.55199732642981 0.592930586380402 0.0522542964627877 0 0.00655448815072353 0.000202593621736332 0 0 0 0
135.927270922271 124.171483341118 112.799870432778 101.114310113606 85.5686899609612 75.8308433580219 63.2122117210384 47.3261167775384 36.7647049062453 27.8883010068556 16.1791956357239 3.41724077985059 0.494144373378263 0.00971038071723807 0 0 0 0 0 0 0 0 0 0 0 0 0 0 0 0 0 0 0 0 0 0 0 0 0 0 0 0 0 0 0 0.00248943172218524 0 0.0470500017442734 0.334678327282239 0.668695035584614 1.31649417451237 1.57390584014418 1.49295898932809 1.85661938460884 0.655878912789314 0 0 0.00318207533297689 0 0 0 0 0 0 0 0
148.015025519336 134.269235639885 124.393479128563 117.756078874691 108.163171757972 88.40346467403 69.7709908194202 53.6560950870322 39.7019260319458 33.1689883667087 21.7745056450259 9.61020711389595 2.21783182508268 0.270405833176007 0.0072053508137565 0 0 0 0 0 0 0 0 0 0 0 0 0 0 0 0 0 0 0 0 0 0 0 0 0 0 0 0 0 0 0 0 0 0 0.0032726946562585 0.00788480982543859 0 0 0.00989477590593893 0.00385912041658768 0 0 0 0 0 0 0 0 0 0 0
156.434465561725 144.841933312456 136.480874763727 127.641793861665 119.10295382058 106.091596359817 80.5112067688881 62.6236032926401 46.6255402747914 36.1946809038044 30.8123989957622 19.6304226664317 7.13379822828242 1.94699944158136 0.240824018020723 0.00641168834273589 0 0 0 0 0 0 0 0 0 0 0 0 0 0 0 0 0 0 0 0 0 0 0 0 0 0 0 0 0 0 0 0 0 0 0 0 0 0 0 0 0 0 0 0 0 0 0 0 0 0
171.607870064912 161.12954284962 149.578313239487 142.502080987789 137.086287120904 122.78285240866 104.686138545537 73.8240882151947 57.0254070574636 42.8538495768758 34.6223180303269 29.492956714548 19.9114282369587 7.23588206108966 1.92896040717909 0.216327269806064 0.00620111038757268 0 0 0 0 0 0 0 0 0 0 0 0 0 0 0 0 0 0 0 0 0 0 0 0 0 0 0 0 0 0 0 0 0 0 0 0 0 0 0 0 0 0 0 0 0 0 0 0 0
192.370573079412 187.692178401077 180.041040603236 169.995878309915 156.793836376209 144.571481367109 125.135962508856 103.847594926423 69.9129240629906 55.8363371337023 42.0565657272239 36.1766110776731 29.8150981783298 20.5988047392952 6.79406118204557 1.54635142849163 0 0.00516845831507389 0 0 0 0 0 0 0 0 0 0 0 0 0 0 0 0 0 0 0 0 0 0 0 0 0 0 0 0 0 0 0 0 0 0 0 0 0 0 0 0 0 0 0 0 0 0 0 0
215.10641624694 201.980659457325 193.735387576594 179.944292158066 167.433939775774 155.767623423932 137.456384200319 118.728058320146 93.060531622574 69.5207827295763 53.1794134869915 42.2943968970598 37.3374957503398 26.629934116608 16.6093825828099 4.03417001859896 0.912157582482039 0.0457102083678383 0.00710878884852147 0 0 0 0 0 0 0 0 0 0 0 0 0 0 0 0 0 0 0 0 0 0 0 0 0 0 0 0 0 0 0 0 0 0 0 0 0 0 0 0 0 0 0 0 0 0 0
214.347452534186 202.037766921319 190.893152474123 176.844732879454 163.842354850136 153.090953488835 137.792477608457 124.482167123549 98.5428082414167 75.7144802635079 61.1135677330568 46.632186286761 41.3643061130083 32.22119642658 20.314729438136 6.88281635578864 1.85075619371341 0.66534306592559 0 0 0 0.00654223277037935 0.000576398308655188 0 0 0 0 0 0 0 0 0 0 0 0 0 0 0 0 0 0 0 0 0 0 0 0 0 0 0 0 0 0 0 0 0 0 0 0 0 0 0 0 0 0 0
205.070670541712 194.288605615942 182.72257442526 168.401768212354 156.831532028343 143.840328687372 129.992137000388 114.123879230724 91.8101093011926 75.9753875853088 63.1728218665656 50.1015366205018 43.8077915445182 34.9976173017884 23.7075823904686 10.8659772242207 3.83563261352046 1.71242611580251 1.61878737284271 1.16885653783964 0.908897568298201 0.65102315898481 0.222309068654321 0 0.00587131503105612 0 0 0 0 0 0 0 0 0 0 0 0 0 0 0 0 0 0 0 0 0 0 0 0 0 0 0 0 0 0 0 0 0 0 0 0 0 0 0 0 0
202.126108800452 192.770596163441 178.829587544862 165.582075420113 155.30323835965 139.971705073811 128.239611631717 108.579509534549 85.5660909542659 74.3999783771621 62.1973136871097 51.0473865820944 45.5793849846929 37.7620602321667 26.706932716194 17.1179386265743 7.80137320709652 4.61189762441891 4.25977606957471 4.53399234372572 4.93879946619325 4.38466940271094 3.27847717858243 1.59389201070372 0.76471014355673 0.268627798577452 0 0.00692160790588936 0 0 0 0 0 0 0 0 0 0 0 0 0 0 0 0 0 0 0 0 0 0 0 0 0 0 0 0 0 0 0 0 0 0 0 0 0 0
202.824138476908 192.858043374311 179.45468121813 164.771060515833 154.052087321596 137.712624808559 125.246337929167 103.440792549793 82.4838770302089 73.6160013248427 60.9342304656886 51.995467064633 47.4015128609897 41.1431675213683 29.7821971745383 22.5881187252899 17.5973387104008 13.4749803301887 13.9169397379601 16.3994731543098 18.464724494799 18.2111737580891 15.394796421509 10.1048768765803 6.17005609773223 4.06803336391254 2.06951866763942 0.641937276228885 0 0 0 0 0 0 0 0 0 0 0 0 0 0 0 0 0 0 0 0 0 0 0 0 0 0 0 0 0 0 0 0 0 0 0 0 0 0
204.25357656585 193.47819216737 179.931660944265 165.009412467227 152.486122084167 135.823153259203 123.25717425283 102.021332180235 82.5629263694972 74.0650453767738 61.5656941946058 53.9474439444059 50.0426863077066 45.6021935017029 37.0983226753731 28.1355565967338 25.6301026225928 23.1803195890812 23.9198488046815 25.2796525789625 26.3567657433531 28.1558652852059 27.9631581265956 25.8036729147016 22.3583836455221 20.001581723356 11.3350075919061 3.77233997428992 0.781183145668061 0 0.0000800346894755743 0 0 0 0 0 0 0 0 0 0 0 0 0 0 0 0 0 0 0 0 0 0 0 0 0 0 0 0 0 0 0 0 0 0.00162186306793245 0.00679756334016247
