Rscript/monthly_maps/SnowDepthMapFile-mean-1989-10.asc
ncols 320 
nrows 361 
xllcorner 618410.159 
yllcorner 5088785.286 
cellsize 100 
NODATA_value -9999 
[rows 112 to 139 of 361, columns 0 to 62 of 320]
-9999 -9999 -9999 -9999 -9999 -9999 -9999 -9999 -9999 -9999 -9999 -9999 -9999 -9999 -9999 -9999 -9999 -9999 -9999 -9999 -9999 -9999 -9999 -9999 109.593928752407 103.568747858847 100.66714994369 92.3433579629467 88.8522075530021 85.0505922379032 85.7123479535503 85.9113360989478 86.2652696178805 88.6138018946494 88.3368393682664 87.6953401873189 84.5105293027816 82.9490977871802 82.6734920624764 81.5518230315178 79.8115067020539 78.468208436043 72.8058763319446 74.8824448124055 71.2109969354445 59.9036906457716 51.2458090166892 41.0639484313227 38.7099476475869 38.0755918564335 40.687202976596 40.2104785211625 42.1844887272004 43.5432088452001 48.6349451772628 39.4817385365886 39.9038075939302 65.9606012528943 61.2633713752993 58.757253216159 53.4893592711418 38.811206617663 36.4639341139024
-9999 -9999 -9999 -9999 -9999 -9999 -9999 -9999 -9999 -9999 -9999 -9999 -9999 -9999 -9999 -9999 -9999 -9999 -9999 -9999 -9999 -9999 -9999 114.244884667858 107.849095573348 102.443622527584 98.5000247955322 92.4041245368219 88.9988012006206 86.0482646572974 84.8833310527186 84.9391766209756 85.3355442170174 85.9428205182475 85.9396334002095 85.7136657468734 84.7255966432633 83.7162709389963 83.28015013664 82.4760254890688 82.0345705093876 81.3892782888105 77.8635282208843 74.6328560613817 74.4675328654628 67.7423675291 43.7429754503312 38.9142656941568 35.7312822034282 36.2225067077145 36.2898232244676 36.6711044003887 36.5172201279671 36.2065355239376 36.1278138622161 36.064803631075 35.6908613635648 35.4336481401997 33.6732465067217 34.2182654873017 34.5490960459555 33.4736938476562 34.4070362583283
-9999 -9999 -9999 -9999 -9999 -9999 -9999 -9999 -9999 -9999 -9999 -9999 -9999 -9999 -9999 -9999 -9999 -9999 -9999 -9999 -9999 171.422299231252 144.102387735921 114.850961992818 105.722937318587 100.448256492615 95.069144879618 91.4490181707567 87.9424404021232 86.1538409571494 82.4487428972798 85.0207950222877 85.2103822769657 85.0919302663496 85.0307321856099 84.907356262207 84.2566327741069 83.7604559621503 83.3636874537314 82.8469939693328 82.5605960969002 82.6379648024036 81.2771122840143 81.063057807184 77.2701662125126 70.2157136855587 45.636519416686 39.3106874650525 35.2485432470998 34.7294769902383 33.8386014507663 33.860239582677 32.9968624730264 31.2225363331456 29.9151746380714 29.3234353219309 27.4412571076424 27.2234603512672 27.8029996810421 28.95020949456 30.4724167854555 33.1152174703536 33.9857446301368
-9999 -9999 -9999 -9999 -9999 -9999 -9999 -9999 -9999 -9999 -9999 -9999 -9999 -9999 -9999 -9999 -9999 -9999 -9999 -9999 199.043869018555 179.234169375512 123.838542661359 113.025820347571 102.913829888067 100.709573284272 92.9860758473796 89.0480157175372 86.8695681172033 85.9951120192005 85.8665287879206 86.1666022269956 85.9548715160739 85.21668834071 84.3740530936949 83.9541160829606 83.8477571548954 83.8447297619235 83.4206494977397 83.0113221445391 82.9194734634892 81.9029180465206 82.1767192963631 83.3088493347168 84.258839884112 72.8628928892074 59.7907657008017 42.8309709025968 38.8202041195285 37.8893630427699 35.4162954822663 33.8180050696096 31.2159704392956 28.888056155174 27.4997882227744 27.2038884316721 27.0152922907183 26.8316698535796 27.1290965080261 28.9275518232776 30.6583494986257 33.5810719305469 36.3281006043957
-9999 -9999 -9999 -9999 -9999 -9999 -9999 -9999 -9999 -9999 -9999 -9999 -9999 -9999 -9999 -9999 -9999 -9999 -9999 -9999 210.347831603019 179.533251239407 123.996784294805 111.179674933034 101.13504468241 99.1516114665616 91.727970031 87.7332078256915 84.0936548786779 85.9681774262459 86.0233359798308 86.6332577120873 86.6593856811523 86.092833119054 84.9390575039771 83.9251320131363 83.5362285490959 84.0038908681562 83.5881897710985 82.7546008940666 82.1261430555774 77.8629013799852 82.5429689961095 84.2629948277627 87.0164127965127 83.2386276491227 80.3646448196903 73.3122557363203 70.1954291559035 65.32785003416 37.9324227609942 37.0121029576948 33.7310853004456 30.3849937685074 29.3044599717663 28.3745196557814 28.6995592424946 29.6078908058905 30.9378961747692 29.8695927896807 32.2253675460815 36.6218957901001 37.1567633075099
-9999 -9999 -9999 -9999 -9999 -9999 -9999 -9999 -9999 -9999 -9999 -9999 -9999 -9999 -9999 -9999 -9999 -9999 -9999 165.57218194777 155.626664992302 117.581313848495 111.377620397076 107.260792747621 102.584327947709 98.3956395118467 92.4569146863876 88.2615523799773 83.7481535634687 82.8725968637774 85.7400922467632 86.1687158153903 86.8051552311067 86.6015019570628 85.9932681668189 84.7448635716592 84.4441159156061 83.6524077384703 82.804572566863 82.5374330089938 82.6670530996015 82.1572127803679 83.7368315419843 85.9545241325132 88.9781330477807 86.8308893019153 84.8544950177593 81.8226440183578 78.6763118620842 68.2551972789149 57.6725026407549 50.9671505497348 35.2802942645165 32.1060621200069 31.0199545583417 30.6627245256978 31.1669434578188 32.652690410614 36.9365802734129 36.442941511831 37.6451398172686 37.8044485738201 37.9181761895457
-9999 -9999 -9999 -9999 -9999 -9999 -9999 -9999 -9999 -9999 -9999 -9999 -9999 -9999 -9999 -9999 -9999 -9999 176.249845566288 158.137462862076 113.99507113426 104.104662195329 102.043235348117 103.704042926911 102.455287152721 98.7902941857615 97.7191678939327 89.0638500336678 86.6251578792449 85.0688226761357 84.9792833635884 85.4789068160518 86.3128198192966 86.7820528091923 86.5425008958386 85.7167663574219 84.4387517129221 84.2516661613218 83.606320534983 84.0022008342128 84.3744105677451 85.0795915665165 86.764457579582 88.8110152213804 91.880488980201 89.7165113879788 87.5456786617156 83.9269625756048 79.9662428825132 70.9342272358556 65.2133076575495 55.5938561501042 48.5846721587643 42.2021209039996 40.3007422724078 38.4660434415264 37.5983644147073 37.1119342773191 37.8087969749205 38.7884282604341 40.3981372617906 39.7431409820434 39.5714880112679
-9999 -9999 -9999 -9999 -9999 -9999 -9999 -9999 -9999 -9999 -9999 -9999 -9999 -9999 -9999 -9999 -9999 -9999 252.21287585843 154.762113755749 113.076444356672 102.092767607781 99.1447365822331 102.159551881975 102.044837636332 100.286325700821 95.8421965568296 94.4663088398595 90.2804175346128 87.6849595346758 85.9657287597656 85.818356913905 86.547431822746 87.0962357059602 87.0872899947628 86.8334648378434 86.0040780344317 85.1713232224987 84.9810399701518 85.2057530803065 86.6139811854209 88.4002632633332 91.7345108524446 93.3484580747543 93.4531023579259 90.3853837290118 83.9293380245086 81.6228546634797 74.1061377986785 73.0283966064453 59.9598110875776 59.1404450016637 58.0140942604311 53.3970324762406 50.1273312876301 46.6264285887441 40.5701571587593 40.021311729185 39.0624014946722 39.9518406006598 42.5554951390912 47.4347899113932 43.42573653498
-9999 -9999 -9999 -9999 -9999 -9999 -9999 -9999 -9999 -9999 -9999 -9999 -9999 -9999 -9999 -9999 -9999 -9999 258.466221963206 174.381966621645 154.995696498502 104.494320900209 103.941116194571 100.214900509004 100.594710569228 101.62384516193 97.1118975300943 97.3675889045961 91.9582323874197 89.2138973359139 87.9788087414157 87.6249568077826 87.765877016129 87.977649073447 88.1339801665275 88.1650796705677 88.1168008619739 87.8779139364919 88.236152033652 88.4978898571384 89.5125603214387 92.9335797217584 95.2456231886341 97.1978087886687 97.5428717828566 92.5493273581228 82.6411020832677 68.6150277045465 60.0788512691375 51.8226715826219 53.9416322323584 56.6869366861159 63.9436583980437 62.8993133421867 53.0533311136307 50.3577434324449 43.7077423218758 40.9696566981654 40.5587925449494 40.7283904321732 47.2678337404805 48.6197820248142 44.634288280241
-9999 -9999 -9999 -9999 -9999 -9999 -9999 -9999 -9999 -9999 -9999 -9999 -9999 -9999 -9999 -9999 -9999 317.952149914157 336.183158136183 221.042088170205 158.868754048501 111.761818578166 104.431211679213 101.099416109823 96.7295987298412 97.7622876474934 98.9476789659069 96.0131678427419 96.8921636766003 92.5165791665354 90.9400930097026 89.5837234989289 89.2016889510616 89.1587865275721 89.3163573972641 90.0021922203802 90.2354957826676 90.443976371519 91.0296374905494 93.8279689665764 94.2903624503843 94.7099845640121 98.6176479708764 102.238268206196 104.158108865061 94.4810442770681 83.8959178309287 63.585756978681 54.2126905995031 48.903022796877 53.9938081695188 54.6523715296099 57.6923954256119 54.8257216791953 51.8082291387743 50.5397952602756 47.4653357921108 42.1021426262394 41.2210159609395 46.9680050111586 47.072933443131 48.6295946798017 46.6961915339193
-9999 -9999 -9999 -9999 -9999 -9999 -9999 -9999 -9999 -9999 -9999 -9999 -9999 -9999 -9999 -9999 -9999 -9999 381.81497586158 259.666891528714 169.159944165138 117.590470198662 108.244865971227 101.274780242674 94.0919382995175 94.3875294500782 94.9901014758695 98.7078618695659 95.8056480653824 94.9535113919166 95.9641507056452 91.6302685891428 91.0624240752189 90.8319292376118 91.0137446003576 91.4612160959551 94.5272072822817 94.3353089363344 95.1575127878497 94.4315766365297 94.8146143267232 96.1567582161196 101.601002108666 106.422582995507 107.835988859976 96.6771643853957 85.3034065000473 71.1439661825857 69.2934957934964 66.9392033853838 61.7103238874866 58.6382343230709 57.7512702018984 52.2298197515549 50.6423451977391 48.6192861218606 48.6304465724576 48.4601269075947 48.3001526863344 49.8648119126597 49.6105048425736 49.3665276958096 43.9506730264233
-9999 -9999 -9999 -9999 -9999 -9999 -9999 -9999 -9999 -9999 -9999 -9999 -9999 -9999 -9999 -9999 -9999 458.802032470703 398.957833074754 258.341761681341 177.340210453157 119.384702105676 108.031378461469 102.370242949455 93.8241432251469 92.5949967445866 93.3826088443879 96.6937878516413 98.7417105397871 95.7348827239006 96.7959614415323 92.6183779316564 91.7950200726909 91.6797839749244 91.7230341511388 92.3177162908739 95.3303355555381 95.5988292078818 96.3322160782353 95.9740674418788 97.1261323498141 97.6587170016381 104.071175867511 108.354098504589 109.879067051795 95.941885179089 86.1085047568044 80.2133979797363 77.517709301364 75.6606298877347 73.6572342534219 71.684283533404 65.2682727075392 57.9974331086682 52.2554162394616 51.8524293899536 51.7246012226228 53.9607659309141 57.0401340607674 62.3876324930499 66.8526038508261 59.2803631444131 57.8452668959095
-9999 -9999 -9999 -9999 -9999 -9999 -9999 -9999 -9999 -9999 -9999 -9999 -9999 -9999 -9999 -9999 -9999 480.851779076361 392.515652072045 248.795376193139 173.432507422663 117.929635078676 106.451650004233 102.334146868798 95.850291082936 92.2524679860761 92.3594473254296 94.6075010453501 97.1263383127028 97.7453253961379 96.5751709476594 94.1897943558232 92.3220394503686 92.0887275203582 92.0598310655163 92.1158347591277 92.0724139059744 92.0667116718908 92.3311718356225 95.1343022008096 97.3357068953975 98.5360924505418 107.441338354541 110.874934288763 111.628331399733 97.2612649240801 86.9725778641239 84.6375541687012 85.0096098376859 84.143139377717 81.2863909813666 78.8919480846774 70.7979432998165 66.7160141852594 67.7850528224822 67.236978900048 66.8072976758403 69.0097060665008 72.0897659793977 74.5081059855799 76.9040977724137 76.7924510586646 70.9883029076361
-9999 -9999 -9999 -9999 -9999 -9999 -9999 -9999 -9999 -9999 -9999 -9999 -9999 -9999 -9999 -9999 -9999 425.564811460433 360.961586244645 193.4677954643 149.538533856792 114.107706239147 103.629629573514 101.530368728022 96.011479531565 91.6347343690934 90.7327224362281 92.0417112535046 94.3100019885648 96.0963698356382 96.0400265109155 92.9524243262506 92.519707833567 92.1459805888514 91.8277712175923 91.2371939382246 90.8799208364179 90.7957812893775 91.6051090609643 92.9117312277517 96.7683226062405 98.9624259087347 109.249622098861 113.58794626882 116.036217212677 101.453884986139 93.0130531557145 92.0681728239982 92.0722213252898 90.4116642859674 88.0707748166977 85.4639532027706 83.633673144925 80.8280944824219 78.844718194777 77.602488240888 79.1831402932444 75.0458593060893 75.8170917880151 78.2204976235667 78.7468493061681 77.4937833970593 75.5858720348727
-9999 -9999 -9999 -9999 -9999 -9999 -9999 -9999 -9999 -9999 -9999 -9999 -9999 -9999 -9999 -9999 -9999 425.49318867345 385.182744180003 169.041540638093 153.916805882608 114.613673517781 104.120075879558 101.661736638315 97.1821459031874 91.977479380946 89.986634900493 91.0770870639432 92.432136289535 93.5882584356493 93.5765364862257 92.9391406889885 92.4245363050891 91.6811544356808 91.2010093196746 90.557806568761 90.4996387112525 90.5056291395618 91.3375260137743 93.239864964639 96.6174749558972 99.2695189445249 110.586017716315 119.405372834975 123.941899034285 107.856700989508 100.45340630316 99.423345258159 98.909549097861 97.78748419977 95.393679957236 93.4837811377741 91.0771827697754 88.577563255064 86.6846228568785 86.4864511797505 83.1515579223633 79.3344543210922 80.2053855157668 81.9811310306672 82.3574915239888 81.4533563429309 79.4992284467143
-9999 -9999 -9999 -9999 -9999 -9999 -9999 -9999 -9999 -9999 -9999 -9999 -9999 -9999 -9999 -9999 -9999 -9999 -9999 -9999 155.114773227322 115.213299743591 105.445096508149 102.485213583516 100.661393396316 92.3888470126737 91.177561236966 91.5957804956744 92.6936320950908 93.3566037454913 93.6643172233335 93.0675805614841 92.4233109258836 91.737545382592 91.368153233682 90.9966850280762 91.0332048477665 91.232726189398 92.4172700451266 96.5946537140877 98.9413334015877 100.12500041531 111.132074871371 125.735269269636 156.162312292284 121.254803349895 106.83255381738 104.948132422663 104.381930689658 102.977368508616 101.162697576707 99.4841827884797 97.7434552100397 95.2229232788086 94.0687004827684 92.2896822037235 91.0051483646516 90.1824057794386 94.6480971305601 100.247797812185 102.790494118967 100.426418673608 97.0267538255261
-9999 -9999 -9999 -9999 -9999 -9999 -9999 -9999 -9999 -9999 -9999 -9999 -9999 -9999 -9999 -9999 -9999 -9999 -9999 -9999 -9999 -9999 -9999 -9999 -9999 -9999 89.7272962754773 91.7013641480477 92.5151641599594 92.9396968964607 93.6523244304042 93.6098367014239 92.8493830773138 92.1365004508726 91.9076862950479 91.6630245331795 91.8131070290842 92.4651965479697 94.1713434034778 98.6129199612525 102.613807432113 102.02191709703 112.965099580826 183.151466615738 199.40439064272 174.343739048127 116.00321395551 110.984303397517 110.77186904415 109.079045941753 107.264617181593 105.25228340395 103.512781696935 102.122903393161 101.292401959819 100.38370046308 100.265299889349 100.494577961583 100.750716178648 97.9378366777974 103.820896271736 99.3115588772681 94.5345601727886
-9999 -9999 -9999 -9999 -9999 -9999 -9999 -9999 -9999 -9999 -9999 -9999 -9999 -9999 -9999 -9999 -9999 -9999 -9999 -9999 -9999 -9999 -9999 -9999 -9999 -9999 -9999 92.5531978299541 92.720161561043 93.0600935412991 94.1461001980689 96.5017936460434 95.1665896754111 93.7107147709016 93.0159700455204 93.2271953705818 93.8047303230532 98.7531223912393 100.283163993589 99.4404460230181 100.97986617396 105.313300309643 116.066532434956 186.775739362163 250.342596730878 201.881992709252 174.283154764483 159.08039246836 118.607192916255 116.940202097739 114.465898759903 112.108255417116 110.118737005418 108.135642267043 106.302510907573 103.702787583874 99.7401359311996 103.777285668158 98.2035999913369 68.4274741142027 75.7105060700447 73.5712397790724 72.7155137215891
-9999 -9999 -9999 -9999 -9999 -9999 -9999 -9999 -9999 -9999 -9999 -9999 -9999 -9999 -9999 -9999 -9999 -9999 -9999 -9999 -9999 -9999 -9999 -9999 -9999 -9999 -9999 -9999 -9999 92.8963418775989 94.0371663493495 97.156873395366 98.3523089501166 98.6069092289094 98.6234583700857 99.692149008474 99.8395949332945 101.139124716482 99.9185618123701 101.621283992644 103.537513267609 108.287023005947 118.737501305919 183.457211771319 264.192362385411 286.876675513483 207.157675712339 147.640632321758 161.526610774379 122.552489241285 119.051141954237 115.826492155752 112.002218815588 107.591280291157 102.402078690067 97.1584182247039 96.6725446639522 74.0770999539283 56.502258916055 51.7926872007308 50.7948612705354 51.3333829218341 51.4361813760573
-9999 -9999 -9999 -9999 -9999 -9999 -9999 -9999 -9999 -9999 -9999 -9999 -9999 -9999 -9999 -9999 -9999 -9999 -9999 -9999 -9999 -9999 -9999 -9999 -9999 -9999 -9999 -9999 -9999 -9999 94.4976759264546 97.5054284680274 99.6534541345412 100.415831042874 100.394983353153 101.24085955466 99.5954326506584 100.380951050789 101.299201688459 102.035329326507 104.128355849174 113.650516625374 119.45673275763 178.204031421292 272.526379739085 334.738373294953 235.013448161464 197.326684274981 122.195123395612 135.437472528027 119.051982612379 115.105793368432 110.338458045836 104.772955125378 98.3117333689044 75.8743591308594 71.7249680180703 51.461494322746 41.4880104987852 41.1487662561478 40.6620949775942 41.2313054761579 40.6003585323211
-9999 -9999 -9999 -9999 -9999 -9999 -9999 -9999 -9999 -9999 -9999 -9999 -9999 -9999 -9999 -9999 -9999 -9999 -9999 -9999 -9999 -9999 -9999 -9999 -9999 -9999 -9999 -9999 -9999 -9999 -9999 98.819091304656 100.490755881033 100.993152741463 101.622404775312 100.118053559334 100.793868495572 103.873472890546 104.410131485231 104.599235596195 106.377904253621 113.364968438302 122.22931074327 164.7954347672 166.785446720739 162.342630632462 116.192817795661 110.300092089561 95.7428459890427 101.037904358679 94.2762729506339 93.6181374826739 90.7081024416031 85.6383377813524 79.6974479921402 69.5438992900233 53.6911251314225 42.6009452573715 38.9031320694954 35.7120162287066 34.5425065871208 35.1212830697336 35.6167875720609
-9999 -9999 -9999 -9999 -9999 -9999 -9999 -9999 -9999 -9999 -9999 -9999 -9999 -9999 -9999 -9999 -9999 -9999 -9999 -9999 -9999 -9999 -9999 -9999 -9999 -9999 -9999 -9999 -9999 -9999 -9999 -9999 100.807740242251 101.364894497779 102.012138858918 102.995265160837 103.256769072625 102.484717861299 100.466854668433 102.358505295169 98.1810623292 100.192778233559 120.666010318264 170.220986889255 150.547253208776 111.840649758616 100.515469112704 92.6729815852258 89.5799199150455 79.3112985530207 77.6837011767972 79.1548128435689 77.7638125265798 75.348149945659 70.1603373865927 64.0830546655963 51.4175249530423 41.3531093597412 37.1270866394043 34.0082721710205 32.592468630883 32.6812389742944 33.3812052819037
-9999 -9999 -9999 -9999 -9999 -9999 -9999 -9999 -9999 -9999 -9999 -9999 -9999 -9999 -9999 -9999 -9999 -9999 -9999 -9999 -9999 -9999 -9999 -9999 -9999 -9999 -9999 -9999 -9999 -9999 -9999 -9999 -9999 100.617082903462 100.899426121866 101.766431439307 101.966823670172 102.075820922852 96.9559758401686 100.562427428461 99.1658028556455 -9999 -9999 -9999 112.625129699707 105.870184959904 98.1069418230364 90.9523043709417 80.2004342386799 77.8876334159605 78.4136169187484 73.9959716181601 72.1850651771792 70.8203695974042 69.0189188065067 63.31111591093 51.8055356087223 41.9190466327052 37.7545408125847 34.3317151069641 33.3634047969695 33.3485126495361 35.0966640595467
-9999 -9999 -9999 -9999 -9999 -9999 -9999 -9999 -9999 -9999 -9999 -9999 -9999 -9999 -9999 -9999 -9999 -9999 -9999 -9999 -9999 -9999 -9999 -9999 -9999 -9999 -9999 -9999 -9999 -9999 -9999 -9999 -9999 -9999 -9999 -9999 -9999 -9999 -9999 -9999 -9999 -9999 -9999 -9999 109.834505927178 105.808745445744 101.383564995181 94.2049672757426 90.0250596423303 79.8397296782463 79.0942029645366 73.5890696125646 71.2798116130214 70.9770190946518 69.1475749477263 66.0001561564784 51.5334563870584 42.0219660728208 38.5611612719874 37.716794413905 37.2131503628146 37.744522448509 38.6090776997228
-9999 -9999 -9999 -9999 -9999 -9999 -9999 -9999 -9999 -9999 -9999 -9999 -9999 -9999 -9999 -9999 -9999 -9999 -9999 -9999 -9999 -9999 -9999 -9999 -9999 -9999 -9999 -9999 -9999 -9999 -9999 -9999 -9999 -9999 -9999 -9999 -9999 -9999 -9999 -9999 -9999 -9999 -9999 -9999 115.845141018591 107.328865505034 103.588092527082 95.2672192627384 90.8736973424112 78.8094221545804 74.2124810987903 70.3073047514885 66.0234958894791 65.5146456995318 63.9639388668922 61.0443752042709 50.9987775894903 42.4984484641783 40.1934000292132 39.0768350478142 42.4682151425269 39.0726377733292 42.7442241637937
-9999 -9999 -9999 -9999 -9999 -9999 -9999 -9999 -9999 -9999 -9999 -9999 -9999 -9999 -9999 -9999 -9999 -9999 -9999 -9999 -9999 -9999 -9999 -9999 -9999 -9999 -9999 -9999 -9999 -9999 -9999 -9999 -9999 -9999 -9999 -9999 -9999 -9999 -9999 -9999 -9999 -9999 -9999 -9999 114.593746692904 107.525103353685 102.584152229371 94.3396781836787 89.3520808066091 79.7250054882419 69.4963338298182 57.274435535554 52.4243874703684 50.4404794785284 51.1973916945919 50.3740946246732 45.2281227650181 43.4608173062724 45.8050531418093 43.3279563534644 49.9169091716889 48.9670400773325 49.7488924610999
-9999 -9999 -9999 -9999 -9999 -9999 -9999 -9999 -9999 -9999 -9999 -9999 -9999 -9999 -9999 -9999 -9999 -9999 -9999 -9999 -9999 -9999 -9999 -9999 -9999 -9999 -9999 -9999 -9999 -9999 -9999 -9999 -9999 -9999 -9999 -9999 -9999 -9999 -9999 -9999 -9999 -9999 -9999 -9999 115.209086418152 105.449060655409 99.206990580405 91.5946209026921 88.088633875693 75.1805667261924 65.7011299133301 51.4835321672501 46.9866160731162 42.0788012319995 41.1481631801974 42.0949727181465 43.1858234097881 48.1693837104305 54.2253812205407 53.1650343864195 58.312765021478 60.3641073780675 60.8272844745267
-9999 -9999 -9999 -9999 -9999 -9999 -9999 -9999 -9999 -9999 -9999 -9999 -9999 -9999 -9999 -9999 -9999 -9999 -9999 -9999 -9999 -9999 -9999 -9999 -9999 -9999 -9999 -9999 -9999 -9999 -9999 -9999 -9999 -9999 -9999 -9999 -9999 -9999 -9999 -9999 -9999 -9999 -9999 151.524877117526 115.01233566961 103.595812266873 95.7538775628613 91.0842090729744 78.5205154418945 74.9989998109879 66.7721230291551 52.0823887394321 43.5148357114484 41.5977096557617 41.1846617729433 40.3106344592187 46.6372630519252 49.9439965217344 63.1875526981969 66.5342498287078 66.5737472657234 66.1857808636081 66.1002385539393
