Rscript/monthly_maps/SnowDepthMapFile-sd-1989-12.asc
ncols 320 
nrows 361 
xllcorner 618410.159 
yllcorner 5088785.286 
cellsize 100 
NODATA_value -9999 
[rows 161 to 183 of 361, columns 212 to 264 of 320]
8.86986621118767 10.3697345932976 9.21279390664565 10.8635262315557 54.8114225537435 102.644684897723 159.80852254111 186.491828859764 221.920827687672 239.624823803114 250.244895681353 248.743501634631 241.564131138427 229.521209508657 213.696765730849 197.452662441243 192.769947240552 191.661006163447 193.101269456407 205.183585616882 215.352380312545 229.823977808354 247.075119682666 267.244836662949 268.613720539805 282.171606310676 291.527678679672 295.732311163637 313.641737200682 333.547812411338 383.00537705289 396.438758647343 -9999 -9999 -9999 -9999 -9999 -9999 -9999 -9999 -9999 -9999 -9999 -9999 -9999 -9999 -9999 -9999 -9999 -9999 -9999 -9999 -9999
8.74221617796745 9.95428874233863 11.0161007734416 9.2294147786985 22.9793139491151 74.5651637656369 140.35623025673 170.522278677751 207.646098909419 238.692406040724 251.330399369289 272.822633287585 277.86364097245 276.592927685969 285.718347246176 271.454457062634 253.610241232484 243.498853810696 235.096912423928 231.319342205723 237.853800692408 250.385169324134 269.617079968855 278.643451915977 281.233739315701 287.643645224276 296.390285402503 297.623809398822 304.959004254467 324.393481231584 366.758639063844 397.221295634425 -9999 -9999 -9999 -9999 -9999 -9999 -9999 -9999 -9999 -9999 -9999 -9999 -9999 -9999 -9999 -9999 -9999 -9999 -9999 -9999 -9999
7.96623582317479 9.15866787591869 9.80529789059741 8.99091769129161 9.10158034653845 64.1955896619248 114.195249356676 161.468422982825 187.500191059089 216.170375290438 228.323576506276 243.825562523288 263.566314623007 285.053520294901 296.761424319553 292.146526617085 292.968187964983 282.25874675522 273.571335411651 261.065588144249 252.718014522807 259.59974856005 269.605541440688 282.03614252956 294.386299972619 295.535934807141 296.320211195664 296.522000487495 300.717328180199 315.486423314299 363.319488571171 394.129437095763 -9999 -9999 -9999 -9999 -9999 -9999 -9999 -9999 -9999 -9999 -9999 -9999 -9999 -9999 -9999 -9999 -9999 -9999 -9999 -9999 -9999
8.32915744028632 10.033653631549 9.66991882742708 9.8506453753295 10.4147949800078 31.1622215118969 88.6541413607779 145.713738269638 171.515798406227 180.021589123577 190.410609919286 205.744299184083 221.269237786307 240.926725641751 270.070409982858 288.318326581435 295.918590652712 298.99069416095 315.144561883239 309.016952434972 289.938576923049 275.47536764554 273.121213364224 279.167199167647 290.097587442387 300.442082244629 307.110550869525 303.380070666982 301.964077550866 324.08049989656 365.794053807586 397.747091597298 -9999 -9999 -9999 -9999 -9999 -9999 -9999 -9999 -9999 -9999 -9999 -9999 -9999 -9999 -9999 -9999 -9999 -9999 -9999 -9999 -9999
9.72630460525065 8.93051605664077 7.73142588027381 10.3121354734686 8.11435235191845 20.8009433950894 79.5749613215454 115.75574391446 153.611059900364 163.373704286436 166.796438428742 169.940971868434 182.057642208851 211.169007702747 230.596817369398 267.455556661443 280.041970739001 298.547926415803 318.131049878208 334.883668381964 329.219423516235 311.279632816296 292.104966295167 284.156818934447 283.930795077884 288.461331570626 294.606001935122 304.717814117945 311.638559565372 342.512550697896 384.168610603012 393.727295339799 -9999 -9999 -9999 -9999 -9999 -9999 -9999 -9999 -9999 -9999 -9999 -9999 -9999 -9999 -9999 -9999 -9999 -9999 -9999 -9999 -9999
10.3714348576578 8.96731472798623 9.61845423197639 11.2148294908422 8.31187923493274 9.06497458150734 46.4009443141683 84.0817953675971 106.306230096682 122.981476907432 146.286154719024 161.722640300419 167.332474780877 181.020686436231 211.169108530278 241.692350857277 268.678547513791 283.002782925498 303.849903801687 327.601784484605 336.178567670813 341.188373166661 328.120235243441 311.388447408226 298.344685426251 295.488211866037 299.169198013188 322.520996294159 348.535923810765 375.597082411483 387.266681608506 -9999 -9999 -9999 -9999 -9999 -9999 -9999 -9999 -9999 -9999 -9999 -9999 -9999 -9999 -9999 -9999 -9999 -9999 -9999 -9999 -9999 -9999
10.5366611653309 9.21787727850708 10.0303485557884 11.2323603650412 9.17121943388129 11.7607484062978 23.4589699075624 54.288522266767 85.2665642460655 95.9220412464349 111.696068728686 142.366159872876 161.917887459071 174.023314650495 195.922071505145 222.721182612114 263.728749281834 279.573795773728 295.780474536687 313.070521966326 332.529798120529 341.13310519098 348.547230757794 349.01510389512 339.231793967743 335.194668005896 338.641674394472 352.146432425391 381.357708042504 394.369923050129 -9999 -9999 -9999 -9999 -9999 -9999 -9999 -9999 -9999 -9999 -9999 -9999 -9999 -9999 -9999 -9999 -9999 -9999 -9999 -9999 -9999 -9999 -9999
11.2764551342738 9.81777161716762 10.1104809652949 11.3008703156029 8.92872037883189 9.18554116923426 15.1409848345133 30.1929596474936 62.5250160273472 84.6292260789241 108.442279337624 131.266372391075 157.734494715795 168.476023157299 190.277934034725 217.982885340383 258.500472804583 279.058019593929 288.195903991853 305.610822840778 323.60152845111 335.092297437424 341.584148134142 351.173776318727 369.098835036395 383.201388906711 388.619283129408 388.770720071482 -9999 -9999 -9999 -9999 -9999 -9999 -9999 -9999 -9999 -9999 -9999 -9999 -9999 -9999 -9999 -9999 -9999 -9999 -9999 -9999 -9999 -9999 -9999 -9999 -9999
11.0067204944821 9.21815232165834 8.70831401612222 9.04040031343222 9.38091108108457 8.45937463777568 13.8617973398462 27.2607491403632 61.0573583486509 94.1822206931763 113.037852339089 146.012670164161 160.929849785158 175.930658199079 198.196970592059 225.933262699577 265.220904519525 281.626471393011 295.446737818699 311.710995652581 320.508572021569 320.763373374938 330.476866399939 341.371635382781 360.24006180294 395.090582619261 415.370557409877 406.121748632748 -9999 -9999 -9999 -9999 -9999 -9999 -9999 -9999 -9999 -9999 -9999 -9999 -9999 -9999 -9999 -9999 -9999 -9999 -9999 -9999 -9999 -9999 -9999 -9999 -9999
11.0926587956793 9.07128641016149 7.84927555918752 10.3709838486747 11.3193837549531 8.75899292382436 13.257385282523 39.9812180607299 86.6884959354908 106.373260667361 141.933708797464 154.820982196038 174.17882930456 200.751879796768 225.249191095264 258.021437336929 289.030299036699 301.501821433092 301.969639694229 304.047667128571 310.661256925325 310.908360389336 314.129920477357 333.132413467831 359.77059668976 389.867824113477 403.686947275161 -9999 -9999 -9999 -9999 -9999 -9999 -9999 -9999 -9999 -9999 -9999 -9999 -9999 -9999 -9999 -9999 -9999 -9999 -9999 -9999 -9999 -9999 -9999 -9999 -9999 -9999
11.1036721265515 9.0170697040112 10.8270221097326 8.63549530683695 7.57875008353904 10.8759842860113 25.1955675139004 77.297077501357 105.061133936749 145.220661381588 161.993205948175 192.897228202377 223.312875159874 253.52327507136 262.579658559909 289.714675473069 299.197314285978 304.692978891683 299.798985395106 297.366585046026 300.038274940276 305.857120566442 310.352387762171 332.559507282001 350.794814257881 384.553669365253 402.850934044162 415.587103699572 -9999 -9999 -9999 -9999 -9999 -9999 -9999 -9999 -9999 -9999 -9999 -9999 -9999 -9999 -9999 -9999 -9999 -9999 -9999 -9999 -9999 -9999 -9999 -9999 -9999
11.0083194187601 10.5535329041916 9.4550827712387 9.38921142760687 9.72460430800299 10.1121288262788 27.3936647338086 87.910000314573 142.427169132052 161.058093456015 192.077446837005 230.432115778408 242.41826822053 250.197782402381 279.959165377879 278.756603810921 277.991969268904 285.475174546486 290.69017520305 289.744420713717 287.584607267776 298.238988285253 310.959926452706 330.808925686351 345.34840622979 368.827380932175 396.980908961717 407.06945277784 -9999 -9999 -9999 -9999 -9999 -9999 -9999 -9999 -9999 -9999 -9999 -9999 -9999 -9999 -9999 -9999 -9999 -9999 -9999 -9999 -9999 -9999 -9999 -9999 -9999
10.8996623389794 10.9915173691382 10.1038165561053 10.3792640811301 7.95230416045443 7.94085409352314 22.6559378810534 85.2859480847764 141.483590777355 176.618426223842 198.746799189861 201.522825288317 209.018718977349 214.016009252057 217.276668141274 228.18724509366 238.784653267234 254.941385461172 271.367137419542 279.660547038918 281.487925318142 297.863026164409 313.358336703989 329.341670838888 338.589224532026 364.083740698928 388.388085893276 403.392360234366 -9999 -9999 -9999 -9999 -9999 -9999 -9999 -9999 -9999 -9999 -9999 -9999 -9999 -9999 -9999 -9999 -9999 -9999 -9999 -9999 -9999 -9999 -9999 -9999 -9999
10.7069124922975 10.4750283651256 9.54349537534793 10.2667485641298 10.3589646898709 7.95533599992578 12.8444327927044 60.0593956582689 94.4447716858299 144.945309945131 150.730981978709 151.359014538066 159.16710308822 170.723078032695 179.402702380493 198.843027626934 221.55569849379 234.520653698162 253.122780680477 274.082311222967 280.791038859248 296.666087969484 309.916196944655 327.480543426262 333.417663183672 348.944336459069 385.861999535363 401.9745507447 -9999 -9999 -9999 -9999 -9999 -9999 -9999 -9999 -9999 -9999 -9999 -9999 -9999 -9999 -9999 -9999 -9999 -9999 -9999 -9999 -9999 -9999 -9999 -9999 -9999
10.6474850713664 9.59468064464931 7.98736310935015 10.6249871962397 10.1096984133819 8.08818088199306 8.47577359818628 18.8304469384347 63.4392616431952 73.1727773646553 94.6983261302281 118.881592995881 148.698214733233 174.588257020365 186.846784099143 190.076047402957 206.850996942917 228.150682851176 245.469379828829 272.903245223611 281.878791849973 292.63407735906 304.403069208209 318.547587576904 331.521557628699 346.469160952108 386.384379602865 402.909168779216 -9999 -9999 -9999 -9999 -9999 -9999 -9999 -9999 -9999 -9999 -9999 -9999 -9999 -9999 -9999 -9999 -9999 -9999 -9999 -9999 -9999 -9999 -9999 -9999 -9999
10.1700108477921 9.02548352252112 10.2655827192459 10.5390442163855 10.07540108187 8.54921035493217 9.5578033028549 11.3169891939415 20.4915262794102 49.3535423930704 86.887930750611 111.099863993827 129.575030574544 170.855644120866 182.241854005814 192.979551270817 207.294319921848 225.817963947911 249.888480064107 273.560131663245 279.423623265736 289.593221599785 303.455707993239 327.805854682133 332.734829273354 354.541838054697 387.406794888905 404.724569125352 -9999 -9999 -9999 -9999 -9999 -9999 -9999 -9999 -9999 -9999 -9999 -9999 -9999 -9999 -9999 -9999 -9999 -9999 -9999 -9999 -9999 -9999 -9999 -9999 -9999
10.6963123382051 9.00938190217343 8.2343874404696 11.2693470110131 10.5692050956701 9.18253905138516 8.32105576951098 8.8116122406892 12.9668048155935 30.9390420452396 78.4452588880271 109.235471637235 137.501710877801 173.978385118392 186.012504639294 198.312902919798 218.55077255066 238.247802323052 260.609632623039 272.68359420078 277.544757533003 296.422100634778 306.877355229799 332.055934523284 336.835250199794 354.464402115727 388.432889729608 405.881695813554 -9999 -9999 -9999 -9999 -9999 -9999 -9999 -9999 -9999 -9999 -9999 -9999 -9999 -9999 -9999 -9999 -9999 -9999 -9999 -9999 -9999 -9999 -9999 -9999 -9999
9.8485800443569 9.12516601759396 8.21134005267523 8.16098477560507 6.27732294443494 10.3387994500317 9.95211308350426 8.86385745572629 10.4376714049364 37.7939064498792 90.2461720047821 113.273023345894 159.24357843826 181.219960022211 189.918184755175 209.471924039044 227.960103128087 243.72637834854 263.967059868639 278.078952121676 287.081324373508 305.279162751719 316.708939790538 331.376802358875 337.128344504131 347.102834269217 385.764872037584 409.104993210604 -9999 -9999 -9999 -9999 -9999 -9999 -9999 -9999 -9999 -9999 -9999 -9999 -9999 -9999 -9999 -9999 -9999 -9999 -9999 -9999 -9999 -9999 -9999 -9999 -9999
11.8023854760932 8.5168469176623 9.25521120903156 6.09590122404815 6.37850272247222 6.09985983644431 8.66628308983592 10.9290188645129 10.2761751211283 30.8674403826446 96.9692567812318 114.173911109347 157.498762470104 184.945053274265 192.774784918828 206.777337622537 222.612390031155 238.956122372484 257.861178897885 280.911380751801 287.606314143828 303.572374026899 316.446741741739 323.662825570715 320.166504898848 336.031635443341 369.21014112054 403.726596263761 -9999 -9999 -9999 -9999 -9999 -9999 -9999 -9999 -9999 -9999 -9999 -9999 -9999 -9999 -9999 -9999 -9999 -9999 -9999 -9999 -9999 -9999 -9999 -9999 -9999
9.53791137796651 11.0133281108937 10.6599527666726 6.23810316378929 6.14225371314376 6.06717023792418 9.0473361846021 9.67404524265522 10.0533901569263 22.6950206236399 78.9341182924184 107.279141382404 133.358587687879 168.754939743371 182.079385732528 197.669018782199 206.312245414321 222.280408752603 241.510035443219 271.745155258664 282.184139342593 294.716240562777 303.035133058137 310.515881762187 315.139154206056 318.853469751027 354.619216015513 386.394391754943 -9999 -9999 -9999 -9999 -9999 -9999 -9999 -9999 -9999 -9999 -9999 -9999 -9999 -9999 -9999 -9999 -9999 -9999 -9999 -9999 -9999 -9999 -9999 -9999 -9999
9.63289446620014 8.11421490035714 6.01941447100799 6.11185190528444 6.37584003862617 6.02871715469545 5.93087471579354 8.34888944524321 9.48184711205886 10.7187617372468 47.2616254046718 89.7899608763246 111.905195006506 134.121737246104 172.111649165775 185.12200984266 194.588177669923 201.773217771968 219.528858795658 243.784241114003 273.426770446138 283.589190924103 286.378005477708 298.90838591086 300.723575088002 314.316228652916 340.182087006656 383.668321715964 412.997193306071 -9999 -9999 -9999 -9999 -9999 -9999 -9999 -9999 -9999 -9999 -9999 -9999 -9999 -9999 -9999 -9999 -9999 -9999 -9999 -9999 -9999 -9999 -9999 -9999
10.2782374223581 10.89773738193 6.1255311748176 6.2432069411973 5.98825953154507 5.84133117417222 6.0375056686532 10.0334768770229 7.95217404303512 10.4355081994431 38.0924670697758 82.2938222560445 108.94284389403 120.399441989185 161.256406783832 183.950904751327 189.804828268647 196.831667220469 213.057602855376 228.596087410547 249.784219599156 271.456134836766 274.922248688543 282.978688398942 295.630163009693 300.762866382907 321.574651425513 368.692179887121 408.672332747642 -9999 -9999 -9999 -9999 -9999 -9999 -9999 -9999 -9999 -9999 -9999 -9999 -9999 -9999 -9999 -9999 -9999 -9999 -9999 -9999 -9999 -9999 -9999 -9999
10.4071515062138 5.88795837601815 5.78358351457596 6.20443437175691 5.72214235062841 5.77266107130396 9.87238342711587 7.11489844918352 7.37833586264077 20.8165476452418 58.0218861302154 100.300507151291 113.522147409568 131.335754946515 166.342631330947 181.150975234478 184.517537996306 194.381561395657 207.966547769869 226.815656238951 240.363548691776 262.744717733779 271.56268704665 275.544489354677 290.253082894011 296.24297212167 320.179221438617 367.159292687377 407.745208965012 -9999 -9999 -9999 -9999 -9999 -9999 -9999 -9999 -9999 -9999 -9999 -9999 -9999 -9999 -9999 -9999 -9999 -9999 -9999 -9999 -9999 -9999 -9999 -9999
