Rscript/monthly_maps/SnowDepthMapFile-ndays-1989-07.asc
ncols 320 
nrows 361 
xllcorner 618410.159 
yllcorner 5088785.286 
cellsize 100 
NODATA_value -9999 
[rows 46 to 91 of 361, columns 0 to 95 of 320]
-9999 -9999 -9999 -9999 -9999 -9999 -9999 -9999 -9999 -9999 -9999 -9999 -9999 -9999 -9999 -9999 -9999 -9999 -9999 -9999 -9999 -9999 -9999 -9999 -9999 -9999 -9999 -9999 -9999 -9999 -9999 -9999 -9999 -9999 -9999 -9999 -9999 -9999 -9999 -9999 -9999 -9999 -9999 -9999 -9999 -9999 -9999 -9999 -9999 -9999 -9999 -9999 -9999 -9999 -9999 -9999 -9999 -9999 -9999 -9999 -9999 -9999 -9999 -9999 -9999 -9999 -9999 -9999 -9999 -9999 -9999 -9999 -9999 -9999 -9999 -9999 -9999 -9999 -9999 -9999 -9999 -9999 -9999 -9999 -9999 -9999 -9999 -9999 -9999 -9999 -9999 -9999 -9999 -9999 -9999 -9999
-9999 -9999 -9999 -9999 -9999 -9999 -9999 -9999 -9999 -9999 -9999 -9999 -9999 -9999 -9999 -9999 -9999 -9999 -9999 -9999 -9999 -9999 -9999 -9999 -9999 -9999 -9999 -9999 -9999 -9999 -9999 -9999 -9999 -9999 -9999 -9999 -9999 -9999 -9999 -9999 -9999 -9999 -9999 -9999 -9999 -9999 -9999 -9999 -9999 -9999 -9999 -9999 -9999 -9999 -9999 -9999 27 28 28 28 28 29 30 29 28 26 24 23 22 22 23 -9999 -9999 -9999 -9999 -9999 -9999 -9999 -9999 -9999 -9999 -9999 -9999 -9999 -9999 -9999 -9999 -9999 -9999 -9999 -9999 -9999 -9999 -9999 -9999 -9999
-9999 -9999 -9999 -9999 -9999 -9999 -9999 -9999 -9999 -9999 -9999 -9999 -9999 -9999 -9999 -9999 -9999 -9999 -9999 -9999 -9999 -9999 -9999 -9999 -9999 -9999 -9999 -9999 -9999 -9999 -9999 -9999 -9999 -9999 -9999 -9999 -9999 -9999 -9999 -9999 -9999 -9999 -9999 -9999 -9999 -9999 -9999 -9999 -9999 -9999 -9999 -9999 -9999 -9999 24 24 24 24 24 24 24 24 26 27 25 23 21 20 19 19 20 20 22 26 28 28 27 -9999 -9999 -9999 -9999 -9999 -9999 -9999 -9999 -9999 -9999 -9999 -9999 -9999 -9999 -9999 -9999 -9999 -9999 -9999
-9999 -9999 -9999 -9999 -9999 -9999 -9999 -9999 -9999 -9999 -9999 -9999 -9999 -9999 -9999 -9999 -9999 -9999 -9999 -9999 -9999 -9999 -9999 -9999 -9999 -9999 -9999 -9999 -9999 -9999 -9999 -9999 -9999 -9999 -9999 -9999 -9999 -9999 -9999 -9999 -9999 -9999 -9999 -9999 -9999 -9999 -9999 -9999 -9999 -9999 -9999 -9999 21 21 22 21 20 19 19 19 19 19 21 24 23 21 20 17 15 15 15 17 20 22 24 25 24 23 24 24 24 26 -9999 -9999 -9999 -9999 -9999 -9999 -9999 -9999 31 31 31 31 -9999 -9999
-9999 -9999 -9999 -9999 -9999 -9999 -9999 -9999 -9999 -9999 -9999 -9999 -9999 -9999 -9999 -9999 -9999 -9999 -9999 -9999 -9999 -9999 -9999 -9999 -9999 -9999 -9999 24 23 22 22 -9999 -9999 -9999 -9999 -9999 -9999 -9999 -9999 -9999 -9999 -9999 -9999 -9999 -9999 -9999 -9999 -9999 -9999 -9999 -9999 20 20 19 18 19 18 17 17 15 15 17 19 20 20 19 17 15 14 12 12 12 15 18 20 21 21 21 21 22 23 25 26 -9999 -9999 -9999 -9999 -9999 -9999 -9999 31 31 31 31 31 31
-9999 -9999 -9999 -9999 -9999 -9999 -9999 -9999 -9999 -9999 -9999 -9999 -9999 -9999 -9999 -9999 -9999 -9999 -9999 -9999 -9999 -9999 -9999 -9999 -9999 21 21 21 20 20 20 21 -9999 -9999 -9999 -9999 -9999 -9999 -9999 -9999 -9999 -9999 -9999 -9999 -9999 -9999 15 -9999 18 19 19 19 17 14 14 15 16 15 14 14 14 14 16 18 19 17 15 13 12 9 10 10 12 14 16 17 18 19 19 20 21 23 25 26 -9999 -9999 -9999 -9999 -9999 -9999 31 31 31 31 31 31
-9999 -9999 -9999 -9999 -9999 -9999 -9999 -9999 -9999 -9999 -9999 -9999 -9999 -9999 -9999 -9999 -9999 -9999 -9999 -9999 -9999 -9999 -9999 -9999 20 20 19 19 18 18 19 20 21 21 -9999 21 21 21 21 21 20 -9999 17 16 15 14 14 14 14 16 17 15 14 13 12 13 14 13 12 11 11 12 14 16 16 14 12 10 7 7 6 6 9 11 12 14 14 16 17 18 19 21 24 26 28 -9999 -9999 -9999 -9999 -9999 31 31 31 31 31 31
-9999 -9999 -9999 -9999 -9999 -9999 -9999 -9999 -9999 -9999 -9999 -9999 -9999 -9999 -9999 -9999 -9999 -9999 -9999 -9999 -9999 -9999 -9999 20 19 18 17 16 15 15 16 18 19 20 21 21 20 20 21 21 20 19 16 15 14 14 13 13 10 11 13 13 13 11 9 9 10 9 7 7 7 11 13 14 14 10 6 6 6 6 6 6 6 7 9 10 12 14 15 17 18 20 22 25 29 31 -9999 -9999 -9999 -9999 31 31 31 31 31 31
-9999 -9999 -9999 -9999 -9999 -9999 -9999 -9999 -9999 -9999 -9999 -9999 -9999 -9999 -9999 -9999 -9999 -9999 -9999 -9999 -9999 -9999 20 20 18 15 14 14 14 14 15 16 18 19 20 20 19 19 20 20 20 19 16 14 14 12 9 8 7 7 8 9 8 7 7 7 7 7 7 6 7 7 12 13 12 6 6 5 5 5 5 5 5 5 6 6 7 12 14 15 17 19 21 25 29 31 31 -9999 -9999 31 31 31 31 31 31 31
-9999 -9999 -9999 -9999 -9999 -9999 -9999 -9999 -9999 -9999 -9999 -9999 -9999 -9999 -9999 -9999 -9999 -9999 -9999 -9999 -9999 -9999 20 19 15 14 14 13 13 14 14 15 16 18 19 19 19 19 19 20 20 19 15 14 12 8 8 7 7 6 6 7 7 7 6 6 6 6 6 6 6 6 7 9 7 6 5 5 5 5 5 5 5 5 5 6 6 7 12 14 15 19 20 23 26 30 31 31 31 31 31 31 31 31 31 31
-9999 -9999 -9999 -9999 -9999 -9999 -9999 -9999 -9999 -9999 -9999 -9999 -9999 -9999 -9999 -9999 -9999 -9999 -9999 -9999 -9999 21 20 16 14 13 12 11 11 13 14 14 15 16 16 17 16 17 19 20 20 20 15 14 10 8 7 6 6 6 6 6 6 6 6 5 5 5 5 5 5 5 6 7 6 5 4 4 5 5 5 5 5 5 5 5 6 7 9 13 15 19 20 22 24 24 25 26 29 31 31 31 31 31 31 30
-9999 -9999 -9999 -9999 -9999 -9999 -9999 -9999 -9999 -9999 -9999 -9999 -9999 -9999 -9999 -9999 -9999 -9999 -9999 -9999 -9999 20 19 15 14 12 11 9 11 11 14 14 14 15 15 16 15 15 15 17 18 18 14 13 7 7 6 6 6 5 5 5 5 5 5 5 5 5 5 5 5 5 6 6 5 4 4 4 4 4 5 5 5 5 5 5 5 6 7 12 15 19 20 19 19 19 19 20 21 26 30 31 31 31 31 30
-9999 -9999 -9999 -9999 -9999 -9999 -9999 -9999 -9999 -9999 -9999 -9999 -9999 -9999 -9999 -9999 -9999 -9999 -9999 -9999 21 20 19 15 14 11 10 10 9 11 11 12 14 14 14 15 15 14 14 13 14 14 13 8 7 6 6 5 5 5 5 5 5 5 5 5 5 5 5 5 5 5 5 5 5 4 4 4 4 4 4 4 5 5 5 5 5 5 6 11 16 19 19 17 15 15 16 17 19 21 26 30 31 31 31 29
-9999 -9999 -9999 -9999 -9999 -9999 -9999 -9999 -9999 -9999 -9999 -9999 -9999 -9999 -9999 -9999 -9999 -9999 -9999 -9999 21 20 19 15 14 11 10 9 9 10 11 11 12 14 14 14 14 13 10 9 8 8 7 7 6 5 5 5 5 5 4 4 4 4 5 5 4 4 4 5 5 5 5 5 5 4 4 3 3 3 4 4 4 4 5 5 5 5 6 10 17 18 17 14 12 14 14 15 16 19 23 28 31 31 31 29
-9999 -9999 -9999 -9999 -9999 -9999 -9999 -9999 -9999 -9999 -9999 -9999 -9999 -9999 -9999 -9999 -9999 -9999 -9999 20 20 19 18 15 14 11 11 9 9 9 10 11 11 11 13 13 11 8 7 7 6 6 6 6 6 5 5 5 5 4 4 4 4 4 4 4 4 4 4 4 4 5 5 5 4 4 3 3 3 3 3 3 4 4 4 5 5 5 6 10 15 16 14 12 10 11 12 14 14 17 19 24 29 31 30 29
-9999 -9999 -9999 -9999 -9999 -9999 -9999 -9999 -9999 -9999 -9999 -9999 -9999 -9999 -9999 -9999 -9999 21 20 19 19 17 16 15 14 12 11 9 9 9 9 9 11 11 10 9 8 7 7 6 5 5 5 5 5 5 5 5 4 4 3 3 3 3 3 3 3 3 3 3 4 4 5 4 4 3 3 3 2 3 3 3 3 3 4 4 4 4 5 9 14 14 11 7 7 7 9 11 13 14 17 20 28 31 30 29
-9999 -9999 -9999 -9999 -9999 -9999 -9999 -9999 -9999 -9999 -9999 -9999 -9999 -9999 -9999 -9999 21 20 19 18 15 15 14 14 14 11 11 9 9 9 9 9 8 8 7 7 7 6 6 6 5 5 5 5 5 5 5 5 4 3 3 3 3 3 3 3 3 3 3 3 3 4 4 4 3 3 2 2 2 2 2 2 3 3 4 4 4 4 6 8 12 9 7 6 7 7 7 9 10 13 15 19 24 28 30 29
-9999 -9999 -9999 -9999 -9999 -9999 -9999 -9999 -9999 -9999 -9999 -9999 -9999 -9999 24 21 20 19 17 15 14 14 14 13 11 10 9 8 8 8 8 8 7 7 6 6 6 6 5 5 5 5 5 5 4 5 5 4 4 3 3 2 2 2 2 3 3 3 2 3 3 3 3 3 3 2 2 0 0 0 1 2 2 3 3 4 4 5 6 7 7 6 6 6 6 6 6 7 8 11 14 18 22 29 31 29
-9999 -9999 -9999 -9999 -9999 -9999 -9999 -9999 -9999 -9999 -9999 -9999 -9999 24 22 19 18 15 15 14 14 13 11 10 8 8 8 8 8 8 7 7 7 6 6 5 5 5 5 5 5 5 4 4 4 4 4 4 4 3 2 2 2 2 2 2 2 2 2 2 2 3 3 3 2 2 0 0 0 0 0 1 2 3 3 4 4 5 6 6 6 5 5 5 6 6 6 6 6 10 12 17 21 28 31 30
-9999 -9999 -9999 -9999 -9999 -9999 -9999 -9999 -9999 -9999 -9999 -9999 24 23 20 17 15 14 14 14 12 10 8 7 7 7 7 7 7 7 7 6 6 6 5 5 5 5 5 5 5 4 4 4 3 3 3 4 3 3 2 2 0 0 0 1 1 1 1 1 2 2 2 2 2 0 0 0 0 0 0 0 2 3 3 4 4 5 6 5 5 5 5 5 5 5 5 6 6 7 11 15 20 28 31 31
-9999 -9999 -9999 -9999 -9999 -9999 -9999 -9999 -9999 -9999 -9999 -9999 23 20 17 14 14 13 13 11 9 8 7 7 6 6 6 6 6 6 6 6 5 5 5 5 5 5 4 4 4 4 3 3 3 3 3 3 3 3 2 1 0 0 0 0 0 0 0 0 0 0 0 0 0 0 0 0 0 0 0 0 2 3 3 4 5 6 5 5 4 5 5 5 5 5 5 5 6 6 10 14 19 26 31 31
-9999 -9999 -9999 -9999 -9999 -9999 -9999 -9999 -9999 -9999 -9999 22 21 18 14 14 13 11 10 8 7 7 6 6 6 6 6 6 6 6 6 5 5 5 5 5 4 4 4 4 4 3 3 3 3 2 2 2 2 2 2 0 0 0 0 0 0 0 0 0 0 0 0 0 0 0 0 0 0 0 0 0 2 3 3 4 5 5 5 4 4 4 5 5 5 5 5 5 5 6 9 14 19 26 29 29
-9999 -9999 -9999 -9999 -9999 -9999 -9999 -9999 -9999 -9999 -9999 21 19 15 13 13 10 8 7 7 6 6 6 5 5 5 5 5 5 5 5 5 5 5 4 4 4 3 3 3 3 3 3 2 2 2 2 2 2 1 0 0 0 0 0 0 0 0 0 0 0 0 0 0 0 0 0 0 0 0 0 0 2 2 3 4 5 5 4 4 4 4 4 4 5 5 5 5 5 6 9 14 19 25 29 26
-9999 -9999 -9999 -9999 -9999 -9999 -9999 -9999 -9999 -9999 -9999 19 18 14 13 9 8 7 7 6 6 6 5 5 5 5 5 5 5 5 5 5 5 4 4 3 3 3 3 3 3 2 2 2 1 0 0 0 0 0 0 0 0 0 0 0 0 0 0 0 0 0 0 0 0 0 0 0 0 0 0 0 1 2 3 3 4 4 4 3 3 3 3 4 4 5 5 5 5 6 9 14 19 26 28 25
-9999 -9999 -9999 -9999 -9999 -9999 -9999 -9999 -9999 -9999 -9999 19 16 14 10 8 7 7 6 6 6 5 5 5 5 5 5 5 5 5 5 5 5 4 3 3 3 2 2 2 2 2 1 0 0 0 0 0 0 0 0 0 0 0 0 0 0 0 0 0 0 0 0 0 0 0 0 0 0 0 0 0 0 2 2 3 3 3 3 3 3 3 3 3 4 4 4 4 5 6 10 14 19 26 28 25
-9999 -9999 -9999 -9999 -9999 -9999 -9999 -9999 -9999 -9999 -9999 19 16 14 9 7 7 6 6 6 6 5 5 5 5 5 5 5 5 5 5 5 4 4 3 3 2 2 1 0 0 0 0 0 0 0 0 0 0 0 0 0 0 0 0 0 0 0 0 0 0 0 0 0 0 0 0 0 0 0 0 0 0 0 2 3 3 3 3 2 2 3 3 3 3 4 4 4 5 6 10 15 19 24 27 26
-9999 -9999 -9999 -9999 -9999 -9999 -9999 -9999 -9999 -9999 -9999 19 16 14 9 7 7 6 6 6 5 5 5 5 5 5 5 5 5 5 5 4 4 3 3 2 2 0 0 0 0 0 0 0 0 0 0 0 0 0 0 0 0 0 0 0 0 0 0 0 0 0 0 0 0 0 0 0 0 0 0 0 0 0 0 2 2 2 2 2 2 2 3 3 3 4 4 4 5 6 12 16 19 21 23 25
-9999 -9999 -9999 -9999 -9999 -9999 -9999 -9999 -9999 -9999 -9999 19 16 14 10 8 7 6 6 6 5 5 5 5 5 5 5 5 5 5 4 4 3 3 2 2 0 0 0 0 0 0 0 0 0 0 0 0 0 0 0 0 0 0 0 0 0 0 0 0 0 0 0 0 0 0 0 0 0 0 0 0 0 0 0 0 2 1 0 0 1 2 2 3 3 3 4 4 5 7 13 17 18 19 20 23
-9999 -9999 -9999 -9999 -9999 -9999 -9999 -9999 -9999 -9999 21 20 15 14 10 8 7 6 6 5 5 5 5 5 5 5 5 5 5 4 4 3 3 2 2 0 0 0 0 0 0 0 0 0 0 0 0 0 0 0 0 0 0 0 0 0 0 0 0 0 0 0 0 0 0 0 0 0 0 0 0 0 0 0 0 0 0 0 0 0 0 1 2 3 3 3 4 4 5 7 14 15 16 16 17 20
-9999 -9999 -9999 -9999 -9999 -9999 -9999 -9999 -9999 -9999 21 20 15 14 10 8 7 6 6 5 5 5 5 5 5 4 4 4 4 4 3 3 2 2 0 0 0 0 0 0 0 0 0 0 0 0 0 0 0 0 0 0 0 0 0 0 0 0 0 0 0 0 0 0 0 0 0 0 0 0 0 0 0 0 0 0 0 0 0 0 0 1 2 3 3 4 4 5 6 10 14 14 14 14 16 18
-9999 -9999 -9999 -9999 -9999 -9999 -9999 -9999 -9999 -9999 21 19 14 13 9 7 7 6 5 5 5 5 5 4 4 4 4 4 4 3 3 2 2 0 0 0 0 0 0 0 0 0 0 0 0 0 0 0 0 0 0 0 0 0 0 0 0 0 0 0 0 0 0 0 0 0 0 0 0 0 0 0 0 0 0 0 0 0 0 0 0 1 2 3 3 4 4 5 7 11 13 13 13 13 14 16
-9999 -9999 -9999 -9999 -9999 -9999 -9999 -9999 -9999 -9999 20 19 14 11 9 7 6 6 5 5 5 5 4 4 3 3 3 3 3 3 3 2 0 0 0 0 0 0 0 0 0 0 0 0 0 0 0 0 0 0 0 0 0 0 0 0 0 0 0 0 0 0 0 0 0 0 0 0 0 0 0 0 0 0 0 0 0 0 0 0 0 2 2 3 4 4 5 6 8 11 11 11 10 11 12 14
-9999 -9999 -9999 -9999 -9999 -9999 -9999 -9999 -9999 -9999 20 18 14 11 8 7 6 6 5 5 5 5 4 3 3 3 3 3 3 3 2 2 0 0 0 0 0 0 0 0 0 0 0 0 0 0 0 0 0 0 0 0 0 0 0 0 0 0 0 0 0 0 0 0 0 0 0 0 0 0 0 0 0 0 0 0 0 0 0 0 0 2 3 3 4 5 6 7 8 8 8 8 8 8 8 12
-9999 -9999 -9999 -9999 -9999 -9999 -9999 -9999 -9999 21 19 16 14 10 8 7 6 6 5 5 5 4 3 3 3 3 3 3 3 2 2 0 0 0 0 0 0 0 0 0 0 0 0 0 0 0 0 0 0 0 0 0 0 0 0 0 0 0 0 0 0 0 0 0 0 0 0 0 0 0 0 0 0 0 0 0 0 0 0 0 0 2 3 4 4 5 6 7 7 7 7 7 7 7 7 8
-9999 -9999 -9999 -9999 -9999 -9999 -9999 -9999 24 21 19 15 14 10 8 7 6 6 5 5 5 4 3 3 3 3 3 3 3 2 2 0 0 0 0 0 0 0 0 0 0 0 0 0 0 0 0 0 0 0 0 0 0 0 0 0 0 0 0 0 0 0 0 0 0 0 0 0 0 0 0 0 0 0 0 0 0 0 0 0 0 2 3 3 4 5 6 7 7 6 6 6 6 6 7 7
-9999 -9999 -9999 -9999 -9999 -9999 -9999 26 24 20 18 15 14 10 8 7 6 6 5 5 4 4 3 3 3 3 3 3 3 2 2 0 0 0 0 0 0 0 0 0 0 0 0 0 0 0 0 0 0 0 0 0 0 0 0 0 0 0 0 0 0 0 0 0 0 0 0 0 0 0 0 0 0 0 0 0 0 0 0 0 0 2 2 3 4 4 5 6 6 6 6 6 6 6 6 6
-9999 -9999 -9999 -9999 -9999 -9999 -9999 26 23 20 18 15 14 10 8 7 6 6 5 5 4 4 3 3 3 3 3 3 3 2 2 0 0 0 0 0 0 0 0 0 0 0 0 0 0 0 0 0 0 0 0 0 0 0 0 0 0 1 1 0 0 0 0 0 0 0 0 0 0 0 0 0 0 0 0 0 0 0 0 0 0 0 2 3 3 4 5 6 6 5 6 6 5 6 6 6
-9999 -9999 -9999 -9999 -9999 -9999 31 27 23 20 18 15 14 10 8 7 6 6 5 5 5 4 4 3 3 3 3 3 3 3 2 0 0 0 0 0 0 0 0 0 0 0 0 0 0 0 0 0 0 0 0 0 0 0 2 2 2 2 2 2 0 0 0 0 0 0 0 0 0 0 0 0 0 0 0 0 0 0 0 0 0 0 1 2 3 4 5 5 5 5 5 5 5 5 5 5
-9999 -9999 -9999 -9999 -9999 -9999 31 27 23 20 19 15 14 10 8 7 6 6 5 5 5 4 4 4 4 4 4 4 3 3 2 1 0 0 0 0 0 0 0 0 0 0 0 0 0 0 0 0 0 0 1 2 2 2 2 3 3 3 3 2 1 0 0 0 0 0 0 0 0 0 0 0 0 0 0 0 0 0 0 0 0 0 0 2 3 3 5 5 5 5 5 5 5 5 5 5
-9999 -9999 -9999 -9999 -9999 31 30 26 24 21 19 16 14 11 8 7 6 6 6 5 5 5 5 4 4 4 4 4 4 3 3 2 0 0 0 0 0 0 0 0 0 0 0 0 0 0 0 0 0 2 2 3 3 3 3 4 4 4 3 3 2 0 0 0 0 0 0 0 0 0 0 0 0 0 0 0 0 0 0 0 0 0 0 2 2 3 4 5 5 5 5 5 5 5 5 5
-9999 -9999 -9999 -9999 -9999 31 30 26 24 22 20 18 15 11 9 7 6 6 6 5 5 5 5 5 5 5 5 5 4 4 3 2 2 0 0 0 0 0 0 0 0 0 0 0 0 0 0 0 2 2 3 3 4 4 4 5 5 4 4 3 2 2 0 0 0 0 0 0 0 0 0 0 0 0 0 0 0 0 0 0 0 0 0 1 2 3 4 4 5 5 5 5 5 5 5 5
-9999 -9999 -9999 -9999 -9999 31 29 26 24 23 21 19 16 14 10 7 7 6 6 6 6 6 5 5 5 5 5 5 5 4 4 3 3 2 0 0 0 0 0 0 0 0 0 0 0 0 0 2 2 3 3 4 4 5 5 5 5 5 4 3 3 2 2 0 0 0 0 0 0 0 0 0 0 0 0 0 0 0 0 0 0 0 0 0 2 3 3 4 4 4 4 4 4 5 5 5
-9999 -9999 -9999 -9999 -9999 -9999 29 25 24 23 21 20 17 14 11 9 7 7 7 6 6 6 6 6 6 6 5 5 5 5 5 4 4 3 2 0 0 0 0 0 0 0 0 0 0 0 1 2 3 3 3 4 4 5 5 5 6 5 5 4 4 3 2 2 0 0 0 0 0 0 0 0 0 0 0 0 0 0 0 0 0 0 0 0 1 2 3 3 3 3 3 3 4 4 4 4
-9999 -9999 -9999 -9999 -9999 -9999 -9999 -9999 24 24 21 20 18 15 13 11 8 8 7 7 7 7 7 7 6 6 6 6 6 6 6 5 4 3 2 1 0 0 0 0 0 0 0 0 0 0 2 2 3 3 4 4 5 5 5 6 6 5 5 5 4 3 3 2 0 0 0 0 0 0 0 0 0 0 0 0 0 0 0 0 0 0 0 0 0 2 2 3 3 3 3 3 3 3 4 4
-9999 -9999 -9999 -9999 -9999 -9999 -9999 -9999 -9999 24 21 20 18 15 14 11 11 9 8 8 8 8 7 7 7 6 6 7 7 8 7 6 5 4 3 2 0 0 0 0 0 0 0 0 0 0 2 3 3 4 4 5 5 5 5 6 6 5 5 5 4 4 3 2 2 0 0 0 0 0 0 0 0 0 0 0 0 0 0 0 0 0 0 0 0 0 2 2 3 3 3 3 3 3 3 4
-9999 -9999 -9999 -9999 -9999 -9999 -9999 -9999 -9999 -9999 21 20 18 15 14 11 11 10 9 9 8 8 8 8 7 7 7 7 11 11 10 6 5 4 3 2 1 0 0 0 0 0 0 0 0 2 2 3 3 4 4 5 5 5 6 6 5 5 5 5 4 4 3 3 2 0 0 0 0 0 0 0 0 0 0 0 0 0 0 0 0 0 0 0 0 0 0 2 2 2 2 2 2 3 3 4
