Rscript/monthly_maps/SnowDepthMapFile-mean-1990-02.asc
ncols 320 
nrows 361 
xllcorner 618410.159 
yllcorner 5088785.286 
cellsize 100 
NODATA_value -9999 
[rows 276 to 298 of 361, columns 53 to 105 of 320]
1020.67701067243 992.333459036691 982.09073311942 970.702440534319 934.336972917829 890.511716570173 841.982363019671 807.493384225028 785.286605834961 777.216149466378 745.427512032645 755.209803989955 755.945731026786 759.134028843471 765.445547921317 771.137547084263 773.690904889788 773.133871895926 767.907771519252 769.538077218192 781.117752075195 830.458245413644 871.326945713588 911.35916355678 978.123153686523 1032.56912667411 1111.75666809082 1205.21722848075 1255.42929513114 1238.49151611328 1151.55756487165 1062.42495291574 1013.30480521066 974.999400547573 971.548030308315 951.932037353516 961.517606462751 943.368109566825 874.874441964286 807.581386021205 787.744467599051 732.765208653041 683.186381748744 624.821632385254 517.898886544364 439.466816493443 401.433429173061 367.174185071673 341.123513902937 304.389885493687 275.840710231236 245.042726925441 221.551452875137
996.87720816476 1003.11598859515 990.645812988281 999.130737304688 966.027117047991 919.964939662388 872.639469691685 836.268393380301 803.055358886719 790.927041190011 781.248179844448 772.634863717215 768.414555140904 768.672487531389 779.151779174805 779.12241254534 776.902712140764 775.010593959263 784.48218863351 809.023202078683 839.636287144252 871.466644287109 903.353940691267 965.368903023856 1034.10938807896 1122.21597290039 1215.89185442243 1276.88252040318 1246.44372122628 1155.75797598703 1065.68426077706 1012.16232953753 969.989074707031 943.770880562918 925.340983799526 912.628149850028 888.345023018973 853.0025503976 806.790008544922 775.545181274414 764.514258248465 726.729594639369 710.289143153599 662.698699951172 577.247181483677 474.446005684989 423.536952427455 391.489552089146 361.373737880162 322.330039433071 284.501835959298 275.052619661604 230.983741828373
1017.03471592494 1013.09968348912 1022.58924429757 1009.3869934082 994.014375959124 956.186237880162 916.968678065709 868.158017839704 833.798021589007 798.51150730678 797.650974818638 791.46174621582 781.636396135603 781.382337297712 785.041076660156 795.917988368443 820.77664402553 833.135798863002 846.025841849191 862.775089808873 880.139997209821 911.543125697545 972.575659615653 1061.63636561802 1166.95452444894 1255.25411551339 1297.45172119141 1279.41020420619 1191.76641845703 1110.24252101353 1056.37035696847 1003.9394771031 980.686634608677 953.863043648856 935.025569370815 887.714263916016 827.189313616071 770.077028547014 735.881275721959 728.286133902414 727.507036481585 717.381695338658 695.6605355399 655.171782357352 595.737048557826 488.559354509626 428.751400538853 412.023000989641 372.466573442732 335.958665030343 299.231388092041 274.733883721488 240.080092157636
1042.65296282087 1047.99546160017 1042.98673575265 1026.24889046805 1013.87229701451 999.293188912528 968.24395098005 912.953728812082 876.290921892439 839.799307686942 819.132603236607 812.742479596819 804.788768223354 813.875621250698 846.015642438616 866.78547668457 875.558408464704 877.401875087193 887.492449079241 908.104609898159 938.063398088728 982.347074236189 1081.22973850795 1187.31332397461 1251.28643798828 1329.0285949707 1302.10436139788 1238.02445765904 1173.26544625419 1097.5683833531 1062.65483529227 1019.86227199009 994.676450456892 971.05052621024 937.840046473912 875.939217703683 804.953090122768 769.161100115095 753.430112566267 731.391276768276 719.827599661691 704.03475189209 686.280702863421 656.30689566476 581.455951145717 496.304101126535 442.262332371303 419.924349103655 396.961133684431 372.39402280535 331.062064579555 282.240013122559 242.830280576433
1067.82522800991 1056.99427577427 1061.97247532436 1050.03191048758 1039.59184483119 1029.56309945243 1005.01067461286 967.327346801758 922.093416486468 877.442145211356 859.209204537528 854.027960641043 873.728256225586 890.292776925223 909.632417951311 927.017950875418 958.231281825474 962.597100394113 977.873308454241 1008.06842694964 1048.25378199986 1111.83380998884 1188.19351632254 1298.72190638951 1339.2387738909 1335.06422206334 1282.14048549107 1231.11915370396 1181.85672215053 1135.6801234654 1100.27378191267 1070.98080444336 1012.89215959821 981.862483433315 937.169213431222 867.454565865653 810.698551722935 770.626168387277 760.89966910226 776.251172746931 754.509429931641 730.684775216239 708.687844412667 671.700692313058 606.555487496512 526.88748386928 479.997910635812 442.800241742815 423.627423967634 383.022362300328 337.47497177124 295.024870191302 274.636521475656
1080.65922982352 1079.18958609445 1077.91819109235 1072.87248447963 1056.23638698033 1055.89012145996 1052.5988180978 1028.95853533064 972.940362112863 942.26295035226 928.635482788086 906.118279593332 939.349227905273 946.608993530273 979.728046962193 1018.91993277414 1052.74918256487 1102.41990443638 1143.6907523019 1164.40474155971 1180.05818830218 1219.38889857701 1291.50704084124 1353.83110700335 1357.04640415737 1315.06931849888 1281.94877406529 1261.47295706613 1226.88923863002 1172.16796439035 1116.06723240444 1078.39483860561 1021.94828796387 973.788724626814 925.86812046596 862.217483520508 831.845073154994 813.481741768973 812.177492414202 795.932778494699 771.766656058175 742.376983642578 716.739992414202 691.347682407924 648.905581883022 587.393947056362 528.214127676828 486.842507498605 441.212378365653 407.424435206822 365.854185921805 311.809700557164 277.028313500541
1099.10599626814 1097.42245047433 1091.26196725028 1088.31295122419 1071.30976649693 1091.41264561244 1093.37799508231 1079.79383414132 1022.79807826451 976.030811854771 979.350529261998 964.738863263811 991.540213448661 999.38839503697 1031.44681876046 1079.43354361398 1126.1140158517 1198.57991245815 1233.81311035156 1250.91363961356 1281.09281267439 1320.92259434291 1343.25948660714 1376.69465419224 1340.10854230608 1317.90811157227 1309.11109706334 1290.13996233259 1261.362361363 1200.74885777065 1130.54024832589 1067.85266985212 1006.50039454869 953.036884852818 924.686763218471 889.356327601841 865.125002179827 843.480503627232 823.053935459682 809.835015433175 794.630977085659 767.692075456892 737.317969185965 716.371449061802 692.055546351841 660.575234549386 610.178774152483 548.373996189662 480.734129769462 432.786455426897 372.838148934501 335.468894958496 284.762282235282
1105.69175066267 1114.49038696289 1107.72658865792 1108.80694144113 1113.09226989746 1141.35498700823 1161.64839826311 1110.54849243164 1059.45507376535 1038.17801121303 1027.69041660854 1030.76805768694 1049.63148280552 1058.88914053781 1056.62572152274 1089.91523524693 1162.60458374023 1215.01664951869 1250.7282496861 1294.31926182338 1331.43494088309 1370.31724330357 1377.4010925293 1370.49797712054 1334.17045375279 1326.88805716378 1318.24203927176 1305.86657714844 1274.62268066406 1201.80000523158 1097.32865251814 1043.00893729074 982.686556134905 957.319652012416 949.219966343471 934.805358886719 906.977190290179 885.108531406948 869.015080043248 848.176075526646 812.236737932478 789.550203595843 762.014406476702 738.164908272879 727.49500819615 713.150109427316 681.742446899414 614.991967337472 534.792550223214 453.317884172712 403.279130118234 355.041327885219 303.902667454311
1121.81800842285 1160.04892185756 1163.97551836286 1164.20587158203 1194.51000540597 1220.96517508371 1209.73841639927 1148.4352809361 1102.88235473633 1080.37992422921 1069.11474391392 1080.22611127581 1084.96257890974 1093.88666861398 1081.67648097447 1104.9727369036 1169.74841526576 1217.89168875558 1263.9502999442 1290.20135062081 1329.52531215123 1391.79739379883 1404.55838448661 1374.96592058454 1316.36342511858 1315.67251586914 1298.11961146763 1283.44376918248 1253.32600620815 1164.9693712507 1091.79088919503 1046.14368765695 1001.48881530762 989.872451782227 987.459841047014 974.269104003906 962.00870186942 962.387649536133 956.249452863421 904.834760393415 844.4722769601 801.323026384626 786.74129813058 769.997654506138 747.617802211216 733.37200491769 711.035005841936 668.105830601284 590.152224949428 491.931098937988 423.341188703264 376.864582606724 320.732173374721
1165.28158787319 1193.63957432338 1202.11330740792 1205.65881347656 1240.65773664202 1245.04019601004 1235.88348824637 1190.15872192383 1153.64645603725 1114.13911655971 1101.55245753697 1108.41805594308 1116.23417445592 1106.23299734933 1093.00316946847 1125.40937805176 1185.98818533761 1235.49078805106 1292.18123517718 1300.42207554408 1334.77811976842 1406.55909511021 1437.35232979911 1408.88283865792 1339.94893101283 1300.52232578823 1284.16120256696 1269.8758719308 1240.21216256278 1182.17428588867 1111.53926522391 1076.85174560547 1036.02111162458 1009.54989188058 1005.42840794155 1000.48173740932 1002.33731951032 1021.49397059849 1003.31099373954 950.21624319894 876.59243120466 812.561641148159 801.203853062221 790.556468418666 769.496390206473 744.139282226562 720.707445417132 684.058569771903 616.884302411761 523.737594604492 434.985169546945 371.72424697876 329.372950417655
1187.05128261021 1213.11909702846 1244.03904506138 1254.64258684431 1284.47408185686 1296.47491455078 1243.44665527344 1229.42766898019 1210.43748256138 1195.98750523158 1165.78616768973 1153.52814810617 1142.48813302176 1145.17061070033 1125.76187133789 1150.30825151716 1199.3590523856 1258.49718802316 1312.62538800921 1337.78086199079 1365.07968139648 1417.10323660714 1445.25481305804 1478.01949637277 1384.73005894252 1330.85255650112 1298.64502825056 1281.53500802176 1250.2211957659 1223.88635253906 1148.14367457799 1094.83904811314 1060.33358546666 1039.54641287667 1019.19578770229 1027.77580697196 1042.90707833426 1039.72147696359 1018.22559247698 968.013907296317 902.25348336356 842.564860752651 809.92032296317 797.822113037109 775.31491960798 745.206187656948 720.904737200056 686.856466020857 626.885972159249 534.645839146205 437.935720171247 377.243118286133 353.258155822754
1199.63599940709 1234.82724870954 1269.60258701869 1293.93119158064 1314.98906598772 1312.44100952148 1266.74847848075 1263.36793736049 1243.90921020508 1242.13907732282 1236.26996285575 1210.33336966378 1187.94894845145 1182.30182320731 1165.31220572335 1152.60007585798 1226.77679007394 1277.55041503906 1346.40580967494 1395.81074305943 1427.39358084542 1448.45098005022 -9999 1447.23515973772 1405.98660714286 1348.59473964146 1335.48267473493 1346.25391932896 1312.7147870745 1250.0157863072 1225.7875453404 1148.19256155831 1111.05094909668 1079.58918108259 1078.33403233119 1081.22198050363 1099.76284354074 1050.58692714146 1005.69162859235 982.798032488142 923.856665475028 852.171112060547 811.835462297712 795.539369855608 772.35495867048 731.57568359375 708.010644095285 675.006402151925 618.904494149344 525.56362588065 437.88786642892 386.693736485073 349.825535365513
1221.31860351562 1259.86098371233 1329.89811924526 1345.08255004883 1344.98498535156 1309.80341448103 1305.33637782506 1297.81578281948 1291.46515764509 1290.02855137416 1265.59213692801 1258.98966761998 1233.89956665039 1223.97858973912 1171.66659109933 1181.63494873047 1248.0051007952 1360.50478690011 1405.37923322405 1427.7010672433 1456.47036307199 -9999 -9999 -9999 -9999 -9999 -9999 1368.32248796735 1341.92895507812 1299.58808244978 1274.36817278181 1250.77009800502 1213.09347970145 1176.58401053292 1146.95063999721 1124.0283203125 1106.7736794608 1053.36859130859 984.242752075195 973.389914376395 924.028370448521 843.14735194615 812.347811017718 792.563173566546 756.630432128906 723.848999023438 699.521178109305 670.752014160156 606.019671848842 520.126822335379 433.928928920201 393.553143092564 354.561066763742
1232.60897391183 1311.54376656669 1359.57449776786 1395.02206856864 1358.57698277065 1333.26780482701 1328.16072736468 1320.37049211775 1320.34099033901 1330.02483258929 1302.59636579241 1286.56291852679 1257.98409162249 1232.66211373465 1202.55714634487 1218.49466814314 1330.3762425014 1426.81280953544 1436.63602992467 -9999 -9999 -9999 -9999 -9999 -9999 -9999 -9999 -9999 -9999 -9999 -9999 1291.61582292829 1267.93108258929 1235.62602015904 1189.21937779018 -9999 -9999 -9999 -9999 971.305692400251 906.787968226841 843.437364850725 806.737319946289 789.113564627511 755.4036996024 722.888907296317 695.988840375628 668.456457955497 595.61631992885 512.728441510882 431.891525268555 402.730959756034 371.454109736851
1273.72280011858 1362.9906703404 1410.27384294782 1402.82909720285 1361.611441476 1353.6575012207 1351.99816894531 1339.42575073242 1337.9544808524 1339.4618094308 1329.54930332729 1301.8070765904 1288.89662824358 1265.21948242188 1234.48102242606 1288.6829964774 1370.86556570871 1423.9983694894 -9999 -9999 -9999 -9999 -9999 -9999 -9999 -9999 -9999 -9999 -9999 -9999 -9999 -9999 -9999 -9999 -9999 -9999 -9999 -9999 -9999 -9999 -9999 831.055356706892 803.421419416155 788.197110857282 753.970393589565 723.192299979074 703.589224679129 667.21599142892 591.6842313494 505.764711652483 431.074363708496 402.72241973877 371.274034227644
1324.87932477679 1393.39300537109 1451.35478864397 1401.19985961914 1371.03725324358 1368.30175345285 1350.38054983956 1329.67994035993 1326.71208844866 1338.31102207729 1328.17955671038 1322.86391775949 1300.43891688756 1291.0939113072 1311.68776157924 1359.16924612863 1415.45044817243 -9999 -9999 -9999 -9999 -9999 -9999 -9999 -9999 -9999 -9999 -9999 -9999 -9999 -9999 -9999 -9999 -9999 -9999 -9999 -9999 -9999 -9999 -9999 -9999 -9999 803.739037649972 781.765751429966 755.596348353795 724.926276070731 701.161782400949 668.243056161063 592.318750653948 503.942844935826 431.556660243443 401.767299107143 376.681031908308
1376.40995134626 1442.88634817941 1445.99605887277 1397.44083949498 1365.05435616629 1364.50201851981 1350.19351632254 1342.26359340123 1358.43492344448 1337.63606044224 1340.18394688198 1335.57954188756 1321.88093348912 1353.55152239118 1382.8782523019 1411.41777692522 1450.422908238 -9999 -9999 -9999 -9999 -9999 -9999 -9999 -9999 -9999 -9999 -9999 -9999 -9999 -9999 -9999 -9999 -9999 -9999 -9999 -9999 -9999 -9999 -9999 -9999 -9999 -9999 -9999 753.146800449916 722.486469813756 684.005583626883 671.321594238281 592.719111851284 507.395350864955 444.459288460868 415.68843296596 388.242432185582
1461.4523097447 1495.53380475725 1475.28490774972 1407.60755702427 1391.08679635184 1400.0332598005 1418.55532836914 1433.60207257952 1416.59066336496 1392.49539620536 1363.09876360212 1382.60561261858 1390.40104893276 1395.41141619001 1430.92831420898 -9999 -9999 -9999 -9999 -9999 -9999 -9999 -9999 -9999 -9999 -9999 -9999 -9999 -9999 -9999 -9999 -9999 -9999 -9999 -9999 -9999 -9999 -9999 -9999 -9999 -9999 -9999 -9999 -9999 -9999 -9999 676.144766671317 649.128871372768 587.386732918876 510.578395298549 460.614448547363 425.35024370466 411.172068459647
1523.24312482561 1540.61736624581 1545.8055027553 1482.47237723214 1448.36486816406 1427.02597045898 1467.15828595843 1481.59341866629 1463.52542986189 1456.95284162249 1394.40127999442 1420.73017229353 1426.39354160854 -9999 -9999 -9999 -9999 -9999 -9999 -9999 -9999 -9999 -9999 -9999 -9999 -9999 -9999 -9999 -9999 -9999 -9999 -9999 -9999 -9999 -9999 -9999 -9999 -9999 -9999 -9999 -9999 -9999 -9999 -9999 -9999 -9999 -9999 638.978933061872 583.889025006975 523.140648978097 480.081964765276 434.884097508022 416.281329018729
-9999 -9999 1576.11740112305 1550.15197317941 1511.34934779576 -9999 -9999 -9999 -9999 1497.11510794503 -9999 -9999 -9999 -9999 -9999 -9999 -9999 -9999 -9999 -9999 -9999 -9999 -9999 -9999 -9999 -9999 -9999 -9999 -9999 -9999 -9999 -9999 -9999 -9999 -9999 -9999 -9999 -9999 -9999 -9999 -9999 -9999 -9999 -9999 -9999 -9999 -9999 -9999 577.452153887068 535.947362627302 491.097608293806 453.355882917132 421.605798993792
-9999 -9999 -9999 -9999 -9999 -9999 -9999 -9999 -9999 -9999 -9999 -9999 -9999 -9999 -9999 -9999 -9999 -9999 -9999 -9999 -9999 -9999 -9999 -9999 -9999 -9999 -9999 -9999 -9999 -9999 -9999 -9999 -9999 -9999 -9999 -9999 -9999 -9999 -9999 -9999 -9999 -9999 -9999 -9999 -9999 -9999 -9999 -9999 567.762475149972 543.284762791225 502.91062600272 463.212437220982 423.325664520264
-9999 -9999 -9999 -9999 -9999 -9999 -9999 -9999 -9999 -9999 -9999 -9999 -9999 -9999 -9999 -9999 -9999 -9999 -9999 -9999 -9999 -9999 -9999 -9999 -9999 -9999 -9999 -9999 -9999 -9999 -9999 -9999 -9999 -9999 -9999 -9999 -9999 -9999 -9999 -9999 -9999 -9999 -9999 -9999 -9999 -9999 -9999 -9999 -9999 533.493772234236 500.262257167271 464.387381417411 425.701216016497
-9999 -9999 -9999 -9999 -9999 -9999 -9999 -9999 -9999 -9999 -9999 -9999 -9999 -9999 -9999 -9999 -9999 -9999 -9999 -9999 -9999 -9999 -9999 -9999 -9999 -9999 -9999 -9999 -9999 -9999 -9999 -9999 -9999 -9999 -9999 -9999 -9999 -9999 -9999 -9999 -9999 -9999 -9999 -9999 -9999 -9999 -9999 -9999 -9999 520.73671068464 495.337892804827 458.372301374163 438.236316135951
