Rscript/monthly_maps/SnowDepthMapFile-max-1989-11.asc
ncols 320 
nrows 361 
xllcorner 618410.159 
yllcorner 5088785.286 
cellsize 100 
NODATA_value -9999 
[rows 299 to 321 of 361, columns 159 to 211 of 320]
885.439270019531 816.317199707031 783.158996582031 677.565063476562 578.070007324219 536.274169921875 547.665405273438 597.235656738281 616.748046875 610.452819824219 609.035888671875 688.025329589844 870.853271484375 936.447326660156 868.320068359375 658.723449707031 553.388671875 531.781616210938 514.619812011719 490.461608886719 459.842834472656 431.839569091797 405.970764160156 388.235168457031 387.785797119141 365.944641113281 348.533325195312 326.377349853516 303.85888671875 268.141479492188 203.654541015625 117.479309082031 95.629638671875 74.1532669067383 57.0940284729004 50.5075721740723 57.9974899291992 69.3444747924805 85.2803115844727 100.322616577148 112.794578552246 204.714706420898 277.941558837891 327.7724609375 360.206665039062 372.973510742188 382.267578125 394.789489746094 426.763671875 469.206848144531 493.387329101562 486.176422119141 432.900085449219
973.160278320312 988.735473632812 955.369384765625 925.770202636719 787.057556152344 604.930969238281 587.066711425781 603.171264648438 618.168395996094 622.445373535156 622.067565917969 650.165161132812 789.505981445312 880.268188476562 852.509704589844 660.161499023438 551.149291992188 522.588012695312 498.527130126953 472.003173828125 443.763854980469 413.647918701172 387.488128662109 376.920989990234 361.434722900391 347.134307861328 329.369140625 301.993957519531 261.490661621094 195.554550170898 129.150299072266 104.345642089844 87.3812255859375 68.7832489013672 61.1069946289062 68.3036804199219 82.9753570556641 94.2324523925781 105.067642211914 113.575340270996 152.336166381836 238.426895141602 292.905639648438 342.751861572266 373.095245361328 390.585479736328 399.234252929688 412.103454589844 453.490661621094 489.211791992188 502.40234375 483.815979003906 421.462890625
972.829284667969 949.178588867188 979.836181640625 977.447998046875 931.045654296875 742.608642578125 616.794372558594 611.06005859375 613.030212402344 628.970520019531 644.279296875 675.707702636719 740.486755371094 822.94384765625 817.962707519531 670.726013183594 560.975708007812 521.227172851562 492.581146240234 460.967559814453 415.795989990234 392.143188476562 374.533813476562 365.025115966797 346.390502929688 328.836669921875 305.816619873047 267.123748779297 197.057601928711 129.102737426758 103.119003295898 95.7460403442383 78.9942245483398 67.3566665649414 71.0264358520508 86.2542724609375 101.818885803223 112.006828308105 138.492370605469 161.649749755859 201.319671630859 257.818572998047 299.390869140625 341.556793212891 372.948486328125 400.602416992188 426.428405761719 455.060791015625 481.045776367188 507.766448974609 514.80908203125 475.899169921875 419.151672363281
822.323669433594 864.914672851562 910.911926269531 950.704711914062 951.005920410156 872.008728027344 710.428649902344 648.590515136719 636.133605957031 647.596313476562 667.232849121094 685.912414550781 738.578369140625 809.736267089844 806.142395019531 672.032043457031 594.177124023438 526.434753417969 494.21142578125 456.140686035156 413.441589355469 390.85546875 373.437652587891 350.181762695312 330.942108154297 311.681884765625 274.708404541016 220.337753295898 151.640762329102 111.433395385742 103.214996337891 89.2341613769531 76.9145202636719 73.0321350097656 85.5950698852539 101.023513793945 126.391036987305 193.301742553711 239.426284790039 248.584747314453 263.204376220703 292.883850097656 310.822540283203 338.289245605469 366.175933837891 399.755340576172 450.147247314453 481.952392578125 513.771118164062 522.023559570312 506.01318359375 468.801879882812 438.869110107422
648.944396972656 678.486145019531 739.854248046875 822.326477050781 913.796997070312 924.032958984375 845.019592285156 731.442260742188 665.590148925781 650.060729980469 669.8828125 719.922424316406 803.30419921875 863.101318359375 846.442504882812 713.806701660156 609.487915039062 536.67138671875 501.884124755859 470.208648681641 421.64697265625 396.333374023438 374.935882568359 353.969482421875 322.496795654297 294.954071044922 249.177749633789 173.489288330078 122.232009887695 112.314636230469 102.413696289062 93.2475891113281 85.4044952392578 87.8207168579102 98.2336120605469 109.878723144531 179.08757019043 261.340057373047 298.858734130859 302.265289306641 304.498413085938 319.264831542969 331.783752441406 344.916839599609 363.718139648438 395.768768310547 459.101745605469 503.470489501953 536.544921875 541.362731933594 500.127593994141 476.058410644531 453.831268310547
602.216796875 607.371826171875 613.7958984375 676.431823730469 790.206237792969 881.971313476562 921.59130859375 876.098876953125 843.666442871094 799.426147460938 801.473327636719 847.374938964844 902.270690917969 926.780090332031 860.104858398438 725.555236816406 621.626770019531 547.316833496094 513.235656738281 480.235137939453 457.291900634766 423.900817871094 391.449981689453 363.253295898438 326.1728515625 289.830413818359 236.214584350586 158.444046020508 122.239990234375 118.282730102539 110.068511962891 103.550933837891 100.62198638916 103.235374450684 112.397735595703 123.832252502441 207.461135864258 288.567321777344 334.872985839844 343.651092529297 341.268463134766 339.391845703125 352.523712158203 356.466918945312 367.282409667969 396.363006591797 463.825897216797 515.480224609375 555.977905273438 535.5537109375 504.673767089844 487.411071777344 467.328247070312
578.8154296875 591.515747070312 599.092041015625 610.784851074219 676.797729492188 793.738830566406 904.62451171875 942.66796875 939.876098632812 913.776245117188 897.206115722656 937.387939453125 952.033386230469 939.207092285156 847.631896972656 681.500244140625 607.12060546875 547.727478027344 519.020324707031 493.383209228516 467.494293212891 444.784484863281 412.370513916016 371.32568359375 327.486083984375 282.506927490234 234.854293823242 162.470230102539 127.96314239502 120.750640869141 116.322906494141 113.857711791992 115.712677001953 117.431327819824 126.212310791016 159.609237670898 225.338150024414 287.613983154297 344.258483886719 388.182647705078 373.759246826172 367.7021484375 372.840362548828 369.832000732422 377.197357177734 405.159118652344 472.045013427734 522.5634765625 557.594970703125 542.196044921875 513.448059082031 497.735626220703 480.655303955078
564.341430664062 579.891418457031 589.2509765625 601.864318847656 629.983215332031 698.230285644531 853.417785644531 937.307434082031 998.094787597656 1031.53381347656 1039.8115234375 1028.11804199219 970.753051757812 889.156127929688 772.93359375 619.823852539062 551.795104980469 526.459838867188 503.141418457031 484.316375732422 464.259735107422 444.681579589844 416.164855957031 369.315734863281 324.526062011719 282.901580810547 243.853546142578 184.248428344727 163.459671020508 167.216110229492 186.013137817383 208.250762939453 221.646057128906 209.310638427734 198.147827148438 211.050842285156 254.297164916992 291.062347412109 335.44384765625 391.073364257812 406.558044433594 394.463989257812 385.982391357422 385.872711181641 390.13134765625 419.372009277344 483.438903808594 528.439758300781 558.482055664062 546.597229003906 523.008605957031 510.296356201172 499.077484130859
551.454528808594 568.84521484375 579.182189941406 592.979064941406 618.563659667969 677.202026367188 808.403259277344 894.187377929688 955.302551269531 1033.02038574219 1083.82861328125 1059.38720703125 958.0966796875 858.86328125 686.127624511719 577.428955078125 529.91357421875 506.542938232422 486.362213134766 463.930938720703 444.929138183594 421.735260009766 386.92529296875 357.038360595703 319.986297607422 293.911193847656 259.837066650391 222.736175537109 221.135955810547 246.523956298828 265.401519775391 282.095062255859 289.964019775391 277.982238769531 267.950225830078 265.121948242188 287.745971679688 308.268768310547 329.277954101562 371.683715820312 417.739837646484 420.905578613281 409.207061767578 402.426910400391 408.862487792969 448.643585205078 495.701690673828 541.224487304688 560.0576171875 557.673278808594 538.917419433594 524.934265136719 520.489929199219
521.5380859375 534.584228515625 556.6220703125 587.620239257812 608.562683105469 673.446533203125 750.156799316406 860.267639160156 898.192199707031 972.531127929688 1033.40771484375 1039.69128417969 951.1982421875 844.113159179688 660.633178710938 542.257080078125 513.29248046875 492.543579101562 471.164398193359 447.963775634766 419.819458007812 392.905151367188 373.813659667969 352.168853759766 324.35205078125 303.891296386719 278.844360351562 268.795623779297 271.028167724609 292.424377441406 311.511199951172 337.376190185547 340.912109375 328.385528564453 309.625183105469 301.774597167969 310.946929931641 333.279907226562 343.298492431641 361.489440917969 408.652587890625 437.953369140625 436.766784667969 430.274475097656 440.509582519531 472.345703125 507.659851074219 549.68798828125 562.715759277344 561.192138671875 551.102844238281 543.324401855469 543.315490722656
501.929107666016 519.2587890625 538.999450683594 575.033996582031 600.432983398438 622.284973144531 660.652893066406 739.450927734375 825.81640625 896.674011230469 999.912536621094 1011.22412109375 947.87353515625 818.585083007812 619.655944824219 531.816223144531 501.823059082031 482.347534179688 460.299285888672 434.664794921875 411.017608642578 397.335083007812 376.703277587891 361.962677001953 342.537628173828 322.599487304688 308.298828125 302.229461669922 308.67626953125 318.731414794922 342.206298828125 372.181884765625 392.895080566406 372.458740234375 350.638641357422 335.785949707031 329.7314453125 344.940002441406 365.605621337891 368.348663330078 387.934051513672 437.154052734375 454.992950439453 458.674102783203 467.637023925781 489.11474609375 519.696899414062 554.084594726562 565.058227539062 564.27001953125 556.095520019531 556.693054199219 560.583923339844
483.732543945312 503.430633544922 525.365356445312 545.046508789062 561.300720214844 587.201293945312 596.994934082031 627.116027832031 727.619995117188 860.288146972656 952.876037597656 1007.06719970703 952.528503417969 828.209289550781 611.376342773438 526.989990234375 497.238983154297 476.580749511719 446.3994140625 425.633270263672 413.693267822266 405.068511962891 402.925231933594 376.965698242188 349.585662841797 336.072387695312 330.076202392578 329.761474609375 333.458129882812 345.012725830078 363.833648681641 391.693206787109 415.19677734375 412.700531005859 384.316101074219 362.437194824219 351.902221679688 357.933227539062 368.027557373047 384.908325195312 391.987182617188 418.740356445312 456.677093505859 475.030303955078 485.536590576172 506.425323486328 532.708984375 559.234008789062 568.199768066406 567.410217285156 560.346435546875 571.936767578125 576.977844238281
470.128723144531 487.656433105469 506.268707275391 524.187072753906 539.952392578125 555.572326660156 582.698852539062 594.321716308594 636.014526367188 791.724975585938 932.70703125 970.807739257812 961.104431152344 844.95068359375 612.947631835938 523.319030761719 494.099639892578 466.223541259766 443.705413818359 434.981475830078 430.970367431641 422.666595458984 400.545257568359 371.032623291016 359.476104736328 357.913116455078 355.28271484375 356.461975097656 356.301147460938 365.249755859375 384.617309570312 404.037231445312 424.393188476562 438.383483886719 430.987121582031 397.181976318359 376.151763916016 369.064422607422 375.61767578125 398.43994140625 418.732391357422 424.807067871094 444.481079101562 478.741638183594 503.953735351562 529.259826660156 571.207458496094 579.100402832031 579.080078125 577.683349609375 580.175048828125 585.566223144531 586.353576660156
461.695526123047 476.682586669922 492.365173339844 510.453826904297 531.089965820312 555.862609863281 574.350158691406 586.385131835938 616.089233398438 726.415893554688 880.804321289062 954.5234375 967.408508300781 850.169799804688 618.350402832031 519.753173828125 492.667236328125 465.379180908203 455.365753173828 449.988372802734 446.624908447266 426.084625244141 396.031677246094 382.4716796875 377.762512207031 373.738922119141 378.171600341797 389.353881835938 382.695404052734 379.904113769531 402.298370361328 417.328704833984 430.059356689453 446.963958740234 464.264099121094 449.825347900391 409.765228271484 390.774993896484 384.992279052734 397.002563476562 432.452209472656 445.805694580078 456.757995605469 478.760223388672 511.001098632812 546.536499023438 590.891235351562 597.067443847656 595.292724609375 594.3408203125 595.626220703125 595.505065917969 -9999
459.436920166016 473.195526123047 488.107635498047 505.566650390625 524.620178222656 548.90576171875 567.890869140625 580.28857421875 606.131652832031 691.095520019531 865.829467773438 946.719177246094 975.599365234375 848.544982910156 612.715576171875 516.925109863281 491.424346923828 475.492462158203 468.159362792969 468.843383789062 453.407073974609 438.324035644531 419.63623046875 408.970703125 401.849029541016 388.051452636719 399.513000488281 405.511962890625 405.940612792969 405.761138916016 417.171997070312 429.710693359375 440.549133300781 453.386566162109 479.013671875 479.745544433594 461.042572021484 421.030670166016 411.819000244141 416.701721191406 447.226318359375 462.306091308594 471.299041748047 484.93017578125 513.528137207031 567.034729003906 600.111694335938 609.535461425781 619.757995605469 612.225402832031 604.999572753906 -9999 -9999
459.480438232422 471.143646240234 484.187957763672 498.598815917969 517.613159179688 533.350524902344 547.564575195312 571.162353515625 610.306030273438 714.032348632812 873.193664550781 949.828674316406 961.236633300781 836.141662597656 601.025695800781 514.997741699219 493.429351806641 484.513000488281 485.560180664062 485.305541992188 465.527923583984 456.086944580078 459.682189941406 449.387786865234 426.148193359375 399.942840576172 414.501037597656 423.376007080078 425.992523193359 432.238983154297 438.848571777344 442.947998046875 454.912475585938 464.898834228516 483.081298828125 499.332702636719 484.842803955078 467.741912841797 447.64990234375 456.788818359375 469.213531494141 477.857849121094 484.044250488281 494.953094482422 519.394348144531 577.769592285156 607.734680175781 638.107421875 630.447570800781 628.500244140625 -9999 -9999 -9999
459.424285888672 467.784912109375 478.62255859375 493.934967041016 513.066345214844 530.061279296875 545.561096191406 559.151062011719 614.528503417969 769.561340332031 919.423522949219 960.814575195312 952.816162109375 805.539855957031 594.434143066406 514.71533203125 499.726898193359 499.471069335938 504.136138916016 495.144226074219 484.653594970703 479.895660400391 489.337280273438 480.077758789062 456.303192138672 412.788299560547 420.953674316406 434.490661621094 443.928161621094 450.631286621094 464.383361816406 464.546997070312 468.59765625 477.397613525391 487.698303222656 501.68310546875 506.29443359375 495.114410400391 489.665435791016 489.384460449219 492.471496582031 488.386413574219 493.596069335938 506.617462158203 530.155700683594 589.161926269531 625.134155273438 641.797424316406 646.110168457031 -9999 -9999 -9999 -9999
464.171173095703 466.619415283203 473.865264892578 488.821502685547 509.745483398438 528.391296386719 545.439514160156 561.989929199219 633.018371582031 801.981018066406 937.471130371094 968.958801269531 940.662048339844 791.501098632812 589.659606933594 520.398742675781 510.275390625 515.575622558594 532.563598632812 511.166687011719 503.675140380859 503.777587890625 523.927673339844 510.86669921875 482.530303955078 429.055572509766 427.703857421875 441.304321289062 459.066558837891 464.000274658203 482.970733642578 489.468048095703 484.745574951172 487.987915039062 493.414733886719 503.573059082031 521.734680175781 553.067687988281 559.614196777344 519.067260742188 513.149658203125 505.060607910156 507.06982421875 533.037719726562 580.129211425781 601.728698730469 639.346801757812 659.87548828125 669.38671875 -9999 -9999 -9999 -9999
470.158355712891 472.332855224609 473.795074462891 484.685180664062 505.404479980469 525.605529785156 544.806030273438 563.808837890625 627.382690429688 805.674865722656 933.524047851562 958.264465332031 930.603942871094 764.617553710938 589.816833496094 526.331237792969 522.174377441406 530.08349609375 551.052795410156 531.020202636719 520.982849121094 529.234252929688 573.00732421875 550.743591308594 506.885467529297 453.260559082031 432.556274414062 458.544281005859 463.015563964844 475.150604248047 491.040008544922 506.557464599609 503.647979736328 498.047241210938 502.03955078125 511.0078125 570.210693359375 590.146850585938 594.966430664062 578.719970703125 566.802795410156 563.778991699219 568.452819824219 582.286376953125 622.875671386719 641.974243164062 659.285583496094 682.95849609375 -9999 -9999 -9999 -9999 -9999
473.330902099609 480.559417724609 482.432891845703 486.540344238281 502.209655761719 523.314147949219 544.458190917969 565.14111328125 620.212097167969 728.610412597656 868.366760253906 934.370300292969 924.395324707031 757.833740234375 596.943603515625 531.498107910156 529.690856933594 549.538330078125 554.399597167969 556.782409667969 549.354675292969 560.661193847656 586.322326660156 586.239501953125 533.632080078125 483.521636962891 440.215545654297 463.137634277344 476.197509765625 488.347351074219 496.5078125 511.625366210938 519.138793945312 513.055114746094 512.854614257812 534.180053710938 591.942260742188 631.44775390625 635.12060546875 602.258422851562 598.564758300781 594.076477050781 626.386047363281 639.538269042969 653.010925292969 661.365661621094 681.805480957031 -9999 -9999 -9999 -9999 -9999 -9999
480.691955566406 487.229125976562 496.306030273438 496.51416015625 504.372100830078 522.060119628906 542.751953125 573.415588378906 609.558532714844 670.461547851562 810.825622558594 926.174499511719 879.496520996094 780.336975097656 607.893005371094 534.798278808594 534.10009765625 561.388610839844 560.281982421875 563.130920410156 564.504516601562 573.760498046875 588.310729980469 600.964538574219 586.788635253906 504.985076904297 450.212188720703 459.184661865234 474.657440185547 497.07177734375 501.571166992188 512.41064453125 525.695617675781 556.004821777344 568.436462402344 586.425903320312 640.577514648438 696.465026855469 687.126037597656 641.458801269531 635.219543457031 641.430969238281 661.643798828125 687.883972167969 -9999 -9999 -9999 -9999 -9999 -9999 -9999 -9999 -9999
497.628387451172 498.113952636719 512.185424804688 517.787292480469 511.192443847656 522.380554199219 540.1884765625 570.07080078125 602.545532226562 654.463195800781 785.117858886719 916.094482421875 920.240600585938 818.666625976562 610.9814453125 549.135925292969 537.974243164062 565.699096679688 564.266723632812 566.237365722656 568.453918457031 575.641418457031 585.51171875 611.311889648438 607.649230957031 574.663452148438 501.458221435547 450.979248046875 480.350677490234 492.998077392578 505.802093505859 515.510314941406 537.848999023438 584.977233886719 607.278503417969 654.616882324219 726.119018554688 777.686401367188 763.10400390625 699.578674316406 698.372314453125 699.869873046875 -9999 -9999 -9999 -9999 -9999 -9999 -9999 -9999 -9999 -9999 -9999
528.991394042969 515.385009765625 513.444152832031 530.250244140625 528.999633789062 521.992309570312 533.96240234375 555.367431640625 606.606384277344 662.713012695312 799.453125 924.24365234375 930.435852050781 845.596862792969 652.408203125 579.205505371094 543.002502441406 569.567260742188 567.229736328125 567.357055664062 569.820739746094 576.15625 588.753845214844 611.606567382812 644.809631347656 635.263366699219 570.451049804688 507.03662109375 487.563812255859 495.12158203125 512.584289550781 532.234985351562 583.886962890625 633.845336914062 680.797668457031 731.060791015625 794.418212890625 838.441345214844 791.465515136719 770.200378417969 734.561096191406 734.394409179688 -9999 -9999 -9999 -9999 -9999 -9999 -9999 -9999 -9999 -9999 -9999
