Rscript/monthly_maps/SnowDepthMapFile-max-1989-10.asc
ncols 320 
nrows 361 
xllcorner 618410.159 
yllcorner 5088785.286 
cellsize 100 
NODATA_value -9999 
[rows 140 to 167 of 361, columns 189 to 251 of 320]
0 0 0 0 0 0 0 0 0 13.9978294372559 27.3189601898193 47.2594184875488 71.763786315918 79.2219467163086 83.3793334960938 91.1446990966797 98.742301940918 102.259185791016 98.2907562255859 86.4250183105469 72.7643737792969 61.5189437866211 36.2457160949707 22.4225921630859 16.2737216949463 17.792121887207 22.6912994384766 37.5313949584961 55.547607421875 62.0343971252441 76.5679702758789 97.8703842163086 120.780242919922 131.543273925781 141.773544311523 153.866516113281 160.242324829102 158.332183837891 164.144180297852 164.776168823242 171.758209228516 178.045043945312 189.190551757812 197.94905090332 201.306594848633 201.034164428711 188.155624389648 176.878005981445 183.132354736328 227.729095458984 271.099090576172 249.114715576172 226.54670715332 206.339538574219 199.392028808594 206.82844543457 210.901794433594 214.897659301758 214.458862304688 210.568649291992 201.143127441406 202.069717407227 206.97233581543
0 0 0 0 0 0 0 0 0 11.8343486785889 26.9028854370117 45.8243446350098 70.6013412475586 78.9423904418945 82.641731262207 89.3670272827148 95.6401519775391 100.28247833252 96.1345977783203 84.9112854003906 70.5851516723633 57.1791572570801 28.5670795440674 19.26784324646 13.8973083496094 16.6653022766113 22.9435214996338 41.3846893310547 55.7555732727051 64.1338958740234 80.1044769287109 103.987434387207 123.289039611816 137.686965942383 151.856048583984 157.303573608398 153.246719360352 149.188385009766 155.450302124023 157.435485839844 162.991653442383 169.448089599609 166.980758666992 175.077865600586 182.581573486328 186.856475830078 183.649215698242 180.170822143555 194.598495483398 249.092895507812 252.142501831055 233.481094360352 207.959823608398 195.324600219727 198.655410766602 206.111328125 207.913024902344 210.31950378418 212.122955322266 209.224639892578 201.680603027344 195.998962402344 205.44450378418
0 0 0 0 0 0 0 0 0 14.2997713088989 27.8888397216797 45.1256523132324 69.2939300537109 78.3611526489258 81.2338485717773 87.6212921142578 92.9474411010742 97.2591018676758 94.3025131225586 83.2395324707031 68.9723510742188 51.6117706298828 24.2092781066895 16.5063953399658 10.089955329895 15.5865240097046 22.5315418243408 44.5625343322754 57.4504432678223 67.3098831176758 82.405891418457 101.432350158691 124.299415588379 139.215560913086 147.533050537109 145.206924438477 142.720840454102 138.612319946289 142.715789794922 152.747039794922 160.365203857422 165.41731262207 167.034942626953 168.791534423828 170.255554199219 169.456420898438 172.031478881836 183.966018676758 207.93115234375 239.785675048828 230.542526245117 212.625503540039 196.219223022461 194.502014160156 199.506759643555 203.391815185547 202.344131469727 208.37580871582 205.780868530273 204.974105834961 203.649627685547 199.417190551758 201.796096801758
0 0 0 0 0 0 0 0 11.9086780548096 18.6495571136475 30.0910682678223 46.0692253112793 69.1423873901367 79.1448059082031 82.5455856323242 87.587890625 93.226936340332 93.2595443725586 92.8712768554688 82.6188125610352 67.8417892456055 45.8337631225586 21.7225856781006 12.8632164001465 9.08446025848389 14.2959289550781 22.172513961792 46.2901954650879 60.0652732849121 71.3663711547852 84.2714691162109 97.1743545532227 113.096710205078 128.640975952148 133.545104980469 130.506790161133 122.682640075684 121.432197570801 128.697036743164 139.809356689453 155.365341186523 153.242797851562 156.629821777344 159.639724731445 158.289993286133 161.767318725586 164.716415405273 172.116302490234 194.486373901367 228.421493530273 217.168167114258 207.268447875977 194.122955322266 194.480758666992 197.150588989258 198.246032714844 199.582290649414 201.005126953125 202.986389160156 202.522552490234 203.824951171875 202.152069091797 203.164138793945
0 0 0 0 0 0 0 10.2683916091919 16.5366058349609 25.2787666320801 34.1642227172852 51.3653411865234 72.5568161010742 80.2389526367188 84.6284408569336 87.8407592773438 90.3964462280273 90.6523666381836 88.0388793945312 79.5946884155273 67.4122619628906 39.6629829406738 19.0020580291748 9.82637023925781 0 10.774245262146 21.1962604522705 47.5472450256348 62.4897689819336 75.4932250976562 88.6827545166016 96.1485748291016 104.952346801758 111.964645385742 112.647926330566 110.647598266602 105.200622558594 105.68253326416 112.15699005127 125.051742553711 138.517669677734 150.120819091797 152.083908081055 158.105728149414 159.071212768555 162.001235961914 159.569931030273 168.67707824707 189.304565429688 219.110763549805 210.991729736328 203.958801269531 191.471786499023 190.466384887695 190.971313476562 191.130416870117 192.811172485352 195.471466064453 197.745086669922 202.156326293945 201.728698730469 200.992233276367 201.730438232422
0 0 0 0 0 0 11.439640045166 21.2507839202881 27.2251472473145 33.4126815795898 43.0082702636719 62.0770111083984 76.3616561889648 82.9140853881836 86.4124450683594 87.1416778564453 85.9945755004883 83.7635040283203 80.9450454711914 76.9968338012695 64.5732269287109 33.3260955810547 16.6818370819092 11.9327735900879 0 7.92686176300049 18.963508605957 47.0688896179199 64.0354766845703 80.964599609375 91.7670364379883 99.4150009155273 101.168846130371 101.753395080566 99.915641784668 96.4648742675781 95.0551452636719 96.5708312988281 99.7614364624023 108.791923522949 123.62476348877 137.357604980469 145.755447387695 153.882781982422 156.816864013672 161.815032958984 161.261322021484 170.331924438477 188.165191650391 216.293243408203 208.036987304688 198.499755859375 186.332382202148 183.966506958008 184.885360717773 187.126037597656 190.55061340332 193.555679321289 196.558227539062 195.997406005859 198.276077270508 194.02880859375 201.47135925293
0 0 0 0 0 8.80277729034424 23.569263458252 31.2761249542236 36.6592979431152 45.7694320678711 59.9624824523926 73.8536224365234 81.2549896240234 85.1645202636719 86.3019790649414 84.6797790527344 81.8104782104492 79.8277282714844 77.4218063354492 71.8540802001953 54.2803153991699 27.142427444458 13.5961599349976 0 0 0 14.8324384689331 41.9849395751953 62.472900390625 82.5630493164062 94.1743469238281 98.560188293457 94.1505355834961 91.7800674438477 90.6581573486328 89.3505859375 87.7216033935547 90.0621185302734 92.5232925415039 99.0834655761719 112.712036132812 127.432540893555 142.524673461914 149.252410888672 154.708480834961 156.415725708008 166.631774902344 177.447708129883 187.372512817383 200.097045898438 193.888412475586 189.352188110352 181.494644165039 179.911407470703 182.33251953125 185.981643676758 188.393280029297 192.229202270508 187.503021240234 182.224975585938 188.299438476562 188.237274169922 193.524078369141
0 0 0 0 11.2880163192749 20.2765674591064 31.4459495544434 41.3531188964844 54.6899871826172 66.4223937988281 76.3924713134766 80.8908233642578 84.681510925293 85.9943008422852 84.7681121826172 81.7035140991211 78.1686172485352 75.9857635498047 68.745002746582 56.2515182495117 36.0936851501465 22.2420043945312 8.29797267913818 0 0 0 8.84670925140381 29.3470497131348 55.8755798339844 73.8621673583984 86.63134765625 87.9564895629883 83.7075576782227 80.2333602905273 79.3793106079102 80.4140625 80.8123474121094 84.6187515258789 88.6044311523438 94.999382019043 105.757331848145 119.812873840332 134.300094604492 150.454574584961 153.451736450195 164.438888549805 173.030319213867 177.211608886719 176.739273071289 182.458465576172 177.143356323242 180.119491577148 180.045059204102 180.970184326172 183.481704711914 187.392517089844 187.777313232422 182.011596679688 179.595642089844 177.274444580078 176.810104370117 203.262786865234 213.163864135742
0 0 0 0 14.3327865600586 28.4459609985352 40.9744720458984 61.2486152648926 74.4907760620117 78.6543731689453 82.0364837646484 85.1112823486328 86.4570999145508 85.6682891845703 82.8701171875 78.8787841796875 73.0114212036133 62.8974227905273 50.2541694641113 35.6150245666504 25.4012928009033 14.7775201797485 0 0 0 0 0 14.2646112442017 42.6276473999023 56.2193260192871 66.1344375610352 69.8355407714844 70.2988586425781 70.4238052368164 71.0747375488281 74.1263427734375 78.3657608032227 80.8257369995117 86.2873611450195 93.6887435913086 103.690559387207 118.988777160645 133.527954101562 150.574966430664 158.937759399414 173.531295776367 176.308883666992 164.650375366211 164.421478271484 164.458862304688 171.954528808594 176.80029296875 183.012603759766 185.442153930664 183.555221557617 184.980834960938 183.83821105957 175.79606628418 171.043273925781 172.988403320312 199.967086791992 215.258331298828 230.721755981445
0 0 0 11.9504871368408 21.6683311462402 34.3701667785645 57.6616973876953 76.7045593261719 81.0341949462891 84.8962097167969 87.1776428222656 87.1341552734375 86.4850845336914 85.6582107543945 82.7108917236328 76.5931701660156 66.3770523071289 49.9497108459473 35.719970703125 26.614387512207 16.7429714202881 10.3332433700562 0 0 0 0 0 8.45013427734375 13.8864097595215 34.9540405273438 47.8716506958008 53.7165412902832 58.2697677612305 61.1555366516113 63.0173797607422 65.9842681884766 69.6840362548828 73.2175064086914 79.666015625 93.4327926635742 108.108581542969 123.627334594727 139.559753417969 149.819458007812 167.349411010742 171.817245483398 160.509704589844 159.734252929688 157.115661621094 161.776794433594 165.559020996094 180.389663696289 187.723373413086 184.247283935547 179.574768066406 180.6435546875 173.648101806641 168.410171508789 169.330032348633 176.308090209961 206.289031982422 232.072494506836 256.213165283203
0 0 0 11.5546369552612 24.451021194458 39.1966323852539 67.7780685424805 79.8092269897461 86.639762878418 89.8826217651367 91.862434387207 90.6977615356445 88.2999267578125 86.8833389282227 83.1100769042969 77.7349395751953 64.6820526123047 43.1746940612793 30.2491416931152 19.3050746917725 9.42925643920898 0 0 0 0 0 0 0 0 8.63976383209229 14.0547790527344 24.3770122528076 36.360050201416 45.6202011108398 52.6321792602539 58.1103439331055 59.796760559082 61.7444839477539 71.1907653808594 84.0735015869141 103.281471252441 122.563209533691 143.572143554688 149.967407226562 153.515548706055 156.818542480469 151.8427734375 149.90544128418 155.72624206543 154.899810791016 164.616073608398 178.708984375 179.435028076172 180.202850341797 172.022338867188 165.14762878418 162.292022705078 164.50569152832 171.583084106445 183.496429443359 218.091018676758 246.871536254883 288.4931640625
0 0 0 11.3974685668945 24.0421447753906 40.4417114257812 71.3181533813477 81.6409301757812 89.5966491699219 95.5792694091797 96.4050827026367 94.8867111206055 91.9486923217773 88.1718215942383 85.1083908081055 79.3240051269531 67.258903503418 41.9379501342773 27.0579280853271 13.3634052276611 0 0 0 0 0 0 0 0 0 0 0 9.66778087615967 13.1327362060547 18.6612548828125 23.2438621520996 31.9537887573242 48.5794982910156 50.2489280700684 57.4187622070312 71.5830917358398 90.298957824707 106.916542053223 118.736656188965 126.097129821777 130.516296386719 132.210250854492 131.936401367188 138.955215454102 147.208786010742 150.671371459961 157.648712158203 168.425155639648 171.429244995117 166.038345336914 164.687652587891 167.190200805664 179.204483032227 186.578475952148 190.630554199219 200.916168212891 217.887451171875 262.420562744141 -9999
0 0 0 10.548113822937 23.5193176269531 40.5384788513184 71.3624267578125 81.6470108032227 91.2261734008789 97.7864303588867 99.0980529785156 97.4330520629883 95.0400161743164 90.8217163085938 86.2432174682617 79.7683715820312 69.2619171142578 42.5535926818848 25.5232048034668 7.64317798614502 0 0 0 0 0 0 0 0 0 0 0 0 0 10.4863433837891 10.4757795333862 15.5779962539673 23.8105430603027 42.9626121520996 44.4105262756348 51.5819320678711 62.5936737060547 71.1236572265625 78.7252807617188 86.9148178100586 97.8683853149414 106.580764770508 116.907112121582 129.981384277344 138.929916381836 148.143218994141 153.54231262207 157.535003662109 161.195388793945 162.299041748047 180.389068603516 195.639236450195 207.067047119141 217.569931030273 226.829452514648 213.389739990234 227.40705871582 -9999 -9999
0 0 0 8.98496341705322 25.2081451416016 44.2943687438965 73.0767669677734 81.8163146972656 91.9646835327148 99.6142883300781 101.863296508789 100.595695495605 96.5130844116211 90.8681716918945 84.6776275634766 77.8665924072266 66.0707321166992 40.2712669372559 23.7256698608398 10.0494546890259 0 0 0 0 0 0 0 0 0 0 0 0 0 0 0 10.8748273849487 12.2159090042114 19.7659397125244 38.8743629455566 40.2478218078613 44.4487724304199 50.9608306884766 60.119945526123 70.9362106323242 85.1528854370117 98.5756759643555 108.598114013672 120.399459838867 131.542419433594 138.947616577148 141.686172485352 148.886611938477 157.343383789062 173.122406005859 206.853958129883 217.851959228516 225.446960449219 234.064407348633 246.223434448242 -9999 -9999 -9999 -9999
0 0 0 11.9212465286255 28.0517044067383 52.1080894470215 75.3620300292969 82.6720123291016 91.8730010986328 101.289710998535 104.778923034668 104.28385925293 97.6128845214844 90.7234878540039 80.9693908691406 76.0867080688477 57.4327926635742 33.11669921875 19.5514602661133 0 0 0 0 0 0 0 0 0 0 0 0 0 0 0 0 0 8.80771255493164 11.602445602417 18.2546081542969 35.5574989318848 43.2772827148438 47.2466430664062 55.5664710998535 67.8030700683594 81.6610336303711 93.7218017578125 105.801811218262 113.623458862305 125.386688232422 131.619277954102 137.518035888672 141.626571655273 157.491439819336 186.936477661133 203.626876831055 -9999 -9999 -9999 -9999 -9999 -9999 -9999 -9999
0 0 0 16.1310214996338 31.0847072601318 58.8480262756348 77.4785537719727 83.8368377685547 92.4442672729492 103.130981445312 106.253273010254 106.572631835938 98.2590560913086 88.8364410400391 79.4003143310547 72.1567611694336 48.9679298400879 28.4854183197021 15.1036167144775 0 0 0 0 0 0 0 0 0 0 0 0 0 0 0 0 0 0 8.57149410247803 14.3863725662231 20.5643310546875 36.830680847168 51.3309936523438 55.5493125915527 65.8619766235352 78.3764190673828 91.488395690918 101.484153747559 107.99373626709 117.767349243164 129.563720703125 130.987640380859 139.5771484375 161.906860351562 197.753082275391 214.729476928711 -9999 -9999 -9999 -9999 -9999 -9999 -9999 -9999
0 0 0 19.6549415588379 33.8318176269531 62.4846954345703 78.4429244995117 84.3550186157227 94.3098907470703 104.355850219727 110.002159118652 110.84268951416 99.5938262939453 88.1744842529297 78.6845550537109 71.5432891845703 47.1989822387695 26.4018993377686 11.1768321990967 0 0 0 0 0 0 0 0 0 0 0 0 0 0 0 0 0 0 10.3973999023438 13.162974357605 19.7295684814453 26.9796714782715 47.0852203369141 56.4251136779785 62.899845123291 74.3388595581055 88.4765777587891 97.2225952148438 106.555297851562 111.804733276367 124.094581604004 128.403411865234 141.217361450195 166.020706176758 197.49430847168 210.759490966797 -9999 -9999 -9999 -9999 -9999 -9999 -9999 -9999
0 0 11.1241960525513 25.823709487915 39.2642021179199 67.1840362548828 79.4080352783203 84.768180847168 94.7630462646484 105.536590576172 113.006004333496 114.741775512695 101.6533203125 90.2884826660156 80.3822021484375 72.797119140625 51.9402542114258 27.5971221923828 12.6360301971436 0 0 0 0 0 0 0 0 0 19.9114723205566 24.5239410400391 20.13503074646 11.9461002349854 9.2047643661499 0 0 0 9.15507984161377 13.0711441040039 18.7020034790039 22.0633068084717 28.0226459503174 43.9931411743164 59.4270858764648 62.5297050476074 72.4259185791016 84.7498550415039 94.0291519165039 103.146186828613 110.840057373047 122.264755249023 130.023468017578 145.403137207031 169.213943481445 195.619720458984 206.553039550781 -9999 -9999 -9999 -9999 -9999 -9999 -9999 -9999
11.9897813796997 14.332649230957 24.3612060546875 33.9020500183105 52.7760047912598 74.4453582763672 80.0026245117188 86.1894760131836 96.0565414428711 107.012641906738 116.011238098145 118.22078704834 104.512588500977 91.982063293457 81.1477127075195 73.5602569580078 55.6961898803711 28.7761535644531 14.3214435577393 0 0 0 0 0 0 0 0 9.24199867248535 28.590856552124 52.3315124511719 54.9619026184082 44.0266456604004 29.4780292510986 20.1758613586426 17.3789958953857 17.0451927185059 18.1237163543701 21.5461559295654 26.5699691772461 31.5494747161865 38.9052505493164 52.2848243713379 63.8670959472656 65.0864486694336 73.0108337402344 82.3969345092773 91.3244705200195 100.319107055664 111.117492675781 124.028617858887 134.962524414062 150.313385009766 169.181945800781 195.010208129883 202.898880004883 -9999 -9999 -9999 -9999 -9999 -9999 -9999 -9999
19.3714809417725 28.4058799743652 35.735481262207 51.7992057800293 70.6627426147461 77.8698806762695 82.725959777832 90.0088272094727 97.3754043579102 109.046661376953 119.904846191406 120.381507873535 105.019325256348 91.116096496582 80.6602935791016 72.916130065918 55.5205078125 29.5282363891602 15.6506958007812 0 0 0 0 0 0 0 0 8.12372303009033 28.1932945251465 66.6645278930664 77.200309753418 72.4726333618164 63.5256767272949 55.5144309997559 50.185417175293 46.1923446655273 42.8183708190918 41.1373672485352 41.6584281921387 47.266414642334 56.5900840759277 67.5901412963867 70.9676132202148 72.1362457275391 76.5913314819336 82.0851440429688 91.0642471313477 99.3478012084961 111.933540344238 130.37174987793 140.113052368164 151.4853515625 171.255859375 188.658355712891 -9999 -9999 -9999 -9999 -9999 -9999 -9999 -9999 -9999
29.8179912567139 39.1684417724609 58.9420776367188 74.5866241455078 79.0048675537109 83.0888900756836 88.4873428344727 94.4417877197266 101.178123474121 114.771522521973 123.969848632812 121.552574157715 102.99781036377 88.5454330444336 79.847526550293 73.0019912719727 56.0078811645508 31.2542724609375 17.6565837860107 0 0 0 0 0 0 0 0 0 20.2748126983643 58.2756271362305 77.5846481323242 86.6527862548828 85.0534973144531 80.8216323852539 72.2508010864258 64.9800109863281 59.7207221984863 56.286506652832 55.4937477111816 56.8479652404785 60.3328971862793 65.8657684326172 74.0858154296875 81.6042633056641 82.7279510498047 85.5287475585938 92.1424713134766 99.3152236938477 113.034553527832 130.495788574219 138.963897705078 153.713302612305 170.120300292969 194.6298828125 200.253234863281 -9999 -9999 -9999 -9999 -9999 -9999 -9999 -9999
37.8584098815918 58.5832672119141 76.1725921630859 81.3507766723633 85.4380264282227 90.1017379760742 92.6865539550781 97.8382339477539 107.304069519043 120.624893188477 128.073532104492 121.193771362305 101.465347290039 88.1130599975586 80.1591033935547 75.6168975830078 62.4184761047363 37.1034164428711 22.5694026947021 8.45027637481689 0 0 0 0 0 0 0 0 10.9013748168945 44.3069000244141 70.0565948486328 86.9277877807617 91.6387329101562 97.4174880981445 95.9312744140625 95.4128189086914 89.2660598754883 83.1111526489258 73.4470138549805 68.9182510375977 67.9917602539062 69.892333984375 75.3803558349609 84.3701553344727 89.2275009155273 92.1477127075195 96.4031066894531 102.24535369873 112.175094604492 126.363677978516 139.337509155273 151.86198425293 165.915481567383 186.065734863281 196.857269287109 -9999 -9999 -9999 -9999 -9999 -9999 -9999 -9999
54.4436111450195 74.7005996704102 81.3317260742188 86.7412338256836 91.1826934814453 94.8364868164062 98.4696960449219 104.179901123047 113.572288513184 126.328468322754 128.835830688477 120.962577819824 103.984634399414 92.0448913574219 83.933479309082 77.7506942749023 72.4745483398438 52.849308013916 28.6460857391357 12.7617616653442 0 0 0 0 0 0 0 0 0 24.9946956634521 60.4712524414062 80.055061340332 91.1565628051758 94.3485946655273 99.1766052246094 106.166038513184 106.054496765137 109.174240112305 102.711532592773 96.9630584716797 92.2904663085938 87.7285690307617 87.2393951416016 89.02490234375 94.7421569824219 99.0555191040039 102.805168151855 106.557685852051 111.295989990234 124.053718566895 135.941497802734 148.439315795898 160.476455688477 179.803985595703 196.091522216797 -9999 -9999 -9999 -9999 -9999 -9999 -9999 -9999
73.4444885253906 80.5410919189453 85.1626968383789 89.9000015258789 95.3319396972656 100.248596191406 105.13338470459 113.612846374512 121.787925720215 132.705230712891 131.105880737305 122.802703857422 110.760375976562 97.2006149291992 90.7406539916992 83.4811019897461 76.8169784545898 68.1883316040039 39.562931060791 19.5220108032227 0 0 0 0 0 0 0 0 0 13.9396562576294 51.0972175598145 68.8380813598633 80.1544952392578 85.1004333496094 89.4690093994141 97.0720596313477 102.804626464844 106.460090637207 114.329238891602 118.590827941895 115.455490112305 112.137512207031 103.160652160645 99.6790771484375 102.942939758301 107.416580200195 112.421119689941 116.472633361816 119.709480285645 123.251808166504 132.461456298828 142.914947509766 157.135635375977 176.131805419922 192.964569091797 -9999 -9999 -9999 -9999 -9999 -9999 -9999 -9999
81.048942565918 85.2227554321289 90.6462097167969 94.1269989013672 99.7294158935547 104.623672485352 112.746681213379 120.143653869629 131.134307861328 139.498977661133 138.363296508789 126.579170227051 116.388786315918 107.57494354248 97.726806640625 91.4806671142578 82.3917846679688 75.3343200683594 54.5139427185059 25.9216957092285 7.49642515182495 0 0 0 0 0 0 0 0 9.15249729156494 29.8132743835449 59.1361236572266 64.6282043457031 66.5537033081055 71.4666290283203 78.5690689086914 87.4324645996094 96.7663650512695 104.365737915039 114.516716003418 124.868301391602 130.929931640625 127.791595458984 116.062210083008 111.292419433594 111.153190612793 113.424751281738 121.33861541748 127.246528625488 132.000411987305 137.904357910156 143.759429931641 155.360321044922 175.805038452148 188.774505615234 -9999 -9999 -9999 -9999 -9999 -9999 -9999 -9999
85.1320037841797 90.1454238891602 95.0858993530273 100.216766357422 105.248115539551 110.267417907715 118.015846252441 128.457183837891 141.813949584961 144.630950927734 139.29541015625 126.421691894531 116.16234588623 107.265937805176 99.6989212036133 93.5129928588867 85.1709671020508 77.4420852661133 61.9629898071289 31.0116786956787 13.2333450317383 0 0 0 0 0 0 0 0 0 15.2408723831177 30.0277557373047 44.5187034606934 53.2468147277832 56.8732643127441 63.1462860107422 73.8689804077148 84.2763061523438 93.4581527709961 105.466888427734 121.684211730957 134.088088989258 144.208099365234 138.058624267578 128.108001708984 118.161491394043 115.359901428223 116.188659667969 119.626258850098 127.40657043457 135.621536254883 145.026824951172 156.532379150391 182.367889404297 190.042678833008 -9999 -9999 -9999 -9999 -9999 -9999 -9999 -9999
88.7056579589844 95.3029479980469 102.279136657715 107.231887817383 113.98169708252 119.062088012695 125.650924682617 137.70881652832 147.657623291016 145.692535400391 135.143188476562 120.226364135742 109.784294128418 101.49821472168 95.0442886352539 89.6868209838867 82.6030502319336 77.7628784179688 61.8087387084961 32.4617118835449 16.6053829193115 0 0 0 0 0 0 0 0 0 0 12.1450986862183 17.3420066833496 22.0913581848145 38.2126121520996 55.4116477966309 62.7598037719727 74.5439071655273 86.6820297241211 96.8678817749023 110.91446685791 129.492797851562 141.783004760742 144.627822875977 148.79524230957 139.015686035156 129.297943115234 122.583770751953 121.142333984375 126.270881652832 140.394088745117 156.405059814453 175.218841552734 186.078109741211 -9999 -9999 -9999 -9999 -9999 -9999 -9999 -9999 -9999
89.1964569091797 96.9070358276367 105.386817932129 114.680656433105 121.915954589844 126.861450195312 134.241058349609 146.553726196289 150.247970581055 146.949661254883 127.524116516113 112.644950866699 100.146392822266 94.4746704101562 86.9842987060547 81.9145050048828 76.8450546264648 70.327262878418 49.7791786193848 30.0799293518066 16.2945823669434 0 0 0 0 0 0 0 0 0 0 0 8.44120597839355 12.4154567718506 20.9237422943115 39.9258880615234 58.866138458252 67.9003601074219 79.9585952758789 92.497428894043 105.261039733887 120.863990783691 137.197219848633 146.339996337891 151.250030517578 158.822113037109 154.06233215332 145.948120117188 140.712188720703 141.30647277832 153.491607666016 171.352386474609 182.258499145508 -9999 -9999 -9999 -9999 -9999 -9999 -9999 -9999 -9999 -9999
