Rscript/monthly_maps/SnowDepthMapFile-max-1990-01.asc
ncols 320 
nrows 361 
xllcorner 618410.159 
yllcorner 5088785.286 
cellsize 100 
NODATA_value -9999 
[rows 299 to 321 of 361, columns 159 to 211 of 320]
1890.09814453125 1810.81030273438 1745.40856933594 1612.26489257812 1464.13232421875 1401.98522949219 1472.97412109375 1578.30224609375 1654.77380371094 1625.63452148438 1608.47924804688 1696.27746582031 1906.10754394531 1985.90283203125 1875.01879882812 1625.12268066406 1462.47985839844 1384.47058105469 1315.43225097656 1176.10949707031 1087.26354980469 999.731750488281 938.035095214844 862.539978027344 749.555480957031 689.5576171875 663.626159667969 632.0361328125 603.99267578125 559.072937011719 497.208374023438 468.178802490234 452.268493652344 458.371368408203 472.068695068359 468.6962890625 455.643249511719 450.631317138672 457.694427490234 467.347534179688 472.707153320312 508.656066894531 578.892211914062 663.358337402344 769.973754882812 850.731323242188 917.216064453125 969.730346679688 1032.07104492188 1181.24011230469 1265.01879882812 1225.18383789062 1037.2744140625
2043.078125 2080.19946289062 2023.30004882812 1919.80224609375 1727.92919921875 1519.76196289062 1501.04357910156 1589.14721679688 1660.86596679688 1673.25329589844 1666.86889648438 1691.19030761719 1826.37268066406 1951.77819824219 1885.05749511719 1635.70495605469 1454.11755371094 1369.62023925781 1255.48876953125 1125.97998046875 1036.39208984375 952.633422851562 866.678588867188 720.558837890625 692.560424804688 663.610534667969 648.37841796875 611.294616699219 562.890075683594 504.626403808594 481.538848876953 465.064178466797 463.006195068359 476.3798828125 476.209503173828 460.768981933594 449.180236816406 452.898834228516 465.891876220703 484.426849365234 492.888092041016 537.277954101562 592.559448242188 681.188598632812 850.735534667969 947.32080078125 971.8125 1027.43273925781 1143.21215820312 1248.55200195312 1278.41796875 1202.33447265625 1029.59509277344
2060.71728515625 2004.81628417969 2068.54248046875 2039.70153808594 1952.22839355469 1692.77062988281 1567.60974121094 1598.05798339844 1629.54931640625 1698.48181152344 1707.70227050781 1731.27905273438 1834.54052734375 1915.19506835938 1900.53479003906 1666.35205078125 1485.32275390625 1368.9140625 1239.02062988281 1094.337890625 993.306701660156 928.925415039062 771.828796386719 697.21630859375 666.552856445312 651.447448730469 625.865051269531 574.33056640625 517.348510742188 492.585754394531 478.713012695312 475.538757324219 480.393493652344 477.489532470703 473.488647460938 455.313934326172 456.601165771484 468.539581298828 479.867828369141 527.616516113281 549.252685546875 569.952819824219 599.747009277344 677.122131347656 878.986999511719 976.761596679688 1060.24499511719 1147.71789550781 1230.9990234375 1299.60034179688 1309.21691894531 1175.02404785156 1028.94152832031
1855.05053710938 1881.87377929688 1932.6025390625 2040.99755859375 2027.90856933594 1892.95971679688 1682.00268554688 1632.86694335938 1632.15063476562 1670.69653320312 1727.99694824219 1773.029296875 1814.36608886719 1909.57092285156 1899.302734375 1685.28515625 1520.80871582031 1383.71362304688 1256.38610839844 1100.11853027344 1000.47076416016 930.298950195312 803.411193847656 692.329528808594 657.687866210938 640.197692871094 593.854858398438 545.879150390625 508.909698486328 493.905731201172 489.37841796875 485.258087158203 484.885040283203 477.065673828125 468.245574951172 461.774200439453 476.33056640625 528.539245605469 560.58740234375 574.529174804688 598.307861328125 615.111145019531 630.455749511719 695.330261230469 858.527770996094 979.519409179688 1132.89245605469 1230.8193359375 1335.92468261719 1349.01379394531 1284.33032226562 1148.52624511719 1063.015625
1664.26892089844 1681.24353027344 1733.47839355469 1854.37939453125 1989.32946777344 2017.66760253906 1883.03637695312 1732.79443359375 1651.70104980469 1634.34265136719 1680.43725585938 1738.21398925781 1855.02624511719 1946.66174316406 1909.07824707031 1725.38549804688 1560.16442871094 1428.2099609375 1302.52331542969 1128.81469726562 1024.41918945312 947.642700195312 865.680480957031 707.842346191406 642.544799804688 615.593994140625 572.473754882812 519.778503417969 509.423675537109 499.640411376953 492.061187744141 491.298522949219 481.377532958984 478.212036132812 473.601989746094 476.068572998047 520.357788085938 587.056579589844 637.84130859375 636.627380371094 640.811828613281 668.078186035156 666.598693847656 707.977111816406 852.506713867188 976.160766601562 1150.74975585938 1302.73852539062 1372.92028808594 1363.46899414062 1267.3759765625 1188.81787109375 1128.28063964844
1563.87060546875 1570.60095214844 1604.16003417969 1685.01000976562 1820.51318359375 1979.34301757812 2029.97033691406 1907.74072265625 1794.94763183594 1734.05187988281 1735.26489257812 1797.34143066406 1915.23791503906 1974.68225097656 1908.18115234375 1725.63305664062 1587.01232910156 1461.50915527344 1349.28198242188 1188.81860351562 1087.85693359375 1004.68304443359 932.231384277344 773.727172851562 636.760070800781 585.432800292969 550.770385742188 513.63818359375 513.871398925781 511.616424560547 497.036682128906 478.766937255859 467.890625 473.700225830078 490.242736816406 495.137969970703 528.383483886719 601.677917480469 684.14697265625 707.235229492188 703.951904296875 701.646667480469 718.79931640625 766.194458007812 876.466430664062 988.024353027344 1160.82641601562 1332.51159667969 1405.35375976562 1361.70983886719 1283.26501464844 1233.42443847656 1182.92822265625
1494.92700195312 1520.61975097656 1557.68481445312 1613.75756835938 1694.61279296875 1830.51928710938 1964.6455078125 1995.64428710938 1962.32934570312 1902.82287597656 1863.56030273438 1912.32495117188 1973.10144042969 1961.30639648438 1810.02661132812 1664.71948242188 1556.69580078125 1458.66223144531 1347.25671386719 1210.99169921875 1107.36572265625 1053.06958007812 969.588500976562 823.417907714844 637.145080566406 576.380493164062 549.071655273438 541.316833496094 524.081481933594 508.099700927734 486.674896240234 468.517181396484 462.705139160156 472.298187255859 499.754638671875 537.527648925781 552.890441894531 589.607055664062 688.88818359375 797.170288085938 807.12109375 787.575927734375 816.9052734375 860.389221191406 914.104736328125 1034.2548828125 1188.68933105469 1372.42443847656 1424.63793945312 1372.47900390625 1321.34252929688 1276.71704101562 1218.13195800781
1434.099609375 1487.48791503906 1526.91271972656 1599.48388671875 1662.03625488281 1737.22155761719 1855.33825683594 1957.82836914062 2064.65869140625 2121.4091796875 2114.16137695312 2099.95922851562 1998.05249023438 1848.423828125 1695.50024414062 1557.47155761719 1460.62951660156 1376.66857910156 1266.24267578125 1167.02185058594 1108.3740234375 1036.05847167969 954.052917480469 787.589233398438 629.341064453125 574.924865722656 567.445373535156 556.580444335938 550.450256347656 536.605895996094 523.449768066406 522.860412597656 522.669250488281 525.133117675781 528.1318359375 568.608825683594 588.287292480469 613.060668945312 664.169006347656 836.941345214844 922.661193847656 901.03857421875 908.674133300781 935.073547363281 964.9208984375 1088.20678710938 1236.10192871094 1379.58410644531 1429.16076660156 1397.78686523438 1358.01770019531 1329.77844238281 1290.19677734375
1377.11743164062 1439.33312988281 1503.33520507812 1559.28515625 1629.6083984375 1704.90905761719 1807.89343261719 1909.60302734375 1976.13720703125 2127.75219726562 2200.2275390625 2142.61938476562 1939.76281738281 1771.181640625 1605.31787109375 1477.2568359375 1385.37548828125 1283.26171875 1173.81213378906 1090.37622070312 1029.59643554688 957.252563476562 876.204528808594 698.399963378906 624.185546875 606.131713867188 599.349670410156 581.942077636719 578.862915039062 575.761779785156 580.882080078125 601.747131347656 618.934448242188 588.521240234375 572.381469726562 585.898193359375 627.424865722656 642.185180664062 660.684143066406 810.091735839844 985.807678222656 1003.14923095703 977.221740722656 979.486267089844 1042.35302734375 1142.5302734375 1277.89086914062 1404.25805664062 1429.77160644531 1420.96166992188 1393.05859375 1380.57067871094 1373.89526367188
1278.4248046875 1375.64428710938 1468.74792480469 1549.40087890625 1610.45922851562 1697.06066894531 1773.63659667969 1840.29064941406 1906.05847167969 2029.88598632812 2129.23803710938 2120.18505859375 1918.92407226562 1724.66955566406 1562.41748046875 1423.27697753906 1331.0830078125 1220.01245117188 1125.95971679688 1044.92651367188 964.073120117188 899.852905273438 774.467529296875 672.151245117188 647.957824707031 640.634826660156 626.623596191406 621.88232421875 616.831787109375 627.00927734375 646.068359375 692.073669433594 711.711486816406 678.816101074219 634.530578613281 624.711181640625 647.728149414062 685.084289550781 707.636291503906 801.053833007812 965.007141113281 1063.32458496094 1067.10070800781 1084.28039550781 1130.36547851562 1198.75170898438 1322.05383300781 1429.90405273438 1450.19592285156 1432.58447265625 1427.85021972656 1426.93334960938 1427.83569335938
1227.22509765625 1318.4140625 1416.646484375 1499.66125488281 1584.95043945312 1624.52209472656 1668.48315429688 1723.18762207031 1798.13562011719 1908.29528808594 2069.087890625 2046.66625976562 1934.70227050781 1730.19934082031 1527.36499023438 1384.87121582031 1297.62316894531 1177.57214355469 1091.03283691406 1008.85870361328 940.817504882812 865.864196777344 748.839050292969 728.080993652344 694.721313476562 664.246948242188 651.363403320312 646.681823730469 652.775390625 665.401794433594 690.92529296875 794.062866210938 871.955444335938 850.790710449219 767.487182617188 705.729675292969 687.721496582031 716.293701171875 762.562805175781 830.505737304688 945.11865234375 1058.720703125 1157.1513671875 1166.47424316406 1184.01159667969 1267.53015136719 1373.43408203125 1444.80224609375 1460.13598632812 1453.63317871094 1453.1103515625 1455.76501464844 1465.78955078125
1166.89587402344 1233.37719726562 1358.89562988281 1423.07934570312 1498.40148925781 1525.79968261719 1569.45556640625 1620.81530761719 1690.892578125 1820.24951171875 2005.18762207031 2068.591796875 1978.89477539062 1725.22839355469 1518.38854980469 1362.60498046875 1272.36645507812 1160.01806640625 1072.51647949219 996.358642578125 953.633117675781 891.73046875 830.67626953125 762.102355957031 717.68994140625 689.972595214844 677.138366699219 678.379638671875 687.364562988281 711.885009765625 753.58203125 867.101379394531 971.846069335938 978.902282714844 932.937316894531 868.181884765625 808.158447265625 793.942199707031 820.353149414062 895.052429199219 952.289184570312 1042.23327636719 1164.01953125 1214.92797851562 1264.6484375 1345.2626953125 1425.51867675781 1468.01708984375 1484.38024902344 1473.23474121094 1466.37023925781 1489.82312011719 1479.54357910156
1126.63037109375 1170.4755859375 1247.68615722656 1334.31091308594 1408.14331054688 1462.67456054688 1514.30126953125 1565.91796875 1620.31799316406 1753.52404785156 1947.55078125 2060.2431640625 2010.39147949219 1742.81774902344 1507.64208984375 1356.828125 1264.33081054688 1147.80322265625 1068.78161621094 1019.82543945312 1005.50866699219 972.130432128906 893.313415527344 833.24462890625 781.120788574219 747.688903808594 729.942687988281 734.603759765625 739.514526367188 758.723571777344 821.649536132812 928.501586914062 1002.318359375 1060.97607421875 1038.20141601562 970.362731933594 922.25048828125 890.410827636719 904.966918945312 947.580200195312 996.27880859375 1063.17626953125 1123.78271484375 1224.2021484375 1324.05798339844 1429.72985839844 1488.61169433594 1490.35168457031 1487.66479492188 1486.36010742188 1490.45703125 1495.12426757812 1493.23266601562
1097.80798339844 1141.65380859375 1191.75463867188 1271.54907226562 1357.87158203125 1434.15539550781 1501.63012695312 1560.53186035156 1604.55224609375 1698.29272460938 1887.59033203125 2007.42138671875 2031.51416015625 1761.29089355469 1505.70349121094 1356.34216308594 1256.91845703125 1145.62646484375 1080.42907714844 1067.96520996094 1063.76904296875 1019.05902099609 967.350769042969 932.970764160156 920.323120117188 877.765502929688 815.389099121094 811.8212890625 817.287475585938 870.334167480469 926.858947753906 988.789733886719 1025.9072265625 1088.68359375 1170.22497558594 1123.78845214844 1046.65698242188 972.018737792969 948.602844238281 988.302856445312 1060.25073242188 1130.24450683594 1154.21520996094 1220.31860351562 1363.25842285156 1464.61987304688 1517.33020019531 1534.32800292969 1518.39489746094 1511.59558105469 1510.72082519531 1513.79016113281 -9999
1082.45434570312 1135.93823242188 1191.33532714844 1247.90112304688 1324.62133789062 1410.52380371094 1491.66076660156 1538.19458007812 1582.83068847656 1673.18994140625 1855.92590332031 1972.55090332031 2032.0380859375 1752.42407226562 1496.54553222656 1345.59338378906 1247.68994140625 1157.7470703125 1136.91589355469 1132.54333496094 1098.85607910156 1062.05078125 1035.40393066406 1009.37268066406 983.169982910156 943.520446777344 924.078979492188 923.814331054688 943.589538574219 970.286254882812 996.415222167969 1036.81787109375 1066.83898925781 1131.34338378906 1219.73388671875 1221.45727539062 1159.58312988281 1088.71240234375 1073.21569824219 1087.20629882812 1135.37829589844 1180.65710449219 1200.05212402344 1247.96020507812 1371.33666992188 1478.05004882812 1553.98815917969 1566.95373535156 1564.31201171875 1550.20751953125 1545.37377929688 -9999 -9999
1099.4814453125 1133.31762695312 1189.69104003906 1235.29284667969 1311.8330078125 1393.31518554688 1482.04077148438 1539.60375976562 1586.55151367188 1673.73425292969 1872.5517578125 1986.35791015625 2012.572265625 1727.69763183594 1471.73596191406 1331.92663574219 1252.38854980469 1194.04113769531 1203.0087890625 1201.08605957031 1160.26147460938 1140.19714355469 1158.306640625 1133.77783203125 1076.833984375 974.774719238281 978.280212402344 999.034118652344 1018.07415771484 1043.92565917969 1068.65393066406 1083.60803222656 1127.50268554688 1180.46484375 1234.06213378906 1293.51220703125 1258.54248046875 1197.30871582031 1161.64624023438 1171.40856933594 1196.79479980469 1224.80676269531 1255.8583984375 1308.75598144531 1393.62536621094 1482.17944335938 1555.5546875 1603.60900878906 1594.92553710938 1597.06958007812 -9999 -9999 -9999
1100.25280761719 1126.99975585938 1175.13452148438 1228.97106933594 1309.2216796875 1394.87890625 1476.91296386719 1526.43798828125 1581.33654785156 1710.10437011719 1909.10693359375 2014.31262207031 1982.25402832031 1698.46142578125 1459.10522460938 1338.27709960938 1279.14587402344 1244.67236328125 1271.43542480469 1241.59777832031 1230.30834960938 1219.43103027344 1252.72497558594 1218.60498046875 1147.65185546875 1042.37451171875 1005.77062988281 1042.72448730469 1072.51831054688 1115.96044921875 1173.98291015625 1183.50390625 1197.44970703125 1222.32958984375 1238.79943847656 1311.4248046875 1350.10778808594 1317.40112304688 1290.560546875 1282.57641601562 1283.31567382812 1289.14501953125 1302.2216796875 1356.76098632812 1416.03186035156 1503.99536132812 1587.90490722656 1625.35729980469 1635.95544433594 -9999 -9999 -9999 -9999
1117.59399414062 1123.26037597656 1159.49011230469 1211.75646972656 1306.287109375 1392.43286132812 1485.5458984375 1530.79553222656 1610.9775390625 1763.56579589844 1954.02185058594 2037.95385742188 1929.40588378906 1670.04858398438 1443.27746582031 1358.71362304688 1318.94311523438 1299.7255859375 1333.70544433594 1305.09167480469 1296.81555175781 1304.88110351562 1399.58837890625 1334.67456054688 1222.33349609375 1088.60461425781 1060.43823242188 1060.09741210938 1125.78076171875 1176.00512695312 1237.79479980469 1254.37548828125 1238.05395507812 1250.16015625 1287.3759765625 1334.16467285156 1404.47155761719 1421.86169433594 1405.00952148438 1378.37390136719 1364.685546875 1351.05053710938 1357.46911621094 1408.80419921875 1491.55737304688 1551.65270996094 1612.5341796875 1645.74182128906 1648.76208496094 -9999 -9999 -9999 -9999
1140.47534179688 1154.58508300781 1161.20544433594 1208.0380859375 1275.72497558594 1381.61755371094 1467.35144042969 1520.95385742188 1597.796875 1770.298828125 1953.55053710938 1993.21105957031 1896.43347167969 1644.12121582031 1457.88696289062 1372.48864746094 1359.427734375 1350.046875 1364.29602050781 1343.95837402344 1354.10571289062 1417.29455566406 1504.43151855469 1456.541015625 1327.35485839844 1150.45935058594 1112.37390136719 1140.83557128906 1171.14404296875 1220.95153808594 1259.04577636719 1309.45678710938 1318.41455078125 1305.32641601562 1328.8359375 1368.51428222656 1471.318359375 1523.18090820312 1515.71472167969 1460.91271972656 1433.91442871094 1422.25354003906 1435.78515625 1507.00109863281 1582.1240234375 1619.06994628906 1645.90148925781 1659.50378417969 -9999 -9999 -9999 -9999 -9999
1157.24047851562 1187.02612304688 1200.05126953125 1201.76794433594 1259.35046386719 1368.68444824219 1463.88842773438 1521.88708496094 1598.3544921875 1696.42102050781 1855.63903808594 1961.89392089844 1917.17114257812 1664.04016113281 1474.7421875 1398.65319824219 1395.27087402344 1391.91613769531 1385.35583496094 1401.51135253906 1419.13598632812 1474.70739746094 1551.57531738281 1544.22241210938 1430.41149902344 1251.71862792969 1140.70886230469 1156.68322753906 1219.84240722656 1250.75048828125 1276.10314941406 1347.44604492188 1389.39685058594 1372.71398925781 1366.56066894531 1423.54809570312 1523.24291992188 1580.16857910156 1593.392578125 1548.03759765625 1522.63037109375 1532.36535644531 1578.07958984375 1621.19079589844 1636.61096191406 1651.29895019531 1663.56604003906 -9999 -9999 -9999 -9999 -9999 -9999
1189.70178222656 1210.14587402344 1242.14892578125 1256.23547363281 1271.54992675781 1340.71923828125 1450.93493652344 1525.32641601562 1583.85522460938 1649.92895507812 1804.77416992188 1955.05603027344 1853.15356445312 1714.79138183594 1495.50134277344 1414.85498046875 1406.92175292969 1415.85241699219 1414.70617675781 1438.845703125 1445.76538085938 1501.71374511719 1557.84204101562 1586.13500976562 1519.77807617188 1330.14099121094 1201.12878417969 1172.6826171875 1206.18322753906 1286.04931640625 1310.8662109375 1364.44189453125 1419.47692871094 1441.74572753906 1453.67346191406 1499.59265136719 1586.45861816406 1664.2021484375 1648.55725097656 1610.912109375 1589.16870117188 1627.39013671875 1634.98645019531 1666.61218261719 -9999 -9999 -9999 -9999 -9999 -9999 -9999 -9999 -9999
1240.25146484375 1248.43920898438 1277.94287109375 1306.48583984375 1311.26147460938 1338.650390625 1436.43249511719 1515.93566894531 1574.13549804688 1653.10363769531 1780.11572265625 1942.51123046875 1903.66735839844 1748.00329589844 1521.18688964844 1419.96520996094 1433.19323730469 1443.58044433594 1437.78881835938 1457.99060058594 1477.96862792969 1501.21411132812 1553.47595214844 1601.68273925781 1573.85339355469 1464.35607910156 1297.8447265625 1207.8720703125 1249.42333984375 1293.85778808594 1344.0341796875 1379.63952636719 1437.78576660156 1506.78564453125 1558.11413574219 1610.61352539062 1700.29528808594 1749.05651855469 1713.23217773438 1657.85620117188 1663.12561035156 1672.60388183594 -9999 -9999 -9999 -9999 -9999 -9999 -9999 -9999 -9999 -9999 -9999
1323.60327148438 1311.30480957031 1306.328125 1334.89453125 1333.28466796875 1350.77404785156 1433.41320800781 1505.26098632812 1586.11791992188 1649.81201171875 1793.04724121094 1949.79638671875 1914.71752929688 1780.412109375 1542.92163085938 1442.18371582031 1446.27758789062 1470.6533203125 1471.09680175781 1480.81298828125 1490.76843261719 1510.55859375 1543.70739746094 1591.45190429688 1634.814453125 1570.37243652344 1426.33435058594 1290.32421875 1269.30151367188 1308.08911132812 1369.59741210938 1425.2431640625 1491.68127441406 1588.54846191406 1669.44128417969 1707.74072265625 1774.578125 1794.38684082031 1758.10107421875 1721.72106933594 1716.34204101562 1718.88403320312 -9999 -9999 -9999 -9999 -9999 -9999 -9999 -9999 -9999 -9999 -9999
