Rscript/monthly_maps/SnowDepthMapFile-ndays-1989-11.asc
ncols 320 
nrows 361 
xllcorner 618410.159 
yllcorner 5088785.286 
cellsize 100 
NODATA_value -9999 
[rows 84 to 125 of 361, columns 94 to 187 of 320]
30 30 30 30 30 30 30 30 30 30 30 30 30 30 30 30 30 30 30 30 30 30 30 30 30 30 30 30 30 30 30 30 30 29 28 28 28 27 27 27 27 27 27 27 27 28 29 30 30 30 30 30 30 30 30 30 30 30 29 28 28 28 28 28 28 28 28 28 28 27 25 25 25 25 25 25 25 25 25 25 25 25 25 25 25 10 2 1 1 1 1 1 2 2
30 30 30 30 30 30 30 30 30 30 30 30 30 30 30 30 30 30 30 30 30 30 30 30 30 30 30 30 30 30 30 30 30 29 28 28 27 27 27 27 26 27 27 27 27 27 28 29 30 30 30 30 30 30 30 30 30 30 28 28 27 27 27 27 28 28 28 27 27 25 25 25 25 25 25 25 25 25 25 25 25 25 25 25 25 18 2 2 1 0 0 1 1 2
30 30 30 30 30 30 30 30 30 30 30 30 30 30 30 30 30 30 30 30 30 30 30 30 30 30 30 30 30 30 30 30 30 29 28 28 27 26 25 25 25 25 25 27 27 27 28 28 29 30 30 30 30 30 30 30 30 29 28 27 27 27 27 27 27 27 27 27 25 25 25 25 25 25 25 25 25 25 25 25 25 25 25 25 25 25 3 2 1 0 0 1 1 2
30 30 30 30 30 30 30 30 30 30 30 30 30 30 30 30 30 30 30 30 30 30 30 30 30 30 30 30 30 30 30 30 29 28 28 28 27 25 25 25 25 25 25 25 25 27 27 28 28 30 30 30 30 30 30 30 29 28 28 27 25 25 25 25 25 25 25 25 25 25 25 25 25 25 25 25 25 25 25 25 25 25 25 25 25 19 3 2 1 0 0 0 1 1
30 30 30 30 30 30 30 30 30 30 30 30 30 30 30 30 30 30 30 30 30 30 30 30 30 30 30 30 30 30 30 30 29 28 28 27 25 25 25 25 25 25 25 25 25 26 27 27 28 29 30 30 30 30 30 29 28 28 27 25 25 25 25 25 25 25 25 25 25 25 25 25 25 25 25 25 25 25 25 25 25 25 25 25 25 19 3 1 1 0 0 0 1 1
30 30 30 30 30 30 30 30 30 30 30 30 30 30 30 30 30 30 30 30 30 30 30 30 30 30 30 30 30 30 30 30 28 28 27 25 25 25 25 25 25 25 25 25 25 25 27 27 28 28 29 30 30 30 29 28 28 27 27 25 25 25 25 25 25 25 25 25 25 25 25 25 25 25 25 25 25 25 25 25 25 25 25 25 25 15 2 1 0 0 0 0 0 1
30 30 30 30 30 30 30 30 30 30 30 30 30 30 30 30 30 30 30 30 30 30 30 30 30 30 30 30 30 30 30 30 28 28 27 25 25 25 25 25 25 25 25 25 25 25 25 27 27 28 28 29 29 29 28 28 27 26 25 25 25 25 25 25 25 25 25 25 25 25 25 25 25 25 25 25 25 25 25 25 25 25 25 25 25 8 2 1 0 0 0 0 0 0
30 30 30 30 30 30 30 30 30 30 30 30 30 30 30 30 30 30 30 30 30 30 30 30 30 30 30 30 30 30 30 30 29 28 27 25 25 25 25 25 25 25 25 25 25 25 25 25 27 27 28 28 28 28 28 27 25 25 25 25 25 25 25 25 25 25 25 25 25 25 25 25 25 25 25 25 25 25 25 25 25 25 25 25 25 7 2 1 0 0 0 0 0 0
30 30 30 30 30 30 30 30 30 30 30 30 30 30 30 30 30 30 30 30 30 30 30 30 30 30 30 30 30 30 30 30 29 28 28 25 25 25 25 25 25 25 25 25 25 25 25 25 25 27 27 27 27 27 27 25 25 25 25 25 25 25 25 25 25 25 25 25 25 25 25 25 25 25 25 25 25 25 25 25 25 25 25 25 20 4 2 1 0 0 0 0 0 0
30 30 30 30 30 30 30 30 30 30 30 30 30 30 30 30 30 30 30 30 30 30 30 30 30 30 30 30 30 30 30 30 29 29 28 25 25 25 25 25 25 25 25 25 25 25 25 25 25 25 27 26 25 25 25 25 25 25 25 25 25 25 25 25 25 25 21 21 24 24 25 25 25 25 25 25 21 21 25 25 25 25 25 25 19 3 2 0 0 0 0 0 0 0
30 30 30 30 30 30 30 30 30 30 30 30 30 30 30 30 30 30 30 30 30 30 30 30 30 30 30 30 30 30 30 30 29 29 28 28 25 25 25 25 25 25 25 25 25 25 25 25 25 25 25 25 25 25 25 25 25 25 25 25 25 25 25 21 18 18 18 16 17 18 18 18 19 20 20 18 18 18 20 25 25 25 25 25 18 3 1 0 0 0 0 0 0 1
28 28 29 30 30 30 30 30 30 30 30 30 30 30 30 30 30 30 30 30 30 30 30 30 30 30 30 30 30 30 30 30 30 29 28 28 25 25 25 25 25 25 25 25 25 25 25 25 25 25 25 25 25 25 25 25 25 25 25 25 25 19 18 18 13 13 11 10 10 11 12 13 12 12 12 10 7 8 12 24 25 25 25 25 11 2 1 0 0 0 0 0 0 1
28 28 28 29 29 30 30 30 30 30 29 29 29 29 29 29 29 29 29 30 30 30 30 30 30 30 30 30 30 30 30 30 30 29 29 28 27 25 25 25 25 25 25 25 25 25 25 25 25 25 25 25 25 25 25 25 25 25 19 18 18 16 13 10 7 6 4 3 3 4 4 5 5 4 3 2 2 2 5 15 25 25 25 25 6 2 1 0 0 0 0 0 1 1
27 27 28 28 28 28 28 29 29 28 28 28 28 28 28 28 28 28 28 28 30 30 30 30 30 30 29 29 29 29 29 29 29 29 29 28 28 25 25 25 25 25 25 25 25 25 25 25 25 25 25 25 25 25 25 25 25 18 18 14 11 8 5 2 1 1 1 1 1 1 1 1 1 2 1 1 1 2 2 7 18 21 25 18 3 1 0 0 0 0 0 0 1 2
27 27 27 27 27 27 27 28 28 28 27 27 27 27 27 27 27 27 27 28 28 29 30 30 30 29 28 28 28 28 28 28 28 28 28 28 25 25 25 25 25 25 25 25 25 25 25 25 25 25 25 25 25 25 25 25 18 17 12 8 4 2 1 1 1 1 1 1 1 1 1 1 1 1 1 1 1 1 2 2 7 11 9 4 2 1 0 0 0 0 0 0 1 2
25 25 27 27 27 27 27 27 27 27 27 27 27 27 27 27 27 27 27 27 27 28 28 29 29 29 28 28 27 27 27 27 27 27 26 25 25 25 25 25 25 25 25 25 25 25 25 25 25 25 25 24 24 24 18 18 14 9 5 2 1 1 1 0 0 0 0 0 0 0 0 0 0 0 0 0 0 1 1 2 2 2 2 2 1 0 0 0 0 0 0 1 1 2
25 25 25 25 25 25 25 25 25 25 25 25 25 25 25 25 25 25 26 27 27 27 27 28 28 28 28 27 27 25 25 25 25 25 25 25 25 25 25 25 25 25 25 25 25 25 25 25 25 20 19 18 18 17 13 9 6 2 1 1 1 1 0 0 0 0 0 0 0 0 0 0 0 0 0 0 0 0 0 1 1 2 1 1 0 0 0 0 0 0 0 1 2 2
25 25 25 25 25 25 25 25 25 25 25 25 25 25 25 25 25 25 25 25 26 27 27 27 27 27 27 25 25 25 25 25 25 25 25 25 25 25 25 25 25 25 25 25 25 25 25 21 18 18 18 13 11 8 6 2 1 1 1 1 0 0 0 0 0 0 0 0 0 0 0 0 0 0 0 0 0 0 0 0 0 1 1 0 0 0 0 0 0 0 0 1 2 3
25 25 25 25 25 25 25 25 25 25 25 25 25 25 25 25 25 25 25 25 25 25 25 25 25 25 25 25 25 25 25 25 25 25 25 25 25 25 25 25 25 25 25 25 24 19 18 17 12 10 8 6 4 2 1 1 1 0 0 0 0 0 0 0 0 0 0 0 0 0 0 0 0 0 0 0 0 0 0 0 0 0 0 0 0 0 0 0 0 0 1 2 2 4
25 25 25 25 25 25 25 25 25 25 25 25 25 25 25 25 25 25 25 25 25 25 25 25 25 25 25 25 25 25 25 25 25 25 25 25 21 19 18 18 18 18 18 18 13 11 9 7 4 2 2 1 1 1 1 0 0 0 0 0 0 0 0 0 0 0 0 0 0 0 0 0 0 0 0 0 0 0 0 0 0 0 0 0 0 0 0 0 0 0 1 2 3 9
25 25 25 25 25 25 25 25 25 25 25 25 25 25 25 25 25 25 25 25 25 25 25 25 25 25 25 25 25 25 25 25 25 25 25 19 18 17 13 11 11 10 8 7 4 2 2 1 1 2 1 1 1 0 0 0 0 0 0 0 0 1 1 1 1 0 0 0 0 0 0 0 0 0 0 0 0 0 0 0 0 0 0 0 0 0 0 0 0 1 1 2 5 25
25 25 25 25 25 25 19 18 18 18 18 18 18 18 18 19 24 25 25 25 25 25 25 25 25 25 25 25 25 25 25 25 24 19 18 18 14 11 8 6 4 2 2 1 2 2 2 1 1 1 1 0 0 0 0 0 0 0 0 0 1 1 2 2 2 1 1 0 0 0 0 0 0 0 0 0 0 0 0 0 0 0 0 0 0 0 0 0 0 1 2 3 9 25
25 25 25 24 19 19 18 18 16 16 17 18 18 17 18 18 18 18 19 24 25 25 25 25 25 25 25 25 25 21 19 18 18 18 13 12 8 6 2 2 2 2 1 1 1 1 1 1 0 0 0 0 0 0 0 0 1 1 1 1 2 3 7 10 7 2 2 0 0 0 0 0 0 0 0 0 0 0 0 0 0 0 0 0 0 0 0 0 1 1 2 4 20 25
25 25 25 25 25 21 21 25 25 25 25 25 25 25 25 25 25 18 19 19 19 22 25 25 25 25 25 25 19 18 18 13 13 14 9 6 2 2 2 2 1 1 1 1 1 1 1 1 1 1 1 1 1 1 1 1 2 2 2 3 7 25 25 25 25 8 2 1 0 0 0 0 0 0 0 0 0 0 0 0 0 0 0 0 0 0 0 0 1 2 2 5 21 25
25 25 25 25 25 25 25 25 25 25 25 25 25 25 25 25 25 25 25 25 25 19 19 19 19 19 19 18 18 13 11 7 6 4 2 2 2 2 1 1 1 1 1 1 1 1 1 1 1 2 2 2 2 2 2 2 3 7 14 25 25 25 25 25 25 25 3 2 0 0 0 0 0 0 0 0 0 0 0 0 0 0 0 0 0 0 0 0 1 1 2 5 19 25
25 25 25 25 25 25 25 25 25 25 25 25 25 25 25 25 25 25 25 25 25 25 25 25 25 25 19 19 14 7 3 2 2 2 2 2 2 1 1 1 1 1 1 1 2 2 2 2 2 3 3 3 6 8 12 25 25 25 25 25 25 25 25 25 25 25 8 2 1 0 0 0 0 0 0 0 0 0 0 0 0 0 0 0 0 0 0 0 0 1 2 5 19 25
25 25 25 25 25 25 25 25 25 24 24 24 25 25 25 25 25 25 25 25 25 25 25 25 25 25 19 8 4 2 2 2 2 2 2 2 2 2 2 2 2 1 2 2 2 3 3 7 11 25 25 25 25 25 25 25 25 25 25 25 25 25 25 25 25 25 25 3 2 1 0 0 0 0 0 0 0 0 0 0 0 0 0 0 0 0 0 0 0 1 2 4 17 25
25 25 25 25 25 25 25 25 25 25 25 25 25 25 25 25 25 25 25 25 25 25 25 25 25 23 9 6 3 2 2 2 2 2 3 3 3 3 3 5 7 9 9 14 25 25 25 25 25 25 25 25 25 25 25 25 25 25 25 25 25 25 25 25 25 25 25 25 2 1 0 0 0 0 0 0 0 0 0 0 0 0 0 0 0 0 0 0 0 1 2 2 10 25
25 25 25 25 25 25 25 25 25 25 25 25 25 25 25 25 25 25 25 25 25 25 25 25 25 25 25 8 6 3 3 3 7 10 16 25 25 25 25 25 25 25 25 25 25 25 25 25 25 25 25 25 25 25 25 25 25 25 25 25 25 25 25 25 25 25 25 25 7 2 0 0 0 0 0 0 0 0 0 0 0 0 0 0 0 0 0 0 0 1 2 2 6 19
25 25 25 25 25 25 25 25 25 25 25 25 25 25 25 25 25 25 25 25 25 25 25 25 25 25 25 25 25 25 25 25 25 25 25 25 25 25 25 25 25 25 25 25 25 25 25 25 25 25 25 25 25 25 25 25 25 25 25 25 25 25 25 25 25 25 25 25 18 2 1 0 0 0 0 0 0 0 0 0 0 0 0 0 0 0 0 0 0 1 1 2 5 18
25 25 25 25 25 25 25 25 25 25 25 25 25 25 25 25 25 25 25 25 25 25 25 25 25 25 25 25 25 25 25 25 25 25 25 25 25 25 25 25 25 25 25 25 25 25 25 25 25 25 25 25 25 25 25 25 25 25 25 25 25 25 25 25 25 25 25 25 25 3 1 0 0 0 0 0 0 0 0 0 0 0 0 0 0 0 0 0 0 0 1 2 3 12
25 25 25 25 25 25 25 25 25 25 25 25 25 25 25 25 25 25 25 25 25 25 25 25 25 25 25 25 25 25 25 25 25 25 25 25 25 25 25 25 25 25 25 25 25 25 25 25 25 25 25 25 25 25 25 25 25 25 25 25 25 25 25 25 25 25 25 25 25 7 2 1 0 0 0 0 0 0 0 0 0 0 0 0 0 0 0 0 0 0 1 2 2 7
25 25 25 25 25 25 25 25 25 25 25 25 25 25 25 25 25 25 25 25 25 25 25 25 25 25 25 25 25 25 25 25 25 25 25 25 25 25 25 25 25 25 25 25 25 25 25 25 25 25 25 25 25 25 25 25 25 25 25 25 25 25 25 25 25 25 25 25 25 9 2 1 0 0 0 0 0 0 0 0 0 0 0 0 0 0 0 0 0 0 1 1 2 5
25 25 25 25 25 25 25 25 25 25 25 25 25 25 25 25 25 25 25 25 25 25 25 25 25 25 25 25 25 25 25 25 25 25 25 25 25 25 25 25 25 25 25 25 25 25 25 25 25 25 25 25 25 25 25 25 25 25 25 25 25 25 25 25 25 25 25 25 25 25 3 1 0 0 0 0 0 0 0 0 0 0 0 0 0 0 0 0 0 0 0 1 2 3
25 25 25 25 25 25 25 25 25 25 25 25 25 25 25 25 25 25 25 25 25 25 25 25 25 25 25 25 25 25 25 25 25 25 25 25 25 25 25 25 25 25 25 25 25 25 25 25 25 25 25 25 25 25 25 25 25 25 25 25 25 25 25 25 25 25 25 25 25 25 3 2 1 0 0 0 0 0 0 0 0 0 0 0 0 0 0 0 0 0 0 1 2 2
25 25 25 25 25 25 25 25 25 25 25 25 25 25 25 25 25 25 25 25 25 25 25 25 25 25 25 25 25 25 25 25 25 25 25 25 26 26 26 26 26 25 25 25 25 25 25 25 25 25 25 25 25 25 26 26 26 26 26 25 25 25 25 25 25 25 25 25 25 25 7 2 1 0 0 0 0 0 0 0 0 0 0 0 0 0 0 0 0 0 0 1 1 2
25 25 25 25 25 25 25 25 25 28 25 25 25 25 25 25 25 25 25 26 26 26 26 25 25 25 25 25 25 25 25 25 25 25 25 27 29 29 29 29 28 28 28 28 26 26 26 25 25 25 25 25 25 26 26 27 28 28 26 25 25 25 25 25 25 25 25 25 25 25 9 2 2 1 0 0 0 0 0 0 0 0 0 0 0 0 0 0 0 0 0 0 1 2
26 25 25 25 25 25 25 27 28 29 28 28 27 25 25 25 25 26 28 29 29 29 26 25 25 25 25 25 25 25 25 25 25 25 25 28 29 30 29 29 29 29 29 29 29 28 26 26 25 25 25 26 26 26 28 29 29 29 28 26 25 25 25 25 25 25 25 25 25 25 25 3 2 1 0 0 0 0 0 0 0 0 0 0 0 0 0 0 0 0 0 0 1 1
28 26 26 25 25 25 28 28 29 30 30 29 29 28 28 28 28 29 30 29 28 26 25 25 25 25 25 25 25 25 25 25 25 25 28 29 30 30 30 30 30 30 30 30 30 29 29 28 26 26 26 26 27 28 28 29 30 29 29 26 25 25 25 25 25 25 25 25 25 25 25 25 3 2 1 0 0 0 0 0 0 0 0 0 0 0 0 0 0 0 0 0 0 1
29 29 28 27 27 28 28 29 30 30 30 30 30 30 30 30 30 30 30 28 27 25 25 25 25 25 25 25 25 25 25 25 25 25 28 29 30 30 30 30 30 30 30 30 30 29 29 29 29 29 29 29 28 28 28 29 30 30 29 28 25 25 25 25 25 25 25 25 25 25 25 25 9 2 2 0 0 0 0 0 0 0 0 0 0 0 0 0 0 0 0 0 0 1
29 29 29 29 29 29 29 30 30 30 30 30 30 30 30 30 30 28 28 27 25 25 25 25 25 25 25 25 25 25 25 25 25 28 28 30 30 30 30 30 30 30 30 30 30 30 30 29 29 29 29 29 29 28 28 29 30 30 29 28 25 25 25 25 25 25 25 25 25 25 25 25 25 3 2 1 0 0 0 0 0 0 0 0 0 0 0 0 0 0 0 0 0 1
29 30 30 30 29 30 30 30 30 30 30 30 30 30 30 29 28 28 26 25 25 25 25 25 25 25 25 25 25 25 25 25 25 28 28 29 30 30 30 30 30 30 30 30 30 30 30 30 30 30 29 29 29 29 29 29 30 30 29 28 25 25 25 25 25 25 25 25 25 25 25 25 25 3 2 1 0 0 0 0 0 0 0 0 0 0 0 0 0 0 0 0 0 1
