Rscript/monthly_maps/SnowDepthMapFile-ndays-1989-11.asc
ncols 320 
nrows 361 
xllcorner 618410.159 
yllcorner 5088785.286 
cellsize 100 
NODATA_value -9999 
[rows 168 to 209 of 361, columns 188 to 281 of 320]
25 25 25 25 25 28 29 30 30 30 30 28 25 25 25 25 25 25 25 25 25 25 25 25 25 25 25 25 25 25 25 25 25 25 25 25 25 25 25 25 25 27 28 29 30 30 30 30 30 30 30 30 -9999 -9999 -9999 -9999 -9999 -9999 -9999 -9999 -9999 -9999 -9999 -9999 -9999 -9999 -9999 -9999 -9999 -9999 -9999 -9999 -9999 -9999 -9999 -9999 -9999 -9999 -9999 -9999 -9999 -9999 -9999 -9999 -9999 -9999 -9999 -9999 -9999 -9999 -9999 -9999 -9999 -9999
25 25 25 25 25 25 28 29 30 30 30 28 25 25 25 25 25 25 25 25 25 25 25 25 25 25 21 19 25 25 25 25 25 25 25 25 25 25 25 25 25 27 28 28 29 30 30 30 30 30 30 30 -9999 -9999 -9999 -9999 -9999 -9999 -9999 -9999 -9999 -9999 -9999 -9999 -9999 -9999 -9999 -9999 -9999 -9999 -9999 -9999 -9999 -9999 -9999 -9999 -9999 -9999 -9999 -9999 -9999 -9999 -9999 -9999 -9999 -9999 -9999 -9999 -9999 -9999 -9999 -9999 -9999 -9999
25 25 25 25 25 25 28 29 30 30 30 29 26 25 25 25 25 25 25 25 25 25 25 25 25 25 19 18 25 25 25 25 25 25 25 25 25 25 25 25 26 28 28 28 28 29 30 30 30 30 30 -9999 -9999 -9999 -9999 -9999 -9999 -9999 -9999 -9999 -9999 -9999 -9999 -9999 -9999 -9999 -9999 -9999 -9999 -9999 -9999 -9999 -9999 -9999 -9999 -9999 -9999 -9999 -9999 -9999 -9999 -9999 -9999 -9999 -9999 -9999 -9999 -9999 -9999 -9999 -9999 -9999 -9999 -9999
25 25 25 25 25 25 27 28 30 30 30 29 28 25 25 25 25 25 25 25 25 25 25 25 25 25 19 15 19 25 25 25 25 25 25 25 25 25 26 26 25 27 27 28 28 29 30 30 30 30 30 30 -9999 -9999 -9999 -9999 -9999 -9999 -9999 -9999 -9999 -9999 -9999 -9999 -9999 -9999 -9999 -9999 -9999 -9999 -9999 -9999 -9999 -9999 -9999 -9999 -9999 -9999 -9999 -9999 -9999 -9999 -9999 -9999 -9999 -9999 -9999 -9999 -9999 -9999 -9999 -9999 -9999 -9999
25 25 25 25 25 25 25 28 30 30 30 29 28 25 25 25 25 25 25 25 25 25 25 25 25 25 17 12 17 25 25 25 25 25 25 25 25 25 25 25 25 25 25 27 28 28 30 30 30 30 30 30 -9999 -9999 -9999 -9999 -9999 -9999 -9999 -9999 -9999 -9999 -9999 -9999 -9999 -9999 -9999 -9999 -9999 -9999 -9999 -9999 -9999 -9999 -9999 -9999 -9999 -9999 -9999 -9999 -9999 -9999 -9999 -9999 -9999 -9999 -9999 -9999 -9999 -9999 -9999 -9999 -9999 -9999
25 25 25 25 25 25 25 28 30 30 30 30 28 26 25 25 25 25 25 25 25 25 25 25 25 25 15 11 15 19 25 25 25 25 25 25 25 25 25 25 25 25 25 27 28 28 30 30 30 30 30 30 -9999 -9999 -9999 -9999 -9999 -9999 -9999 -9999 -9999 -9999 -9999 -9999 -9999 -9999 -9999 -9999 -9999 -9999 -9999 -9999 -9999 -9999 -9999 -9999 -9999 -9999 -9999 -9999 -9999 -9999 -9999 -9999 -9999 -9999 -9999 -9999 -9999 -9999 -9999 -9999 -9999 -9999
25 25 25 25 25 25 25 28 30 30 30 30 28 25 25 25 25 25 25 25 25 25 25 25 25 25 15 8 11 17 19 25 25 25 25 25 25 25 25 25 25 25 25 25 27 28 29 30 30 30 30 30 -9999 -9999 -9999 -9999 -9999 -9999 -9999 -9999 -9999 -9999 -9999 -9999 -9999 -9999 -9999 -9999 -9999 -9999 -9999 -9999 -9999 -9999 -9999 -9999 -9999 -9999 -9999 -9999 -9999 -9999 -9999 -9999 -9999 -9999 -9999 -9999 -9999 -9999 -9999 -9999 -9999 -9999
25 25 25 25 25 25 26 28 29 30 30 29 28 25 25 25 25 25 25 25 25 25 25 25 25 25 11 7 9 15 20 21 25 25 25 25 25 25 25 25 25 25 25 25 27 28 30 30 30 30 30 30 -9999 -9999 -9999 -9999 -9999 -9999 -9999 -9999 -9999 -9999 -9999 -9999 -9999 -9999 -9999 -9999 -9999 -9999 -9999 -9999 -9999 -9999 -9999 -9999 -9999 -9999 -9999 -9999 -9999 -9999 -9999 -9999 -9999 -9999 -9999 -9999 -9999 -9999 -9999 -9999 -9999 -9999
25 25 25 25 25 25 26 28 29 29 29 28 25 25 25 25 25 25 25 25 25 25 25 25 25 25 9 6 8 15 20 25 25 25 25 25 25 25 25 25 25 25 25 25 28 28 30 30 30 30 30 30 -9999 -9999 -9999 -9999 -9999 -9999 -9999 -9999 -9999 -9999 -9999 -9999 -9999 -9999 -9999 -9999 -9999 -9999 -9999 -9999 -9999 -9999 -9999 -9999 -9999 -9999 -9999 -9999 -9999 -9999 -9999 -9999 -9999 -9999 -9999 -9999 -9999 -9999 -9999 -9999 -9999 -9999
25 25 25 25 25 25 25 28 28 28 28 28 25 25 25 25 25 25 25 25 25 25 25 25 25 25 10 5 6 13 19 25 25 25 25 25 25 25 25 25 25 25 25 25 28 28 30 30 30 30 30 30 -9999 -9999 -9999 -9999 -9999 -9999 -9999 -9999 -9999 -9999 -9999 -9999 -9999 -9999 -9999 -9999 -9999 -9999 -9999 -9999 -9999 -9999 -9999 -9999 -9999 -9999 -9999 -9999 -9999 -9999 -9999 -9999 -9999 -9999 -9999 -9999 -9999 -9999 -9999 -9999 -9999 -9999
25 25 25 25 25 25 25 25 28 28 28 26 25 25 25 25 25 25 25 25 25 25 25 25 25 25 10 4 4 11 17 25 25 25 25 25 25 25 25 25 25 25 25 27 28 28 30 30 30 30 30 30 -9999 -9999 -9999 -9999 -9999 -9999 -9999 -9999 -9999 -9999 -9999 -9999 -9999 -9999 -9999 -9999 -9999 -9999 -9999 -9999 -9999 -9999 -9999 -9999 -9999 -9999 -9999 -9999 -9999 -9999 -9999 -9999 -9999 -9999 -9999 -9999 -9999 -9999 -9999 -9999 -9999 -9999
25 25 25 25 25 25 25 25 26 28 28 26 25 25 25 25 25 25 25 25 25 25 25 25 25 25 8 4 4 5 15 25 25 25 25 25 25 25 25 25 25 25 25 25 28 28 29 30 30 30 30 30 -9999 -9999 -9999 -9999 -9999 -9999 -9999 -9999 -9999 -9999 -9999 -9999 -9999 -9999 -9999 -9999 -9999 -9999 -9999 -9999 -9999 -9999 -9999 -9999 -9999 -9999 -9999 -9999 -9999 -9999 -9999 -9999 -9999 -9999 -9999 -9999 -9999 -9999 -9999 -9999 -9999 -9999
25 25 25 25 25 25 25 25 25 26 28 26 25 25 25 25 25 25 25 25 25 25 25 25 25 19 6 3 2 4 9 18 25 25 25 25 25 25 25 25 25 25 25 25 27 27 28 28 30 30 30 30 -9999 -9999 -9999 -9999 -9999 -9999 -9999 -9999 -9999 -9999 -9999 -9999 -9999 -9999 -9999 -9999 -9999 -9999 -9999 -9999 -9999 -9999 -9999 -9999 -9999 -9999 -9999 -9999 -9999 -9999 -9999 -9999 -9999 -9999 -9999 -9999 -9999 -9999 -9999 -9999 -9999 -9999
26 25 25 25 25 25 25 25 25 26 27 28 26 25 25 25 25 25 25 25 25 25 25 25 25 13 4 2 2 2 5 15 25 25 25 25 25 25 25 25 25 25 25 25 25 27 27 28 29 30 30 30 30 -9999 -9999 -9999 -9999 -9999 -9999 -9999 -9999 -9999 -9999 -9999 -9999 -9999 -9999 -9999 -9999 -9999 -9999 -9999 -9999 -9999 -9999 -9999 -9999 -9999 -9999 -9999 -9999 -9999 -9999 -9999 -9999 -9999 -9999 -9999 -9999 -9999 -9999 -9999 -9999 -9999
25 25 25 25 25 25 25 25 25 26 26 27 26 25 25 25 25 25 25 25 25 25 25 25 19 7 3 2 2 2 4 20 25 25 25 25 25 25 25 25 25 25 25 25 25 25 27 28 29 30 30 30 30 -9999 -9999 -9999 -9999 -9999 -9999 -9999 -9999 -9999 -9999 -9999 -9999 -9999 -9999 -9999 -9999 -9999 -9999 -9999 -9999 -9999 -9999 -9999 -9999 -9999 -9999 -9999 -9999 -9999 -9999 -9999 -9999 -9999 -9999 -9999 -9999 -9999 -9999 -9999 -9999 -9999
25 25 25 25 25 25 25 25 25 26 26 26 25 25 25 25 25 25 25 25 25 25 25 25 17 4 2 2 2 2 4 25 25 25 25 25 25 25 25 25 25 25 25 25 25 25 27 28 28 30 30 30 30 -9999 -9999 -9999 -9999 -9999 -9999 -9999 -9999 -9999 -9999 -9999 -9999 -9999 -9999 -9999 -9999 -9999 -9999 -9999 -9999 -9999 -9999 -9999 -9999 -9999 -9999 -9999 -9999 -9999 -9999 -9999 -9999 -9999 -9999 -9999 -9999 -9999 -9999 -9999 -9999 -9999
25 25 25 25 25 25 25 25 25 26 26 26 25 25 25 25 25 25 25 25 25 25 25 25 11 3 2 2 2 2 9 25 25 25 25 25 25 25 25 25 25 25 25 25 25 25 27 28 29 30 30 30 30 -9999 -9999 -9999 -9999 -9999 -9999 -9999 -9999 -9999 -9999 -9999 -9999 -9999 -9999 -9999 -9999 -9999 -9999 -9999 -9999 -9999 -9999 -9999 -9999 -9999 -9999 -9999 -9999 -9999 -9999 -9999 -9999 -9999 -9999 -9999 -9999 -9999 -9999 -9999 -9999 -9999
25 25 25 25 25 25 25 25 25 26 26 25 25 25 25 25 25 25 25 25 25 25 25 25 10 2 2 2 2 2 9 24 25 25 25 25 25 25 25 25 25 25 25 25 25 28 28 29 30 30 30 30 30 -9999 -9999 -9999 -9999 -9999 -9999 -9999 -9999 -9999 -9999 -9999 -9999 -9999 -9999 -9999 -9999 -9999 -9999 -9999 -9999 -9999 -9999 -9999 -9999 -9999 -9999 -9999 -9999 -9999 -9999 -9999 -9999 -9999 -9999 -9999 -9999 -9999 -9999 -9999 -9999 -9999
25 25 25 25 25 25 25 25 25 26 26 25 25 25 25 25 25 25 25 25 25 25 25 25 6 2 2 1 2 2 8 20 25 25 25 25 25 25 25 25 25 25 25 26 28 29 30 30 30 30 30 30 30 -9999 -9999 -9999 -9999 -9999 -9999 -9999 -9999 -9999 -9999 -9999 -9999 -9999 -9999 -9999 -9999 -9999 -9999 -9999 -9999 -9999 -9999 -9999 -9999 -9999 -9999 -9999 -9999 -9999 -9999 -9999 -9999 -9999 -9999 -9999 -9999 -9999 -9999 -9999 -9999 -9999
25 25 25 25 25 25 25 25 25 26 25 25 25 25 25 25 25 25 25 25 25 25 25 19 3 2 1 1 2 2 5 25 25 25 25 25 25 25 25 25 25 25 25 28 28 30 30 30 30 30 30 30 30 -9999 -9999 -9999 -9999 -9999 -9999 -9999 -9999 -9999 -9999 -9999 -9999 -9999 -9999 -9999 -9999 -9999 -9999 -9999 -9999 -9999 -9999 -9999 -9999 -9999 -9999 -9999 -9999 -9999 -9999 -9999 -9999 -9999 -9999 -9999 -9999 -9999 -9999 -9999 -9999 -9999
25 25 25 25 25 25 25 25 25 25 25 25 25 25 25 25 25 25 25 25 25 25 19 11 2 2 1 1 1 2 6 25 25 25 25 25 25 25 25 25 25 25 25 27 28 30 30 30 30 30 30 30 30 -9999 -9999 -9999 -9999 -9999 -9999 -9999 -9999 -9999 -9999 -9999 -9999 -9999 -9999 -9999 -9999 -9999 -9999 -9999 -9999 -9999 -9999 -9999 -9999 -9999 -9999 -9999 -9999 -9999 -9999 -9999 -9999 -9999 -9999 -9999 -9999 -9999 -9999 -9999 -9999 -9999
25 25 25 25 25 25 25 25 25 25 25 25 25 25 25 25 25 25 25 25 25 25 18 5 2 2 1 1 1 2 10 25 25 25 25 25 25 25 25 25 25 25 25 28 28 30 30 30 30 30 30 30 30 -9999 -9999 -9999 -9999 -9999 -9999 -9999 -9999 -9999 -9999 -9999 -9999 -9999 -9999 -9999 -9999 -9999 -9999 -9999 -9999 -9999 -9999 -9999 -9999 -9999 -9999 -9999 -9999 -9999 -9999 -9999 -9999 -9999 -9999 -9999 -9999 -9999 -9999 -9999 -9999 -9999
25 25 25 25 25 25 25 25 26 25 25 25 25 25 25 25 25 25 25 25 25 25 14 3 2 1 1 1 1 2 12 25 25 25 25 25 25 25 25 25 25 25 25 28 29 30 30 30 30 30 30 30 30 30 -9999 -9999 -9999 -9999 -9999 -9999 -9999 -9999 -9999 -9999 -9999 -9999 -9999 -9999 -9999 -9999 -9999 -9999 -9999 -9999 -9999 -9999 -9999 -9999 -9999 -9999 -9999 -9999 -9999 -9999 -9999 -9999 -9999 -9999 -9999 -9999 -9999 -9999 -9999 -9999
25 25 25 25 25 25 25 26 26 25 25 25 25 25 25 25 25 25 25 25 25 25 17 3 2 1 1 1 1 2 15 25 25 25 25 25 25 25 25 25 25 26 28 28 29 30 30 30 30 30 30 30 30 30 30 -9999 -9999 -9999 -9999 -9999 -9999 -9999 -9999 -9999 -9999 -9999 -9999 -9999 -9999 -9999 -9999 -9999 -9999 -9999 -9999 -9999 -9999 -9999 -9999 -9999 -9999 -9999 -9999 -9999 -9999 -9999 -9999 -9999 -9999 -9999 -9999 -9999 -9999 -9999
25 25 25 25 25 25 25 26 26 25 25 25 25 25 25 25 25 25 25 25 25 25 16 3 2 1 1 1 1 2 15 25 25 25 25 25 25 25 25 25 26 28 29 29 30 30 30 30 30 30 30 30 30 30 30 30 30 -9999 -9999 -9999 -9999 -9999 -9999 -9999 -9999 -9999 -9999 -9999 -9999 -9999 -9999 -9999 -9999 -9999 -9999 -9999 -9999 -9999 -9999 -9999 -9999 -9999 -9999 -9999 -9999 -9999 -9999 -9999 -9999 -9999 -9999 -9999 -9999 -9999
25 25 25 25 25 25 25 26 25 25 25 25 25 25 25 25 25 25 25 25 25 25 11 2 2 1 0 1 1 2 14 25 25 25 25 25 25 25 25 25 28 28 29 30 30 30 30 30 30 30 30 30 30 30 30 30 30 30 30 -9999 -9999 -9999 -9999 -9999 -9999 -9999 -9999 -9999 -9999 -9999 -9999 -9999 -9999 -9999 -9999 -9999 -9999 -9999 -9999 -9999 -9999 -9999 -9999 -9999 -9999 -9999 -9999 -9999 -9999 -9999 -9999 -9999 -9999 -9999
25 25 25 25 25 25 25 25 25 25 25 25 25 25 25 25 25 25 25 25 18 15 4 2 1 1 0 0 1 2 11 25 25 25 25 25 25 25 25 25 25 28 28 28 30 30 30 30 30 30 30 30 30 30 30 30 30 30 30 30 -9999 -9999 -9999 -9999 -9999 -9999 -9999 -9999 -9999 -9999 -9999 -9999 -9999 -9999 -9999 -9999 -9999 -9999 -9999 -9999 -9999 -9999 -9999 -9999 -9999 -9999 -9999 -9999 -9999 -9999 -9999 -9999 -9999 -9999
25 25 25 25 25 25 25 25 25 25 25 25 25 25 25 25 25 25 25 25 15 7 2 2 1 0 0 0 1 2 8 19 25 25 25 25 25 25 25 25 25 25 27 28 28 30 30 30 30 30 30 30 29 29 29 29 30 30 30 30 30 -9999 -9999 -9999 -9999 -9999 -9999 -9999 -9999 -9999 -9999 -9999 -9999 -9999 -9999 -9999 -9999 -9999 -9999 -9999 -9999 -9999 -9999 -9999 -9999 -9999 -9999 -9999 -9999 -9999 -9999 -9999 -9999 -9999
25 25 25 25 25 25 25 25 26 25 25 25 25 25 25 25 25 25 25 25 8 3 2 2 1 0 0 0 1 1 4 18 25 25 25 25 25 25 25 25 25 25 25 27 28 29 30 30 30 30 30 29 28 28 28 28 28 29 30 30 30 30 -9999 -9999 -9999 -9999 -9999 -9999 -9999 -9999 -9999 -9999 -9999 -9999 -9999 -9999 -9999 -9999 -9999 -9999 -9999 -9999 -9999 -9999 -9999 -9999 -9999 -9999 -9999 -9999 -9999 -9999 -9999 -9999
25 25 25 25 25 25 25 25 26 25 25 25 25 25 25 25 25 25 25 25 17 8 3 2 1 0 0 0 1 2 3 17 25 25 25 25 25 25 25 25 25 25 25 25 27 28 30 30 30 30 29 28 28 28 28 28 28 28 30 30 30 30 -9999 -9999 -9999 -9999 -9999 -9999 -9999 -9999 -9999 -9999 -9999 -9999 -9999 -9999 -9999 -9999 -9999 -9999 -9999 -9999 -9999 -9999 -9999 -9999 -9999 -9999 -9999 -9999 -9999 -9999 -9999 -9999
25 25 25 25 25 25 25 25 26 25 25 25 25 25 25 25 25 25 25 25 25 25 8 2 1 0 0 0 1 1 2 13 25 25 25 25 25 25 25 25 25 25 25 25 27 28 30 30 30 30 29 28 28 27 27 28 28 28 29 30 30 30 -9999 -9999 -9999 -9999 -9999 -9999 -9999 -9999 -9999 -9999 -9999 -9999 -9999 -9999 -9999 -9999 -9999 -9999 -9999 -9999 -9999 -9999 -9999 -9999 -9999 -9999 -9999 -9999 -9999 -9999 -9999 -9999
25 25 25 25 25 25 25 25 26 25 25 25 25 25 25 25 25 25 25 25 25 25 25 3 2 0 0 0 0 1 2 8 19 25 25 25 25 25 25 25 25 25 25 25 27 28 29 30 30 30 28 28 26 25 25 27 28 28 29 30 30 30 30 -9999 -9999 -9999 -9999 -9999 -9999 -9999 -9999 -9999 -9999 -9999 -9999 -9999 -9999 -9999 -9999 -9999 -9999 -9999 -9999 -9999 -9999 -9999 -9999 -9999 -9999 -9999 -9999 -9999 -9999 -9999
25 25 25 25 25 25 25 25 26 26 25 25 25 25 25 25 25 25 25 25 25 25 25 8 1 1 0 0 0 1 2 3 14 25 25 25 25 25 25 25 25 25 25 25 25 27 28 29 30 29 28 27 25 25 25 25 27 28 28 29 30 30 30 -9999 -9999 -9999 -9999 -9999 -9999 -9999 -9999 -9999 -9999 -9999 -9999 -9999 -9999 -9999 -9999 -9999 -9999 -9999 -9999 -9999 -9999 -9999 -9999 -9999 -9999 -9999 -9999 -9999 -9999 -9999
25 25 25 25 25 25 25 25 26 26 25 25 25 25 25 25 25 25 25 25 25 25 25 10 2 1 0 0 0 0 1 2 6 17 25 25 25 25 25 25 25 25 25 25 25 25 28 28 29 28 28 25 25 25 25 25 25 27 28 28 29 30 30 -9999 -9999 -9999 -9999 -9999 -9999 -9999 -9999 -9999 -9999 -9999 -9999 -9999 -9999 -9999 -9999 -9999 -9999 -9999 -9999 -9999 -9999 -9999 -9999 -9999 -9999 -9999 -9999 -9999 -9999 -9999
25 25 25 25 25 25 25 25 26 26 26 25 25 25 25 25 25 25 25 25 25 25 25 15 2 1 0 0 0 0 1 1 2 9 17 23 25 25 25 25 25 25 25 25 25 25 27 28 28 28 28 25 25 25 25 25 25 25 27 28 28 29 30 -9999 -9999 -9999 -9999 -9999 -9999 -9999 -9999 -9999 -9999 -9999 -9999 -9999 -9999 -9999 -9999 -9999 -9999 -9999 -9999 -9999 -9999 -9999 -9999 -9999 -9999 -9999 -9999 -9999 -9999 -9999
25 25 25 25 25 25 25 25 26 26 26 26 25 25 25 25 25 25 25 25 25 25 25 25 2 1 0 0 0 0 0 1 2 3 9 15 21 25 25 25 25 25 25 25 25 25 25 28 28 28 25 25 25 25 25 25 25 25 26 28 28 28 29 -9999 -9999 -9999 -9999 -9999 -9999 -9999 -9999 -9999 -9999 -9999 -9999 -9999 -9999 -9999 -9999 -9999 -9999 -9999 -9999 -9999 -9999 -9999 -9999 -9999 -9999 -9999 -9999 -9999 -9999 -9999
25 25 25 25 25 25 25 25 25 26 26 26 26 25 25 25 25 25 25 25 25 25 25 25 3 1 0 0 0 0 0 0 1 2 2 6 14 25 25 25 25 25 25 25 25 25 25 26 25 25 25 25 25 25 25 25 25 25 25 25 27 28 28 -9999 -9999 -9999 -9999 -9999 -9999 -9999 -9999 -9999 -9999 -9999 -9999 -9999 -9999 -9999 -9999 -9999 -9999 -9999 -9999 -9999 -9999 -9999 -9999 -9999 -9999 -9999 -9999 -9999 -9999 -9999
25 25 25 25 25 25 25 25 25 25 26 26 26 26 25 25 25 25 25 25 25 25 25 25 6 2 0 0 0 0 0 0 1 1 2 2 6 16 25 25 25 25 25 25 25 25 25 25 25 25 25 25 25 25 25 25 25 25 25 25 25 28 28 29 -9999 -9999 -9999 -9999 -9999 -9999 -9999 -9999 -9999 -9999 -9999 -9999 -9999 -9999 -9999 -9999 -9999 -9999 -9999 -9999 -9999 -9999 -9999 -9999 -9999 -9999 -9999 -9999 -9999 -9999
25 25 25 25 25 25 25 25 25 25 26 26 27 26 25 25 25 25 25 25 25 25 25 25 14 2 1 0 0 0 0 0 0 1 1 2 2 12 25 25 25 25 25 25 25 25 25 25 25 25 25 25 25 25 25 25 25 25 25 25 25 25 28 28 -9999 -9999 -9999 -9999 -9999 -9999 -9999 -9999 -9999 -9999 -9999 -9999 -9999 -9999 -9999 -9999 -9999 -9999 -9999 -9999 -9999 -9999 -9999 -9999 -9999 -9999 -9999 -9999 -9999 -9999
25 25 25 25 25 25 25 25 25 25 26 26 26 25 25 25 25 25 25 25 25 25 25 25 25 3 1 0 0 0 0 0 0 0 1 1 2 10 25 25 25 25 25 25 25 25 25 25 25 25 25 25 25 25 25 25 25 25 25 25 25 25 28 28 -9999 -9999 -9999 -9999 -9999 -9999 -9999 -9999 -9999 -9999 -9999 -9999 -9999 -9999 -9999 -9999 -9999 -9999 -9999 -9999 -9999 -9999 -9999 -9999 -9999 -9999 -9999 -9999 -9999 -9999
25 25 25 25 25 25 25 25 25 25 25 25 25 25 25 25 25 25 25 25 25 25 25 25 25 7 2 0 0 0 0 0 0 0 0 1 2 10 25 25 25 25 25 25 25 25 25 25 25 25 25 25 25 25 25 25 25 25 25 25 25 25 26 27 -9999 -9999 -9999 -9999 -9999 -9999 -9999 -9999 -9999 -9999 -9999 -9999 -9999 -9999 -9999 -9999 -9999 -9999 -9999 -9999 -9999 -9999 -9999 -9999 -9999 -9999 -9999 -9999 -9999 -9999
25 25 25 25 25 25 25 25 25 25 25 25 25 25 25 25 25 25 25 25 25 25 25 25 25 10 2 1 0 0 0 0 0 0 0 1 2 18 25 25 25 25 25 25 25 25 25 25 25 25 25 25 25 25 25 25 25 25 25 25 25 25 25 26 -9999 -9999 -9999 -9999 -9999 -9999 -9999 -9999 -9999 -9999 -9999 -9999 -9999 -9999 -9999 -9999 -9999 -9999 -9999 -9999 -9999 -9999 -9999 -9999 -9999 -9999 -9999 -9999 -9999 -9999
