Rscript/monthly_maps/SnowDepthMapFile-mean-1989-10.asc
ncols 320 
nrows 361 
xllcorner 618410.159 
yllcorner 5088785.286 
cellsize 100 
NODATA_value -9999 
[rows 56 to 83 of 361, columns 189 to 251 of 320]
9.52903163048529 8.97367200543804 8.74002810447447 9.04922405365975 10.1778272198093 11.2974286233225 12.4613067565426 12.3188116934992 10.8556890333852 9.32718621530841 8.66574287414551 8.20548678982642 8.11841084880214 8.21113481829243 8.42785490712812 8.28151653658959 7.95428417574975 7.46289517802577 6.99466822224279 6.65261428586898 6.32006792868337 5.97807967278265 5.72142991712016 5.56987171788369 5.20022423036637 4.76361299330188 4.29118907067084 3.6265359386321 3.14294178255143 2.17052798117361 1.52721158919796 0.8528381470711 0.343003149955503 0 0 0 0 0.277613947468419 0.988822075628465 1.37604978007655 2.25205925972231 2.86901678577546 3.04169254918252 2.91136323252032 2.77067024477067 2.60886453813122 2.38715804007746 2.3661890645181 2.32891891848656 2.43182148471955 2.60451836739817 2.96180088289322 3.65007732760522 4.25323830881426 4.89096653846002 5.38853405367944 5.85196821151241 6.19123114309003 6.29158819875409 6.22727338729366 6.21704507643177 6.35501455491589 6.57740648331181
9.76262929362635 9.33864821157148 8.70138734386813 8.48950939793741 9.05625423308342 10.5037589534636 11.3778169693485 11.6151227335776 10.0519233211394 8.85114768243605 8.02603875437091 7.55697281129899 7.28895405800112 7.46791261242282 7.70271399713332 7.61014587648453 7.26956847406203 6.77643905147429 6.40099863852224 5.97762920010474 5.62724679516208 5.45157570992747 5.09394697989187 4.78676635988297 4.46970435111753 3.79450108928065 2.86431795550931 2.64132862706338 1.89509484075731 1.76876498806861 1.38665623818674 0.713832178423482 0.252963681374827 0 0 0 0 0.340649358687862 0.586742216540921 1.22134805494739 1.44588913456086 1.53454762120401 1.52630418346774 1.48918250299269 1.41733846356792 1.34934837587418 1.29388144708449 1.25997531029486 1.25033680085213 1.27180850121283 1.32196094143775 1.63006022668654 2.46166764536212 2.87503525518602 3.59736024179766 4.13158029125583 4.62367451575495 4.91280377295709 5.06044597010459 5.05196995888987 5.05238360743369 5.17001613493889 5.36811828613281
10.2051691855154 9.66816809869582 9.0829655431932 8.45301926520563 8.38152510120023 9.30053397147886 10.6151484827841 10.5666585122385 9.40403218423167 8.24173342797064 7.469787228492 6.87966792814193 6.52793428974767 6.50973858371858 6.66020165720294 6.6343181056361 6.40902248505623 6.09989781533518 5.6948965749433 5.33855958138743 4.93838005681192 4.67976440921907 4.14203003914125 4.10690458359257 3.03642805161015 2.66749483539212 1.85326545469223 1.75072602302797 1.69247941047915 1.51544853948778 1.02973211965253 0.508795645929152 0.372064590454102 0 0 0 0 0 0.32185483747913 0.68499509749874 1.15199821226058 1.33136638518303 1.35355352586316 1.29360703499086 1.19401267267043 1.0984383859942 0.962932586669922 0.878100425966324 0.865922435637443 0.940848073651714 1.08158246932491 1.19795288578157 1.24323998728106 1.58315557049167 2.43635226834205 2.81703542893933 3.43397700402044 3.85772089804372 4.10150066498787 4.20121211390341 4.25794995215631 4.33319141018775 4.46910070603894
11.4676350316694 10.0751576577463 9.51850238923104 8.49975401355374 8.16846069212883 8.47640197507797 9.06395401493196 9.4438968781502 8.67285143944525 7.62352352757608 6.80440527392972 6.22396930571525 5.96730121489494 5.5999499905494 5.87700803818241 5.900084341726 5.62834421280892 5.42624679688484 5.13837863552955 4.70478910015475 4.30251496837985 3.30953782604587 3.00169169518255 2.6993868120255 2.35108624735186 1.81709547965757 1.64639602168914 1.39500857937721 1.12917007938508 0.888251027753276 0.582894109910534 0.296612647271925 0 0 0 0 0 0 0 0.303999993108934 0.491861404911164 0.679658643661007 0.723948570989793 0.633863695206181 0.509066920126638 0.404334652808405 0.326213036814044 0.260259935932775 0.332022236239526 0.302617165350145 0.409869840068202 0.648654383997763 1.02968714314122 1.23466270200668 1.3306760480327 1.70142355272847 2.49720945665913 2.80589432870188 3.08210028371503 3.24762565858902 3.3445366274926 3.40444881685319 3.51525128272272
10.9696875541441 10.499087549025 9.57383223502867 8.67868977208291 7.96273935994794 7.94997258340159 8.28506100562311 8.59985733032227 7.9734620125063 6.8694036545292 6.0798968961162 5.61632122532014 5.47450490151682 4.9249824400871 5.3630542755127 5.41302234895768 5.16304677532565 4.89125550177789 4.1857852935791 3.74465074846821 2.8061118279734 2.29436465232603 1.987853634742 1.90465496432397 1.78449483071604 1.56780698222499 1.14353376819241 0.72580922034479 0.513614716068391 0.338689496440272 0.260362594358383 0 0 0 0 0 0 0 0 0 0.391351453719601 0.260810082958591 0.2753936090777 0.347916695379442 0.398854501785771 0 0 0 0 0 0.272436234258836 0.312770412814233 0.525646517353673 0.927769014912267 1.26408669256395 1.41178611017043 1.47321701049805 1.53913694812405 1.8315448299531 2.3556902793146 2.45028575774162 2.59585549754481 2.57138729095459
10.4273355545536 10.3716976719518 9.40049915928994 8.50304339008947 7.88255777666646 7.37537257902084 7.47588471443422 7.7294670843309 7.07145654001544 6.14167951768444 5.3582210386953 5.1034422843687 4.33913200132308 4.22135137742566 4.22817291751985 4.65883897965954 4.46873938652777 3.96861020980343 3.02445528584142 2.64627078271681 1.96572605256111 1.8812260781565 1.81487421835622 1.66016707881804 1.41417903284873 0.960047568044355 0.564764084354524 0.274748340729744 0.28644097235895 0 0 0 0 0 0 0 0 0 0 0 0 0 0 0 0 0 0 0 0 0 0 0.313136777570171 0.357508813181231 0.697895603795205 1.03086668445218 1.3392343828755 1.461669921875 1.54103482154108 1.57885299190398 1.58636708413401 1.57606604791457 1.55015367077243 1.52538225727697
9.66512840024887 9.70959128102949 9.02451545961442 8.16467986568328 7.30045435505529 6.69235331012357 6.5755247300671 6.48728058415074 6.09961051325644 5.31254140792354 4.74743298561342 3.71467036585654 3.18459507726854 3.13177019549954 3.05059403757895 3.03968514165571 2.98349921934066 2.65423205591017 1.97888946533203 1.87599440543882 1.79813778784967 1.6413462238927 1.42525986702211 1.08481573289441 0.727814459031628 0.416562634129678 0.269989444363502 0 0 0 0 0 0 0 0 0 0 0 0 0 0 0 0 0 0 0 0 0 0 0 0 0.301879021429246 0.503297682731382 0.760708778135238 0.959690032466765 1.14557623094128 1.40594728531376 1.50879779938729 1.58438294933688 1.62605864001859 1.60409558203913 1.58804259761687 1.56611005721554
8.4428648794851 8.88349785343293 8.60431135854413 7.72188162034558 6.5945095246838 6.12369140501945 5.38566675493794 5.30165518483808 5.30379926004717 4.29629350477649 3.18815294388802 2.59653485205866 2.01342244302073 2.04585475306357 2.42542054576259 2.40243696397351 1.99798522457 1.89205784951487 1.78713263234785 1.61964896417433 1.39686129170079 1.10583692981351 0.837862445462135 0.587532597203409 0.344438952784384 0.263238629987163 0 0 0 0 0 0 0 0 0 0 0 0 0 0 0 0 0 0 0 0 0 0 0 0 0.360046694355626 0.393861247647193 0.786105494345388 1.03923366915795 1.15918534801852 1.25989397110478 1.39848192276493 1.52594793996503 1.60510721514302 1.63814741565335 1.57807233256678 1.54990497712166 1.52037995861423
7.31371787286574 8.09674576790102 8.09661840623425 7.08927800578456 5.82794521700951 4.81842084084788 4.43703602206322 4.19849364988266 3.88310186324581 3.03200850948211 1.92467880249023 1.89351801718435 1.88808453467584 1.93153762817383 1.93354846585181 1.91827269523374 1.78779072915354 1.59664277107485 1.34538712040071 1.06230864986297 0.841577345325101 0.653892578617219 0.470260374007686 0.312076045620826 0.348556057099373 0 0 0 0 0 0 0 0 0 0 0 0 0 0 0 0 0 0 0 0 0 0 0 0 0 0.262249392847861 0.786551998507592 1.2969975625315 1.509095345774 1.9140677298269 1.55293409286007 1.58659645818895 1.66360227523311 2.12505580532935 2.14083788471837 2.08606113926057 1.69333636376166 1.66293433404738
5.96213789909117 6.79881338919363 7.00146804317351 6.24437765921316 5.06638000857445 3.95809961134388 3.07116813044394 2.69572193391861 2.1712360689717 1.89455056959583 1.83474694528887 1.70903175107894 1.62337112426758 1.65302953412456 1.66269056258663 1.55971133324408 1.25307070824408 0.938198643345987 0.708081706877678 0.588115630611297 0.467636969781691 0.377780083687075 0.300037107160014 0 0 0 0 0 0 0 0 0 0 0 0 0 0 0 0 0 0 0 0 0 0 0 0 0 0 0.341776570966167 0.587714841288905 1.75122516385971 2.03134767470821 2.22175616602744 2.21687080014137 2.15692227886569 2.12063961644327 2.11548325323289 2.14552934708134 2.18229475328999 2.17955943076841 2.1516963589576 2.14122329219695
4.91146007660897 5.3090211191485 5.98731923872425 5.35355263371621 4.45081361647575 2.86290014943769 1.97799424202211 1.86137562413369 1.79912862470073 1.74747934649068 1.5384387354697 1.20311478645571 1.0312634129678 1.0422122093939 1.01295194318218 0.837286795339277 0.583213375460717 0.413900621475712 0.326979360272807 0.270369591251496 0.256719681524461 0.364119652778872 0 0 0 0 0 0 0 0 0 0 0 0 0 0 0 0 0 0 0 0 0 0 0 0 0 0 0 0.381156090767153 1.14530858685893 1.86023855209351 3.03997221300679 3.54566783289756 3.61186655106083 3.38853894510577 3.24548632098782 3.34968170042961 3.51421473103185 3.62026576072939 3.8176642387144 3.9316841248543 4.1012666456161
3.75216640964631 4.15013867039834 4.27569303204936 4.16366527926537 3.64993144619849 2.4279635952365 1.92456706877678 1.7154426574707 1.47006484000914 1.20053605110415 0.915033771145728 0.688946200955299 0.587208532517956 0.560960892708071 0.497119780509703 0.364216527631206 0.264448565821494 0 0 0 0 0 0 0 0 0 0 0 0 0 0 0 0 0 0 0 0 0 0 0 0 0 0 0 0 0 0 0 0.342244917346585 0.616128552344538 1.44434504355154 2.53651131353071 4.70148683363391 5.69129605447092 5.80963577762727 5.72191379916283 5.59198521029565 5.6041130558137 5.9625689291185 6.05652826063095 6.14903370026619 6.32333660125732 6.34350155245873
2.2393706844699 2.19522516189083 2.64518371705086 2.72543691819714 2.49350372437508 2.45261604555192 1.84037682317918 1.34656143188477 0.902698886009955 0.636395792807302 0.471280128725113 0.36635426552065 0.282421511988486 0.297644369063839 0.291668184341923 0 0 0 0 0 0 0 0 0 0 0 0 0 0 0 0 0 0 0 0 0 0 0 0 0 0 0 0 0 0 0 0 0 0 0.668845699679467 1.40847925986013 2.53015588944958 5.05352915486982 6.28952733932003 6.55030004439815 6.72215997019122 6.77461488785282 6.88936861099735 7.25002525698754 7.59167892702164 8.01961138940627 8.5317739517458 8.90533007344892
1.74297714233398 1.80287613407258 1.90008520310925 2.03173323600523 2.10115395822833 2.38594725824171 1.6846553433326 1.01893529584331 0.585965248846239 0.352182665178853 0.305069554236627 0 0 0 0 0 0 0 0 0 0 0 0 0 0 0 0 0 0 0 0 0 0 0 0 0 0 0 0 0 0 0 0 0 0 0 0 0 0 0.425018525892688 1.24537720218782 1.56916673721806 3.31072287405691 4.66889879780431 5.00836077044087 5.83582376664685 7.05415405765657 7.31653490374165 7.53258988165086 8.04525363060736 8.82130161408455 9.88988504102153 10.7229696704495
1.16557841147146 1.42957428962954 1.72546275969475 1.94816921603295 1.9977895675167 1.81778913928616 1.31341860371251 0.715169229815083 0.367763334704984 0 0 0 0 0 0 0 0 0 0 0 0 0 0 0 0 0 0 0 0 0 0 0 0 0 0 0 0 0 0 0 0 0 0 0 0 0 0 0 0 0.396086292882119 0.631285759710496 1.23941938338741 1.48801262147965 2.75621804883403 3.92020010179089 4.72684257261215 5.28863316197549 6.17351599662535 6.51361846923828 7.08702001264018 8.59770867132371 9.34464137784896 10.8615226437969
0.585545878256521 0.872108582527407 1.29947748491841 1.68895635297222 1.70382358181861 1.35090514152281 0.789708537440146 0.403559838571856 0.33496404463245 0 0 0 0 0 0 0 0 0 0 0 0 0 0 0 0 0 0 0 0 0 0 0 0 0 0 0 0 0 0 0 0 0 0 0 0 0 0 0 0 0 0.398604085368495 0.573316635624055 1.18402604133852 1.44200281943044 1.92691399974208 3.15666081828456 4.05267007889286 4.74600625807239 5.42690929289787 6.39979688582882 7.41605777125205 8.78796657439201 10.0761667989915
0.322555880392751 0.621013395247921 0.985044171733241 1.25402265979398 1.1832024358934 0.76437254874937 0.380513498860021 0 0 0 0 0 0 0 0 0 0 0 0 0 0 0 0 0 0 0 0 0 0 0 0 0 0 0 0 0 0 0 0 0 0 0 0 0 0 0 0 0 0 0 0 0.278240573021673 0.575002116541709 1.18667541011687 1.4531859121015 1.61654466198337 2.71324880661503 3.6778768416374 4.61482977098034 5.49363843856319 6.47257934078093 7.6988047938193 8.82203372832267
0.353893587666173 0.481848409098964 0.757243371778919 0.835130630000945 0.63833728913338 0.333605704769011 0 0 0 0 0 0 0 0 0 0 0 0 0 0 0 0 0 0 0 0 0 0 0 0 0 0 0 0 0 0 0 0 0 0 0.293496131896973 0.286798784809728 0 0 0 0 0 0 0 0 0 0 0.343761905547111 0.615282612462198 1.19908179006269 1.4625482866841 1.59307553691249 2.64407182508899 3.85976852909211 4.88356559507308 6.13798775211457 6.95909364761845 8.21924504926128
0 0.388111945121519 0.537295495310137 0.472245770116006 0.271865813962875 0 0 0 0 0 0 0 0 0 0 0 0 0 0 0 0 0 0 0 0 0 0 0 0 0 0 0 0 0 0 0 0 0 0.296741516359391 0.670187181042087 1.06069392542685 1.01276693036479 0.620064089375158 0.252327457551033 0 0 0 0 0 0 0 0 0 0.285007784443517 0.612613185759514 1.13945770263672 1.44403642223727 1.56614783502394 2.95937762721892 4.34680514181814 5.42197602795016 6.6985633911625 7.43697784792992
0 0.297619142839986 0.275545151002945 0 0 0 0 0 0 0 0 0 0 0 0 0 0 0 0 0 0 0 0 0 0 0 0 0 0 0 0 0 0 0 0 0 0 0 0.350221972311697 1.09923713437973 1.95553524263443 2.45874995570029 2.12085336254489 0.910591433125158 0.279835424115581 0 0 0 0 0 0 0 0 0 0.262064595376292 0.593080274520382 1.09710619526525 1.39040202479209 1.78421162020776 3.55055996679491 4.79163563636041 5.77279392365486 6.87589805356918
0 0 0 0 0 0 0 0 0 0 0 0 0 0 0 0 0 0 0 0 0 0 0 0 0 0 0 0 0 0 0 0 0 0 0 0 0 0 0.319304127846995 1.1034661569903 2.18556367197344 2.54040555031069 2.72815747414866 2.33937681874921 0.999023560554751 0.249012716354862 0 0 0 0 0 0 0 0 0 0.278653267891176 0.5751097894484 1.1570194613549 1.3739630176175 2.62897720644551 4.02127308999338 5.10946913688414 6.08692710630355
0 0 0 0 0 0 0 0 0 0 0 0 0 0 0 0 0 0 0 0 0 0 0 0 0 0 0 0 0 0 0 0 0 0 0 0 0 0 0.304999905247842 0.900686633202337 1.73075694422568 2.31828637276926 3.46291311325565 3.53669889511601 2.21316497556625 0.91359366140058 0.312847352796985 0 0 0 0 0 0 0 0 0 0.25930481572305 0.650448522260112 1.22247068343624 1.3766841273154 3.00001055194486 4.32222218667307 5.42860449514081
0 0 0 0 0 0 0 0 0 0 0 0 0 0 0 0 0 0 0 0 0 0 0 0 0 0 0 0 0 0 0 0 0 0 0 0 0 0 0.274472575033865 0.645295850692257 1.51917463733304 1.91725330968057 3.68631489046158 5.39837197334536 4.28626128165953 2.01114986788842 0.825927488265499 0.31641855547505 0 0 0 0 0 0 0 0 0 0.260525057392736 0.800563750728484 1.23436847809822 1.83576380821966 3.46663484265727 4.78949214566139
0 0 0 0 0 0 0 0 0 0 0 0 0 0 0 0 0 0 0 0 0 0 0 0 0 0 0 0.363046246190225 0.484066501740486 0.650238960020004 0.599730768511372 0.431156312265704 0.267319617732879 0 0 0 0 0 0 0.431557870680286 1.28350190193422 1.75369754914315 3.12011014261553 5.77870621219758 6.5434558007025 4.70802319434381 1.92831882353752 0.968993525351247 0.32112499975389 0 0 0 0 0 0 0 0 0 0.367271854031471 1.02343805374638 1.28282362414945 2.63899955441875 4.19651997473932
0 0 0 0 0 0 0 0 0 0 0 0 0 0 0 0 0 0 0 0 0 0 0 0 0 0 0.322754829160629 0.680247153005292 1.5585865512971 1.97233412342687 1.83457565307617 1.45549860308247 0.610759488997921 0.261192721705283 0 0 0 0 0 0.267616641136908 0.948518814579133 1.61864163798671 2.66165767177459 5.07175202523508 6.67382074171497 8.03244781494141 5.28335746642082 2.32381282314177 1.56187743525351 0.751109400103169 0.362048425982075 0.35176218709638 0 0 0 0 0 0 0.381569400910408 0.627205079601657 1.22745132446289 2.17699467751288 3.71371921416252
0 0 0 0 0 0 0 0 0 0 0 0 0 0 0 0 0 0 0 0 0 0 0 0 0.369116383214151 0.358155773532006 0.734583270165228 1.67637077454598 2.51186167809271 2.78547145474342 2.7257443089639 2.11425519758655 1.05061401859407 0.40249510734312 0 0 0 0 0 0.327883658870574 0.671784370176254 1.47457639632686 2.05249032666606 4.07506635112147 6.01590599552278 7.83775009647492 8.79628227603051 5.65344358259632 2.83168309734714 1.94289715059342 1.47470128151678 0.784165597731067 0.413455563206826 0.341743715347782 0 0 0 0 0.356044277068107 0.47759828259868 1.18624914846113 1.67977268465104 3.51583726944462
0 0 0 0 0 0 0 0 0 0 0 0 0 0 0 0 0 0 0 0 0 0 0.297747365890011 0.405008131457913 0.648380648705267 0.959618353074597 1.74186177407542 2.44919475432365 2.91110432532526 3.71236527350641 2.92343225786763 2.4561034171812 1.36330832204511 0.603590319233556 0.376420451748756 0 0 0 0 0 0.465495663304483 1.28146546886813 1.64937493108934 3.14412261593726 4.98472490618306 7.03634329765074 8.91886732655187 8.38021587556408 5.45055107916555 3.01629540228075 2.16128183180286 1.81726511063114 1.10828510407479 0.597104287916614 0.266199665684854 0.283402535223192 0 0.366305997294764 0.339229583740234 0.748474428730626 1.32712185767389 2.02377796173096 3.72763639880765
0 0 0 0 0 0 0 0 0 0 0 0 0 0 0 0 0 0 0 0 0 0.294581782433294 0.701912910707535 1.43822789961292 1.85742058292512 2.16784775641657 2.44802684168662 2.73092356035786 4.1823832296556 4.37337823067942 3.57693309168662 2.48089793420607 1.88648350008072 0.758688280659337 0.250139098013601 0 0 0 0 0 0.328127430331322 0.99700189405872 1.58023834228516 2.3372509248795 4.13834418019941 6.17822828600484 7.43383229163385 9.05684954120267 7.54452323913574 5.11767393542874 3.23377815369637 2.29852399518413 2.19092707480154 1.56940337150328 0.862118013443485 0.593516503610919 0.552842355543567 0.675945281982422 0.944091489238124 1.64060614185949 1.94630530572707 2.4075785913775 3.96816284425797
