Rscript/monthly_maps/SnowDepthMapFile-q90-1990-02.asc
ncols 320 
nrows 361 
xllcorner 618410.159 
yllcorner 5088785.286 
cellsize 100 
NODATA_value -9999 
[rows 92 to 114 of 361, columns 53 to 105 of 320]
1683.4 1744.68931884766 1758.22078857422 1684.29768066406 1611.8951171875 1594.78648681641 1568.73062744141 1545.46722412109 1507.63615722656 1467.43775634766 1405.21390380859 1305.85007324219 1196.82215576172 1079.78115234375 966.008367919922 877.563372802734 860.043145751953 836.702020263672 818.314971923828 806.839019775391 803.382208251953 793.13623046875 772.710131835938 762.813763427734 769.747308349609 747.999865722656 746.818524169922 723.959191894531 772.005059814453 853.497833251953 935.097546386719 1043.16197509766 1124.69150390625 1205.80980224609 1258.81502685547 1284.016796875 1285.10256347656 1286.6341796875 1297.91489257813 1306.82686767578 1321.43460693359 1358.03049316406 1385.83348388672 1417.47102050781 1435.01163330078 1459.15993652344 1468.41652832031 1472.36768798828 1474.64283447266 1461.83679199219 1454.68461914063 1466.57783203125 1473.08209228516
1735.52421875 1742.82111816406 1716.71309814453 1640.30587158203 1606.31236572266 1591.37733154297 1563.02521972656 1532.59720458984 1496.77681884766 1460.04230957031 1401.08671875 1333.47425537109 1255.94221191406 1155.51038818359 1041.84969482422 915.524261474609 859.887884521484 845.968487548828 824.755810546875 818.731201171875 810.606884765625 799.379144287109 787.392712402344 769.931829833984 767.968804931641 752.790045166016 743.552801513672 725.062915039063 760.408264160156 825.693756103516 905.294348144531 965.553302001953 1058.398828125 1159.48802490234 1225.22670898438 1242.55456542969 1245.67575683594 1248.67016601562 1250.55460205078 1261.52117919922 1278.64654541016 1309.81213378906 1325.43161621094 1340.60100097656 1366.43306884766 1395.23935546875 1438.15718994141 1455.30810546875 1432.88608398438 1400.71115722656 1395.52719726563 1413.99626464844 1425.92645263672
1750.31506347656 1762.82685546875 1676.89211425781 1640.34499511719 1588.81335449219 1576.49583740234 1552.86342773438 1521.18686523438 1484.57919921875 1437.55052490234 1392.44299316406 1354.04379882813 1309.93907470703 1241.65599365234 1113.54775390625 962.408020019531 881.716442871094 855.368994140625 838.171234130859 828.385711669922 819.308892822266 806.440759277344 795.050500488281 773.074517822266 759.946472167969 753.386383056641 738.77177734375 725.337182617188 744.268585205078 792.411743164062 859.281591796875 919.185455322266 990.987017822266 1099.19000244141 1168.17877197266 1202.15970458984 1206.96724853516 1216.06595458984 1227.03636474609 1231.41861572266 1243.39577636719 1244.18829345703 1252.13745117188 1267.07739257812 1293.58692626953 1347.49639892578 1403.68239746094 1424.35203857422 1402.16149902344 1352.24772949219 1338.34932861328 1338.42249755859 1343.8509765625
1761.07503662109 1771.2146484375 1681.26169433594 1575.09350585938 1563.25458984375 1551.17827148437 1532.70548095703 1500.93991699219 1462.80256347656 1425.41672363281 1392.45725097656 1366.89766845703 1346.25430908203 1283.17296142578 1190.465234375 1038.67396240234 916.893988037109 876.655297851562 853.237353515625 832.868695068359 826.210308837891 814.709844970703 802.340612792969 787.250317382813 765.407159423828 762.511712646484 743.270166015625 731.322106933594 730.585375976563 761.585638427734 819.763079833984 884.250970458984 933.271063232422 1005.16021118164 1086.35845947266 1130.02830810547 1149.92199707031 1164.63255615234 1188.44655761719 1186.13992919922 1191.08842773438 1183.07198486328 1181.19205322266 1214.61190185547 1247.23189697266 1299.00400390625 1337.04191894531 1355.24158935547 1348.55056152344 1313.00659179688 1280.79782714844 1274.29556884766 1273.18675537109
1750.989453125 1828.54946289063 1693.24624023437 1571.98614501953 1535.71153564453 1525.28590087891 1509.35612792969 1475.95001220703 1445.38795166016 1417.48515625 1391.50170898438 1372.69716796875 1350.54095458984 1299.04176025391 1232.26671142578 1098.51763916016 973.108746337891 910.165179443359 885.066003417969 850.096990966797 831.663140869141 823.464202880859 810.462377929688 797.813104248047 775.489794921875 761.509924316406 746.243902587891 727.911120605469 734.262915039063 738.139288330078 775.530432128906 819.279736328125 887.725299072266 938.755865478516 986.549029541016 1020.04536132813 1052.31005859375 1080.85928955078 1140.68408203125 1139.72259521484 1134.14779052734 1129.65616455078 1140.44733886719 1166.38933105469 1201.50787353516 1219.10482177734 1240.67801513672 1257.61878662109 1289.73454589844 1274.58666992188 1245.41437988281 1228.71705322266 1226.87391357422
1793.45256347656 1903.07623291016 1739.558984375 1604.16550292969 1567.39057617188 1532.99862060547 1494.92435302734 1467.13784179688 1430.16369628906 1412.72600097656 1399.03250732422 1379.54276123047 1353.23282470703 1302.85330810547 1230.05471191406 1147.19659423828 1026.83908691406 963.690051269531 922.861370849609 880.095922851563 846.502612304688 830.924554443359 819.773345947266 804.451110839844 771.313531494141 748.454193115234 742.926031494141 731.478149414062 730.329693603516 727.805187988281 732.668389892578 763.437194824219 817.658428955078 869.521118164062 920.869805908203 944.760833740234 997.159155273437 997.128564453125 1032.88400878906 1059.78223876953 1082.17401123047 1095.21544189453 1118.02529296875 1132.47319335938 1149.89761962891 1131.23157958984 1137.45275878906 1154.57906494141 1192.45872802734 1202.74973144531 1196.46162109375 1183.45631103516 1174.92130126953
1911.87274169922 1901.59490966797 1720.04580078125 1613.06574707031 1604.25107421875 1583.58732910156 1526.87338867188 1461.86561279297 1417.96597900391 1402.18585205078 1393.17047119141 1374.77844238281 1346.34876708984 1299.10821533203 1229.96430664062 1165.21632080078 1067.79810791016 1011.93084106445 970.827679443359 942.485729980469 888.508905029297 846.231121826172 826.724310302734 798.501019287109 771.872912597656 755.565985107422 733.946929931641 729.898095703125 714.551641845703 718.245263671875 705.965515136719 705.827746582031 757.685113525391 803.500207519531 846.021105957031 892.064776611328 925.766076660156 950.895916748047 948.013269042969 969.180920410156 1003.74844360352 1022.31711425781 1060.00177001953 1088.20946044922 1093.83953857422 1081.48013916016 1070.58062744141 1062.53175048828 1118.11567382812 1134.35999755859 1138.67662353516 1140.02706298828 1127.42924804688
2001.01546630859 1804.11799316406 1654.20202636719 1606.68034667969 1618.36400146484 1606.11312255859 1533.77939453125 1461.01645507813 1410.20200195313 1386.18997802734 1383.58685302734 1360.94322509766 1323.46379394531 1281.38048095703 1230.13048095703 1176.94226074219 1102.98572998047 1065.31608886719 1030.40677490234 982.127587890625 949.313122558594 885.581726074219 837.289599609375 802.592956542969 777.399920654297 750.219244384766 732.943878173828 711.677294921875 698.589367675781 685.684240722656 682.63623046875 684.522045898437 696.542590332031 740.283746337891 784.504168701172 829.476702880859 858.034020996094 862.061828613281 899.753350830078 927.510491943359 942.154211425781 979.028381347656 985.603295898438 1000.62763061523 1017.25458984375 1016.20243530273 1020.10564575195 1036.91802978516 1052.61650390625 1063.34088134766 1064.80152587891 1041.90681152344 1047.39506835938
1923.31486816406 1764.43155517578 1630.92935791016 1612.24637451172 1596.20895996094 1573.70694580078 1519.50534667969 1451.97564697266 1409.90815429687 1390.87475585938 1373.09039306641 1357.18389892578 1319.13135986328 1285.60805664062 1254.28785400391 1199.48193359375 1137.86821289063 1101.40582275391 1074.63992919922 1031.23743896484 982.807745361328 927.208868408203 852.191247558594 801.671136474609 778.998370361328 746.723742675781 730.384777832031 703.310021972656 690.924560546875 665.686291503906 647.683453369141 662.548577880859 690.057257080078 717.020416259766 761.8029296875 787.632183837891 792.110333251953 800.203790283203 837.409594726563 870.119445800781 896.743939208984 940.723522949219 944.22265625 947.854089355469 949.465612792969 950.795196533203 944.737200927734 953.548345947266 962.144836425781 945.683996582031 951.031268310547 947.925274658203 952.204620361328
1816.46130371094 1730.79766845703 1654.0802734375 1613.39069824219 1576.76968994141 1532.15773925781 1490.82211914063 1445.62447509766 1424.38930664063 1407.95108642578 1385.22280273437 1367.69434814453 1348.17318115234 1317.39140625 1277.30363769531 1239.34519042969 1185.35009765625 1141.18668212891 1090.99365234375 1069.78741455078 1010.50479736328 941.054656982422 862.397448730469 802.963348388672 783.082043457031 748.984210205078 720.742431640625 702.452020263672 676.73115234375 665.199389648438 638.602178955078 619.149554443359 645.836236572266 686.630249023438 737.520843505859 755.953198242187 770.192620849609 783.670538330078 784.754901123047 820.097576904297 858.574047851562 880.702673339844 900.972406005859 903.934899902344 912.859460449219 917.415789794922 924.716369628906 927.950506591797 913.937048339844 893.363702392578 883.242901611328 884.866900634766 896.164367675781
1760.62670898438 1730.43444824219 1680.72813720703 1629.55930175781 1574.37209472656 1519.71086425781 1472.95808105469 1442.89134521484 1441.16455078125 1431.37362060547 1416.2759765625 1410.64547119141 1372.03676757812 1341.59332275391 1303.99632568359 1264.96481933594 1230.88510742188 1176.98883056641 1138.81331787109 1081.05385742187 1027.31665039062 936.435302734375 869.374829101562 807.555053710938 787.209210205078 760.182537841797 718.086883544922 699.549865722656 667.725305175781 642.199487304688 616.759625244141 617.0353515625 605.423443603516 641.351733398438 685.243908691406 730.635729980469 745.621917724609 769.974639892578 776.526049804688 789.015112304688 797.749597167969 819.969116210938 839.298175048828 843.528472900391 842.492462158203 834.120458984375 828.036315917969 808.259674072266 806.986712646484 790.087152099609 770.886865234375 768.348138427734 773.886328125
1792.83037109375 1760.29504394531 1711.20104980469 1655.90306396484 1588.63819580078 1526.17598876953 1482.04632568359 1467.73447265625 1464.52384033203 1455.94680175781 1443.68773193359 1407.92843017578 1374.91389160156 1356.11302490234 1328.1921875 1306.90098876953 1270.16287841797 1246.98917236328 1201.86506347656 1126.34838867188 1041.4103515625 957.9224609375 888.579119873047 825.668157958984 788.970153808594 764.2330078125 719.45068359375 686.047515869141 662.344067382812 631.744927978516 606.326544189453 596.934027099609 622.845959472656 610.715020751953 636.585833740234 681.587640380859 704.266668701172 737.366711425781 759.926129150391 772.763507080078 776.162438964844 783.872900390625 787.658679199219 768.673083496094 760.894323730469 738.778790283203 714.728985595703 699.343872070312 673.874920654297 654.843017578125 656.148065185547 647.094598388672 642.963977050781
1799.24970703125 1751.37979736328 1711.75784912109 1655.88773193359 1606.66968994141 1557.55673828125 1514.00341796875 1497.78522949219 1488.15886230469 1479.62922363281 1453.54772949219 1436.48438720703 1399.96500244141 1370.44564208984 1344.65606689453 1346.47274169922 1323.91323242188 1292.81057128906 1253.44614257813 1189.70048828125 1067.91677246094 992.380938720703 909.467608642578 849.885150146484 798.004119873047 772.478619384766 738.530712890625 679.223913574219 655.806463623047 635.457794189453 596.031884765625 595.612420654297 603.331573486328 618.862487792969 633.151251220703 642.953552246094 655.371704101562 688.122619628906 708.732983398437 733.028009033203 741.838940429688 734.700244140625 724.563110351562 685.750354003906 660.052996826172 641.416430664063 620.181335449219 574.04443359375 572.014294433594 547.282879638672 536.240618896484 518.678588867188 516.659802246094
1826.33419189453 1776.78994140625 1727.74796142578 1657.21717529297 1626.51899414063 1586.76088867188 1549.65180664062 1517.14753417969 1500.80250244141 1489.84475097656 1479.84588623047 1450.17990722656 1430.07525634766 1400.80902099609 1375.07921142578 1361.30947265625 1346.27548828125 1341.75189208984 1288.66212158203 1216.70788574219 1117.68544921875 1016.37141113281 942.137066650391 883.994018554688 832.566912841797 788.885516357422 758.292889404297 707.209368896484 663.921484375 639.904675292969 615.479461669922 591.326727294922 591.959161376953 604.776287841797 620.508782958984 629.069976806641 638.069677734375 636.755035400391 634.739984130859 651.116125488281 664.560186767578 631.779895019531 616.565661621094 569.4783203125 529.590948486328 505.287951660156 477.242141723633 441.843017578125 418.366198730469 412.483679199219 399.001992797852 392.183779907227 392.476309204102
1838.27197265625 1788.50444335938 1760.186328125 1684.74035644531 1647.40224609375 1624.9591796875 1584.72154541016 1552.97950439453 1531.16707763672 1514.23647460938 1494.49659423828 1481.81790771484 1448.33812255859 1418.92387695313 1390.3708984375 1389.22517089844 1360.77243652344 1343.97454833984 1318.19327392578 1246.72264404297 1159.85760498047 1057.47523193359 979.395855712891 913.905822753906 871.916906738281 825.094390869141 780.136938476562 750.358996582031 684.299255371094 653.095233154297 631.891729736328 614.548913574219 601.757208251953 598.030786132813 597.938452148438 601.296179199219 606.273266601562 609.902270507813 596.659039306641 589.492150878906 570.070776367187 550.487023925781 500.675927734375 450.581628417969 430.892449951172 406.120001220703 383.412652587891 362.379180908203 349.637158203125 338.809753417969 337.98069152832 340.040328979492 348.402352905273
1902.13687744141 1808.41610107422 1756.09962158203 1735.29173583984 1692.88272705078 1654.09201660156 1623.77543945313 1587.76639404297 1561.15740966797 1536.20159912109 1520.90657958984 1495.80205078125 1473.41611328125 1440.35909423828 1398.93479003906 1367.50946044922 1356.56409912109 1349.81291503906 1327.44224853516 1272.02869873047 1202.75695800781 1121.23305664062 1014.19334716797 956.727667236328 907.79921875 870.2359375 825.566961669922 780.008581542969 735.937902832031 682.743231201172 652.138177490234 636.329266357422 617.061773681641 595.034088134766 588.476220703125 589.197320556641 579.425915527344 567.395928955078 539.642608642578 515.898248291016 491.651852416992 457.055987548828 425.027001953125 389.635998535156 370.793533325195 356.155770874023 356.945126342773 353.322021484375 365.883508300781 360.687689208984 362.510494995117 378.159664916992 380.496499633789
1869.43740234375 1831.31130371094 1759.99471435547 1712.18861083984 1689.10451660156 1670.43212890625 1639.06942138672 1627.67341308594 1587.69844970703 1554.69416503906 1535.83382568359 1522.99281005859 1495.75942382812 1461.0609375 1434.21743164062 1406.94130859375 1383.70141601562 1370.41929931641 1362.07974853516 1294.46345214844 1238.73111572266 1168.05950927734 1092.43266601563 1005.04423217773 956.197686767578 916.656427001953 884.322216796875 840.816668701172 785.904364013672 751.414935302734 688.942022705078 668.997259521484 643.56669921875 626.052789306641 605.373980712891 579.890045166016 579.184539794922 551.028411865234 542.771630859375 518.175091552734 488.160305786133 460.903421020508 435.686688232422 409.93747253418 399.51032409668 391.815289306641 378.973699951172 379.043252563477 386.08844909668 377.734759521484 384.616732788086 378.708587646484 387.437026977539
1915.41870117188 1842.96569824219 1787.29924316406 1775.51395263672 1750.93461914062 1716.00556640625 1694.35621337891 1658.01599121094 1601.4185546875 1571.41203613281 1562.212109375 1551.74714355469 1542.63166503906 1536.66571044922 1527.25804443359 1500.62298583984 1471.88074951172 1454.35196533203 1407.75194091797 1372.27135009766 1303.43013916016 1239.59067382813 1170.91356201172 1080.04346923828 1010.98889770508 971.125079345703 944.816094970703 897.712811279297 840.848443603516 799.996478271484 760.183422851562 707.176000976562 676.425494384766 661.024945068359 635.714477539062 617.722320556641 578.129132080078 570.818908691406 530.758294677734 517.150421142578 507.113681030273 468.709280395508 443.563430786133 418.834756469727 399.36374206543 408.810632324219 401.723208618164 398.045767211914 402.611743164063 395.29599609375 389.285748291016 390.992532348633 396.313595581055
1959.62619628906 1934.30762939453 1838.14909667969 1791.02354736328 1796.14182128906 1730.73714599609 1701.57631835938 1695.28055419922 1670.65340576172 1640.25908203125 1602.12613525391 1612.97049560547 1614.83616943359 1610.84738769531 1575.85471191406 1548.08956298828 1512.76723632813 1480.63959960937 1448.79071044922 1400.37890625 1364.58179931641 1309.59163818359 1242.52775878906 1164.99825439453 1070.06226806641 1015.9172668457 983.249237060547 950.186688232422 905.217169189453 860.207293701172 831.712902832031 791.307904052734 740.658142089844 697.770062255859 659.830426025391 647.797790527344 626.42236328125 597.73583984375 555.732702636719 532.747338867188 517.788775634766 495.565649414062 465.188958740234 447.228567504883 440.674981689453 418.045513916016 408.118051147461 398.029986572266 404.956414794922 393.411422729492 386.557440185547 385.937203979492 391.602502441406
2020.17835693359 1958.75859375 1916.45434570312 1866.54896240234 1836.54487304687 1798.69367675781 1786.24001464844 1743.68754882813 1713.07957763672 1667.43428955078 1658.03325195313 1647.61890869141 1618.845703125 1606.75852050781 1574.06320800781 1533.31416015625 1490.85496826172 1458.81146240234 1432.31138916016 1405.53178710938 1371.93604736328 1314.74620361328 1265.84207763672 1206.00346679688 1108.53823242187 1041.3013671875 997.073223876953 960.496801757813 929.956024169922 911.295880126953 888.310528564453 855.439544677734 827.226318359375 783.882238769531 756.210754394531 709.82255859375 670.273950195313 635.989434814453 620.570501708984 590.976428222656 561.069604492188 516.590710449219 464.828015136719 446.050360107422 435.659048461914 435.867736816406 420.488616943359 420.140939331055 414.374447631836 405.111901855469 403.158856201172 408.323440551758 408.070669555664
1993.43820800781 2001.93089599609 1958.95698242188 1942.05931396484 1894.44801025391 1860.67000732422 1822.41651611328 1766.59454345703 1722.59790039062 1708.62906494141 1660.39056396484 1628.75235595703 1609.68050537109 1578.06324462891 1542.67446289062 1508.12589111328 1478.62415771484 1445.76136474609 1409.77302246094 1385.62081298828 1354.24166259766 1317.31619873047 1277.50311279297 1217.15251464844 1123.32264404297 1067.22426757812 1019.0205078125 974.387481689453 960.974682617187 941.572436523438 929.475543212891 907.911853027344 876.205438232422 849.299090576172 823.741204833984 791.083483886719 766.209417724609 721.097741699219 686.265631103516 656.417279052734 632.227435302734 610.220422363281 547.093157958984 480.637670898437 453.314562988281 443.014682006836 445.020123291016 435.562896728516 433.418957519531 425.673245239258 414.585601806641 413.022891235352 409.431390380859
1917.55316162109 1896.72930908203 1899.32587890625 1874.20184326172 1846.7423828125 1836.31368408203 1812.34108886719 1791.82750244141 1762.78122558594 1727.46748046875 1660.43579101562 1624.01751708984 1593.92878417969 1566.21295166016 1533.17103271484 1498.97458496094 1470.80219726562 1446.15072021484 1409.79868164063 1386.26124267578 1353.78020019531 1317.65705566406 1277.35808105469 1214.87386474609 1130.90993652344 1080.84075927734 1028.86107788086 1012.03602905273 986.884210205078 974.038146972656 964.394708251953 944.427984619141 937.176916503906 932.076861572266 914.150469970703 874.69892578125 831.452703857422 790.444012451172 772.899481201172 765.386755371094 736.385369873047 687.926116943359 630.960809326172 580.069329833984 517.035272216797 473.832327270508 465.962594604492 458.811553955078 452.247644042969 446.394833374023 440.708215332031 437.125540161133 446.573257446289
1853.78475341797 1825.97250976563 1800.27058105469 1779.40120849609 1784.64597167969 1781.81619873047 1772.18005371094 1785.81239013672 1762.00334472656 1749.11177978516 1675.22631835938 1630.19554443359 1611.40089111328 1570.54840087891 1536.54683837891 1506.32755126953 1476.20603027344 1443.88249511719 1406.29908447266 1381.65279541016 1351.09536132812 1323.95440673828 1273.92631835938 1204.6474609375 1133.29685058594 1095.44172363281 1078.08651123047 1044.24455566406 1011.48898925781 1010.72056884766 991.797680664062 996.468798828125 996.715325927734 985.292114257812 977.401751708984 956.680749511719 921.669177246094 880.272900390625 853.100970458984 834.604754638672 803.420697021484 776.225604248047 714.513702392578 653.299157714844 621.260485839844 577.217132568359 532.196234130859 519.029418945312 502.424896240234 485.529867553711 470.318756103516 471.476901245117 478.025720214844
