Rscript/monthly_maps/SnowDepthMapFile-ndays-1989-07.asc
ncols 320 
nrows 361 
xllcorner 618410.159 
yllcorner 5088785.286 
cellsize 100 
NODATA_value -9999 
[rows 92 to 137 of 361, columns 0 to 95 of 320]
-9999 -9999 -9999 -9999 -9999 -9999 -9999 -9999 -9999 -9999 -9999 20 18 15 14 11 11 11 11 10 9 9 8 8 8 8 8 10 14 14 11 7 5 4 3 3 2 0 0 0 0 0 0 0 1 2 3 3 4 4 5 5 5 6 6 6 5 5 5 5 4 4 3 3 2 0 0 0 0 0 0 0 0 0 0 0 0 0 0 0 0 0 0 0 0 0 0 0 0 0 1 2 2 2 3 3
-9999 -9999 -9999 -9999 -9999 -9999 -9999 -9999 -9999 -9999 -9999 -9999 16 15 14 11 11 11 11 11 11 10 10 10 10 10 10 14 15 16 12 6 5 4 4 3 2 0 0 0 0 0 0 0 2 2 3 3 4 4 5 5 5 6 6 6 5 5 5 4 4 3 3 3 2 0 0 0 0 0 0 0 0 0 0 0 0 0 0 0 0 0 0 0 0 0 0 0 0 0 0 0 1 2 2 3
-9999 -9999 -9999 -9999 -9999 -9999 -9999 -9999 -9999 -9999 -9999 -9999 -9999 15 14 12 11 11 11 11 11 11 11 10 11 11 14 15 19 17 12 6 5 4 4 3 2 1 0 0 0 0 0 2 2 3 3 4 4 5 5 5 6 6 6 6 5 5 5 4 4 3 3 2 2 0 0 0 0 0 0 0 0 0 0 0 0 0 0 0 0 0 0 0 0 0 0 0 0 0 0 0 0 1 2 2
-9999 -9999 -9999 -9999 -9999 -9999 -9999 -9999 -9999 -9999 -9999 -9999 -9999 14 14 12 12 11 11 11 11 11 11 11 11 13 15 19 21 18 12 6 5 4 4 3 2 2 0 0 0 0 1 2 3 3 4 4 5 5 5 5 6 7 7 6 5 5 5 4 4 3 3 2 1 0 0 0 0 0 0 0 0 0 0 0 0 0 0 0 0 0 0 0 0 0 0 0 0 0 0 0 0 0 0 1
-9999 -9999 -9999 -9999 -9999 -9999 -9999 -9999 -9999 -9999 -9999 -9999 -9999 -9999 -9999 13 12 12 12 11 11 11 11 11 11 14 17 21 21 19 13 6 5 4 4 3 3 2 1 0 0 0 2 2 3 3 4 5 5 5 5 5 6 7 8 6 5 5 5 4 4 3 3 2 1 0 0 0 0 0 0 0 0 0 0 0 0 0 0 0 0 0 0 0 0 0 0 0 0 0 0 0 0 0 0 0
-9999 -9999 -9999 -9999 -9999 -9999 -9999 -9999 -9999 -9999 -9999 -9999 -9999 -9999 -9999 15 14 13 12 12 12 12 12 12 14 15 19 21 22 19 13 7 5 4 4 4 3 2 2 0 0 2 2 3 3 4 4 5 5 5 5 6 7 8 11 7 6 5 5 4 4 3 3 2 1 0 0 0 0 0 0 0 0 0 0 0 0 0 0 0 0 0 0 0 0 0 0 0 0 0 0 0 0 0 0 0
-9999 -9999 -9999 -9999 -9999 -9999 -9999 -9999 -9999 -9999 -9999 -9999 -9999 -9999 -9999 -9999 15 15 14 13 12 12 12 13 14 16 19 21 20 19 14 7 5 5 4 4 3 3 2 2 2 2 3 3 3 4 4 5 5 5 6 6 8 11 11 7 6 5 5 5 4 3 3 2 1 0 0 0 0 0 0 0 0 0 0 0 0 0 0 0 0 0 0 0 0 0 0 0 0 0 0 0 0 0 0 0
-9999 -9999 -9999 -9999 -9999 -9999 -9999 -9999 -9999 -9999 -9999 -9999 -9999 -9999 -9999 -9999 15 15 15 15 15 15 15 15 15 18 20 20 19 17 14 8 6 5 4 4 4 3 3 2 2 3 3 3 4 4 4 5 6 6 7 10 12 13 11 7 6 5 5 5 4 3 3 2 1 0 0 0 0 0 0 0 0 0 0 0 0 0 0 0 0 0 0 0 0 0 0 0 0 0 0 0 0 0 0 0
-9999 -9999 -9999 -9999 -9999 -9999 -9999 -9999 -9999 -9999 -9999 -9999 -9999 -9999 -9999 -9999 15 15 15 15 15 15 15 15 16 19 20 20 18 15 14 10 7 5 5 4 4 3 3 3 3 3 3 4 4 4 5 6 7 11 14 15 16 13 8 6 6 5 5 5 4 3 3 2 1 0 0 0 0 0 0 0 0 0 0 0 0 0 0 0 0 0 0 0 0 0 0 0 0 0 0 0 0 0 0 0
-9999 -9999 -9999 -9999 -9999 -9999 -9999 -9999 -9999 -9999 -9999 -9999 -9999 -9999 -9999 -9999 -9999 -9999 -9999 15 15 15 16 16 19 20 21 20 16 15 14 11 8 6 5 5 5 4 4 4 4 4 4 4 4 5 6 7 11 15 19 19 15 11 8 6 6 5 5 4 3 3 3 2 0 0 0 0 0 0 0 0 0 0 0 0 0 0 0 0 0 0 0 0 0 0 0 0 0 0 0 0 0 0 0 0
-9999 -9999 -9999 -9999 -9999 -9999 -9999 -9999 -9999 -9999 -9999 -9999 -9999 -9999 -9999 -9999 -9999 -9999 -9999 16 16 16 16 19 20 22 22 20 17 16 15 12 10 7 6 5 5 5 5 4 4 4 4 5 5 6 7 8 14 19 20 18 14 10 7 6 6 5 5 4 3 3 3 2 1 0 0 0 0 0 0 0 0 0 0 0 0 0 0 0 0 0 0 0 0 0 0 0 0 0 0 0 0 0 0 0
-9999 -9999 -9999 -9999 -9999 -9999 -9999 -9999 -9999 -9999 -9999 -9999 -9999 -9999 -9999 -9999 -9999 -9999 -9999 -9999 16 17 19 20 21 23 24 21 19 16 15 12 10 7 7 6 6 5 5 5 5 5 5 5 6 7 10 14 19 20 19 16 14 10 7 6 6 5 5 4 4 3 3 2 2 0 0 0 0 0 0 0 0 0 0 0 0 0 0 0 0 0 0 0 0 0 0 0 0 0 0 0 0 0 0 0
-9999 -9999 -9999 -9999 -9999 -9999 -9999 -9999 -9999 -9999 -9999 -9999 -9999 -9999 -9999 -9999 -9999 -9999 -9999 -9999 19 19 20 21 23 24 25 23 20 19 16 13 11 9 7 7 6 6 6 6 6 6 6 6 7 13 16 20 22 21 19 15 12 10 7 6 6 5 5 4 4 3 3 3 2 2 0 0 0 0 0 0 0 0 0 0 0 0 0 0 0 0 0 0 0 0 0 0 0 0 0 0 0 0 0 0
-9999 -9999 -9999 -9999 -9999 -9999 -9999 -9999 -9999 -9999 -9999 -9999 -9999 -9999 -9999 -9999 -9999 -9999 -9999 -9999 -9999 20 21 22 24 26 26 24 22 20 18 14 11 10 8 8 7 7 7 7 7 7 7 7 11 15 20 23 23 21 18 14 11 10 7 6 6 5 5 5 4 4 3 3 3 2 2 0 0 0 0 0 0 0 0 0 0 0 0 0 0 0 0 0 0 0 0 0 0 0 0 0 0 0 0 0
-9999 -9999 -9999 -9999 -9999 -9999 -9999 -9999 -9999 -9999 -9999 -9999 -9999 -9999 -9999 -9999 -9999 -9999 -9999 -9999 -9999 -9999 22 23 26 27 28 26 24 21 19 15 12 11 11 10 10 10 10 9 9 9 9 10 14 18 21 23 24 21 17 14 11 10 8 7 6 5 5 5 5 4 4 3 3 3 2 2 0 0 0 0 0 0 0 0 0 0 0 0 0 0 0 0 0 0 0 0 0 0 0 0 0 0 0 0
-9999 -9999 -9999 -9999 -9999 -9999 -9999 -9999 -9999 -9999 -9999 -9999 -9999 -9999 -9999 -9999 -9999 -9999 -9999 -9999 -9999 -9999 -9999 24 26 28 29 27 25 22 20 16 14 12 12 11 11 11 11 11 11 11 11 12 15 19 21 24 24 21 17 14 11 11 8 7 6 6 5 5 5 4 4 4 3 3 3 2 2 2 0 0 0 0 0 0 0 0 0 0 0 0 0 0 0 0 0 0 0 0 0 0 0 0 0 0
-9999 -9999 -9999 -9999 -9999 -9999 -9999 -9999 -9999 -9999 -9999 -9999 -9999 -9999 -9999 -9999 -9999 -9999 -9999 -9999 -9999 -9999 -9999 -9999 -9999 28 28 26 25 23 21 19 15 13 12 12 12 12 12 12 12 12 12 14 17 19 22 24 24 22 18 15 12 11 9 7 6 6 6 5 5 5 4 4 4 3 3 3 3 2 2 1 0 0 0 0 0 0 0 0 0 0 0 0 0 0 0 0 0 0 0 0 0 0 0 0
-9999 -9999 -9999 -9999 -9999 -9999 -9999 -9999 -9999 -9999 -9999 -9999 -9999 -9999 -9999 -9999 -9999 -9999 -9999 -9999 -9999 -9999 -9999 -9999 -9999 26 26 26 25 24 22 20 17 15 15 14 15 15 15 15 15 15 15 16 18 20 22 23 23 21 19 16 13 11 10 7 7 6 6 5 5 5 5 4 4 4 4 4 3 3 3 2 1 0 0 0 0 0 0 0 0 0 0 0 0 0 0 0 0 0 0 0 0 0 0 0
-9999 -9999 -9999 -9999 -9999 -9999 -9999 -9999 -9999 -9999 -9999 -9999 -9999 -9999 -9999 -9999 -9999 -9999 -9999 -9999 -9999 -9999 -9999 -9999 -9999 26 26 25 25 24 22 21 19 17 16 16 16 16 16 16 16 16 16 17 19 21 23 23 22 20 19 17 15 13 11 9 7 7 6 6 5 5 5 5 5 5 4 4 4 3 3 2 2 0 0 0 0 0 0 0 0 0 0 0 0 0 0 0 0 0 0 0 0 0 0 0
-9999 -9999 -9999 -9999 -9999 -9999 -9999 -9999 -9999 -9999 -9999 -9999 -9999 -9999 -9999 -9999 -9999 -9999 -9999 -9999 -9999 -9999 -9999 -9999 -9999 28 26 26 25 24 23 21 20 19 18 17 17 17 17 17 17 17 18 19 20 21 21 21 20 19 18 16 15 14 12 11 10 8 7 6 6 6 5 5 5 5 4 4 3 3 3 2 1 0 0 0 0 0 0 0 0 0 0 0 0 0 0 0 0 0 0 0 0 0 0 0
-9999 -9999 -9999 -9999 -9999 -9999 -9999 -9999 -9999 -9999 -9999 -9999 -9999 -9999 -9999 -9999 -9999 -9999 -9999 -9999 -9999 -9999 -9999 -9999 29 28 27 26 25 24 23 22 21 20 20 19 19 19 19 19 19 19 19 19 20 21 21 19 18 17 15 15 15 13 12 11 11 10 8 7 6 6 5 5 5 5 4 4 3 3 2 2 0 0 0 0 0 0 0 0 0 0 0 0 0 0 0 0 0 0 0 0 0 0 0 0
-9999 -9999 -9999 -9999 -9999 -9999 -9999 -9999 -9999 -9999 -9999 -9999 -9999 -9999 -9999 -9999 -9999 -9999 -9999 -9999 -9999 -9999 -9999 31 29 28 27 26 25 24 23 22 21 21 20 20 20 20 19 19 19 19 19 20 21 21 19 17 15 14 14 13 12 11 11 11 9 9 7 7 6 6 5 5 5 5 4 4 3 3 2 2 0 0 0 0 0 0 0 0 0 0 0 0 0 0 0 0 0 0 0 0 0 0 0 0
-9999 -9999 -9999 -9999 -9999 -9999 -9999 -9999 -9999 -9999 -9999 -9999 -9999 -9999 -9999 -9999 -9999 -9999 -9999 -9999 -9999 31 31 31 29 28 26 26 24 24 23 22 22 21 21 21 21 20 20 20 20 20 20 21 21 20 18 15 14 12 12 11 11 10 9 7 7 7 6 6 6 6 6 5 5 5 4 4 3 3 2 1 0 0 0 0 0 0 0 0 0 0 0 0 0 0 0 0 0 0 0 0 0 0 0 0
-9999 -9999 -9999 -9999 -9999 -9999 -9999 -9999 -9999 -9999 -9999 -9999 -9999 -9999 -9999 -9999 -9999 -9999 -9999 -9999 31 31 31 31 29 28 26 25 24 24 24 23 22 22 21 21 21 21 21 21 20 20 21 21 21 20 16 14 12 12 11 11 10 8 7 7 6 6 6 6 6 6 6 5 5 5 4 4 3 3 2 1 0 0 0 0 0 0 0 0 0 0 0 0 0 0 0 0 0 0 0 0 0 0 0 0
-9999 -9999 -9999 -9999 -9999 -9999 -9999 -9999 -9999 -9999 -9999 -9999 -9999 -9999 -9999 -9999 -9999 -9999 -9999 -9999 31 31 31 31 29 27 26 25 24 24 24 23 22 22 22 21 21 21 21 21 21 21 21 21 21 20 17 13 12 12 11 10 9 7 7 7 6 6 6 6 6 6 6 6 5 5 5 4 3 3 2 2 0 0 0 0 0 0 0 0 0 0 0 0 0 0 0 0 0 0 0 0 0 0 0 0
-9999 -9999 -9999 -9999 -9999 -9999 -9999 -9999 -9999 -9999 -9999 -9999 -9999 -9999 -9999 -9999 -9999 -9999 -9999 31 31 31 31 31 29 27 26 25 24 24 24 24 23 22 22 22 22 21 21 21 21 21 21 22 22 21 19 15 13 12 11 10 8 7 7 6 6 6 6 6 6 6 6 6 5 5 5 4 4 3 3 2 0 0 0 0 0 0 0 0 0 0 0 0 0 0 0 0 0 0 0 0 0 0 0 0
-9999 -9999 -9999 -9999 -9999 -9999 -9999 -9999 -9999 -9999 -9999 -9999 -9999 -9999 -9999 -9999 -9999 -9999 31 31 31 31 31 31 29 27 26 25 24 24 24 24 23 23 22 22 22 22 22 21 21 22 22 23 22 21 20 17 15 12 11 10 8 7 7 7 6 6 6 6 6 6 6 6 5 5 5 4 4 3 3 2 2 0 0 0 0 0 0 0 0 0 0 0 0 0 0 0 0 0 0 0 0 0 0 0
-9999 -9999 -9999 -9999 -9999 -9999 -9999 -9999 -9999 -9999 -9999 -9999 -9999 -9999 -9999 -9999 -9999 -9999 31 31 31 31 31 30 29 28 26 25 24 24 24 24 24 23 23 22 22 22 22 22 22 22 23 24 23 22 20 19 16 13 12 11 9 8 7 7 7 7 6 6 6 6 6 6 5 5 5 5 4 4 3 3 2 2 0 0 0 0 0 0 0 0 0 0 0 0 0 0 0 0 0 0 0 0 0 0
-9999 -9999 -9999 -9999 -9999 -9999 -9999 -9999 -9999 -9999 -9999 -9999 -9999 -9999 -9999 -9999 -9999 -9999 31 31 31 31 31 30 29 28 26 25 25 24 24 24 24 24 24 23 23 23 22 22 23 23 24 24 24 22 20 18 15 13 12 11 10 9 8 7 7 7 7 7 7 7 6 6 5 5 5 5 4 4 3 3 3 3 2 1 0 0 0 0 0 0 0 0 0 0 0 0 0 0 0 0 0 0 0 0
-9999 -9999 -9999 -9999 -9999 -9999 -9999 -9999 -9999 -9999 -9999 -9999 -9999 -9999 -9999 -9999 -9999 31 31 31 31 31 31 30 29 28 27 26 25 24 24 24 24 24 24 24 24 23 23 23 24 24 24 25 24 23 20 16 15 12 12 12 11 10 8 8 7 7 7 7 7 7 7 6 6 5 5 5 5 4 4 3 3 3 3 2 2 0 0 0 0 0 0 0 0 0 0 0 0 0 0 0 0 0 0 0
-9999 -9999 -9999 -9999 -9999 -9999 -9999 -9999 -9999 -9999 -9999 -9999 -9999 -9999 -9999 -9999 -9999 -9999 31 31 31 31 31 30 28 27 27 26 26 25 24 24 24 24 24 24 24 24 24 24 24 24 25 26 26 24 20 17 15 12 12 12 11 11 9 8 7 7 7 7 7 7 7 6 6 6 5 5 5 4 4 4 3 3 3 3 2 2 1 1 1 2 2 0 0 0 0 0 0 0 0 0 0 0 0 0
-9999 -9999 -9999 -9999 -9999 -9999 -9999 -9999 -9999 -9999 -9999 -9999 -9999 -9999 -9999 -9999 -9999 31 31 31 31 31 31 29 28 27 27 26 26 25 25 25 24 24 24 24 24 24 24 24 24 25 26 27 27 24 20 18 15 14 12 12 12 11 10 9 8 8 8 8 8 7 7 6 6 6 5 5 5 5 4 4 4 3 3 3 3 3 2 2 3 3 2 0 0 0 0 0 0 0 0 0 0 0 0 0
-9999 -9999 -9999 -9999 -9999 -9999 -9999 -9999 -9999 -9999 -9999 -9999 -9999 -9999 -9999 -9999 -9999 31 31 31 31 31 31 29 28 27 27 26 26 26 25 25 25 24 24 24 24 24 24 24 25 26 27 28 28 24 21 19 16 14 14 12 12 11 11 10 9 9 9 9 9 8 7 7 6 6 6 5 5 5 5 4 4 4 3 3 3 3 3 3 3 2 1 0 0 0 0 0 0 0 0 0 0 0 0 0
-9999 -9999 -9999 -9999 -9999 -9999 -9999 -9999 -9999 -9999 -9999 -9999 -9999 -9999 -9999 -9999 -9999 31 31 31 31 31 31 29 28 27 27 26 26 26 26 25 25 24 25 24 24 25 24 25 26 26 28 29 29 24 22 20 19 17 16 14 12 12 11 11 11 10 10 10 10 10 8 7 7 6 6 5 5 5 5 5 4 4 4 4 3 3 3 3 3 2 0 0 0 0 0 0 0 0 0 0 0 0 0 0
-9999 -9999 -9999 -9999 -9999 -9999 -9999 -9999 -9999 -9999 -9999 -9999 -9999 -9999 -9999 -9999 -9999 31 31 31 31 31 31 29 28 27 26 26 26 26 26 25 25 25 24 25 25 24 25 26 26 26 29 31 31 26 23 22 21 20 19 16 14 12 12 12 11 11 12 13 13 12 11 10 8 7 6 6 5 5 5 5 5 4 4 4 4 4 3 3 3 2 0 0 0 0 0 0 0 0 0 0 0 0 0 0
-9999 -9999 -9999 -9999 -9999 -9999 -9999 -9999 -9999 -9999 -9999 -9999 -9999 -9999 -9999 -9999 -9999 -9999 -9999 -9999 31 31 31 29 27 26 26 26 26 26 26 25 25 25 25 24 25 25 25 26 26 27 29 31 31 28 25 24 23 22 21 20 19 16 15 14 14 15 18 20 20 19 16 13 11 9 7 6 6 5 5 5 5 5 4 4 4 4 3 3 3 2 0 0 0 0 0 0 0 0 0 0 0 0 0 0
-9999 -9999 -9999 -9999 -9999 -9999 -9999 -9999 -9999 -9999 -9999 -9999 -9999 -9999 -9999 -9999 -9999 -9999 -9999 -9999 -9999 -9999 -9999 -9999 -9999 -9999 26 26 26 26 26 26 25 25 25 25 25 25 26 26 26 28 30 31 31 31 28 26 24 24 24 23 22 21 20 20 20 21 22 23 23 21 19 16 13 11 10 7 6 6 6 5 5 5 5 5 4 4 3 3 3 2 0 0 0 0 0 0 0 0 0 0 0 0 0 0
-9999 -9999 -9999 -9999 -9999 -9999 -9999 -9999 -9999 -9999 -9999 -9999 -9999 -9999 -9999 -9999 -9999 -9999 -9999 -9999 -9999 -9999 -9999 -9999 -9999 -9999 -9999 26 26 26 26 26 26 26 25 26 26 26 26 26 27 29 30 31 31 31 31 28 27 26 26 25 24 24 24 23 23 23 24 22 21 20 19 16 14 12 11 9 7 6 6 6 5 5 5 5 4 4 4 3 3 2 0 0 0 0 0 0 0 0 0 0 0 0 0 0
-9999 -9999 -9999 -9999 -9999 -9999 -9999 -9999 -9999 -9999 -9999 -9999 -9999 -9999 -9999 -9999 -9999 -9999 -9999 -9999 -9999 -9999 -9999 -9999 -9999 -9999 -9999 -9999 -9999 26 26 26 26 26 26 26 26 26 27 28 28 29 31 31 31 31 31 31 31 30 28 27 26 25 24 24 24 22 21 20 19 19 16 15 13 12 11 10 7 7 6 6 6 5 5 5 5 4 4 3 3 2 1 0 0 0 0 0 0 0 0 0 0 0 0 0
-9999 -9999 -9999 -9999 -9999 -9999 -9999 -9999 -9999 -9999 -9999 -9999 -9999 -9999 -9999 -9999 -9999 -9999 -9999 -9999 -9999 -9999 -9999 -9999 -9999 -9999 -9999 -9999 -9999 -9999 26 26 26 26 26 26 26 27 28 28 29 31 31 31 31 31 31 31 31 31 30 29 27 26 25 22 22 20 19 18 17 15 15 13 12 12 11 10 9 7 6 6 6 6 5 5 5 4 4 3 3 3 2 0 0 0 0 0 0 0 0 0 0 0 0 1
-9999 -9999 -9999 -9999 -9999 -9999 -9999 -9999 -9999 -9999 -9999 -9999 -9999 -9999 -9999 -9999 -9999 -9999 -9999 -9999 -9999 -9999 -9999 -9999 -9999 -9999 -9999 -9999 -9999 -9999 -9999 26 26 26 26 27 27 28 28 29 30 31 31 31 31 31 31 31 29 29 28 27 26 24 22 22 20 18 15 14 14 13 13 12 11 11 11 10 9 7 7 6 6 6 5 5 5 4 4 4 3 3 2 0 0 0 0 0 0 0 0 0 0 0 0 2
-9999 -9999 -9999 -9999 -9999 -9999 -9999 -9999 -9999 -9999 -9999 -9999 -9999 -9999 -9999 -9999 -9999 -9999 -9999 -9999 -9999 -9999 -9999 -9999 -9999 -9999 -9999 -9999 -9999 -9999 -9999 -9999 27 27 27 28 28 28 29 30 30 31 31 31 31 31 31 29 28 27 26 25 24 23 22 20 19 15 13 12 11 11 11 11 11 11 11 10 9 7 7 7 6 6 5 5 5 5 4 4 3 3 2 0 0 0 0 0 0 0 0 0 0 0 0 2
-9999 -9999 -9999 -9999 -9999 -9999 -9999 -9999 -9999 -9999 -9999 -9999 -9999 -9999 -9999 -9999 -9999 -9999 -9999 -9999 -9999 -9999 -9999 -9999 -9999 -9999 -9999 -9999 -9999 -9999 -9999 -9999 -9999 27 28 28 28 28 29 30 30 -9999 -9999 -9999 31 31 31 29 28 26 25 24 24 22 21 20 17 14 12 11 11 11 11 11 11 11 10 10 9 8 7 7 6 6 5 5 5 5 4 4 3 3 2 0 0 0 0 0 0 0 0 0 0 0 2 3
-9999 -9999 -9999 -9999 -9999 -9999 -9999 -9999 -9999 -9999 -9999 -9999 -9999 -9999 -9999 -9999 -9999 -9999 -9999 -9999 -9999 -9999 -9999 -9999 -9999 -9999 -9999 -9999 -9999 -9999 -9999 -9999 -9999 -9999 -9999 -9999 -9999 -9999 -9999 -9999 -9999 -9999 -9999 -9999 31 31 31 29 27 26 25 24 23 22 21 19 15 13 11 11 11 11 11 11 11 11 11 10 9 9 7 7 6 6 5 5 5 4 4 3 3 2 1 0 0 0 0 0 0 0 0 0 0 1 2 3
-9999 -9999 -9999 -9999 -9999 -9999 -9999 -9999 -9999 -9999 -9999 -9999 -9999 -9999 -9999 -9999 -9999 -9999 -9999 -9999 -9999 -9999 -9999 -9999 -9999 -9999 -9999 -9999 -9999 -9999 -9999 -9999 -9999 -9999 -9999 -9999 -9999 -9999 -9999 -9999 -9999 -9999 -9999 -9999 31 31 31 28 27 26 24 23 22 21 20 18 15 12 11 11 11 11 11 11 11 11 11 10 9 9 7 6 6 6 5 5 5 4 3 3 2 1 0 0 0 0 0 0 0 0 0 0 2 2 3 3
-9999 -9999 -9999 -9999 -9999 -9999 -9999 -9999 -9999 -9999 -9999 -9999 -9999 -9999 -9999 -9999 -9999 -9999 -9999 -9999 -9999 -9999 -9999 -9999 -9999 -9999 -9999 -9999 -9999 -9999 -9999 -9999 -9999 -9999 -9999 -9999 -9999 -9999 -9999 -9999 -9999 -9999 -9999 -9999 31 31 31 28 26 24 23 22 21 20 19 17 13 12 11 11 11 11 11 11 11 11 11 10 9 7 7 6 6 5 5 5 4 3 3 2 2 0 0 0 0 0 0 0 0 0 1 2 3 3 3 4
