Rscript/monthly_maps/SnowDepthMapFile-q90-1990-02.asc
ncols 320 
nrows 361 
xllcorner 618410.159 
yllcorner 5088785.286 
cellsize 100 
NODATA_value -9999 
[rows 23 to 45 of 361, columns 212 to 264 of 320]
765.699212646484 773.449505615234 792.717407226562 808.514898681641 819.29076538086 822.631475830078 822.218255615234 820.64951171875 832.379840087891 848.942889404297 865.0119140625 879.140002441406 875.154174804688 875.981286621094 874.482977294922 870.722979736328 866.576623535156 854.742370605469 838.794805908203 825.148919677734 821.286676025391 819.513488769531 818.891656494141 818.788745117188 -9999 -9999 -9999 -9999 -9999 -9999 -9999 -9999 -9999 -9999 -9999 -9999 -9999 -9999 -9999 -9999 -9999 -9999 -9999 -9999 -9999 -9999 -9999 -9999 -9999 -9999 -9999 -9999 -9999
784.099200439453 787.666357421875 792.360491943359 797.696282958984 808.826568603516 809.393743896484 801.115966796875 796.273522949219 798.503076171875 810.833001708984 827.393072509766 844.447229003906 855.600714111328 871.627014160156 873.412548828125 868.263763427734 864.867736816406 853.496325683594 835.502172851563 820.701892089844 818.992608642578 819.107940673828 820.159429931641 816.760327148437 -9999 -9999 -9999 -9999 -9999 -9999 -9999 -9999 -9999 -9999 -9999 -9999 -9999 -9999 -9999 -9999 -9999 -9999 -9999 -9999 -9999 -9999 -9999 -9999 -9999 -9999 -9999 -9999 -9999
815.287414550781 814.053607177734 798.382342529297 803.225317382813 800.366223144531 801.211730957031 792.650372314453 787.124609375 781.515972900391 773.098754882812 786.735144042969 804.330560302734 830.521734619141 845.912170410156 867.974005126953 867.418231201172 859.098492431641 848.662182617188 828.842138671875 818.822955322266 819.147442626953 818.49052734375 824.712756347656 826.018145751953 828.142205810547 830.728240966797 -9999 -9999 -9999 -9999 -9999 -9999 -9999 -9999 -9999 -9999 -9999 -9999 -9999 -9999 -9999 -9999 -9999 -9999 -9999 -9999 -9999 -9999 -9999 -9999 -9999 -9999 -9999
824.872290039062 813.864813232422 814.441351318359 809.366613769531 799.497473144531 799.324139404297 787.189196777344 788.3033203125 777.492913818359 763.862219238281 767.152380371094 779.4703125 793.777655029297 829.177130126953 841.295263671875 851.111346435547 847.000201416016 834.871350097656 821.903582763672 818.812481689453 820.21474609375 828.335113525391 827.974786376953 830.75673828125 831.819470214844 834.327502441406 834.532843017578 -9999 -9999 -9999 -9999 -9999 -9999 -9999 -9999 -9999 -9999 -9999 -9999 -9999 -9999 -9999 -9999 -9999 -9999 -9999 -9999 -9999 -9999 -9999 -9999 -9999 -9999
835.616839599609 817.742987060547 816.387664794922 808.949725341797 804.505541992188 802.975897216797 794.044024658203 798.002136230469 780.096411132813 754.009741210938 761.392565917969 761.836956787109 781.641180419922 796.860205078125 818.199810791016 826.922924804688 828.225091552734 823.370568847656 820.960473632813 822.279089355469 826.886517333984 834.141546630859 834.577416992188 831.967163085938 834.241851806641 836.905889892578 840.495495605469 846.419140625 -9999 -9999 -9999 -9999 -9999 -9999 -9999 -9999 -9999 -9999 -9999 -9999 -9999 -9999 -9999 -9999 -9999 -9999 -9999 -9999 -9999 -9999 -9999 -9999 -9999
834.866088867188 834.613903808594 823.892858886719 820.744445800781 814.108160400391 807.528778076172 804.639721679688 784.220092773438 768.936700439453 764.668780517578 741.459478759766 741.730639648437 753.124322509766 775.872631835938 787.409460449219 797.169036865234 811.990991210938 813.9953125 820.587530517578 821.532568359375 830.420062255859 833.740625 834.795745849609 839.75380859375 845.661071777344 846.378552246094 850.975268554688 856.089263916016 867.607769775391 -9999 -9999 -9999 -9999 -9999 -9999 -9999 -9999 -9999 -9999 -9999 -9999 -9999 -9999 -9999 -9999 -9999 -9999 -9999 -9999 -9999 -9999 -9999 -9999
836.233752441406 835.363519287109 837.614569091797 829.225909423828 821.744219970703 815.167828369141 808.176544189453 789.894793701172 780.847119140625 752.512707519531 734.787353515625 733.520782470703 736.586755371094 745.499560546875 770.739013671875 767.836920166016 789.575836181641 802.559222412109 817.946160888672 821.98681640625 824.12001953125 835.48291015625 840.107836914063 850.341918945312 854.648260498047 856.657000732422 867.540881347656 868.759210205078 878.581518554688 -9999 -9999 -9999 -9999 -9999 -9999 -9999 -9999 -9999 -9999 -9999 -9999 -9999 -9999 -9999 -9999 -9999 -9999 -9999 -9999 -9999 -9999 -9999 -9999
836.778973388672 839.514678955078 840.726080322266 835.081170654297 836.898498535156 823.490069580078 812.824554443359 797.194061279297 769.760534667969 759.969378662109 755.6009765625 732.176007080078 728.257037353516 731.139288330078 743.271313476562 762.276293945313 790.897271728516 800.268298339844 814.797076416016 819.223370361328 821.538323974609 840.5466796875 850.696734619141 865.717254638672 870.254302978516 881.821917724609 886.758709716797 890.570196533203 -9999 -9999 -9999 -9999 -9999 -9999 -9999 -9999 -9999 -9999 -9999 -9999 -9999 -9999 -9999 -9999 -9999 -9999 -9999 -9999 -9999 -9999 -9999 -9999 -9999
844.003948974609 851.703216552734 849.581304931641 847.309295654297 843.760382080078 838.811285400391 825.112963867188 807.742779541016 781.377630615234 758.956890869141 761.197888183594 729.672393798828 726.714288330078 725.936761474609 734.836413574219 759.708996582031 775.626928710937 790.536535644531 808.595733642578 813.484490966797 832.174456787109 846.298712158203 865.931042480469 887.734625244141 892.722454833984 895.651666259766 895.478204345703 895.334173583984 -9999 -9999 -9999 -9999 -9999 -9999 -9999 -9999 -9999 -9999 -9999 -9999 -9999 -9999 -9999 -9999 -9999 -9999 -9999 -9999 -9999 -9999 -9999 -9999 -9999
867.773541259766 869.288452148438 868.463208007812 866.219158935547 862.871264648438 854.456317138672 840.782580566406 814.206066894531 781.887280273438 760.700634765625 754.419293212891 737.435064697266 722.191192626953 722.540679931641 728.90244140625 740.768341064453 765.671179199219 791.142266845703 803.642315673828 819.778674316406 840.701617431641 857.524481201172 880.112640380859 894.687512207031 897.368878173828 909.252984619141 912.154516601563 912.363195800781 -9999 -9999 -9999 -9999 -9999 -9999 -9999 -9999 -9999 -9999 -9999 -9999 -9999 -9999 -9999 -9999 -9999 -9999 -9999 -9999 -9999 -9999 -9999 -9999 -9999
899.939392089844 892.077447509766 893.266851806641 887.797442626953 883.443835449219 884.918988037109 854.746246337891 821.849975585938 787.723382568359 757.583612060547 753.391967773438 737.468798828125 727.50546875 716.980810546875 722.956927490234 724.322082519531 754.146423339844 774.192083740234 804.208190917969 832.471484375 854.753192138672 874.605078125 894.753106689453 897.282885742188 910.305419921875 916.05419921875 923.532745361328 924.515344238281 -9999 -9999 -9999 -9999 -9999 -9999 -9999 -9999 -9999 -9999 -9999 -9999 -9999 -9999 -9999 -9999 -9999 -9999 -9999 -9999 -9999 -9999 -9999 -9999 -9999
915.423583984375 903.441613769531 900.493194580078 895.766998291016 892.232366943359 891.973010253906 866.706011962891 835.4591796875 800.075750732422 759.322033691406 750.913342285156 735.207794189453 724.839453125 720.542407226563 708.910009765625 719.493194580078 736.576373291016 768.456903076172 801.700299072266 843.668225097656 872.969439697266 893.847100830078 898.927990722656 906.166491699219 920.161254882812 930.854437255859 932.312420654297 938.689422607422 947.617346191406 -9999 -9999 -9999 -9999 -9999 -9999 -9999 -9999 -9999 -9999 -9999 -9999 -9999 -9999 -9999 -9999 -9999 -9999 -9999 -9999 -9999 -9999 -9999 -9999
936.260223388672 920.154766845703 911.281030273438 900.842425537109 893.424353027344 889.613745117188 869.46005859375 845.294250488281 805.301788330078 761.908276367188 750.847174072266 732.162561035156 725.364282226563 715.599475097656 707.103332519531 719.549163818359 727.376275634766 761.877154541016 799.019927978516 852.256134033203 893.816827392578 900.345867919922 912.548706054688 923.691259765625 933.694152832031 937.684362792969 945.845294189453 954.252783203125 962.644012451172 964.938763427734 -9999 -9999 -9999 -9999 -9999 -9999 -9999 -9999 -9999 -9999 -9999 -9999 -9999 -9999 -9999 -9999 -9999 -9999 -9999 -9999 -9999 -9999 -9999
938.386242675781 924.669061279297 922.281964111328 900.875347900391 895.235803222656 887.117712402344 868.950067138672 846.547320556641 817.452770996094 778.0642578125 752.670343017578 737.813610839844 724.803967285156 717.852673339844 714.0396484375 713.451104736328 711.680010986328 748.317468261719 793.923327636719 847.561877441406 882.971362304688 910.719549560547 927.656958007812 941.909826660156 964.304779052734 981.412512207031 988.675500488281 981.579058837891 978.586395263672 986.016363525391 992.867529296875 1029.63430175781 -9999 -9999 -9999 -9999 -9999 -9999 -9999 -9999 -9999 -9999 -9999 -9999 -9999 -9999 -9999 -9999 -9999 -9999 -9999 -9999 -9999
949.705554199219 931.7408203125 917.920202636719 909.987261962891 895.68447265625 884.084027099609 861.805816650391 845.2 818.018182373047 773.042010498047 756.6791015625 735.614282226563 724.166870117188 718.465155029297 717.810412597656 711.663647460938 703.355688476562 746.835943603516 787.837573242188 823.75439453125 872.386730957031 908.444781494141 937.270776367187 963.39990234375 1022.99509277344 1066.65455322266 1066.45693359375 1035.16184082031 1024.95974731445 1021.97536621094 1036.26102294922 1050.66591796875 1072.96694335938 -9999 -9999 -9999 -9999 -9999 -9999 -9999 -9999 -9999 -9999 -9999 -9999 -9999 -9999 -9999 -9999 -9999 -9999 -9999 -9999
963.155700683594 943.734417724609 928.254400634766 912.987384033203 901.713616943359 882.71259765625 855.941156005859 838.779315185547 807.016357421875 763.765734863281 752.778894042969 730.990496826172 724.838800048828 718.312603759766 718.1197265625 712.193341064453 702.791241455078 745.680969238281 779.401251220703 820.716876220703 866.105340576172 889.522613525391 936.005194091797 982.832287597656 1066.29104003906 1095.56430664063 1098.83322753906 1089.29820556641 1080.38773193359 1076.77569580078 1078.67535400391 1083.19122314453 1094.97320556641 1113.53956298828 -9999 -9999 -9999 -9999 -9999 -9999 -9999 -9999 -9999 -9999 -9999 -9999 -9999 -9999 -9999 -9999 -9999 -9999 -9999
970.699304199219 951.141906738281 932.09873046875 917.391906738281 896.308770751953 874.33017578125 851.497491455078 828.011340332031 796.204766845703 764.670440673828 739.424267578125 727.711865234375 723.827575683594 715.994720458984 717.856402587891 713.340710449219 711.115521240234 747.925128173828 786.191516113281 818.983990478516 867.240777587891 877.720843505859 932.573278808594 986.034973144531 1060.64145507813 1112.42498779297 1127.40531005859 1123.93226318359 1098.73223876953 1100.09439697266 1095.75648193359 1099.55289306641 1127.37885742187 1125.05574951172 -9999 -9999 -9999 -9999 -9999 -9999 -9999 -9999 -9999 -9999 -9999 -9999 -9999 -9999 -9999 -9999 -9999 -9999 -9999
973.136871337891 958.427679443359 936.828137207031 918.8783203125 896.3544921875 875.600903320313 851.422039794922 822.495489501953 780.459558105469 745.957012939453 730.514343261719 723.712854003906 718.403564453125 715.570373535156 714.857873535156 715.389349365234 723.537890625 752.140386962891 786.241973876953 826.994061279297 861.985534667969 891.713775634766 933.078784179688 986.749383544922 1045.78704833984 1101.24332275391 1137.5177734375 1140.25445556641 1130.24617919922 1130.45554199219 1129.84696044922 1127.99328613281 1138.11650390625 1142.98518066406 -9999 -9999 -9999 -9999 -9999 -9999 -9999 -9999 -9999 -9999 -9999 -9999 -9999 -9999 -9999 -9999 -9999 -9999 -9999
974.396801757813 963.864916992188 938.5607421875 916.317633056641 895.422924804687 870.256018066406 848.688037109375 802.928912353516 772.788116455078 731.353625488281 724.031665039063 716.355737304688 716.287915039062 716.004357910156 706.618273925781 715.750042724609 724.720428466797 760.782263183594 792.461572265625 834.541430664063 870.703009033203 901.773199462891 942.751458740234 993.363830566406 1044.29208984375 1096.08752441406 1136.71478271484 1145.14041748047 1147.36849365234 1137.31395263672 1140.74091796875 1144.52021484375 1150.60347900391 1153.29497070313 -9999 -9999 -9999 -9999 -9999 -9999 -9999 -9999 -9999 -9999 -9999 -9999 -9999 -9999 -9999 -9999 -9999 -9999 -9999
976.560900878906 965.453887939453 940.331066894531 911.717486572266 887.694360351563 857.183062744141 833.17802734375 791.452972412109 744.326452636719 728.423919677734 716.195642089844 713.527404785156 713.303900146484 713.861419677734 706.196862792969 709.802697753906 726.613989257813 766.454016113281 802.070208740234 840.214990234375 872.274493408203 913.164544677734 942.988305664063 1004.74443969727 1054.55920410156 1095.48978271484 1131.04599609375 1160.46589355469 1162.73452148438 1161.61098632812 1159.96541748047 1158.79901123047 1158.86683349609 1159.31151123047 -9999 -9999 -9999 -9999 -9999 -9999 -9999 -9999 -9999 -9999 -9999 -9999 -9999 -9999 -9999 -9999 -9999 -9999 -9999
975.663385009766 963.983367919922 940.425177001953 906.843627929688 881.18134765625 855.683209228516 823.142419433594 775.907684326172 731.354412841797 717.619805908203 703.169635009766 709.015435791016 699.550598144531 710.674298095703 701.007116699219 717.07421875 729.977313232422 770.367291259766 805.022528076172 849.731072998047 875.8568359375 922.729656982422 960.053399658203 1022.71883544922 1074.07963867188 1105.88016357422 1138.65427246094 1164.17232666016 1173.78479003906 1170.67944335938 1167.69075927734 1162.96892089844 1159.46779785156 1156.66680908203 -9999 -9999 -9999 -9999 -9999 -9999 -9999 -9999 -9999 -9999 -9999 -9999 -9999 -9999 -9999 -9999 -9999 -9999 -9999
976.170465087891 966.590753173828 937.689385986328 905.551684570313 876.408410644531 853.412298583984 804.040844726563 768.063684082031 728.388201904297 707.563470458984 699.007879638672 694.087097167969 692.942401123047 707.668170166016 698.271087646484 716.089611816406 731.628204345703 776.052185058594 808.508734130859 854.652642822266 877.604064941406 924.233471679687 972.945141601562 1045.03112792969 1093.34884033203 1129.42250976562 1149.67641601562 1163.06563720703 1165.20408935547 1164.95004882813 1163.22084960937 1159.41301269531 1153.00954589844 1150.61671142578 1149.41950683594 1149.59753417969 -9999 -9999 -9999 -9999 -9999 -9999 -9999 -9999 -9999 -9999 -9999 -9999 -9999 -9999 -9999 -9999 -9999
967.998773193359 949.768133544922 933.297052001953 902.760809326172 874.913897705078 838.54697265625 801.948229980469 749.390814208984 725.349401855469 705.836065673828 704.797583007813 692.682189941406 692.404595947266 704.541278076172 696.912432861328 717.114208984375 732.388452148438 781.956463623047 818.875152587891 857.88916015625 877.873669433594 921.814416503906 984.212243652344 1056.47838134766 1099.93160400391 1132.37944335938 1143.21240234375 1146.69473876953 1147.57155761719 1146.27612304688 1145.03543701172 1143.35181884766 1142.80037841797 1147.02459716797 1147.70373535156 1150.16196289063 1150.92446289062 -9999 -9999 -9999 -9999 -9999 -9999 -9999 -9999 -9999 -9999 -9999 -9999 -9999 -9999 -9999 -9999
