Rscript/monthly_maps/SnowDepthMapFile-sd-1990-02.asc
ncols 320 
nrows 361 
xllcorner 618410.159 
yllcorner 5088785.286 
cellsize 100 
NODATA_value -9999 
[rows 184 to 206 of 361, columns 159 to 211 of 320]
21.4344546523713 27.2285361766082 42.9266617138066 62.1167409063354 77.6807498089761 81.9979577319168 82.996234720204 86.0341784780846 88.9668460287368 90.9081181396039 90.8585022765656 95.7723067505486 93.9396162035005 96.1827725772882 98.3431629901145 102.394237301815 109.492103368582 114.073492717131 116.712752785017 119.196008525731 114.451396170348 109.40016851447 102.175352689333 109.63741624802 115.114718778011 111.051748903049 135.283461456194 121.208849402701 118.64103039227 117.040429522602 116.975484673749 123.144095099457 126.578044113609 134.019457987973 130.233537768679 126.329505189488 122.512795586784 118.132827743504 118.999702890133 126.609870543802 122.225182024976 118.176050386194 117.359229338611 121.930260835998 125.896574679917 122.650181251017 120.750787816022 111.004616109892 106.371361369419 99.8360754612107 89.109487313871 88.2140926186059 85.5243963758847
23.1074273377381 32.087838667544 51.6727302963002 71.9125567039307 82.1857931157262 82.454382282731 82.9292245482336 85.9976620084207 87.0886710887936 90.6301580778602 91.4205757967033 95.5941360121664 95.515039212304 95.3541669894906 99.0040535418567 101.261612981149 110.886275747512 115.349828787827 117.485251167517 117.03871456217 116.385361386338 116.187836402324 118.682842947083 112.488077636241 132.858049342412 135.574343140065 126.476985837815 130.951784858688 123.915437771126 121.548724221633 120.404152932409 126.965747535388 126.555191787229 133.68872964683 133.352250863104 128.119765925399 121.55366371233 120.11655617812 126.519394953418 115.626674888255 117.225942186465 114.567617984676 114.66024805947 121.149442175538 128.904206241572 129.57547968659 129.696603628548 124.030117125395 121.125654461629 113.579084813156 96.1903717195559 91.3993331949209 89.0439675726392
25.1917193056733 43.7876615576258 66.3325929355371 80.6790822925992 83.8361539266243 83.7686599815801 84.2569123880876 83.1044233601417 86.9909912795158 87.9672488583559 91.1566684300183 93.4956118311536 99.4051342606772 102.367655577559 101.268371775318 103.421646365295 109.199396613397 112.610028872661 113.857827273254 115.937979269569 112.458302785855 118.283034332487 122.803982963635 126.856953210641 136.191622587239 134.333602255349 137.952243445091 133.068119438242 123.272367441772 123.995142249548 125.838944328626 126.630209129224 127.049816576597 130.559152027105 128.329706956376 125.796657277652 123.896408907805 128.553637615038 127.602295790281 120.469563631288 116.38574683131 111.828224750305 115.016982448927 115.656446354755 122.379939718656 127.768448797875 129.880134671051 128.790624356767 122.196149356992 116.010458899945 112.290500004214 102.278042535539 92.3086014260925
29.2039425734188 51.7482844949131 76.391664882752 83.8712322752769 84.4710488427845 84.4735891998525 82.9018672695052 83.57049320879 82.8849838986972 87.119400178691 89.4545796051288 96.5507877681152 99.0984545976312 100.644660033172 100.015250373137 103.61356758709 107.820213998331 110.127652338525 112.413836150645 109.840801659332 111.310198730855 115.875927390501 123.198467184535 129.237265250609 134.002229763778 138.57702037218 137.938621730889 130.350521372366 127.253230069505 123.996592727235 130.141072914644 129.566748512956 132.003772656797 128.619644442572 129.535835518789 125.440372759647 123.47468179147 126.05703360531 132.301703755824 121.375345072661 119.526617439837 119.225255721846 112.292200369407 108.872715291378 109.556821390104 112.877459179484 116.412378168695 123.043254858023 118.831405010437 120.058495228028 117.97571359541 106.42989429707 101.333613568204
38.2620872566337 65.9641825125732 81.6076276760455 82.2606625357341 81.4726369635872 82.5906149772683 80.2426902429599 80.1304006127733 81.8380841048847 85.5237508402454 88.9414089131435 96.2437932466922 96.6261581847367 100.633775217363 100.175850136525 103.907844982164 105.612531218891 107.132071114059 108.958359491344 110.938403579892 113.003016220383 114.178790592912 119.605271660408 119.191948860792 132.041123099791 135.840080413003 136.611716397457 133.600741575785 134.127100763026 128.397414450108 128.24667086187 127.575120944275 126.615313129173 122.841254302576 119.845629448388 120.724396048683 120.919784904494 129.133641287415 122.530378062137 121.751198115431 123.567974703269 123.327221921679 120.838723246463 112.28425871368 106.8795815912 102.911419337152 103.633800560921 103.036033588085 112.223957065033 113.827475182294 114.050854753315 110.813050536282 106.653571382968
49.960131356128 76.4962497539834 82.220137493269 80.7475213749577 78.714071316346 76.3975080497153 77.7521976840704 77.4599697357161 81.8327009446509 81.6371027758497 88.7743142690624 90.6889909090852 96.5599015778349 97.630706143397 97.6454668748196 105.09100838455 107.175752805196 107.035998989051 109.24203850982 108.443562449462 114.913782735358 117.82583584054 120.732009233543 116.564858125911 120.264367607882 131.766145364541 133.359719172837 130.875163356268 129.280619319601 130.156292723997 128.479806480328 132.778603932859 123.365653047242 117.513607550002 116.371989291052 115.769405684268 116.871851382088 124.790942653302 121.040312887722 118.828428299417 122.393995074804 125.703101486529 124.457500921208 120.266785991508 110.785150488155 104.226849726813 97.1766715484103 93.4796943259208 100.296748773385 105.553051127681 99.6480582830091 104.53296368563 104.394863072704
66.0595628091614 81.9429092506719 81.6140860773793 80.9069624412197 80.9286431958998 79.3784082632582 75.7013545912795 75.7803912227485 77.1402577038669 83.922709255283 86.4171355816044 91.2002702015947 94.5072871751117 94.5460544526371 104.258537766873 106.025875119766 109.760404714414 108.344714967191 110.308151857256 108.303859610021 110.257521876108 119.947809802049 126.556891699023 115.672949581633 122.644913470893 125.632113018744 132.532503279008 131.959044029593 129.945896621456 128.779790363018 126.906948218529 129.174724330922 119.451235170426 118.483596973706 111.288883105102 109.705926888888 116.319181507424 113.050319918747 111.99996970558 110.57354999379 112.896305704792 120.307560327796 122.93034306338 122.766927008276 122.458354624774 113.486590042892 103.744752697777 88.8264993730165 84.0518022434146 81.967663276726 82.6371576599269 94.6859923322779 95.194153420082
77.513077368943 84.6732987863975 84.5828453900087 85.6540564818612 84.3712935392035 82.1768009076772 82.4886314939761 78.3183298545182 79.5752906997238 83.0758080155001 84.7259714609796 88.0523906812596 90.5059842240564 95.1833972788825 99.8392741991551 108.160031820867 111.315621706006 113.929967333802 114.072486083221 118.082444783361 117.069196544396 122.428050322282 120.838512097343 120.827971015174 121.456926549411 123.095619546577 127.889366022772 127.019455531741 129.011701051358 127.786060577212 133.526604010076 126.846533909292 121.899624585511 116.861644583633 113.733344502556 112.745129985811 113.341287245023 112.934734412579 110.848260874197 109.550989558593 109.725347655583 110.586974744184 116.591130711228 120.08723923247 122.366845588369 122.987212346829 115.703866903615 106.781967897644 102.683029191259 80.9875564995305 82.0681700921429 82.4569249024997 86.5145304701163
83.4865588562291 85.7266827235972 87.9164350870161 88.6306741955941 90.9451987586473 88.5395444376869 87.5011982141598 88.3603791335642 84.1312093380087 81.8765116418567 82.0691660424067 84.1003493353593 88.2190891629489 93.2911072235487 97.7016700957287 103.252574013022 109.116789903248 115.379892434127 115.222342554324 119.671588558466 123.758232064573 121.984706568893 123.923190697031 124.045033308621 125.331085816976 120.508934972156 125.544722885246 124.250587951089 128.366974980768 129.135181544765 130.419531676928 125.341302267335 121.991970772777 120.790865710623 117.430482779515 113.542357030932 120.840950561399 121.052206490449 113.483450943968 106.280828841766 104.717775451955 104.809535921724 107.576737469768 112.535021564981 116.577957784196 121.979759517418 119.467091458904 116.444147298956 112.726077005907 103.210692380332 96.7342940851055 90.3392319271263 86.955603903841
86.211390390786 87.5760877133697 90.5626093600491 90.6727961384282 93.7493347857067 94.3223629110505 93.7525819147935 95.6510497913939 92.3394671227418 85.4948380201857 80.5479923172472 82.520645563519 89.1904358526814 93.0731115646791 95.8026644152401 97.4239626816702 101.730268884769 105.308250873139 112.603109338628 116.105320429774 115.123677619247 117.796386181603 118.138176303866 122.705288182095 120.415787276089 121.675011976372 120.982592860964 122.404177214124 125.508635181581 126.038403086978 128.31805389956 126.459561663242 122.683363977021 121.886616310286 119.721654116377 124.583494842747 128.096449808118 112.888694110153 107.648351654399 109.281957967542 107.10645588382 106.553689206329 103.346526505771 106.180815391728 108.727264031856 110.122891300274 118.603218052988 120.707081615826 120.973197490663 115.194154784499 103.344328451731 94.9208551538054 91.1716017710138
85.5346231181646 87.9067291654939 89.0135686203484 90.9789127378794 91.0698821080096 95.6626373255114 96.2642237887516 96.4634105394292 95.3643507192345 88.4273810622294 88.9936495915202 85.5948891962551 90.5804013133878 94.9492078121766 92.5115293450206 93.9326863450923 92.7851621280159 96.6720869905873 100.085148496718 104.803908227963 109.467110231615 106.011227116376 112.641958021937 111.240709823999 118.156222000705 119.019950625834 119.92772079613 120.600842868507 124.255005517818 124.008184631521 129.134784364632 125.07444869765 123.909490873884 127.355413150845 126.157430003335 123.483755412002 129.646792484372 111.988791835812 105.88948024293 102.412292879895 104.129275525229 105.401258252752 104.911285950648 104.686878979723 102.030063585282 103.04517623 109.662132310821 117.117312696147 120.080997418826 120.482504107428 113.522526359485 103.820218696157 96.4423974716789
85.7237328643346 88.281980285019 86.6714477110981 88.2426326943367 92.5761668505304 91.9348388083589 95.557420976346 97.3345416547526 97.7876027492061 97.7070959597747 96.1510857989055 91.4482621798592 90.9549743695223 95.2634767246773 94.2579277752763 94.3676891596279 89.4940578610429 92.0480350734635 94.6515219998376 101.117177739459 105.08751561296 103.905107454903 113.432376174408 115.626254220817 116.222842456534 117.501074763488 118.053531962152 122.01032847593 123.975939791004 129.401092623475 127.814940883213 127.392429014281 129.092980349376 128.97843616865 128.589979497492 128.131379682485 124.86807782478 103.933003746965 100.528095207771 91.5276298459496 91.1755568877497 97.4404027075139 97.919326831659 97.8841232970612 95.6546070466162 91.8974513630121 96.6840879529159 101.521991312351 103.164844655559 107.7842805863 107.134857123574 100.538004416322 94.5150085657149
87.7893796011016 90.3024487828662 89.2279346582066 86.780693318544 89.9138162167784 94.6239660666425 99.0693646060008 99.7767005542112 98.0503838802393 104.21081814293 103.607513276622 98.9520409478666 96.3488027274595 95.1975078752717 95.4335183632709 90.4708984466473 90.7949439162566 92.7952192524415 93.3494349709947 99.0873926120162 106.669348386621 106.706415668168 113.096039451549 114.433276038508 114.480411420191 115.224710195534 116.122240954857 119.72296929033 124.426890432618 129.366861204382 130.49926058811 131.482894496415 131.122690111621 134.352023201978 130.932805290845 129.331344521846 122.016279179989 109.036114192671 92.0287298190867 89.654133622511 90.1919170749125 87.005144656917 95.9833218434639 98.14267301081 93.905155104489 86.6565479435182 78.0065055950653 77.0990933134226 76.2176373889455 99.4711527382608 98.2876496961423 94.5359876423895 89.6352991415605
88.2731182426303 89.8296955563869 92.3040295744507 90.1446621767389 90.5705144044318 92.6524607051595 95.7178296000012 98.6407413977284 100.400112922691 105.863805671171 108.633685076853 108.595014436754 104.034536957711 100.643045031991 95.0957761691295 93.3433838496841 91.1538194214487 88.6754523761485 94.4778249599759 101.877057207304 112.502030331541 109.703634880274 114.411679291677 113.900323553659 116.268624537144 117.115794165798 117.790385108428 117.622522300764 126.524597552463 130.6319566997 131.307167679897 134.786830092204 132.91351359462 133.775415342883 134.628373618824 129.008117903592 127.139888916355 105.822266101903 95.6535838570348 86.7735916652888 86.5527096840419 85.5470731858471 86.6089888520685 88.6928116766784 84.0845000159495 80.4833853714414 74.1416647387187 69.280799464496 66.9168864320259 68.5297883884754 71.7571014088548 72.6614321331289 71.6972522031616
85.2627856856775 89.5450052973224 91.0120108969685 93.255019991891 93.9962946640405 94.4499112548789 98.1971831138038 98.7157929557249 102.274479294036 109.366962458476 113.73230752853 115.070355674179 111.163830762493 108.136480061083 101.888260467525 96.6058574081057 98.8218720448126 100.062270765121 104.865124273343 106.975865105329 115.571596003801 111.439625959538 118.075715606025 117.50286886012 115.517499667033 114.453671475865 117.791956373352 119.042230592485 125.136802914879 131.251501069323 131.418942989228 131.116942343212 130.966561604118 133.880117079263 131.951682191693 128.453385976085 131.40574380351 111.562664110381 98.1001387806972 86.4065143126688 85.2926680821872 81.6587564139456 81.8434045088982 78.1054144927496 72.1486476927858 69.1666819295609 64.7017387771348 62.0665890811458 61.2030839634904 62.0298243498365 63.9483116113825 63.5622355472968 66.1574008678088
82.6339178830017 86.3969355184858 88.7678594430161 91.747650760444 97.7166804218441 96.9008538534782 98.686880056676 98.9356923911448 107.75789532738 111.06657603133 117.04937032953 119.416512343147 118.123660446977 112.999961355308 112.40647746744 106.278353047325 105.350294925468 109.050853039573 106.070083610836 122.411408474204 121.095086546806 120.819355988023 120.433614512371 119.857887764987 117.623223908128 117.272989700032 119.548284098603 122.432422536145 125.477533318074 130.391587340278 128.12703508371 128.28309691344 129.206774012623 131.39999636762 132.306088047868 129.570076949054 129.108134462862 118.47178194308 99.2434570905716 88.8476580870775 85.4033893039491 80.2458712142473 78.1239023658576 74.1667726839296 71.5634188327172 70.0357439138754 64.3018269602283 61.7789337612356 60.260138969647 62.4636090850413 63.7509442562133 65.9181428328627 66.3511445284936
81.8743503058137 81.9620161325958 86.1537956911608 89.7489331150368 97.5649192923123 97.5164165031031 99.494633790277 102.240591834613 109.797960844179 112.856227058994 117.662702667692 120.972046234647 119.817331744978 121.260570534796 117.95524444955 116.467635904821 117.157854012293 120.352143994761 115.683536612381 116.511684700594 122.395102376744 125.382431778595 124.87943869911 124.916872874725 122.618367137171 122.872881223099 123.962099739315 125.94149261372 122.514525373212 126.184405988251 120.603960639854 121.006740095014 116.487615253135 116.536766313075 118.081679414428 118.23123250804 114.066185580164 113.493198100627 95.3195485935339 88.4992845262041 79.5626386959522 79.2948275448617 76.8962310072046 75.2851971328643 73.8542849919845 70.4512820402864 68.3449304516994 68.3291832865188 65.1445585470347 60.9566316220424 64.5986959096619 69.4781270735304 69.8150613756077
81.3040315762274 82.7227547146188 81.7992140443451 88.1560590568973 93.5402782739891 97.0552489679512 102.339293183654 106.065318974287 109.927999772386 115.305258380957 118.773730822283 118.831078013469 121.447345177992 121.380876599587 118.99217193062 120.243942429167 123.89405391498 127.528728049818 120.888187542196 120.544517989705 119.235025441018 123.871333996595 128.5666979869 131.888843617585 129.748260756886 128.784911521235 128.335795255418 126.60177597265 129.105258333089 119.683563433932 117.452109610447 114.669674828222 106.78376611641 107.310669430355 111.445671179055 111.874303579074 115.212348848134 109.877469525045 92.6987305915856 88.5376162115138 80.3520367802826 78.4622116224809 72.6887121746725 72.2864868451689 73.7063595140188 73.2242776046957 70.5464063335186 72.5718101349176 68.4549665627561 66.9678187866728 68.309304406908 70.4113643346292 72.7391102916499
82.0309872022337 81.2612894263699 83.7424705595344 87.5276560645961 91.1367227963922 97.5355505138149 100.479048518431 107.739045451214 111.468914612832 114.018762057886 117.21292330969 119.047339456905 116.64305413357 119.250008279869 120.29337141333 121.628982959221 125.532711550556 125.272655308475 123.089709350154 118.236819346597 112.766338672233 120.356138705043 123.954080201594 130.721390614296 129.417972876892 129.339835927804 131.395957584231 126.305910510259 123.579642750526 116.800871262145 113.686893892532 112.079747564696 109.062880390893 112.704666675492 113.714268382845 109.475710658125 115.087723587729 110.6695105087 100.28538069453 92.661442289922 79.9145220325256 78.6798803326257 74.1542264371796 70.7742093627864 70.4467638966625 69.7694601848766 72.9589141366107 76.8100185330039 74.1817305869558 72.8686204078919 70.750076476868 71.3172772740052 74.2883918734495
86.1136663766105 86.0944237400657 85.8174943504785 87.2874366816236 91.8087493775 95.8248012367748 102.769897509914 109.628350918246 113.524553215419 116.799020503894 119.026210794329 118.63405701342 119.146426779267 117.711099208091 117.523384677783 130.919748845049 128.023733911331 125.517202745585 126.23269700851 114.011352246793 112.716243490746 117.556017862214 118.471191740597 124.14883177528 128.986506083721 130.417735609043 126.905031926109 128.42228247316 120.214390441244 117.862058041698 115.231024923941 114.032431012766 113.439372622117 133.005387875362 135.922437752374 130.339949025899 136.698799276408 135.30303496816 128.838045409026 106.47779151957 90.5779371862255 78.1249087302229 76.5221859013071 72.3424601797464 72.9257744960848 76.3842447982167 81.2248414386384 78.9665012584292 79.9484863008453 80.5889889190049 74.6856254053529 71.4336948031678 71.7788082469447
90.2171617141152 91.0762253867187 89.1279054999201 89.9245611253247 91.5447211912533 97.4863131669265 105.098124677839 109.569018742982 116.231964533937 118.388527006367 120.080386942979 121.183076969155 122.457145005061 128.81145643968 126.681760370374 135.708179083883 135.569486254604 132.611767516965 124.915061075931 119.262296454197 115.122260859487 114.62102509499 118.942026193686 118.407404429468 125.582192777774 127.829723206197 126.523741095748 125.535429608898 125.18655330335 117.965290790564 117.804045178803 132.099538355712 131.667754381847 136.078466190351 141.514668954848 140.935301694356 141.082793445173 141.27552136356 131.8947741573 111.684692330628 100.7732477549 85.8528446315126 79.1127670983214 75.8504067777792 79.8400476143335 82.0078941762326 90.6569947031679 88.7744570706801 87.7879702322255 89.0519967372648 80.9693372446477 74.8716093237695 69.5638419927499
97.3115022397154 95.0282452458271 93.0442561758803 92.9176710703752 95.3070500331664 100.814060667713 106.10122208728 113.616290842241 115.740124008407 118.752279154647 124.48735218013 127.295102161206 128.503825831611 131.938078219506 136.593506900189 140.645439775025 143.323521512168 134.020819666761 131.747908693884 126.242765298863 124.576053747159 118.843674568547 119.918829477201 121.562243765025 123.821493697659 124.134351942219 129.045097247593 125.585745298644 127.680579017157 129.81851602347 131.923179370936 137.573627500783 140.156890050857 143.966669354758 149.205474749897 143.322613654162 146.882681386892 138.384667104907 130.238665958746 124.033050576774 103.189493348011 92.4589896098981 84.961042547756 82.1798797816942 85.4779988884316 92.3781470914908 93.8148098195527 89.9901412505636 93.636317928095 92.5817780426676 84.5313994717942 75.3793692069013 70.5042411545028
101.096336526621 99.1046409342517 98.3030800550703 97.2215724370636 102.73512586424 105.53437671293 109.238693180185 117.715954951654 119.104680197514 120.036644822292 124.383055811758 127.636140961463 131.658303204264 136.051532465623 137.07748110803 143.764978803887 145.38579790565 142.165522701324 135.480917970686 133.841687527303 129.890133013256 122.076363089529 122.548079625982 122.883310431464 121.603473275442 125.196180257117 126.819836933414 128.588743401445 135.372557198811 136.759590705692 140.878123782528 142.129842868817 139.656088911193 139.778923257494 138.490136148169 136.379600716207 141.501716453808 135.016642328848 123.170694458553 125.424892928219 117.055552054542 100.394504853195 94.2461122181953 87.1989718391011 87.8413683774756 94.3799230255484 97.3673659326813 97.9746001081282 96.2040962100249 93.641046533553 86.3558480792022 76.3889457206585 72.4997633491929
