Rscript/monthly_maps/SnowDepthMapFile-mean-1989-11.asc
ncols 320 
nrows 361 
xllcorner 618410.159 
yllcorner 5088785.286 
cellsize 100 
NODATA_value -9999 
[rows 46 to 68 of 361, columns 0 to 52 of 320]
-9999 -9999 -9999 -9999 -9999 -9999 -9999 -9999 -9999 -9999 -9999 -9999 -9999 -9999 -9999 -9999 -9999 -9999 -9999 -9999 -9999 -9999 -9999 -9999 -9999 -9999 -9999 -9999 -9999 -9999 -9999 -9999 -9999 -9999 -9999 -9999 -9999 -9999 -9999 -9999 -9999 -9999 -9999 -9999 -9999 -9999 -9999 -9999 -9999 -9999 -9999 -9999 -9999
-9999 -9999 -9999 -9999 -9999 -9999 -9999 -9999 -9999 -9999 -9999 -9999 -9999 -9999 -9999 -9999 -9999 -9999 -9999 -9999 -9999 -9999 -9999 -9999 -9999 -9999 -9999 -9999 -9999 -9999 -9999 -9999 -9999 -9999 -9999 -9999 -9999 -9999 -9999 -9999 -9999 -9999 -9999 -9999 -9999 -9999 -9999 -9999 -9999 -9999 -9999 -9999 -9999
-9999 -9999 -9999 -9999 -9999 -9999 -9999 -9999 -9999 -9999 -9999 -9999 -9999 -9999 -9999 -9999 -9999 -9999 -9999 -9999 -9999 -9999 -9999 -9999 -9999 -9999 -9999 -9999 -9999 -9999 -9999 -9999 -9999 -9999 -9999 -9999 -9999 -9999 -9999 -9999 -9999 -9999 -9999 -9999 -9999 -9999 -9999 -9999 -9999 -9999 -9999 -9999 -9999
-9999 -9999 -9999 -9999 -9999 -9999 -9999 -9999 -9999 -9999 -9999 -9999 -9999 -9999 -9999 -9999 -9999 -9999 -9999 -9999 -9999 -9999 -9999 -9999 -9999 -9999 -9999 -9999 -9999 -9999 -9999 -9999 -9999 -9999 -9999 -9999 -9999 -9999 -9999 -9999 -9999 -9999 -9999 -9999 -9999 -9999 -9999 -9999 -9999 -9999 -9999 -9999 860.174207051595
-9999 -9999 -9999 -9999 -9999 -9999 -9999 -9999 -9999 -9999 -9999 -9999 -9999 -9999 -9999 -9999 -9999 -9999 -9999 -9999 -9999 -9999 -9999 -9999 -9999 -9999 -9999 913.555756123861 901.035775756836 893.866991678874 892.659774780273 -9999 -9999 -9999 -9999 -9999 -9999 -9999 -9999 -9999 -9999 -9999 -9999 -9999 -9999 -9999 -9999 -9999 -9999 -9999 -9999 849.130685424805 831.408777364095
-9999 -9999 -9999 -9999 -9999 -9999 -9999 -9999 -9999 -9999 -9999 -9999 -9999 -9999 -9999 -9999 -9999 -9999 -9999 -9999 -9999 -9999 -9999 -9999 -9999 879.390965779622 869.812438964844 873.397233072917 865.251609802246 863.213938395182 868.347879536947 877.205729675293 -9999 -9999 -9999 -9999 -9999 -9999 -9999 -9999 -9999 -9999 -9999 -9999 -9999 -9999 820.602688852946 -9999 806.448238881429 835.826510111491 833.255407460531 809.491175842285 756.353363545736
-9999 -9999 -9999 -9999 -9999 -9999 -9999 -9999 -9999 -9999 -9999 -9999 -9999 -9999 -9999 -9999 -9999 -9999 -9999 -9999 -9999 -9999 -9999 -9999 864.769393920898 861.203824361165 834.884591166178 820.035856882731 804.181136067708 804.100664774577 830.169474283854 859.356784057617 877.338273111979 898.315004984538 -9999 929.652517700195 908.344170633952 895.992330932617 907.183491007487 915.521486409505 887.363936360677 -9999 837.290119934082 825.723435211182 821.060610707601 808.653260803223 791.245495096842 730.57167078654 748.208517964681 765.921973673503 767.232376607259 760.699443562826 727.116906483968
-9999 -9999 -9999 -9999 -9999 -9999 -9999 -9999 -9999 -9999 -9999 -9999 -9999 -9999 -9999 -9999 -9999 -9999 -9999 -9999 -9999 -9999 -9999 869.181895955404 852.867614237467 818.40856552124 782.701308441162 775.083329518636 780.25782140096 783.428452046712 796.444214375814 823.164259592692 855.200133768717 878.483779907227 877.595372009277 885.059303283691 878.245389302572 882.118112691243 886.39581451416 911.057642110189 883.717170206706 860.007418823242 825.839700571696 820.877951558431 803.398803965251 783.791239420573 765.684933725993 720.993272145589 689.172941080729 681.565299987793 708.373382822673 723.06997350057 720.631418355306
-9999 -9999 -9999 -9999 -9999 -9999 -9999 -9999 -9999 -9999 -9999 -9999 -9999 -9999 -9999 -9999 -9999 -9999 -9999 -9999 -9999 -9999 910.954379272461 861.02924601237 825.026030476888 786.915859476725 768.113246663411 750.966002655029 769.529262288411 785.183199310303 790.590179697673 796.449178059896 826.208722686768 853.922628275553 862.255900065104 862.273137410482 858.474982198079 861.496413167318 874.955850219727 911.771605936686 891.300335184733 871.102369689941 836.019881693522 796.726378885905 780.489905548096 764.35777130127 743.305394744873 713.077511850993 678.079319254557 665.208561706543 675.624799092611 703.232799275716 716.919288126628
-9999 -9999 -9999 -9999 -9999 -9999 -9999 -9999 -9999 -9999 -9999 -9999 -9999 -9999 -9999 -9999 -9999 -9999 -9999 -9999 -9999 -9999 900.019613138835 830.606019083659 792.733826446533 774.473859914144 753.466211446126 759.287337493897 770.688685862223 783.169081115723 787.445125071208 792.675570933024 810.496820322673 827.861768341064 840.345630137126 847.978549194336 847.24819539388 854.211841837565 863.181069946289 913.290478515625 928.993329366048 890.022199503581 837.6521581014 784.558177185059 767.350440470378 745.033667500814 736.991339619954 711.983262125651 692.363221232096 667.146240234375 664.239972941081 686.18374786377 708.492103830973
-9999 -9999 -9999 -9999 -9999 -9999 -9999 -9999 -9999 -9999 -9999 -9999 -9999 -9999 -9999 -9999 -9999 -9999 -9999 -9999 -9999 917.505196126302 894.82685546875 803.470923614502 777.392136383057 760.824854024251 764.968040211995 765.252402242025 773.691680399577 780.205963134766 784.138406880697 787.575946044922 793.608612060547 816.469734700521 825.823618062337 836.290281931559 835.612809753418 826.825871022542 833.009443155924 866.598445638021 863.744471740723 900.696610514323 827.156243896484 758.168270111084 742.549271392822 730.716909535726 708.888046264648 703.939586639404 687.316107686361 662.317266082764 655.19507598877 663.508427429199 681.169171396891
-9999 -9999 -9999 -9999 -9999 -9999 -9999 -9999 -9999 -9999 -9999 -9999 -9999 -9999 -9999 -9999 -9999 -9999 -9999 -9999 -9999 918.688829549154 868.304992675781 787.171191914876 759.131457265218 760.499803415934 766.517939503988 767.994884490967 772.757353464762 777.681273905436 781.515795389811 782.884922027588 786.168425242106 803.661732991536 819.441061401367 822.730868530273 821.470450846354 813.916468811035 793.099092610677 801.728819274902 829.383269500732 827.202146402995 766.401506296794 728.307700856527 710.016883850098 700.775335439046 688.417962646484 683.332657877604 664.674457295736 650.595188140869 634.614559427897 631.50028889974 647.899263763428
-9999 -9999 -9999 -9999 -9999 -9999 -9999 -9999 -9999 -9999 -9999 -9999 -9999 -9999 -9999 -9999 -9999 -9999 -9999 -9999 934.17509358724 905.476004536947 862.450174458822 816.501688639323 760.611057281494 754.459351094564 772.081423695882 773.001792653402 773.782930501302 776.297633107503 779.344756571452 780.2962793986 781.525767008464 788.37941792806 810.2302541097 816.559511820475 810.256489562988 783.724635569255 750.64666519165 725.626092274984 725.553265126546 744.813680267334 729.249294789632 692.994939931234 681.257491811117 673.970847066243 667.927747090658 657.439296722412 648.212484232585 639.276632944743 618.267807261149 611.443652598063 615.857470448812
-9999 -9999 -9999 -9999 -9999 -9999 -9999 -9999 -9999 -9999 -9999 -9999 -9999 -9999 -9999 -9999 -9999 -9999 -9999 -9999 919.780383809408 900.026178995768 856.758202107747 835.148629760742 795.225891621908 763.018678538005 773.852437082926 773.095081075033 775.413989766439 775.566005452474 778.359519195557 779.595073699951 780.561536661784 784.296066538493 799.170584615072 800.306946309408 784.102716573079 764.126608022054 725.9656056722 686.106573740641 667.296757761637 667.532242584228 674.383372497559 679.829219055176 666.945747375488 662.995358022054 653.375302886963 648.002976989746 630.686915334066 621.758106486003 607.603496551514 591.793034362793 580.601752217611
-9999 -9999 -9999 -9999 -9999 -9999 -9999 -9999 -9999 -9999 -9999 -9999 -9999 -9999 -9999 -9999 -9999 -9999 -9999 869.179143778483 864.498922220866 840.57027943929 827.107290140788 809.027531178792 818.159400431315 773.705547078451 773.686292775472 778.540723927816 776.063060760498 777.131479390462 778.353156280518 779.756774139404 779.251149749756 780.22601445516 781.28416112264 774.705830128988 764.412418365479 741.722686258952 711.962399037679 676.339526112874 642.278926595052 632.420422363281 634.522854359945 647.870261128743 663.631899261475 649.388766225179 642.277658843994 630.33237508138 622.00969619751 608.121956380208 593.865609995524 564.285761260986 559.097354125977
-9999 -9999 -9999 -9999 -9999 -9999 -9999 -9999 -9999 -9999 -9999 -9999 -9999 -9999 -9999 -9999 -9999 918.568909200033 866.642573547363 852.499635823568 829.6269627889 820.037916056315 816.654698944092 806.772366333008 794.069363149007 776.137400054932 772.549276479085 777.526005045573 777.703808848063 777.738875071208 778.670574442546 778.788706207275 775.668307495117 767.905956268311 755.935372670492 744.037591552734 730.210353851318 711.437350972494 701.849722035726 671.729111480713 649.496270751953 624.626447296143 618.547941589355 623.980211385091 634.090718332926 641.65826365153 632.411595662435 624.902100626628 616.717191823324 595.825452931722 567.414030456543 545.784229787191 537.055145517985
-9999 -9999 -9999 -9999 -9999 -9999 -9999 -9999 -9999 -9999 -9999 -9999 -9999 -9999 -9999 -9999 893.53299407959 867.500908406575 834.735248565674 816.237127431234 797.18903427124 794.124141947428 790.469640858968 790.322722371419 785.31629969279 775.594862365723 773.199342091878 776.164429473877 777.18684870402 777.2922706604 777.192106628418 773.582048797607 765.469927469889 739.330032602946 730.890178171794 707.557970937093 695.212940979004 688.680076090495 685.47230758667 667.280325571696 652.345899963379 630.966096750895 617.83466796875 611.912264251709 615.841334788005 626.347833760579 628.541541544596 621.913479359945 610.128087107341 579.748594156901 555.853470865885 532.676631673177 515.640811793009
-9999 -9999 -9999 -9999 -9999 -9999 -9999 -9999 -9999 -9999 -9999 -9999 -9999 -9999 944.139044698079 873.5259862264 850.948971048991 818.589893849691 800.876294708252 795.051777140299 791.28880182902 786.850002543131 777.92650197347 771.132302856445 766.982890574137 765.1716796875 766.705881754557 770.492827860514 772.665427652995 772.182559204102 767.824430338542 760.423572794596 736.481749725342 725.843123626709 700.169129689535 670.722978719076 663.244027455648 665.210462697347 664.93227335612 660.950500996908 648.611437225342 631.029972839355 617.645249684652 606.235442860921 602.856947835286 613.639096577962 624.190097808838 618.073770395915 607.574517059326 572.947978210449 551.871728769938 524.967682520548 497.207388432821
-9999 -9999 -9999 -9999 -9999 -9999 -9999 -9999 -9999 -9999 -9999 -9999 -9999 951.544372049967 907.601568094889 832.943583933512 801.887022908529 782.570826466878 786.066671498617 786.600155893962 781.966771443685 770.70045598348 764.841756184896 744.032155354818 740.770450083415 740.437025960286 743.410294087728 758.304179636637 758.606279500326 757.12423248291 748.951941172282 735.941227722168 722.598529561361 694.359823354085 668.696198527018 652.475280253092 643.947579193115 643.716008504232 648.102367909749 646.755746714274 638.099373118083 622.858342488607 609.532052612305 599.364901733398 592.113739267985 597.777109781901 615.379494984945 619.18847249349 606.855539194743 571.201862335205 540.907599639893 520.98989016215 502.499523798625
-9999 -9999 -9999 -9999 -9999 -9999 -9999 -9999 -9999 -9999 -9999 -9999 954.170157877604 921.644305419922 815.641535695394 769.542399851481 764.875015767415 774.719805908203 777.138543446859 772.43399887085 765.054072570801 744.972725168864 740.708627827962 726.831316121419 713.176093800863 720.196356709798 725.523988087972 730.496668243408 731.163035583496 729.532779693604 722.537494913737 707.079581451416 692.865687052409 668.395264943441 653.409403991699 641.016543324788 627.938715108236 625.159220886231 625.738343048096 626.837508646647 622.904407246908 612.534483083089 603.116516876221 588.451876068115 575.129271697998 560.176855723063 584.287518056234 603.054647572835 603.100007375081 568.019462585449 528.329122416178 507.609801101685 489.916989644368
-9999 -9999 -9999 -9999 -9999 -9999 -9999 -9999 -9999 -9999 -9999 -9999 914.826634216309 845.201639811198 766.474093882243 758.992099761963 758.39123840332 767.752057393392 765.503180440267 753.99517695109 742.923247273763 732.119165802002 709.600219980876 704.656350962321 697.571753438314 699.898105112712 702.386117553711 702.466002146403 703.833761342367 701.970874786377 700.945002746582 687.795815531413 666.668107096354 652.073545583089 638.451768747966 626.129235076904 621.916631825765 614.432746378581 614.337820180257 612.023305257161 612.852655537923 606.733416493734 588.625839742025 566.725089518229 550.466805521647 537.000899251302 537.762967427572 551.473649597168 560.204946136475 543.349594624837 517.510094706218 497.76595547994 482.565054194132
-9999 -9999 -9999 -9999 -9999 -9999 -9999 -9999 -9999 -9999 -9999 880.008819580078 844.532849121094 773.838573710124 738.372588348389 750.496303049723 750.043678792318 757.205901082357 743.881776682536 736.523731740316 714.027448781331 707.018968454997 690.905009969076 679.926119232178 676.326838429769 679.864458974202 685.456009165446 694.129225158691 693.983866119385 688.6800877889 679.800071970622 663.557401021322 649.62901357015 631.421152242025 624.592633056641 615.953385416667 607.937164306641 603.515130615234 595.039215596517 593.312811279297 594.64292755127 589.78448638916 570.721509552002 553.645621999105 536.928160095215 516.289376703898 495.756791305542 497.654406229655 499.551615651449 494.281923166911 471.304753875732 458.139636230469 445.730654525757
-9999 -9999 -9999 -9999 -9999 -9999 -9999 -9999 -9999 -9999 -9999 851.048510233561 810.708213043213 740.755395507813 729.392557525635 744.57554397583 743.285311126709 732.112075805664 714.56373647054 706.312551116943 697.812079366048 688.938937123616 667.487728627523 663.392878977458 660.395062764486 662.786957550049 679.043167877197 677.068907928467 677.7649559021 679.78159383138 660.120579528809 651.225815073649 631.183288065592 623.245183054606 614.820714569092 608.518240102132 592.386804453532 578.217272440592 559.030978647868 557.216013590495 555.861026509603 557.721585845947 547.649791208903 531.438444137573 509.905297342936 488.035262425741 475.13922920227 453.974259185791 446.118810272217 435.652068710327 416.478544235229 409.496353721619 398.395628166199
