Rscript/monthly_maps/SnowDepthMapFile-sd-1990-01.asc
ncols 320 
nrows 361 
xllcorner 618410.159 
yllcorner 5088785.286 
cellsize 100 
NODATA_value -9999 
[rows 161 to 183 of 361, columns 53 to 105 of 320]
510.743584082779 509.634293001059 516.628242266815 514.40663511533 494.567970152655 466.754361454011 442.527767431207 447.305566171747 431.326947347629 409.694704430242 397.281900571726 406.433934228417 385.399598780397 389.602731481495 370.482389668225 358.795464229103 352.345965914325 335.913804969742 326.540190192831 327.896029297366 318.540336520097 311.396865878812 307.084272128951 302.637375519361 302.440374659016 308.622817306802 309.715309485953 317.740974595239 318.464545614714 312.083554920131 313.229202088712 310.101080038094 323.414920114936 341.941333829031 339.906408540985 337.229908551387 331.076795584163 318.854610412748 319.654085836267 332.415226313356 328.333970942803 345.151544326491 339.9011424459 346.157364248646 348.058934939934 341.992926464192 343.799435525841 355.019731845167 328.905392523401 315.222601541908 308.540048286469 308.036519510792 312.517671323903
511.252527963204 515.513679018581 511.972917146651 500.223967066646 475.225654702777 461.190808613697 445.247764155892 433.65865904129 428.87838938486 403.686350079343 406.603230018763 402.065863769969 393.773124023472 384.92035678225 367.714666067647 348.12996360598 348.463634366498 331.167995766796 321.657119608193 316.447028013115 308.154510500371 298.55331946594 291.411929531665 289.323148063173 288.972654803911 291.106105004905 292.690931506162 296.435708694626 297.93222025871 298.001475317752 296.237378682792 296.085085413376 303.743437250924 315.556290921336 343.960921037623 345.01426910864 338.706161879468 333.353864119665 334.868732729428 335.70378340523 335.544684875435 331.140047757209 322.897752206093 323.263070628787 339.623801449623 334.537236318855 325.029118731634 317.409426159591 295.734742484589 289.711854003988 282.440629059256 289.01504422109 301.039638124409
494.378905821652 512.573371364382 491.533812437654 484.023309413131 456.809933841892 453.776360155093 432.147920450993 431.032833962516 404.887327104725 402.988485451259 400.142885501375 393.184776401395 391.940393749618 378.564349726628 364.699382233271 348.172235096571 348.511908987568 327.292123035962 318.975565791352 311.13254634416 295.622755266557 288.231181996118 283.785065742628 282.798621652424 278.705575176821 283.001552645517 282.986821666735 282.805571499181 284.224649964512 273.467953547813 285.228589386485 287.83092929001 290.732712304075 298.966025710455 313.351904142933 323.993368848351 343.248085521438 338.629933473322 330.488924433224 319.207594952399 310.765861952909 293.647524498724 293.170952140212 299.581994947341 305.583725189391 298.86295277632 291.594943947708 276.424149544298 269.901087470904 264.977013747876 267.048601878966 270.632012998339 284.607223670704
517.493560731933 505.58624770399 495.384871110255 464.015635087798 446.977012847604 427.026796056711 423.297811452164 410.731568967182 401.985588759876 407.311988196949 393.25086371863 391.7312656993 389.474034238895 368.90797640208 361.332696020077 349.461689291612 346.681609920753 324.558361889175 309.98417755919 298.927054288069 288.494961125646 283.112569807307 280.179017965704 281.524780457954 279.954004639583 266.942145442026 271.355696977016 258.970536652765 263.141985246408 270.564446431089 273.487364678904 273.32963861089 282.556377731362 288.203185303868 291.480513260746 302.160621403046 303.668071095733 306.173499708979 294.777743786804 287.324062731936 280.278163347626 272.118222676317 273.443414749698 275.452689934879 278.679190892513 282.242641577058 269.281590370837 260.485644127442 250.107293744687 248.948595716471 253.359685138113 258.686267455478 268.543418423316
514.85015870057 480.557305775914 459.529642584355 431.053834189847 417.383563806304 416.700383543923 412.533763696924 407.724133383393 398.953077415808 405.230294437399 393.606317124195 384.231649798482 388.193103477425 366.715553082387 362.396230158827 347.572898772697 348.869191758765 323.109839723516 306.622364862605 292.634865775723 285.834258373741 281.727143701868 282.029191846514 282.650015916331 280.79936790069 272.278154877367 264.654580643774 260.764002625589 257.999603277549 261.666408234787 264.683864398925 273.627918454915 278.354924697637 283.694549191147 287.253793441609 287.339937840952 277.385260481434 270.401222113562 272.750406638975 265.614954052592 258.567288487187 256.138078684197 257.527435648832 266.562556370714 275.472633418144 270.190265269452 261.940595974408 249.825748236999 245.251298669777 245.102954654896 245.146611561481 246.814888762392 248.706078956712
490.097278858686 471.206940913498 453.683677041942 417.989216496596 412.650907993767 405.554919583955 410.121912687688 407.021167182611 405.867010994572 400.810776514156 396.646123345673 391.373501349046 379.346207256884 376.262640012176 364.145932777094 354.387187935982 347.063356804613 330.361697331862 311.02129238591 294.482470664934 283.667005426299 275.52144892851 278.281961025601 280.365407578525 279.771594960963 276.278532477693 269.97935829925 259.509858889464 253.047118481744 260.667783448312 259.717844678313 271.729830526015 276.589469515972 280.017527345547 282.148524145915 273.608158209337 261.332539489964 250.031602128667 249.382556719701 245.984021475967 242.652450986507 246.751458639528 254.7175593395 264.811879464149 276.416305557692 276.47599985045 261.793257357199 249.043493309903 240.077593177121 240.15270456181 240.8870267472 241.297652765751 241.499141612529
474.656595607528 448.675923011419 438.844180461228 411.564898185601 408.827983959862 408.60287611445 416.416660429808 416.224080386733 404.088778921718 401.25808053172 395.458161821787 393.140453658924 381.686147069427 373.04639470765 372.24865218607 353.087870950548 343.193606728582 329.229250876406 311.031436574559 295.114174508165 284.119406613836 274.808307581695 273.082149267132 275.588799234122 273.300435511056 269.556079639743 262.106149925626 261.965001603259 256.164927323657 258.416692541075 254.112136672476 260.849610894935 269.187979146613 272.178583946888 264.27263337006 256.71011411513 244.741049575248 239.118958334785 238.027131665203 233.811913111758 240.530028336098 240.999796718291 252.951743993365 264.459217692465 272.838199673246 270.450586572712 256.792961811843 243.128516253731 236.37586380944 238.036373953463 230.644176497768 225.791542469264 224.460857046785
460.987396229344 456.310487537613 441.177170007343 418.420916698716 407.613071842533 415.818109167222 419.382838016134 418.041953513823 411.327640320783 399.148205086226 385.836829907987 391.820483516947 384.7465805107 379.571813506665 371.153271805902 358.929967032791 350.070518571221 344.553095908218 320.708782658396 306.908576796931 290.202512190318 278.391467392246 270.207678032035 266.435644313318 265.356703268448 262.329509967448 263.745286938401 262.645040389637 258.822380438709 251.479887940009 257.742912742014 249.374006936856 249.633181988258 251.787489250771 242.547252567902 234.404482107092 231.626335039729 225.40534290213 222.652924169172 217.335108039049 217.233086309224 223.984260310714 239.963757110999 245.493579688961 259.661594965193 267.573242210389 246.220354010765 238.796393050844 233.842065439265 225.818430505276 221.93808324654 219.496781714976 219.339471375602
454.523614358214 435.374011185589 421.333774357363 429.990580376269 424.868131407411 419.722689366899 418.277242567734 416.898128632742 411.70278302662 399.948706348259 395.472028015488 382.619922549598 381.830741748036 383.983117815786 371.220011566422 360.732436392647 350.417505411549 343.076514760652 326.966293412594 318.566886857283 303.757090034731 289.300860351347 277.455197072834 266.269102676766 270.401342797832 259.672955979506 257.347584103359 256.849455151758 250.063906018616 246.300520659019 244.967681199885 242.132373615978 243.641081313867 230.531191784952 225.613747637068 214.472594858079 212.309342017377 209.349885515765 202.931892709292 200.345591790509 207.887571443457 213.941639412417 216.94929378395 222.04112551936 244.734555231176 235.605295300322 239.218375956341 222.404471107844 224.887321477313 221.949527979959 219.242312611002 209.346062523969 207.74752658289
436.848569571199 448.7302557456 417.720234572598 430.761929412574 412.074131733544 408.050853950894 409.81619960561 430.692505344707 408.36458286874 412.387685018783 404.632152793059 402.913668344062 401.534282577615 376.80644600493 383.080629750382 361.164789387084 351.384163820328 343.780466392047 335.688485091296 330.017764150567 312.5892938571 301.276630395103 287.64878073499 274.532453123399 263.694066507184 256.192484529945 249.878443350333 247.910630268853 245.005341189576 239.137802080895 231.170679039431 227.76011636011 219.118417615208 211.385326708662 207.724096250043 199.066430724802 196.990158457394 191.909142640088 188.267506187301 187.441164694771 190.639183004601 200.575512800762 197.105108270538 201.868360532618 212.173424581666 211.44120959473 223.290094763746 216.414092416994 213.970272582974 209.02324211442 204.484557407707 200.317967802798 198.947733736851
440.274065611428 431.720905830838 428.837525916722 440.293047762411 434.873405500995 409.733384994197 412.587689704693 406.741956675981 403.892422970008 400.589244481122 389.860992284562 393.032593662256 387.118422695569 381.860387992814 373.183542260233 356.49288367773 351.057802565837 351.315591528595 335.352089606091 323.454432003929 312.477102344264 304.122495564849 292.787341791755 276.791896691471 265.275212767896 252.660408291152 238.871927603361 232.813319607753 230.902098959361 231.74258214493 223.498403629285 215.176773100157 207.260753942654 197.132702771381 190.631340147861 184.515137787093 182.675930157727 181.287485537829 180.287193259518 180.042265377023 189.161524657514 186.014464199997 176.797292394259 178.105117373828 182.474362308766 189.594707337852 199.39332620848 204.974934395619 205.022582802246 200.728368674954 196.138075871662 194.380336453049 187.189365954113
435.407156071924 446.186505317674 423.68863538456 414.845794285175 419.457277267287 414.862984250845 424.173132031618 423.11677839553 420.89726898518 414.676466074851 400.832476584843 383.910143150789 381.30821756827 379.314952283696 381.401907772093 353.496641073117 344.007151779063 339.057481824524 334.831036021869 323.244493154663 323.042925636146 310.132263058445 289.979225238774 278.346908599305 266.072004775272 247.729890230501 238.714487394031 225.350155920946 222.20588043002 228.587759306924 224.561277800624 210.899569921541 202.96519917526 195.982520462774 185.165923343288 183.460089060542 179.671529625903 177.341741449312 177.450212339309 177.490495743377 177.427748771785 176.297518228752 169.794012835796 162.922259295927 163.52613717348 169.270055471689 182.933846620463 188.307635125939 194.458214109151 189.849875238429 191.014163720968 185.072256589448 181.335694809815
428.309921327117 422.515060387962 420.104075181359 420.326950823138 412.447945093693 412.114061880796 409.209725258102 406.758522376768 407.095599649923 403.290203525216 404.13498253505 401.295249231811 384.801691419837 375.270912574061 372.591596853233 371.809028978295 344.229479636752 343.381993360777 329.699509544948 322.316265674577 323.84883346561 304.940307383 292.47444285588 275.022144585349 264.983152334421 248.436883338179 237.777608939099 223.846496573322 216.977815618371 219.14882135924 218.129217486198 217.988073009759 207.668321440226 198.57420352729 188.0376218212 181.154428405421 178.25556304472 174.673853350282 175.575604104803 177.865379912738 176.342594209546 173.068979074804 165.789235760125 158.508790841611 153.858369391432 158.313401485791 163.942037324656 174.641303556002 181.004054519279 186.784568576328 180.633664277035 183.287391971474 177.795906222323
442.888517170606 431.877635787365 424.075921949237 423.144020207399 424.058641442913 423.246292963219 422.136287695215 427.090149222035 418.877891508993 442.433940094431 420.115875813465 396.287977674354 398.009685809183 382.518860355998 379.840101276146 371.074298669034 372.347563960394 344.933121369969 332.574727840032 326.173289950356 320.684216241705 306.716222302351 296.862192481932 277.873896757426 265.793161662107 249.726175345199 239.523684963117 228.827226191215 215.67577408105 209.650455349003 211.583198893747 212.113603557977 205.436644518103 203.796268455905 193.60096165672 186.956377707111 181.459897011295 178.421343648778 179.20507696854 178.233884941279 174.607125198192 169.549001575723 168.141717870028 158.811229860914 156.72083850763 151.039046993612 154.619399102159 157.853086776317 162.859548814257 170.432403926916 171.020499932156 172.157227619488 172.071360951198
472.060468442358 462.24524786522 448.618056753736 448.416362383237 450.743062568189 443.357735314646 449.845698724315 459.967603897276 426.800290007263 416.76571089347 419.471689783507 411.03420537609 401.632504352408 400.681176989456 389.318930359269 368.586814012255 356.646446715295 352.904428840236 347.961002589086 339.602337468753 325.125240795378 318.275087854447 302.249414448965 284.16589327366 270.028261603656 258.197849153935 245.725852718939 231.851075414586 222.594274925578 206.963371260789 209.004222098471 206.90351685908 201.372488990185 193.804982121969 187.95901415103 180.788214018989 184.102095031862 181.025033023512 181.023802069708 178.060923381619 175.958861772971 172.738048029135 168.044347197913 164.308579085111 158.530107534442 151.833792814184 150.056208936179 147.246249936099 152.425139382719 157.121879137859 163.736036156199 168.092222917281 170.74137694998
493.261648454898 475.961777728918 467.977550248446 458.484558978415 457.456816248185 450.29476232145 454.293614401251 451.641849944186 433.535620771136 437.269543198384 410.360520678325 392.290098235831 396.07557308458 392.699246613891 370.09293785543 360.650563945383 348.897517316536 347.782973813691 349.08011299987 342.571247232895 332.670034217896 316.703098976965 306.216253460273 288.582371272325 269.503990206639 264.740973487662 255.03682632803 242.453689349305 230.529525292022 216.489718984911 212.926800121302 202.961072849677 197.132385323962 185.304540856409 177.390792786575 175.671207048195 177.887898300204 180.942811490469 182.081329662007 178.623910754982 176.999990343629 172.616185475613 170.413960074601 166.933183678182 162.325626922691 156.651266764195 151.467453358129 150.103197299686 149.85066315406 150.756880105988 157.923134125358 163.584690896354 167.674565147965
509.186133746309 479.05759717852 474.973609229082 464.053765386814 460.544220076628 464.259536208088 440.947079799197 448.851210916829 430.297982164051 404.442843401429 404.589368615052 402.360427035326 386.938481440557 366.242289028216 352.76914891134 358.993183011626 346.512780582759 333.989617323898 340.80858861244 340.053546830067 324.547983490334 316.494233615303 298.832548426929 288.299955038106 274.48271595581 266.56832091236 261.172284412219 253.691775520847 241.049518992341 228.540849971213 217.900144566319 211.837294027633 199.816987050334 182.040238663894 170.710760132583 163.67300134899 171.385416302445 173.8884659495 179.442936185772 178.543965975793 177.631441911587 176.361976754134 174.591773376556 170.855717990616 165.156964531601 163.464833934377 158.056137720302 155.449306291015 153.930168639139 154.408985442777 155.94586036529 160.394255250451 162.152398007408
464.566544412227 472.43994633494 451.348854165084 457.277406591712 463.907929722271 453.634954074778 444.648834232866 423.788181316042 403.407777382388 391.252583887822 401.929060751704 395.256559090387 373.471456698323 363.56549284379 351.225328643607 348.27406445828 327.868953571708 328.140476292827 326.207730341523 325.414312110589 319.946164115962 305.182760802631 295.893009608393 286.667452019695 281.279350186851 278.581540574935 271.466173303212 258.901100165015 252.754937731524 237.700004726676 226.014360778755 215.779933454674 204.179036874854 188.50211380723 174.393865109041 163.35930445571 159.245335720708 165.933334777884 170.743514616898 176.543154901931 172.794517504785 173.908682149376 174.594322028821 170.091985432611 171.460485284604 170.016707644898 166.876533040089 167.722239264815 162.390714573259 161.875078213797 162.066138721782 161.875257548137 165.225663679112
450.958369819491 446.623532229849 449.792621248957 449.776734220797 447.029877874925 433.552850101288 426.201634698454 414.286814476667 404.775968594948 402.104281091259 397.515232303477 380.858001158173 363.513774934457 352.936867769338 352.511712905489 339.679967384355 322.822719913 323.663890525314 321.523613776619 320.036448650986 308.199530706538 299.352764198455 289.970910925305 287.322711836256 287.360711688998 284.066241609078 278.129058830738 265.842033379676 253.548000580077 242.417483344687 233.121509133971 220.130647407111 203.32873519294 191.654449180678 177.320044195102 168.019179508079 159.832759259519 158.874304187947 161.491832130281 163.220739991699 164.209645106588 167.704400748982 166.923269664861 169.37985000499 164.499660122677 169.145618781552 171.462651986413 167.712057673013 169.196048384637 167.366377139543 166.622968873683 165.719409207928 164.820336905686
449.13536354559 449.645106667488 456.382189657446 445.511511419756 441.366309842011 428.71553476124 422.54160575744 406.765628073037 402.223046823483 401.674652103511 387.425780757597 371.478132841782 363.106398440986 349.972914523673 350.351956508443 326.11665263427 316.912596269827 319.002317564455 317.79968311586 312.821450205533 304.236946970345 292.638671195985 292.640211808627 297.23410297791 303.227446642044 299.447859989418 282.328921324508 273.94869197235 256.015232160207 245.299867675443 235.807758803033 219.634547605052 204.385224945782 191.216873082619 178.606866831995 169.378122941327 164.523495041117 159.121452867102 156.354758540758 155.263023254294 157.158742343868 158.157697808152 159.769870816659 159.64309037954 159.448696859559 161.960851964844 165.547690336782 170.809642651464 166.248973277144 166.901760795194 167.554219703869 166.080110883653 166.677553767037
478.250450620848 447.291024727243 444.156056672932 450.61425160646 437.098657198476 426.518779201331 419.492013221616 404.178724163699 402.481098827175 396.879231224087 373.872252914471 364.659988215729 351.185210970739 345.3808952251 345.083932889808 323.858620095285 312.823851893183 308.642589476515 307.813807059663 310.351562708809 298.599734862255 293.780583159104 300.999294273542 301.899470391354 297.393994591785 290.706879564154 283.213446810032 275.270015723328 269.874252910366 250.920195756014 242.332798343549 226.002409069669 208.205683113004 195.401740397255 184.922720569911 177.149938763793 171.635309794638 167.064432689871 164.995540851815 160.94164648468 157.875076374802 155.495924665651 155.202585333776 154.622634753377 152.388156535681 153.103222350094 156.148548577584 160.232572187159 164.321303313401 166.628099087562 166.527339838288 167.839939873248 165.04476605753
464.983110666863 458.427854144087 442.643950937562 428.484803022724 430.854134497851 423.256379094857 418.613927671421 402.191078424074 400.378884070533 381.84571810783 365.444871629506 352.611739566909 346.944744617855 349.048745348619 332.26378635464 318.873824594997 308.988127314195 303.129531867451 300.114061882778 300.941529292294 296.545672952411 303.909111089036 300.653914500852 298.795614001807 293.800566228614 292.057023738071 286.136035143847 280.176361486874 269.949502724631 264.930540709226 259.405269891714 242.326148184026 221.93644916412 206.262274356597 195.152642572461 185.608548853452 179.525815854458 178.946374570333 175.889767616962 174.685807627138 167.973558261197 164.248596496003 159.599669693769 154.058739562342 147.967052581242 144.230789057648 147.187897310632 150.403592313382 151.712950943135 156.806846688374 158.47892244551 162.52483909907 163.549774778284
448.811593418282 474.172698570797 443.368199550975 428.155584297762 432.094656107254 417.403816516191 402.86572689871 389.268390145546 396.667391756375 365.602586442394 354.424401010851 349.19852544456 347.459320597001 328.728952555875 319.030506083246 314.203881712758 304.062594685706 299.673936353833 297.833992953607 303.89887254497 305.14213536646 299.032387278759 300.771286755808 294.780245086702 291.836412465261 292.983668459796 294.014333098597 289.197803039879 285.887228774981 279.801129216922 275.093296418672 256.533430564694 232.728950592506 221.342644060582 208.336060260131 201.264043612518 198.255141143676 192.714341265751 190.152863633617 187.092368740141 183.748969334839 176.419138012541 170.049203758363 159.284244218846 151.7449275936 145.101372213596 142.525826853309 144.491689229733 147.356575596821 150.400352565503 151.684587728988 153.466277586089 157.039925075117
