Rscript/monthly_maps/SnowDepthMapFile-min-1990-01.asc
ncols 320 
nrows 361 
xllcorner 618410.159 
yllcorner 5088785.286 
cellsize 100 
NODATA_value -9999 
[rows 150 to 174 of 361, columns 168 to 223 of 320]
0 0 0 0 0 0 0 0 0 0 0 0 0 0 0 0 0 0 0 12.8960886001587 44.6520233154297 89.5869750976562 128.810729980469 229.171966552734 319.135467529297 345.116546630859 429.792999267578 486.071014404297 521.071899414062 555.772827148438 587.632141113281 594.098754882812 590.489868164062 580.011779785156 557.788513183594 537.755249023438 512.823059082031 500.355865478516 467.196624755859 407.526428222656 342.246734619141 287.858062744141 241.801162719727 159.726043701172 134.375549316406 119.673851013184 104.198852539062 100.559371948242 129.250381469727 131.766830444336 182.937835693359 210.645416259766 251.081771850586 292.991821289062 320.674865722656 344.883422851562
0 0 0 0 0 0 0 0 0 0 0 0 0 0 0 0 0 0 0 26.7155342102051 43.3501319885254 91.8672866821289 129.883972167969 233.847900390625 304.981628417969 338.616485595703 424.300384521484 485.776947021484 525.588073730469 585.462890625 613.753723144531 618.143981933594 613.099853515625 596.304931640625 580.398132324219 547.037719726562 516.348388671875 488.251129150391 465.031890869141 386.707183837891 321.813781738281 266.830322265625 194.184646606445 136.606460571289 115.918388366699 105.385971069336 93.5187835693359 74.0048522949219 74.5912704467773 95.5047760009766 109.586036682129 126.296722412109 179.143997192383 234.945388793945 262.976318359375 285.734680175781
0 0 0 0 0 0 0 0 0 0 0 0 0 0 0 0 0 0 0 28.1990947723389 42.0233421325684 84.204345703125 127.748718261719 228.817123413086 308.513732910156 337.619750976562 422.792877197266 469.375122070312 528.152404785156 591.317260742188 631.161437988281 645.550537109375 632.776245117188 616.521423339844 592.321411132812 554.596374511719 517.919006347656 488.490264892578 452.782531738281 381.733215332031 314.480560302734 250.12223815918 159.812759399414 124.759712219238 103.257019042969 95.1810760498047 86.3671035766602 88.4178161621094 98.1678619384766 85.5962753295898 99.710090637207 108.515266418457 134.524291992188 168.625228881836 209.330688476562 249.537368774414
0 0 0 0 0 0 0 0 0 0 0 0 0 0 0 0 0 0 0 24.5832366943359 53.8215408325195 87.6080780029297 128.35823059082 216.206649780273 312.903411865234 342.133880615234 440.468902587891 476.546112060547 531.195434570312 597.90576171875 649.24609375 659.809936523438 654.739929199219 630.735107421875 596.734375 547.144592285156 507.511901855469 482.365966796875 445.384735107422 371.197906494141 303.787567138672 212.247985839844 128.909576416016 115.208717346191 99.1066741943359 97.2091827392578 95.658447265625 96.3563461303711 135.876998901367 128.080627441406 132.807861328125 155.86457824707 182.458679199219 203.745376586914 241.721206665039 263.467712402344
0 0 0 0 0 0 0 0 0 0 0 0 0 0 0 0 0 0 29.7990074157715 49.3166923522949 79.3268203735352 98.9886627197266 126.768966674805 224.777481079102 319.043121337891 370.213134765625 453.663299560547 489.148651123047 536.389465332031 601.918334960938 658.732482910156 688.3603515625 686.447570800781 641.058227539062 591.306701660156 531.200622558594 488.331207275391 460.081604003906 416.374694824219 335.672698974609 288.586639404297 191.152847290039 125.811653137207 91.5843734741211 83.4352188110352 83.7439270019531 116.379455566406 126.979431152344 164.607940673828 188.69889831543 200.374755859375 201.940963745117 201.679229736328 208.939300537109 243.492431640625 275.981903076172
0 0 0 0 0 0 0 0 0 0 0 0 0 0 0 0 0 33.1822128295898 54.5478630065918 91.7676010131836 98.3346710205078 116.770263671875 159.258590698242 261.030914306641 324.125457763672 380.889678955078 461.354400634766 491.611236572266 539.997802734375 606.2431640625 675.600402832031 710.504821777344 712.488891601562 651.951782226562 586.049621582031 525.680969238281 482.544311523438 454.241424560547 384.187377929688 319.600769042969 278.798065185547 169.951354980469 105.377952575684 84.7249069213867 80.3775024414062 86.7560424804688 100.295433044434 152.859405517578 209.889999389648 254.270431518555 260.664337158203 241.536148071289 235.155883789062 235.862915039062 246.890518188477 273.046264648438
0 0 0 0 0 0 0 0 0 0 0 0 0 0 0 0 0 50.2109451293945 86.9961242675781 111.810585021973 147.744384765625 161.870040893555 224.732833862305 294.676300048828 333.383575439453 405.629211425781 464.853363037109 491.965759277344 542.194030761719 607.872863769531 684.094848632812 717.14111328125 728.439636230469 662.944641113281 585.885437011719 528.3076171875 484.831634521484 458.877777099609 377.093688964844 315.029571533203 272.270538330078 152.254379272461 103.143920898438 85.0494003295898 79.6792678833008 85.2978744506836 108.603790283203 152.317337036133 270.650115966797 331.732940673828 333.706329345703 312.712707519531 297.800628662109 281.050689697266 283.640319824219 296.149383544922
0 0 0 0 0 0 0 0 0 0 0 0 0 0 0 0 29.34641456604 60.1197204589844 104.599510192871 153.819076538086 195.566879272461 242.748519897461 298.206390380859 337.275848388672 370.649139404297 423.989685058594 483.966705322266 494.895965576172 557.549499511719 623.298706054688 686.622802734375 729.430480957031 738.022338867188 680.721984863281 601.693786621094 539.892639160156 488.485900878906 461.484771728516 390.951324462891 326.807250976562 278.515289306641 166.060943603516 103.258689880371 90.0272521972656 78.5314178466797 80.8324279785156 103.554420471191 180.110931396484 291.550140380859 382.787231445312 410.353851318359 388.626831054688 355.423309326172 323.724517822266 317.286895751953 328.712921142578
0 0 0 0 0 0 0 0 0 0 0 0 0 0 0 0 50.0758743286133 89.618278503418 121.168518066406 193.466400146484 280.941284179688 332.521789550781 349.239135742188 377.042266845703 415.256408691406 474.685852050781 489.335723876953 516.565551757812 567.907592773438 632.97021484375 698.942321777344 733.132690429688 748.638427734375 686.691467285156 611.194702148438 544.557434082031 490.614654541016 463.951934814453 406.596801757812 329.525970458984 282.848480224609 169.014099121094 109.22484588623 90.4797210693359 76.0927734375 74.0948257446289 91.2317810058594 187.396713256836 284.655670166016 413.087280273438 470.559875488281 458.132415771484 430.593994140625 394.244567871094 370.451385498047 366.374572753906
0 0 0 0 0 0 0 0 0 0 0 0 0 0 0 27.7268772125244 71.9631500244141 108.213020324707 164.647369384766 249.949325561523 332.250518798828 368.246459960938 384.370574951172 422.877136230469 473.020385742188 493.982604980469 512.95458984375 539.240661621094 595.046813964844 649.94580078125 711.033813476562 747.692443847656 754.623901367188 686.6572265625 611.232604980469 540.214477539062 486.976776123047 459.848449707031 407.508911132812 334.051635742188 289.383026123047 178.309494018555 112.486976623535 93.1753997802734 71.140983581543 68.4306259155273 73.9214019775391 140.41455078125 251.509887695312 358.752868652344 463.600738525391 516.233581542969 499.526306152344 462.945556640625 439.459594726562 411.394287109375
0 0 0 0 0 0 0 0 0 0 0 0 0 0 31.3765144348145 62.1517906188965 100.179107666016 135.702239990234 228.064636230469 319.227569580078 362.034912109375 384.983917236328 426.838012695312 483.701599121094 507.438323974609 522.176452636719 538.8056640625 575.935241699219 628.035705566406 667.67138671875 729.351745605469 768.388488769531 759.368347167969 678.322265625 602.512390136719 530.890258789062 487.923645019531 475.838348388672 416.1171875 344.534820556641 298.577789306641 199.530639648438 120.202430725098 93.7752685546875 68.4563980102539 60.7005081176758 56.0918846130371 90.8858795166016 207.334014892578 332.123199462891 411.737548828125 505.044219970703 567.379455566406 568.781555175781 540.380065917969 511.217559814453
0 0 0 0 0 0 0 0 0 0 0 0 0 0 29.110200881958 82.3866958618164 117.288513183594 200.731185913086 294.56982421875 346.551971435547 381.770782470703 422.787322998047 481.388122558594 512.804260253906 529.710815429688 553.395202636719 591.548828125 628.645812988281 653.958923339844 695.871887207031 753.1044921875 784.802795410156 756.695983886719 668.378479003906 602.178344726562 541.52490234375 495.660003662109 483.911773681641 445.079193115234 371.893463134766 322.950286865234 231.166641235352 131.0390625 90.1643142700195 67.5582733154297 51.3046112060547 38.7466735839844 45.9985466003418 119.765602111816 241.463745117188 371.411437988281 464.577758789062 565.661315917969 608.076904296875 635.914733886719 636.984802246094
0 0 0 0 0 0 0 0 0 0 0 0 0 11.0031442642212 46.1024475097656 90.2370986938477 130.308059692383 258.041656494141 338.169921875 379.280426025391 421.358093261719 470.488220214844 509.265197753906 527.365783691406 556.79443359375 604.867858886719 640.46044921875 657.070434570312 682.235229492188 720.451538085938 777.456909179688 798.407287597656 754.753295898438 681.977478027344 618.081115722656 568.678588867188 525.009155273438 492.968505859375 473.658599853516 407.916168212891 339.295074462891 269.965179443359 158.615493774414 96.0560531616211 70.3160858154297 52.0612335205078 31.934326171875 34.7945861816406 65.5642395019531 159.484878540039 320.181091308594 403.864654541016 506.693542480469 567.739135742188 593.866149902344 633.319763183594
0 0 0 0 0 0 0 0 0 0 0 0 0 19.9943580627441 60.6014518737793 100.499374389648 168.683959960938 290.693359375 347.541259765625 407.804138183594 458.368957519531 507.926147460938 527.443664550781 546.453979492188 595.389892578125 642.414123535156 664.825927734375 687.643737792969 709.800048828125 753.924194335938 825.689208984375 822.102111816406 766.180480957031 705.556030273438 658.963439941406 611.696472167969 563.614135742188 510.933227539062 486.026733398438 442.340515136719 350.921142578125 305.086761474609 182.397216796875 105.541870117188 75.9983291625977 47.586784362793 30.9632053375244 29.9516944885254 42.1202850341797 131.534271240234 262.1923828125 364.568389892578 441.084197998047 489.035034179688 519.216369628906 553.112365722656
0 0 0 0 0 0 0 0 0 0 0 0 32.1386756896973 50.0011138916016 87.9710159301758 116.241508483887 208.369659423828 323.352783203125 369.615325927734 427.688507080078 493.935577392578 529.422302246094 548.002258300781 589.400268554688 635.158325195312 663.363464355469 688.509948730469 712.746032714844 749.011840820312 820.190002441406 862.620178222656 861.519165039062 794.023315429688 733.132019042969 703.100402832031 661.60546875 610.515991210938 547.488403320312 498.268280029297 465.195648193359 379.731750488281 316.459777832031 219.420486450195 112.695243835449 79.4300155639648 44.920280456543 32.0378036499023 29.5970935821533 38.4807777404785 86.4329833984375 203.975433349609 325.114562988281 375.508026123047 403.624755859375 424.274353027344 450.016998291016
0 0 0 0 0 0 0 0 0 0 0 0 28.5941867828369 72.4305114746094 103.072196960449 153.198883056641 247.485107421875 329.282440185547 372.668701171875 449.789367675781 512.002746582031 540.940368652344 596.69873046875 642.302856445312 664.925659179688 692.346862792969 712.605529785156 735.908630371094 803.621154785156 874.148071289062 897.136962890625 867.4326171875 792.030151367188 729.951171875 693.035034179688 659.511535644531 611.261047363281 561.071166992188 503.548217773438 480.374267578125 412.280548095703 339.023193359375 246.870147705078 121.72492980957 82.2519226074219 51.1211967468262 35.1387825012207 33.0782356262207 45.3433609008789 77.4136047363281 172.459396362305 248.592041015625 304.788360595703 332.599487304688 334.722473144531 347.798431396484
0 0 0 0 0 0 0 0 0 0 0 0 44.020206451416 82.9213333129883 110.202217102051 159.000549316406 274.418670654297 330.287261962891 376.339080810547 454.089599609375 500.400299072266 565.034118652344 638.633544921875 672.27294921875 709.982604980469 730.592102050781 744.388061523438 784.325561523438 853.212768554688 892.988220214844 905.732055664062 842.663391113281 754.86865234375 704.664306640625 661.630065917969 635.0009765625 589.507995605469 535.654846191406 490.729400634766 464.912353515625 406.017150878906 336.655151367188 270.451080322266 131.540145874023 87.6977310180664 54.5988311767578 36.1958656311035 33.8294792175293 50.2543716430664 62.3960189819336 118.914726257324 173.080657958984 214.128860473633 245.021545410156 286.225158691406 317.098236083984
0 0 0 0 0 0 0 0 0 0 0 0 40.3307151794434 74.6701507568359 114.029579162598 145.240676879883 274.075134277344 328.497680664062 376.380767822266 453.843475341797 499.537261962891 571.240356445312 651.390197753906 690.451049804688 735.016662597656 758.136840820312 786.064392089844 830.855102539062 883.763305664062 920.498291015625 888.545288085938 802.114562988281 708.051086425781 659.809509277344 628.265441894531 574.59716796875 524.818908691406 465.615753173828 456.730926513672 437.884948730469 374.107055664062 326.339538574219 259.872497558594 139.304901123047 90.8976211547852 56.8054885864258 39.4730377197266 37.923511505127 53.129508972168 60.2058715820312 84.6419219970703 128.95539855957 183.59049987793 214.745300292969 256.468048095703 326.608978271484
0 0 0 0 0 0 0 0 0 0 0 0 30.5362224578857 69.4251327514648 93.5098342895508 141.845962524414 267.707397460938 326.296417236328 374.625183105469 431.957122802734 496.642639160156 543.651733398438 627.638427734375 666.19970703125 708.454223632812 736.049499511719 801.640930175781 854.567504882812 914.028076171875 920.125854492188 870.300537109375 774.364135742188 687.996826171875 638.140319824219 602.215881347656 528.918579101562 465.432922363281 442.509765625 424.024871826172 377.598266601562 317.770874023438 306.835998535156 239.005340576172 133.430572509766 87.1942825317383 57.549015045166 39.3320960998535 36.7384834289551 53.2292404174805 66.6852035522461 79.3355941772461 115.62092590332 191.487457275391 235.248580932617 319.224060058594 362.698638916016
0 0 0 0 0 0 0 0 0 0 0 0 19.6357078552246 61.1239776611328 90.2162017822266 141.330932617188 253.567932128906 325.440490722656 369.044311523438 417.600952148438 462.0927734375 502.42822265625 574.291687011719 628.843811035156 664.33154296875 710.765869140625 772.473571777344 849.561462402344 920.643005371094 907.415100097656 854.750244140625 758.4931640625 682.307678222656 633.499816894531 580.83154296875 513.376525878906 465.259124755859 446.677001953125 385.147308349609 336.469635009766 304.704010009766 268.097808837891 197.350448608398 123.67790222168 85.7249069213867 54.6479835510254 36.3304977416992 31.9302654266357 45.5271148681641 69.1911544799805 86.5194931030273 169.43962097168 231.425643920898 300.371673583984 338.515594482422 391.888427734375
0 0 0 0 0 0 0 0 0 0 0 0 16.9093017578125 48.0753364562988 78.4769592285156 106.444137573242 231.787368774414 319.442230224609 339.676940917969 379.074493408203 421.509338378906 459.926300048828 506.757537841797 582.163940429688 632.586975097656 675.853637695312 730.213928222656 828.917846679688 914.455749511719 912.777221679688 863.060974121094 767.578430175781 686.500854492188 636.324279785156 583.8837890625 508.3759765625 487.393280029297 437.633056640625 362.106414794922 331.78515625 310.117828369141 255.260025024414 166.146240234375 105.020942687988 82.8045272827148 51.254524230957 38.1440963745117 32.2338714599609 35.7481002807617 73.4429244995117 114.036201477051 183.4111328125 277.671630859375 317.747619628906 373.531402587891 410.780883789062
0 0 0 0 0 0 0 0 0 0 0 28.8509616851807 31.3437023162842 48.3050003051758 73.3548736572266 101.504829406738 199.302536010742 305.384887695312 337.598724365234 360.789947509766 390.479736328125 442.2490234375 468.52685546875 541.964660644531 611.792358398438 642.81201171875 690.058898925781 802.435119628906 895.2294921875 930.657592773438 884.969909667969 790.163269042969 692.023315429688 645.111083984375 606.165344238281 533.951049804688 494.412048339844 472.562896728516 404.768005371094 364.063049316406 330.95751953125 269.001312255859 181.646057128906 106.616455078125 80.5984344482422 51.3641586303711 31.8543167114258 16.3021049499512 35.2166366577148 70.742561340332 141.894729614258 254.518524169922 315.013275146484 384.547882080078 435.216369628906 505.391326904297
0 0 0 0 0 0 0 0 0 25.6529846191406 39.0691146850586 54.6425170898438 59.9922561645508 75.2465896606445 77.6378402709961 90.5405502319336 152.492568969727 271.932159423828 332.187622070312 351.552185058594 376.128173828125 419.140991210938 481.290435791016 528.699890136719 608.041809082031 640.244750976562 686.38525390625 782.876220703125 877.280700683594 928.293212890625 909.994567871094 820.12158203125 714.619079589844 665.319702148438 629.294555664062 571.082641601562 515.60205078125 490.081481933594 428.346893310547 375.852935791016 340.169799804688 285.055419921875 188.724136352539 115.493133544922 85.5673904418945 50.3851737976074 25.906400680542 21.3155918121338 21.4676513671875 44.6852836608887 145.180236816406 262.768798828125 372.091461181641 434.828460693359 508.37646484375 540.389831542969
0 0 0 0 0 0 0 0 25.604808807373 65.2154388427734 95.3051147460938 93.7552337646484 95.3349990844727 100.205856323242 122.848556518555 123.142951965332 169.097473144531 246.581741333008 325.574890136719 374.795440673828 410.606384277344 446.898010253906 490.673736572266 537.197509765625 611.059448242188 642.137817382812 686.482666015625 772.10302734375 857.047607421875 916.747009277344 931.077331542969 838.356994628906 741.410217285156 677.809875488281 635.981811523438 594.236267089844 532.925842285156 503.693817138672 458.548614501953 387.425659179688 346.194458007812 297.954803466797 197.697998046875 115.389961242676 86.0487976074219 45.6229095458984 22.5778713226318 9.7506628036499 19.792329788208 38.330379486084 87.4741897583008 192.193923950195 318.493194580078 413.961639404297 451.226867675781 460.546356201172
0 0 0 0 0 0 0 27.7042350769043 57.0874633789062 94.5812683105469 117.904136657715 133.618713378906 129.872177124023 136.288757324219 143.791427612305 148.353607177734 201.50114440918 298.110473632812 363.792510986328 387.530364990234 422.105926513672 458.660888671875 510.476196289062 566.154602050781 633.260498046875 662.608703613281 702.473388671875 774.878601074219 855.392700195312 899.582458496094 923.886535644531 840.699401855469 735.712768554688 668.312744140625 621.994262695312 572.45703125 500.857971191406 488.703155517578 447.206756591797 377.984222412109 332.893890380859 286.00634765625 192.652008056641 108.541229248047 82.5965118408203 42.7740325927734 20.9091415405273 0 10.3167867660522 16.2778835296631 48.0495986938477 131.841873168945 217.045227050781 305.331726074219 316.381622314453 317.557006835938
