Rscript/monthly_maps/SnowDepthMapFile-q75-1990-02.asc
ncols 320 
nrows 361 
xllcorner 618410.159 
yllcorner 5088785.286 
cellsize 100 
NODATA_value -9999 
[rows 276 to 298 of 361, columns 159 to 211 of 320]
539.666839599609 688.847320556641 754.367080688477 805.486099243164 789.045822143555 758.563980102539 758.178817749023 763.749160766602 781.033111572266 812.516067504883 866.015731811523 909.301025390625 965.336639404297 903.026123046875 774.108276367188 665.65055847168 545.448852539062 492.885261535645 484.643432617188 457.130302429199 449.174087524414 458.554847717285 503.295364379883 550.82209777832 641.425399780273 712.49951171875 775.169189453125 810.327285766602 856.208938598633 879.983047485352 895.308532714844 895.686676025391 894.763916015625 895.660400390625 897.745269775391 898.02604675293 898.464111328125 914.936508178711 963.46728515625 997.785247802734 972.602661132812 846.662826538086 752.02067565918 706.002319335938 650.656860351562 582.745407104492 425.760108947754 365.546745300293 325.096900939941 270.170387268066 263.131782531738 257.430183410645 253.594848632812
470.893524169922 590.144058227539 705.531677246094 790.474655151367 838.07275390625 849.51448059082 854.803634643555 861.131286621094 870.412185668945 881.414215087891 939.897476196289 987.507049560547 984.305328369141 889.763244628906 766.362457275391 676.629852294922 600.877288818359 549.893508911133 516.982009887695 554.769561767578 614.325317382812 630.764526367188 657.859069824219 675.215301513672 722.773239135742 752.722442626953 789.049667358398 843.761337280273 872.783004760742 896.651885986328 904.281005859375 902.454681396484 904.018600463867 901.688735961914 908.260940551758 916.101440429688 934.10546875 942.585052490234 968.163787841797 961.485168457031 877.080169677734 785.533645629883 717.766220092773 669.26286315918 627.404327392578 484.850463867188 392.181167602539 334.650123596191 272.971496582031 260.610198974609 256.053913116455 256.24520111084 247.64501953125
396.517234802246 478.203002929688 608.374359130859 708.82209777832 794.628814697266 886.913146972656 920.166839599609 917.171127319336 956.136428833008 1006.32429504395 1033.41159057617 1054.86737060547 995.893249511719 867.80094909668 767.755706787109 686.491760253906 645.01628112793 597.815124511719 613.263336181641 656.077545166016 708.49592590332 719.877136230469 732.032272338867 741.272888183594 756.01611328125 785.635879516602 813.92350769043 855.234588623047 909.059265136719 925.526718139648 935.621459960938 940.348815917969 946.786682128906 947.345642089844 946.173904418945 951.306732177734 946.138793945312 945.374954223633 935.408889770508 896.288192749023 809.544097900391 742.791519165039 673.494140625 649.520217895508 533.544357299805 409.667907714844 346.893531799316 302.378570556641 259.711769104004 253.920742034912 255.783359527588 245.05016708374 237.571285247803
395.529502868652 418.903633117676 523.676864624023 642.936431884766 732.936248779297 825.877410888672 910.389282226562 959.384124755859 1025.63340759277 1091.12213134766 1142.95205688477 1131.36004638672 1009.23748779297 878.477478027344 779.031860351562 712.505172729492 704.561264038086 675.139709472656 683.223968505859 701.756591796875 770.477798461914 804.230331420898 811.896499633789 791.683471679688 793.409133911133 813.441528320312 851.539321899414 886.169937133789 949.876815795898 982.796020507812 1013.73547363281 1008.76608276367 1034.86428833008 1038.94689941406 1011.49256896973 979.464691162109 928.898941040039 914.690505981445 868.895645141602 820.373901367188 748.425033569336 676.708450317383 628.40885925293 537.869812011719 418.033393859863 361.362274169922 303.459312438965 257.334091186523 258.36498260498 247.331359863281 243.250034332275 235.438079833984 226.702880859375
428.42862701416 441.849884033203 484.499969482422 616.864776611328 692.270874023438 775.880081176758 865.576629638672 925.727645874023 1028.89791870117 1133.70816040039 1206.56161499023 1195.76913452148 1042.27520751953 915.228607177734 795.302688598633 743.649398803711 743.572799682617 720.304138183594 726.591690063477 761.127624511719 840.625122070312 918.06591796875 892.414016723633 875.546630859375 856.045776367188 863.134490966797 899.422317504883 949.018112182617 1018.34481811523 1057.14434814453 1092.26174926758 1099.5910949707 1071.93692016602 1067.11401367188 996.824401855469 926.192932128906 854.949890136719 809.866104125977 758.286361694336 719.405044555664 671.912994384766 617.930191040039 530.006790161133 391.634254455566 333.539505004883 303.873199462891 262.110862731934 246.281753540039 241.493743896484 235.139137268066 230.899467468262 230.694473266602 202.402530670166
448.120300292969 481.708938598633 544.248565673828 649.973663330078 694.498748779297 745.749298095703 828.287643432617 896.090225219727 1000.50505065918 1113.38735961914 1206.76705932617 1215.67022705078 1060.52127075195 953.298202514648 831.72346496582 786.096160888672 788.928283691406 752.106826782227 771.437469482422 819.963500976562 902.315414428711 998.229049682617 1023.78605651855 968.509689331055 950.693298339844 948.178314208984 985.038970947266 1019.85873413086 1075.9289855957 1125.06494140625 1130.36856079102 1072.41821289062 1047.3102722168 990.632507324219 895.672546386719 808.267776489258 750.356521606445 697.588958740234 655.077774047852 619.671173095703 592.847946166992 492.029640197754 360.09691619873 320.93482208252 280.182189941406 254.409603118896 237.484828948975 235.480644226074 233.188854217529 229.10795211792 215.976287841797 189.793994903564 176.322387695312
467.805404663086 515.893676757812 620.995819091797 696.234970092773 748.525665283203 792.477233886719 850.849853515625 901.120239257812 992.574859619141 1096.99118041992 1190.69525146484 1241.67254638672 1082.57339477539 966.535537719727 883.474105834961 851.163940429688 846.648345947266 798.988220214844 819.418426513672 877.06526184082 960.724685668945 1073.7434387207 1088.80014038086 1072.90347290039 1048.46426391602 1049.43200683594 1061.48852539062 1076.8798828125 1130.49255371094 1128.61657714844 1079.83963012695 996.311752319336 905.043685913086 840.397506713867 777.547180175781 731.883361816406 664.79231262207 615.022171020508 548.510314941406 471.450302124023 393.310287475586 331.148994445801 289.634147644043 260.359504699707 239.19677734375 233.502098083496 218.841457366943 219.538444519043 213.898330688477 206.917644500732 183.372772216797 171.195156097412 152.01233291626
463.055366516113 543.206649780273 666.279754638672 738.12858581543 779.992568969727 832.932189941406 882.037353515625 924.60710144043 1014.9928894043 1093.92855834961 1238.60540771484 1187.92709350586 1087.20257568359 1004.73239135742 941.177551269531 917.126907348633 884.031219482422 866.73567199707 892.733032226562 951.094528198242 1031.44387817383 1103.6706237793 1119.97973632812 1117.73486328125 1105.95529174805 1090.15924072266 1110.77639770508 1141.16134643555 1159.93154907227 1083.24819946289 985.826019287109 880.399703979492 785.690795898438 742.401748657227 704.857299804688 669.311019897461 608.331985473633 506.69554901123 389.275054931641 332.674072265625 290.447288513184 262.747833251953 244.150161743164 224.122081756592 216.085548400879 218.361289978027 212.503299713135 206.100700378418 191.939334869385 174.117328643799 153.405220031738 152.788124084473 135.64665222168
422.656402587891 524.303268432617 668.31169128418 746.666305541992 812.056579589844 873.223190307617 913.434585571289 982.215896606445 1055.85845947266 1110.13485717773 1236.71539306641 1191.44943237305 1108.55709838867 1031.30093383789 1001.49600219727 978.470016479492 934.631927490234 935.087066650391 971.056488037109 1040.15570068359 1068.30096435547 1107.17227172852 1150.60049438477 1153.65863037109 1130.12078857422 1123.08486938477 1160.81011962891 1171.40948486328 1132.26040649414 1027.58163452148 913.956481933594 800.786117553711 746.778961181641 697.842361450195 647.555023193359 605.55339050293 500.597579956055 397.895606994629 343.081047058105 298.566024780273 259.027923583984 238.087417602539 218.539161682129 219.375911712646 208.174884796143 200.922565460205 193.662879943848 183.37767791748 175.492389678955 170.812129974365 170.859451293945 141.453544616699 134.233108520508
420.49617767334 494.087249755859 628.084655761719 708.113250732422 803.420791625977 887.638000488281 966.256820678711 1044.79086303711 1083.80123901367 1152.01712036133 1221.37387084961 1246.73352050781 1128.71493530273 1077.17373657227 1066.91400146484 1023.53504943848 1010.53205871582 1014.68717956543 1039.28125 1084.60665893555 1108.68267822266 1111.46704101562 1166.99468994141 1198.35501098633 1183.83010864258 1183.68499755859 1206.67483520508 1187.34762573242 1083.43673706055 968.712646484375 850.858139038086 768.438354492188 714.10221862793 660.597915649414 602.814193725586 482.514999389648 397.452583312988 358.196449279785 327.365226745605 260.874061584473 248.107688903809 233.143600463867 215.477386474609 209.341667175293 201.093421936035 191.642356872559 183.798496246338 182.630073547363 173.568943023682 177.218849182129 180.549251556396 171.566497802734 161.172679901123
434.777740478516 465.979766845703 596.948150634766 671.880508422852 759.892150878906 876.417846679688 987.313201904297 1064.94528198242 1117.93942260742 1191.9404296875 1245.62222290039 1236.3952331543 1141.58673095703 1106.26794433594 1084.54299926758 1085.97744750977 1046.04837036133 1079.30087280273 1094.35708618164 1102.36151123047 1106.19815063477 1143.50717163086 1180.2366027832 1229.18344116211 1257.90780639648 1232.86032104492 1208.00729370117 1126.7600402832 1014.35203552246 926.435684204102 797.208847045898 748.071243286133 686.068359375 639.280838012695 506.87028503418 407.193954467773 372.819511413574 345.61988067627 304.872840881348 258.921539306641 246.165210723877 230.125576019287 213.915199279785 210.734806060791 191.854404449463 189.437309265137 179.192405700684 188.557483673096 188.771381378174 187.76460647583 184.402084350586 183.514495849609 178.671195983887
469.637718200684 470.533317565918 573.492630004883 647.974365234375 731.137100219727 820.82780456543 947.098571777344 1060.39743041992 1158.04360961914 1241.31079101562 1273.25234985352 1237.5178527832 1160.08834838867 1130.02291870117 1128.86468505859 1087.6735534668 1110.62487792969 1160.81259155273 1158.05700683594 1157.3837890625 1154.20547485352 1187.50021362305 1249.3606262207 1275.69424438477 1244.93499755859 1173.29287719727 1134.93936157227 1024.845703125 952.177734375 855.458602905273 759.750396728516 721.037094116211 666.129333496094 593.45768737793 443.462120056152 408.32740020752 360.407043457031 306.019401550293 265.933113098145 252.105995178223 235.522144317627 228.52779006958 214.373329162598 192.887825012207 188.377143859863 202.482597351074 204.416542053223 208.226177215576 210.817909240723 210.217235565186 210.277931213379 206.556816101074 206.648540496826
501.243629455566 495.347351074219 558.882507324219 652.156494140625 701.246856689453 779.579895019531 890.714065551758 997.315856933594 1086.55294799805 1249.11795043945 1292.84365844727 1254.06066894531 1171.0251159668 1158.59027099609 1131.61773681641 1143.18041992188 1156.30386352539 1255.88430786133 1271.42660522461 1272.73315429688 1249.93173217773 1290.97207641602 1299.77331542969 1255.99670410156 1160.16641235352 1080.36437988281 1005.3667755127 950.205596923828 868.317245483398 776.443893432617 739.255386352539 692.035278320312 646.696166992188 516.903030395508 434.334419250488 380.382102966309 334.657859802246 280.38606262207 258.210571289062 247.886291503906 230.908042907715 228.77229309082 212.355403900146 196.301902770996 208.230480194092 212.536876678467 217.268955230713 229.892044067383 224.186790466309 227.728931427002 225.98530960083 224.840156555176 224.069690704346
511.117538452148 539.453811645508 589.430023193359 654.235809326172 692.562438964844 747.043472290039 833.060852050781 956.714202880859 1034.26449584961 1186.90338134766 1267.552734375 1266.35327148438 1200.85375976562 1183.45294189453 1156.88793945312 1161.76751708984 1204.84371948242 1302.40573120117 1343.62954711914 1343.44332885742 1305.16339111328 1267.73162841797 1220.31314086914 1125.72985839844 1031.79891967773 971.110885620117 932.860168457031 865.661270141602 782.700775146484 741.050079345703 697.204849243164 646.414001464844 556.653137207031 439.389923095703 390.793922424316 354.001457214355 322.696365356445 265.631484985352 254.489532470703 236.859104156494 227.882537841797 228.247383117676 214.96887588501 215.294174194336 225.022319793701 232.046836853027 231.979160308838 244.137760162354 252.943252563477 253.391593933105 244.103343963623 236.812431335449 232.615303039551
551.554244995117 594.11311340332 641.27116394043 691.484924316406 712.812393188477 743.141265869141 816.277618408203 922.404861450195 998.080520629883 1136.24453735352 1272.24758911133 1271.43829345703 1233.79898071289 1216.64233398438 1166.46270751953 1185.8486328125 1251.9577331543 1313.50286865234 1300.95092773438 1250.07708740234 1217.88641357422 1184.60583496094 1124.78619384766 1032.04049682617 986.650848388672 942.077835083008 858.119720458984 780.556259155273 743.16178894043 711.982345581055 666.076538085938 617.195129394531 454.272117614746 395.296897888184 347.744522094727 326.278785705566 273.51432800293 258.278327941895 246.017959594727 234.846057891846 229.859516143799 225.256103515625 226.558841705322 232.74743270874 237.611137390137 241.050151824951 252.943866729736 276.666320800781 280.146339416504 280.371139526367 268.312049865723 262.274589538574 256.374588012695
658.926971435547 667.936706542969 710.985778808594 742.148773193359 737.871871948242 757.406890869141 798.71711730957 910.187957763672 984.957138061523 1086.94171142578 1231.4580078125 1290.16131591797 1248.25216674805 1209.09283447266 1207.7346496582 1234.64965820312 1296.11462402344 1291.55239868164 1208.21298217773 1127.83657836914 1075.32876586914 1067.35235595703 1040.23278808594 995.651336669922 966.374893188477 902.461563110352 810.54541015625 766.606491088867 731.930587768555 688.718475341797 651.482055664062 516.597991943359 416.988700866699 371.748336791992 334.136535644531 282.019554138184 262.016342163086 256.740829467773 241.729583740234 237.122650146484 230.667495727539 232.504402160645 239.773265838623 244.112255096436 246.731464385986 259.25358581543 280.226387023926 289.501174926758 337.711769104004 336.060874938965 324.61270904541 330.732757568359 329.907524108887
704.975845336914 714.035369873047 744.189056396484 769.452728271484 792.964111328125 785.926528930664 803.11735534668 884.390365600586 974.504287719727 1063.17391967773 1202.42211914062 1269.16857910156 1274.66741943359 1248.15365600586 1241.1806640625 1272.06860351562 1317.71923828125 1252.86410522461 1146.90432739258 1067.81063842773 1021.07612609863 995.668640136719 982.349884033203 973.255676269531 942.772125244141 857.01399230957 798.554183959961 740.868621826172 697.578399658203 659.182144165039 602.944686889648 470.573219299316 401.156272888184 354.763519287109 307.580406188965 266.39478302002 253.50760269165 245.038955688477 242.242980957031 242.813251495361 242.055801391602 247.884380340576 249.055938720703 249.047031402588 255.956111907959 273.399085998535 318.661026000977 367.740196228027 393.739616394043 400.009368896484 399.108299255371 388.21760559082 398.307060241699
796.058868408203 769.477432250977 780.390625 799.262786865234 832.111221313477 830.091659545898 820.153091430664 874.367660522461 961.899185180664 1032.12155151367 1160.42248535156 1273.10876464844 1297.11178588867 1268.10641479492 1297.54461669922 1342.25067138672 1344.98693847656 1199.92770385742 1092.99154663086 1041.41860961914 1024.93254089355 970.611267089844 943.185317993164 900.819030761719 862.076873779297 820.999755859375 779.288955688477 716.362579345703 661.875335693359 602.71565246582 464.436210632324 430.505828857422 382.118804931641 340.355278015137 281.7646484375 260.531120300293 252.570243835449 242.492668151855 246.233234405518 252.648502349854 251.183326721191 251.709148406982 247.388103485107 253.688842773438 267.585296630859 278.147964477539 360.264221191406 411.015769958496 436.760925292969 452.661201477051 458.110198974609 471.201400756836 492.153617858887
907.322219848633 844.187271118164 816.368743896484 820.025634765625 845.364807128906 863.491607666016 850.735961914062 873.015777587891 949.358291625977 1017.14576721191 1129.79202270508 1245.22311401367 1321.76226806641 1342.64071655273 1381.80471801758 1380.57681274414 1290.15686035156 1165.75335693359 1070.5950012207 1023.31665039062 995.037536621094 925.537170410156 841.478042602539 784.180160522461 776.62890625 769.256225585938 742.206344604492 692.432266235352 618.929565429688 479.560218811035 408.120277404785 383.249099731445 350.424705505371 312.795753479004 266.664161682129 254.956123352051 244.86988067627 247.007545471191 251.016471862793 251.032997131348 251.28044128418 253.314205169678 256.296974182129 266.807815551758 278.896575927734 325.338073730469 388.733047485352 436.453842163086 495.302764892578 521.721038818359 543.742599487305 584.396148681641 606.785064697266
999.685791015625 932.248901367188 861.461730957031 837.193908691406 854.765884399414 870.199264526367 875.161651611328 885.936172485352 953.990921020508 1003.68254089355 1102.3606262207 1238.75714111328 1356.96948242188 1392.09271240234 1401.44744873047 1324.2705078125 1212.74548339844 1122.97180175781 1050.00076293945 1009.45355224609 954.940155029297 857.309677124023 779.862396240234 737.969390869141 713.93586730957 697.18669128418 689.551742553711 659.58805847168 573.995483398438 438.006462097168 404.094467163086 351.272300720215 320.721061706543 273.189613342285 258.404266357422 252.092136383057 246.769134521484 253.803409576416 251.980419158936 251.848403930664 254.815734863281 260.484512329102 272.50074005127 280.124633789062 317.90111541748 360.67943572998 421.461936950684 470.854804992676 574.071990966797 635.435943603516 664.785598754883 684.909561157227 698.722106933594
1034.50439453125 1002.76312255859 942.55647277832 882.8525390625 851.702026367188 877.082321166992 910.833862304688 927.911712646484 970.581756591797 1003.89581298828 1077.2155456543 1232.19387817383 1382.17724609375 1409.134765625 1352.43392944336 1232.61224365234 1125.62924194336 1069.25817871094 1025.25869750977 987.784149169922 919.009292602539 803.604293823242 747.661544799805 697.256454467773 651.4423828125 643.834243774414 622.166976928711 603.253341674805 476.60277557373 431.621429443359 393.813774108887 348.840797424316 284.281852722168 261.420433044434 256.329528808594 247.01163482666 253.3821144104 254.154300689697 253.24747467041 254.130863189697 260.17130279541 274.196655273438 275.35684967041 319.34920501709 359.16576385498 390.518028259277 440.497497558594 525.730880737305 647.697463989258 695.549957275391 726.350646972656 742.740325927734 728.54670715332
1085.09103393555 1036.78826904297 978.851333618164 932.116134643555 913.444351196289 928.683395385742 944.07958984375 1005.1630859375 1009.70388793945 1013.05316162109 1081.78363037109 1218.59344482422 1371.22720336914 1372.76345825195 1296.61437988281 1143.61206054688 1065.63842773438 1018.85906982422 979.138549804688 942.856643676758 848.690475463867 771.945037841797 716.214538574219 665.440795898438 630.00260925293 558.536514282227 499.582580566406 448.897239685059 440.52758026123 402.14900970459 382.380004882812 318.621299743652 268.037887573242 254.714138031006 252.090702056885 254.632278442383 260.675369262695 253.238269805908 255.724960327148 258.264305114746 270.117568969727 280.75203704834 318.385711669922 369.618957519531 405.45531463623 432.678871154785 481.496337890625 581.753707885742 675.246734619141 730.451370239258 784.353088378906 800.488647460938 731.844192504883
1152.80517578125 1105.02630615234 1055.52633666992 992.909057617188 933.977264404297 945.207122802734 1002.9016418457 1064.74890136719 1061.21194458008 1043.72103881836 1076.38739013672 1172.17504882812 1320.08374023438 1348.95434570312 1273.08343505859 1121.24572753906 1029.81860351562 995.508438110352 948.832901000977 864.234344482422 779.740966796875 731.927810668945 671.718795776367 644.870895385742 562.30842590332 482.172386169434 430.244804382324 407.952827453613 406.027679443359 377.969711303711 335.323013305664 282.901412963867 260.69115447998 253.849880218506 257.186630249023 257.35472869873 264.963607788086 263.155967712402 261.90950012207 265.765205383301 276.706855773926 322.83553314209 366.863746643066 418.689918518066 455.283676147461 507.880661010742 573.717498779297 646.445510864258 687.280715942383 783.095199584961 847.924697875977 839.901809692383 748.321746826172
