Rscript/monthly_maps/SnowDepthMapFile-median-1989-12.asc
ncols 320 
nrows 361 
xllcorner 618410.159 
yllcorner 5088785.286 
cellsize 100 
NODATA_value -9999 
[rows 125 to 149 of 361, columns 168 to 223 of 320]
0 0 0 0 0 0 0 0 0 0 0 0 0 0 0 0 0 0 0 0 0 0 0 27.8479671478271 57.3618621826172 92.7053604125977 141.219024658203 150.234344482422 150.374374389648 149.544281005859 149.138214111328 151.332885742188 155.327545166016 159.416198730469 174.018127441406 195.170043945312 218.244384765625 241.100387573242 263.883697509766 284.838623046875 301.6494140625 306.053924560547 306.152221679688 316.757659912109 332.813201904297 337.186614990234 340.529541015625 321.554992675781 317.533721923828 325.276092529297 364.778076171875 411.341033935547 433.41259765625 435.531524658203 436.600036621094 440.657012939453
0 0 0 0 0 0 0 0 0 0 0 0 0 0 0 0 0 0 0 0 0 0 0 24.0622882843018 46.1697845458984 72.9292297363281 111.247955322266 123.358139038086 132.953033447266 140.885543823242 144.954177856445 152.268203735352 159.045486450195 166.980346679688 178.950500488281 194.589813232422 211.491271972656 232.898315429688 259.151672363281 285.570007324219 301.796417236328 308.557495117188 327.684661865234 341.935089111328 338.699127197266 338.884033203125 326.055480957031 309.649261474609 308.034484863281 314.574432373047 334.740264892578 376.509246826172 399.638916015625 395.794342041016 392.932067871094 372.839508056641
0 0 0 0 0 0 0 0 0 0 0 0 0 0 0 0 0 0 0 0 0 0 0 0 25.9817485809326 46.2010383605957 65.5638275146484 81.3555450439453 108.199737548828 136.613403320312 148.872207641602 151.117202758789 164.154403686523 178.538269042969 196.090805053711 209.393325805664 221.818832397461 235.927886962891 256.860931396484 281.415435791016 307.320037841797 324.004119873047 342.552398681641 341.585083007812 341.897247314453 337.172729492188 315.680938720703 312.024078369141 312.389038085938 309.987640380859 307.788482666016 320.685150146484 331.305267333984 330.328338623047 326.501220703125 342.577270507812
0 0 0 0 0 0 0 0 0 0 0 0 0 0 0 0 0 0 0 0 0 0 0 0 5.97540903091431 24.1470737457275 44.3895111083984 65.4457168579102 90.9059677124023 103.463493347168 135.466079711914 149.102722167969 168.291473388672 188.521667480469 210.601608276367 226.006851196289 241.176879882812 246.381469726562 266.80908203125 285.280944824219 303.441589355469 333.2421875 341.482055664062 348.215454101562 336.216766357422 321.033966064453 307.150268554688 281.115936279297 275.983764648438 275.738067626953 278.85205078125 271.471496582031 269.209411621094 264.755401611328 287.093719482422 317.353210449219
0 0 0 0 0 0 0 0 0 0 0 0 0 0 0 0 0 0 0 0 0 0 0 0 0 15.8217267990112 28.1653728485107 63.8887214660645 104.767967224121 122.074394226074 136.992202758789 153.936935424805 168.709869384766 189.040023803711 214.053527832031 232.472503662109 243.880783081055 261.918487548828 279.549041748047 305.440521240234 314.117279052734 343.209503173828 331.235260009766 336.665588378906 319.930328369141 293.460510253906 268.774597167969 255.311080932617 246.515762329102 252.619430541992 254.116302490234 242.50798034668 237.776824951172 232.503021240234 251.174331665039 290.555389404297
0 0 0 0 0 0 0 0 0 0 0 0 0 0 0 0 0 0 0 0 0 0 0 0 35.9273147583008 36.3487854003906 62.9171676635742 98.5870056152344 122.011009216309 146.289138793945 159.866500854492 160.543212890625 169.312942504883 186.997421264648 210.62580871582 234.247192382812 250.155014038086 273.366973876953 297.674011230469 306.703430175781 329.99169921875 331.734802246094 318.979644775391 307.765411376953 286.004516601562 260.705841064453 239.550918579102 219.78108215332 221.799011230469 217.335784912109 214.598846435547 215.769454956055 229.270614624023 250.179672241211 258.208648681641 306.866607666016
0 0 0 0 0 0 0 0 0 0 0 0 0 0 0 0 0 0 0 0 0 0 0 0 34.3645286560059 60.314022064209 99.9995803833008 125.506996154785 149.02815246582 167.479187011719 167.263473510742 174.209365844727 181.087799072266 192.469635009766 209.690826416016 232.818878173828 256.119079589844 282.463165283203 306.122833251953 318.292236328125 339.934722900391 321.778717041016 307.946044921875 275.573059082031 250.524826049805 226.416320800781 209.015670776367 205.355102539062 190.639282226562 186.580612182617 196.659271240234 207.156707763672 221.769454956055 227.817428588867 259.390289306641 295.112487792969
0 0 0 0 0 0 0 0 0 0 0 0 0 0 0 0 0 0 0 0 0 0 0 38.4315948486328 54.7519416809082 99.7151947021484 124.020431518555 149.661804199219 168.70783996582 172.251754760742 182.021453857422 191.614120483398 203.039001464844 210.148178100586 219.139572143555 237.33203125 262.0810546875 287.799072265625 306.008422851562 331.716674804688 342.918731689453 313.5224609375 286.199981689453 254.655471801758 222.611343383789 212.586807250977 199.954971313477 187.884536743164 175.520248413086 182.660537719727 191.826766967773 209.347015380859 213.200500488281 235.038681030273 252.6376953125 302.877838134766
0 0 0 0 0 0 0 0 0 0 0 0 0 0 0 0 0 0 0 0 0 0 0 34.1549606323242 65.033317565918 107.362693786621 143.988891601562 159.289505004883 170.939895629883 185.698760986328 200.299865722656 212.175216674805 220.986267089844 226.834991455078 231.73503112793 250.662673950195 269.020538330078 294.405090332031 310.523559570312 342.618225097656 342.354095458984 311.943878173828 282.083618164062 246.447906494141 207.846099853516 196.871017456055 186.391754150391 181.92073059082 180.623062133789 189.031326293945 194.747543334961 206.583236694336 219.897445678711 263.635040283203 271.499298095703 312.253540039062
0 0 0 0 0 0 0 0 0 0 0 0 0 0 0 0 0 0 0 0 0 0 0 30.5776481628418 74.5408706665039 110.871688842773 148.774124145508 163.677124023438 178.124313354492 197.905349731445 215.579345703125 231.342849731445 237.465179443359 238.350952148438 242.862640380859 252.548675537109 273.631286621094 307.161254882812 326.102264404297 341.822387695312 339.080718994141 306.506011962891 271.9873046875 253.325119018555 201.338195800781 192.471542358398 183.70280456543 183.637908935547 189.65055847168 184.09635925293 187.308502197266 230.805465698242 243.149551391602 265.123168945312 273.518432617188 316.564758300781
0 0 0 0 0 0 0 0 0 0 0 0 0 0 0 0 0 0 0 0 0 0 0 30.2137432098389 77.9232559204102 109.66047668457 147.28076171875 163.393569946289 182.153259277344 203.595367431641 221.8671875 234.619476318359 237.506439208984 245.111312866211 253.63737487793 265.416381835938 283.464508056641 308.214141845703 341.894287109375 343.498229980469 335.394866943359 298.920745849609 265.582397460938 224.338882446289 193.282852172852 190.372253417969 184.474456787109 185.935287475586 187.712066650391 187.212432861328 212.376281738281 230.688827514648 247.406478881836 265.877624511719 296.213073730469 351.254180908203
0 0 0 0 0 0 0 0 0 0 0 0 0 0 0 0 0 0 0 0 0 0 0 31.1439781188965 73.615478515625 118.37589263916 144.270690917969 163.033233642578 183.161895751953 205.186645507812 222.406021118164 233.786163330078 238.119171142578 250.47053527832 260.049285888672 266.647521972656 288.838012695312 306.243469238281 344.314971923828 343.149444580078 325.251953125 280.645599365234 245.938858032227 208.155075073242 197.773666381836 190.601943969727 186.533279418945 183.174758911133 184.003173828125 203.779724121094 219.827270507812 231.8369140625 247.818145751953 266.276153564453 320.543060302734 400.036560058594
0 0 0 0 0 0 0 0 0 0 0 0 0 0 0 0 0 0 0 0 0 0 0 30.234806060791 68.6998596191406 100.024780273438 135.94645690918 162.956451416016 162.833099365234 179.75602722168 197.436569213867 212.875793457031 225.027404785156 246.070251464844 258.565612792969 273.813629150391 293.619018554688 310.368743896484 340.176177978516 336.352233886719 303.334930419922 268.849670410156 227.957565307617 194.928939819336 191.557998657227 188.442611694336 181.543930053711 179.417114257812 192.316345214844 207.490768432617 220.200057983398 236.141265869141 255.767150878906 283.283386230469 359.678283691406 423.212127685547
0 0 0 0 0 0 0 0 0 0 0 0 0 0 0 0 0 0 0 0 0 0 0 28.7966423034668 55.4973487854004 88.6396484375 105.98014831543 132.377685546875 159.801834106445 171.580474853516 175.915740966797 195.521102905273 215.72624206543 233.330902099609 249.815719604492 274.166381835938 297.374694824219 310.383209228516 332.912109375 329.708557128906 291.337982177734 258.583618164062 215.039642333984 188.090423583984 187.133850097656 181.056182861328 176.162796020508 176.762145996094 191.4736328125 202.759963989258 219.471557617188 240.957305908203 259.434631347656 316.519317626953 396.940063476562 434.935729980469
0 0 0 0 0 0 0 0 0 0 0 0 0 0 0 0 0 0 0 0 0 0 0 30.4938831329346 52.3583488464355 74.1818237304688 87.0410308837891 120.679672241211 133.645858764648 163.584259033203 178.95475769043 187.89599609375 208.921722412109 227.907287597656 246.444717407227 265.176910400391 289.200347900391 311.840698242188 326.853576660156 315.914855957031 278.759765625 242.639923095703 205.392242431641 183.548217773438 185.223083496094 179.787185668945 179.203994750977 177.247863769531 188.697998046875 205.47492980957 220.683319091797 247.127639770508 284.455444335938 373.086242675781 429.600006103516 459.744384765625
0 0 0 0 0 0 0 0 0 0 0 0 0 0 0 0 0 0 0 0 0 0 16.6051788330078 41.3823051452637 68.5748672485352 74.9489593505859 84.3787307739258 124.36710357666 141.606704711914 163.277267456055 164.865585327148 188.605484008789 208.927978515625 226.645355224609 248.636672973633 255.621780395508 279.326812744141 306.445343017578 314.454223632812 307.500823974609 272.582672119141 236.432235717773 200.101364135742 180.304443359375 183.549057006836 170.046920776367 172.454330444336 176.392532348633 185.362380981445 198.087356567383 222.557983398438 245.340927124023 324.731018066406 424.274475097656 466.751251220703 495.450988769531
0 0 0 0 0 0 0 0 0 0 0 0 0 0 0 0 0 0 0 0 0 0 36.1707878112793 52.2963218688965 89.8016662597656 103.688896179199 126.687316894531 148.294342041016 151.526092529297 157.675476074219 166.535232543945 191.911117553711 210.434127807617 226.988540649414 239.970001220703 248.448699951172 270.901000976562 308.304046630859 309.205078125 304.655883789062 269.345642089844 233.395797729492 196.896392822266 177.874786376953 184.54817199707 172.185943603516 170.048370361328 175.164306640625 182.94416809082 197.253295898438 221.815841674805 246.708435058594 360.785980224609 445.231079101562 491.839569091797 486.071380615234
0 0 0 0 0 0 0 0 0 0 0 0 0 0 0 0 0 0 0 0 0 0 31.7665634155273 63.3742294311523 104.751884460449 132.564849853516 153.450302124023 159.154174804688 163.392654418945 167.515350341797 181.070648193359 200.402816772461 214.360931396484 243.410064697266 237.239715576172 249.615829467773 268.261871337891 283.826049804688 302.293792724609 301.596435546875 267.200164794922 230.452117919922 194.668930053711 175.743560791016 182.719116210938 176.089431762695 166.429428100586 172.37385559082 181.29719543457 198.04914855957 224.947174072266 242.141021728516 342.820129394531 409.989624023438 464.290893554688 465.000793457031
0 0 0 0 0 0 0 0 0 0 0 0 0 0 0 0 0 0 0 0 0 0 39.0895729064941 86.2961196899414 116.251220703125 160.906295776367 164.902450561523 172.506439208984 181.34358215332 190.865005493164 199.088943481445 209.527786254883 227.115951538086 240.92399597168 243.33544921875 257.803100585938 267.349578857422 276.625305175781 281.270812988281 281.689910888672 262.332305908203 225.377975463867 192.540908813477 173.526977539062 180.82536315918 173.712173461914 179.186996459961 171.126266479492 180.611618041992 202.152923583984 226.816299438477 249.421401977539 292.225341796875 368.883270263672 405.814208984375 411.855682373047
0 0 0 0 0 0 0 0 0 0 0 0 0 0 0 0 0 0 0 0 0 19.165958404541 47.9588165283203 95.0618133544922 128.056869506836 167.339889526367 175.903915405273 190.312530517578 202.403732299805 212.226211547852 221.462585449219 231.489761352539 235.849395751953 243.5302734375 256.928375244141 267.032684326172 269.797119140625 268.211578369141 264.754272460938 262.479095458984 247.548385620117 218.087783813477 189.711883544922 170.452880859375 177.974609375 165.07585144043 169.849990844727 167.892654418945 180.55859375 207.862319946289 241.269134521484 260.540710449219 286.785675048828 326.068450927734 364.260070800781 374.345001220703
0 0 0 0 0 0 0 0 0 0 0 0 0 0 0 0 0 0 0 0 0 34.2715530395508 58.4141731262207 102.448852539062 140.957977294922 166.025619506836 186.433563232422 208.08332824707 221.901824951172 232.610458374023 232.958892822266 240.184448242188 250.097671508789 255.437896728516 266.493225097656 269.757019042969 261.640045166016 250.444885253906 243.376098632812 234.258865356445 232.094543457031 207.397613525391 186.123001098633 167.586120605469 170.994186401367 154.105575561523 152.304580688477 156.634948730469 169.580932617188 214.020645141602 256.806274414062 278.5341796875 290.004119873047 284.489685058594 304.736968994141 302.892913818359
0 0 0 0 0 0 0 0 0 0 0 0 0 0 0 0 0 0 0 0 0 41.9343910217285 85.9341888427734 118.86149597168 150.345642089844 172.045074462891 197.084274291992 220.979080200195 233.017013549805 236.563446044922 246.79426574707 252.525787353516 258.196472167969 271.476806640625 275.687622070312 264.704040527344 251.772903442383 238.014251708984 225.736343383789 212.105819702148 204.169082641602 194.277404785156 180.403381347656 172.821578979492 164.733764648438 151.720947265625 151.366333007812 145.775650024414 168.732315063477 199.502746582031 252.320724487305 281.063598632812 277.307464599609 270.656280517578 244.797119140625 237.00358581543
0 0 0 0 0 0 0 0 0 0 0 0 0 0 0 0 0 0 0 0 37.2525444030762 58.5602760314941 104.584251403809 142.264526367188 164.226226806641 185.646759033203 208.637237548828 236.327453613281 237.782363891602 249.134887695312 256.657165527344 262.109619140625 277.519226074219 276.594879150391 275.749206542969 260.869384765625 244.624542236328 229.543670654297 216.597442626953 198.919998168945 205.162902832031 191.93147277832 178.82194519043 159.982711791992 152.743927001953 143.032180786133 136.06819152832 129.971710205078 140.156677246094 174.378280639648 222.023345947266 232.109924316406 230.309982299805 228.060623168945 215.451705932617 210.897384643555
0 0 0 0 0 0 0 0 0 0 0 0 0 0 0 0 0 0 0 0 28.6203556060791 78.6319351196289 117.90096282959 151.756820678711 173.155868530273 194.138305664062 219.250473022461 236.690887451172 250.075531005859 261.114166259766 267.178070068359 281.744384765625 282.803100585938 279.876800537109 276.022247314453 257.754302978516 247.802612304688 231.060974121094 213.681945800781 192.881423950195 195.437255859375 177.22087097168 158.005081176758 157.089660644531 150.153396606445 143.575408935547 124.633056640625 114.245109558105 116.636268615723 140.435317993164 157.140670776367 176.254898071289 200.389068603516 192.509002685547 190.549026489258 189.829483032227
0 0 0 0 0 0 0 0 0 0 0 0 0 0 0 0 0 0 0 0 46.514762878418 95.1720504760742 123.862464904785 158.272262573242 175.380584716797 201.280853271484 225.990966796875 238.56413269043 259.900909423828 270.341461181641 289.198272705078 287.837585449219 287.448486328125 284.256469726562 281.109191894531 277.557830810547 263.060333251953 238.883056640625 216.661087036133 192.801300048828 185.426300048828 167.406585693359 156.249893188477 143.776504516602 140.175369262695 138.904296875 119.883567810059 103.739204406738 100.364501953125 92.4498901367188 111.094276428223 121.8876953125 142.64533996582 154.340255737305 166.495758056641 172.194961547852
