Rscript/monthly_maps/SnowDepthMapFile-q25-1990-02.asc
ncols 320 
nrows 361 
xllcorner 618410.159 
yllcorner 5088785.286 
cellsize 100 
NODATA_value -9999 
[rows 96 to 119 of 361, columns 0 to 53 of 320]
-9999 -9999 -9999 -9999 -9999 -9999 -9999 -9999 -9999 -9999 -9999 -9999 -9999 -9999 -9999 1682.6145324707 1688.97482299805 1673.35748291016 1668.15093994141 1656.32748413086 1645.05258178711 1622.39587402344 1610.15747070312 1609.68096923828 1553.94842529297 1556.86938476562 1634.38681030273 1784.42681884766 1782.65380859375 1674.23471069336 1449.00640869141 1290.53771972656 1208.3410949707 1167.24444580078 1153.43811035156 1146.61090087891 1105.73342895508 1096.9189453125 1138.51800537109 1180.46444702148 1170.22079467773 1162.31982421875 1129.73980712891 1149.50079345703 1183.60110473633 1226.53463745117 1255.09552001953 1303.19863891602 1329.83840942383 1348.29159545898 1335.06317138672 1342.29135131836 1407.43994140625 1486.97378540039
-9999 -9999 -9999 -9999 -9999 -9999 -9999 -9999 -9999 -9999 -9999 -9999 -9999 -9999 -9999 1702.53179931641 1707.66009521484 1693.32611083984 1686.6770324707 1675.1471862793 1657.37637329102 1662.92544555664 1647.05459594727 1622.68640136719 1573.92730712891 1596.12548828125 1662.18807983398 1825.03317260742 1831.5119934082 1685.31680297852 1467.55368041992 1305.05264282227 1211.3762512207 1176.68838500977 1178.57730102539 1167.88735961914 1138.68032836914 1134.28125 1152.61685180664 1200.31832885742 1195.20565795898 1168.76898193359 1137.70343017578 1170.31982421875 1196.02490234375 1226.31362915039 1248.34967041016 1270.36209106445 1304.33715820312 1327.75772094727 1339.90985107422 1366.40246582031 1444.6018371582 1530.6305847168
-9999 -9999 -9999 -9999 -9999 -9999 -9999 -9999 -9999 -9999 -9999 -9999 -9999 -9999 -9999 -9999 1712.62384033203 1711.00839233398 1708.22714233398 1699.37152099609 1689.96960449219 1687.25872802734 1672.57565307617 1662.06228637695 1630.99630737305 1632.74139404297 1696.54016113281 1786.06881713867 1765.81591796875 1668.09359741211 1475.93225097656 1326.62634277344 1216.10778808594 1196.06134033203 1187.83474731445 1189.16091918945 1169.19650268555 1163.1155090332 1170.45391845703 1205.72525024414 1194.32397460938 1185.1423034668 1158.09008789062 1178.11404418945 1186.4035949707 1199.7092590332 1212.73532104492 1237.8125 1257.99014282227 1279.64538574219 1312.80084228516 1388.41146850586 1519.76098632812 1631.34512329102
-9999 -9999 -9999 -9999 -9999 -9999 -9999 -9999 -9999 -9999 -9999 -9999 -9999 -9999 -9999 -9999 1722.61819458008 1717.35589599609 1709.5192565918 1711.03375244141 1709.03662109375 1700.04196166992 1688.36102294922 1681.91165161133 1673.98886108398 1695.50903320312 1772.12133789062 1757.68692016602 1683.90377807617 1604.59774780273 1515.84164428711 1414.97177124023 1292.8659362793 1218.6018371582 1199.98049926758 1207.39691162109 1182.40472412109 1176.02972412109 1173.57006835938 1171.07571411133 1175.63162231445 1176.00732421875 1176.25006103516 1171.01947021484 1177.35168457031 1186.88034057617 1189.251953125 1246.69921875 1278.7626953125 1320.75448608398 1375.99429321289 1495.4635925293 1638.83773803711 1720.53500366211
-9999 -9999 -9999 -9999 -9999 -9999 -9999 -9999 -9999 -9999 -9999 -9999 -9999 -9999 -9999 -9999 1718.46719360352 1716.33065795898 1719.1962890625 1723.94403076172 1723.34197998047 1708.28326416016 1710.16311645508 1696.36730957031 1707.55868530273 1761.85037231445 1807.44802856445 1778.20370483398 1677.58465576172 1613.0383605957 1561.55142211914 1500.26806640625 1395.32553100586 1300.50170898438 1251.91546630859 1220.60900878906 1216.80368041992 1184.89135742188 1164.37582397461 1150.73306274414 1174.45761108398 1183.01007080078 1184.19381713867 1183.55139160156 1187.07171630859 1194.97567749023 1208.8498840332 1298.53598022461 1386.78945922852 1482.22360229492 1583.04534912109 1679.38397216797 1749.9035949707 1603.93249511719
-9999 -9999 -9999 -9999 -9999 -9999 -9999 -9999 -9999 -9999 -9999 -9999 -9999 -9999 -9999 -9999 -9999 -9999 -9999 1733.68948364258 1724.12283325195 1727.11724853516 1722.43783569336 1713.18737792969 1726.14706420898 1824.34658813477 1854.78384399414 1809.1598815918 1643.11331176758 1631.57067871094 1634.83438110352 1604.09497070312 1494.86483764648 1392.04733276367 1312.15618896484 1290.7353515625 1271.85354614258 1228.34002685547 1189.59396362305 1168.34985351562 1187.29443359375 1215.72674560547 1196.28363037109 1190.98455810547 1210.73065185547 1239.36175537109 1297.66223144531 1371.84091186523 1481.75131225586 1643.74273681641 1745.41046142578 1826.42404174805 1647.67071533203 1511.89801025391
-9999 -9999 -9999 -9999 -9999 -9999 -9999 -9999 -9999 -9999 -9999 -9999 -9999 -9999 -9999 -9999 -9999 -9999 -9999 1740.14334106445 1744.70837402344 1741.06011962891 1733.41122436523 1730.32995605469 1772.53125 1839.12680053711 1826.82629394531 1780.43084716797 1713.74743652344 1700.16516113281 1674.18801879883 1620.01751708984 1517.1139831543 1425.57470703125 1407.52990722656 1384.02062988281 1355.66232299805 1306.60433959961 1260.70803833008 1245.69152832031 1252.26583862305 1271.75036621094 1244.24780273438 1234.48461914062 1252.21029663086 1282.00314331055 1344.70391845703 1435.12973022461 1587.60397338867 1761.39520263672 1832.71795654297 1723.44561767578 1573.09979248047 1475.66815185547
-9999 -9999 -9999 -9999 -9999 -9999 -9999 -9999 -9999 -9999 -9999 -9999 -9999 -9999 -9999 -9999 -9999 -9999 -9999 -9999 1744.61126708984 1750.20495605469 1743.14004516602 1745.39440917969 1795.40463256836 1832.71212768555 1847.96075439453 1771.04656982422 1724.85540771484 1708.54177856445 1685.27365112305 1627.09100341797 1534.94256591797 1488.98806762695 1458.80459594727 1461.16546630859 1434.95623779297 1390.63204956055 1355.62371826172 1323.92123413086 1325.57635498047 1336.05142211914 1297.63589477539 1276.2174987793 1305.32638549805 1347.77740478516 1424.24920654297 1542.28378295898 1708.92715454102 1841.93707275391 1787.67532348633 1664.1549987793 1547.44235229492 1500.83270263672
-9999 -9999 -9999 -9999 -9999 -9999 -9999 -9999 -9999 -9999 -9999 -9999 -9999 -9999 -9999 -9999 -9999 -9999 -9999 -9999 1782.876953125 1782.47149658203 1755.4137878418 1756.82077026367 1808.0114440918 1845.48669433594 1853.04730224609 1779.15930175781 1735.36318969727 1711.08877563477 1679.45431518555 1607.60424804688 1547.20239257812 1530.33871459961 1541.43908691406 1516.00402832031 1494.75384521484 1470.44393920898 1449.69918823242 1428.13955688477 1424.40274047852 1410.84854125977 1378.49526977539 1346.13537597656 1388.00643920898 1472.88031005859 1569.74813842773 1701.23739624023 1828.29022216797 1857.86569213867 1737.2492980957 1614.47241210938 1549.74380493164 1516.30642700195
-9999 -9999 -9999 -9999 -9999 -9999 -9999 -9999 -9999 -9999 -9999 -9999 -9999 -9999 -9999 -9999 -9999 -9999 -9999 -9999 -9999 1764.33535766602 1777.73141479492 1784.93585205078 1843.14117431641 1877.93218994141 1888.94769287109 1809.50274658203 1760.80560302734 1736.15505981445 1680.57955932617 1608.23266601562 1565.45062255859 1570.15417480469 1569.6721496582 1565.70635986328 1553.26058959961 1535.51403808594 1523.79891967773 1515.0263671875 1512.76272583008 1505.74340820312 1460.61831665039 1416.40679931641 1467.62091064453 1559.32415771484 1722.22882080078 1874.36697387695 1861.46569824219 1799.67282104492 1657.18746948242 1575.24154663086 1563.19934082031 1540.17398071289
-9999 -9999 -9999 -9999 -9999 -9999 -9999 -9999 -9999 -9999 -9999 -9999 -9999 -9999 -9999 -9999 -9999 -9999 -9999 -9999 -9999 -9999 1766.98782348633 1818.34881591797 1890.72286987305 1947.43215942383 1952.88626098633 1852.80682373047 1792.49078369141 1758.62481689453 1700.27465820312 1623.93405151367 1609.39147949219 1615.26818847656 1619.50518798828 1617.15374755859 1607.87088012695 1603.76593017578 1593.34844970703 1584.48831176758 1561.38073730469 1555.95715332031 1533.94836425781 1483.42724609375 1510.0544128418 1629.94897460938 1779.57116699219 1885.47314453125 1912.36437988281 1755.09463500977 1633.07769775391 1573.11676025391 1557.48809814453 1546.84906005859
-9999 -9999 -9999 -9999 -9999 -9999 -9999 -9999 -9999 -9999 -9999 -9999 -9999 -9999 -9999 -9999 -9999 -9999 -9999 -9999 -9999 -9999 -9999 1850.00277709961 1945.78247070312 2000.34146118164 2004.34396362305 1927.71176147461 1851.60464477539 1777.03247070312 1721.20431518555 1681.63754272461 1660.17279052734 1650.78103637695 1667.72702026367 1654.35955810547 1654.55389404297 1654.79223632812 1647.80950927734 1652.57556152344 1627.99755859375 1604.17974853516 1590.50234985352 1571.09350585938 1584.02987670898 1638.99270629883 1814.23663330078 1886.16809082031 1912.28671264648 1763.56338500977 1643.61798095703 1607.05590820312 1615.1325378418 1591.51889038086
-9999 -9999 -9999 -9999 -9999 -9999 -9999 -9999 -9999 -9999 -9999 -9999 -9999 -9999 -9999 -9999 -9999 -9999 -9999 -9999 -9999 -9999 -9999 -9999 -9999 2023.84939575195 2008.08279418945 1956.44552612305 1887.36499023438 1829.54898071289 1743.70364379883 1701.75189208984 1688.2512512207 1702.77612304688 1702.13314819336 1700.90914916992 1703.61264038086 1707.2275390625 1713.47305297852 1709.71469116211 1695.16909790039 1660.61743164062 1653.83181762695 1640.01080322266 1642.88174438477 1701.14727783203 1820.31317138672 1913.04058837891 1923.52536010742 1794.78427124023 1668.09649658203 1644.97964477539 1636.09533691406 1596.76086425781
-9999 -9999 -9999 -9999 -9999 -9999 -9999 -9999 -9999 -9999 -9999 -9999 -9999 -9999 -9999 -9999 -9999 -9999 -9999 -9999 -9999 -9999 -9999 -9999 -9999 1962.84912109375 1964.30187988281 1941.30606079102 1912.8381652832 1874.03305053711 1798.70770263672 1729.72674560547 1722.80773925781 1734.16079711914 1736.50854492188 1737.2392578125 1731.08795166016 1745.43411254883 1747.74108886719 1748.01162719727 1745.04428100586 1736.90103149414 1726.75289916992 1692.53253173828 1686.52661132812 1733.36978149414 1845.81420898438 1871.54815673828 1860.62252807617 1774.45599365234 1737.16232299805 1693.11254882812 1682.53421020508 1644.04470825195
-9999 -9999 -9999 -9999 -9999 -9999 -9999 -9999 -9999 -9999 -9999 -9999 -9999 -9999 -9999 -9999 -9999 -9999 -9999 -9999 -9999 -9999 -9999 -9999 -9999 1954.49914550781 1963.47268676758 1935.00689697266 1913.83596801758 1900.8883972168 1850.64181518555 1792.24252319336 1757.72311401367 1764.74700927734 1779.81246948242 1779.80621337891 1766.5954284668 1772.13415527344 1770.71627807617 1780.91781616211 1782.51171875 1770.79409790039 1768.39855957031 1740.71334838867 1720.42346191406 1785.06072998047 1854.34487915039 1869.38397216797 1789.82211303711 1734.60440063477 1731.47399902344 1756.60791015625 1744.06100463867 1686.30633544922
-9999 -9999 -9999 -9999 -9999 -9999 -9999 -9999 -9999 -9999 -9999 -9999 -9999 -9999 -9999 -9999 -9999 -9999 -9999 -9999 -9999 -9999 -9999 -9999 -9999 2024.93267822266 1977.02828979492 1950.822265625 1921.69610595703 1896.21887207031 1878.67352294922 1821.69879150391 1818.2702331543 1801.35250854492 1809.41714477539 1812.00933837891 1794.61883544922 1803.94415283203 1803.34320068359 1802.42095947266 1807.56127929688 1792.9401550293 1795.82836914062 1774.94415283203 1773.85781860352 1798.49456787109 1798.38525390625 1754.27264404297 1687.52490234375 1674.15911865234 1679.73040771484 1700.70532226562 1687.29678344727 1731.72775268555
-9999 -9999 -9999 -9999 -9999 -9999 -9999 -9999 -9999 -9999 -9999 -9999 -9999 -9999 -9999 -9999 -9999 -9999 -9999 -9999 -9999 -9999 -9999 -9999 2023.19281005859 2002.20983886719 1996.17709350586 1957.54150390625 1931.7082824707 1894.9729309082 1884.67642211914 1843.53323364258 1827.4655456543 1826.37884521484 1828.94137573242 1838.30172729492 1818.88095092773 1815.49310302734 1816.1572265625 1816.50427246094 1824.48727416992 1810.23666381836 1810.41009521484 1806.71026611328 1801.33349609375 1815.28540039062 1728.25476074219 1681.52420043945 1639.32650756836 1633.60845947266 1654.86706542969 1671.47274780273 1673.54306030273 1670.13226318359
-9999 -9999 -9999 -9999 -9999 -9999 -9999 -9999 -9999 -9999 -9999 -9999 -9999 -9999 -9999 -9999 -9999 -9999 -9999 -9999 -9999 -9999 -9999 2060.47082519531 2027.35403442383 2007.353515625 1981.43859863281 1948.77096557617 1922.32864379883 1900.89508056641 1884.18313598633 1878.69155883789 1847.73590087891 1867.14593505859 1844.53005981445 1839.82077026367 1835.14077758789 1828.20431518555 1825.40356445312 1822.10870361328 1825.28085327148 1811.53927612305 1820.17251586914 1830.42782592773 1842.38125610352 1825.28634643555 1699.57452392578 1639.81079101562 1598.97192382812 1596.36087036133 1620.92575073242 1621.05767822266 1599.95919799805 1590.3450012207
-9999 -9999 -9999 -9999 -9999 -9999 -9999 -9999 -9999 -9999 -9999 -9999 -9999 -9999 -9999 -9999 -9999 -9999 -9999 -9999 -9999 2169.18493652344 2103.24279785156 2051.88552856445 2056.7624206543 2005.43148803711 1979.27981567383 1932.73239135742 1918.24365234375 1900.72479248047 1879.96282958984 1881.30648803711 1879.20068359375 1878.2705078125 1875.44714355469 1871.04232788086 1850.22546386719 1843.60589599609 1839.40737915039 1836.64947509766 1836.95706176758 1838.93667602539 1835.80590820312 1842.88165283203 1840.53298950195 1820.10144042969 1681.12228393555 1618.14932250977 1592.43295288086 1582.02215576172 1582.14370727539 1559.94155883789 1522.8251953125 1514.00064086914
-9999 -9999 -9999 -9999 -9999 -9999 -9999 -9999 -9999 -9999 -9999 -9999 -9999 -9999 -9999 -9999 -9999 -9999 -9999 -9999 2256.77386474609 2239.27960205078 2105.30206298828 2051.84133911133 2017.6940612793 1985.99783325195 1946.67230224609 1929.2197265625 1911.37377929688 1895.75491333008 1890.37030029297 1903.53204345703 1899.1887512207 1874.40350341797 1873.18688964844 1870.55679321289 1874.18499755859 1874.08865356445 1870.21719360352 1849.39599609375 1845.36614990234 1841.18688964844 1844.94229125977 1869.10278320312 1856.3352355957 1786.24392700195 1692.99447631836 1642.49890136719 1623.18682861328 1615.13748168945 1606.13256835938 1553.40115356445 1506.46136474609 1470.70593261719
-9999 -9999 -9999 -9999 -9999 -9999 -9999 -9999 -9999 -9999 -9999 -9999 -9999 -9999 -9999 -9999 -9999 -9999 -9999 -9999 2282.15344238281 2247.70916748047 2110.03350830078 2045.21545410156 1996.20147705078 1961.05517578125 1937.37588500977 1920.69924926758 1903.58227539062 1898.5022277832 1893.70101928711 1894.58709716797 1894.30377197266 1900.99673461914 1894.21200561523 1874.03451538086 1874.54879760742 1863.0546875 1861.65274047852 1858.79806518555 1859.73867797852 1842.27740478516 1858.15234375 1892.17031860352 1881.7507019043 1826.34930419922 1740.81942749023 1680.11874389648 1682.94219970703 1670.85736083984 1610.14895629883 1590.02630615234 1524.12213134766 1495.60604858398
-9999 -9999 -9999 -9999 -9999 -9999 -9999 -9999 -9999 -9999 -9999 -9999 -9999 -9999 -9999 -9999 -9999 -9999 -9999 2269.88989257812 2275.85388183594 2187.25958251953 2104.67541503906 2050.33477783203 1994.87313842773 1964.62390136719 1934.08682250977 1921.44931030273 1902.44827270508 1896.09161376953 1893.73294067383 1891.56051635742 1891.00717163086 1892.46099853516 1903.900390625 1895.7565612793 1865.26519775391 1862.86221313477 1862.66555786133 1862.62908935547 1862.28012084961 1868.75979614258 1883.2112121582 1904.18228149414 1885.23089599609 1849.60028076172 1764.31103515625 1739.06039428711 1707.66687011719 1676.53161621094 1641.7766418457 1579.26834106445 1528.32229614258 1521.08685302734
-9999 -9999 -9999 -9999 -9999 -9999 -9999 -9999 -9999 -9999 -9999 -9999 -9999 -9999 -9999 -9999 -9999 -9999 2329.71740722656 2290.50134277344 2206.85113525391 2168.27679443359 2116.69604492188 2074.80895996094 2011.96200561523 1966.55407714844 1946.90689086914 1920.92129516602 1912.13143920898 1910.48593139648 1906.07946777344 1903.20092773438 1894.67306518555 1892.29281616211 1889.87945556641 1907.53161621094 1898.77389526367 1874.86862182617 1863.30828857422 1863.10848999023 1864.25881958008 1893.37097167969 1900.60437011719 1899.02426147461 1895.01797485352 1866.22506713867 1820.98123168945 1760.31954956055 1743.4455871582 1670.49114990234 1635.08325195312 1600.16903686523 1556.75765991211 1551.21221923828
-9999 -9999 -9999 -9999 -9999 -9999 -9999 -9999 -9999 -9999 -9999 -9999 -9999 -9999 -9999 -9999 -9999 -9999 2382.92614746094 2268.7587890625 2170.72979736328 2143.04443359375 2132.74139404297 2089.78137207031 2036.44250488281 1971.85330200195 1949.07809448242 1927.2666015625 1927.08599853516 1922.59017944336 1910.93710327148 1908.66622924805 1905.59768676758 1905.53201293945 1888.33135986328 1888.96850585938 1907.05798339844 1905.25775146484 1902.44256591797 1901.17816162109 1905.11599731445 1893.45974731445 1893.48937988281 1910.34255981445 1910.9538269043 1877.34378051758 1830.92120361328 1781.14379882812 1738.462890625 1690.7646484375 1643.86373901367 1625.94918823242 1597.25598144531 1568.41632080078
