Rscript/monthly_maps/SnowDepthMapFile-max-1989-06.asc
ncols 320 
nrows 361 
xllcorner 618410.159 
yllcorner 5088785.286 
cellsize 100 
NODATA_value -9999 
[rows 232 to 260 of 361, columns 0 to 65 of 320]
-9999 -9999 -9999 -9999 -9999 -9999 -9999 -9999 -9999 -9999 -9999 -9999 -9999 -9999 -9999 -9999 -9999 -9999 -9999 -9999 -9999 -9999 -9999 -9999 -9999 -9999 -9999 -9999 -9999 -9999 -9999 -9999 -9999 -9999 -9999 1191.48120117188 1161.0341796875 1109.6357421875 1067.38500976562 1032.11193847656 1002.02233886719 970.497985839844 923.122985839844 889.609924316406 827.313781738281 790.283630371094 742.00732421875 705.15380859375 641.531860351562 591.154113769531 548.428955078125 543.442626953125 542.718566894531 555.408569335938 546.725158691406 536.820678710938 528.203308105469 524.864440917969 524.823669433594 523.548828125 527.463073730469 533.349731445312 554.872131347656 607.449951171875 631.883056640625 639.300415039062
-9999 -9999 -9999 -9999 -9999 -9999 -9999 -9999 -9999 -9999 -9999 -9999 -9999 -9999 -9999 -9999 -9999 -9999 -9999 -9999 -9999 -9999 -9999 -9999 -9999 -9999 -9999 -9999 -9999 -9999 -9999 -9999 -9999 -9999 1192.11560058594 1181.25305175781 1134.73840332031 1074.43725585938 1034.92260742188 1003.55584716797 978.911682128906 940.454956054688 909.833618164062 859.65185546875 810.886108398438 765.274047851562 721.894958496094 664.807556152344 604.417663574219 540.995727539062 520.751831054688 521.025085449219 516.986267089844 513.778930664062 499.447387695312 472.740814208984 456.008819580078 449.923370361328 450.692230224609 449.008819580078 461.436096191406 463.231475830078 493.860015869141 529.348388671875 568.78076171875 588.728698730469
-9999 -9999 -9999 -9999 -9999 -9999 -9999 -9999 -9999 -9999 -9999 -9999 -9999 -9999 -9999 -9999 -9999 -9999 -9999 -9999 -9999 -9999 -9999 -9999 -9999 -9999 -9999 -9999 -9999 -9999 -9999 -9999 -9999 -9999 1182.20068359375 1152.31030273438 1091.71728515625 1039.30261230469 1009.08868408203 987.090515136719 958.121154785156 926.316040039062 896.814514160156 843.462951660156 802.285217285156 744.336608886719 701.573181152344 630.283630371094 569.051147460938 521.667175292969 508.790374755859 491.897033691406 475.156890869141 461.875427246094 419.333923339844 367.965515136719 336.895385742188 319.662170410156 319.958160400391 326.116241455078 341.418273925781 377.479461669922 410.868072509766 458.418579101562 505.919494628906 528.466186523438
-9999 -9999 -9999 -9999 -9999 -9999 -9999 -9999 -9999 -9999 -9999 -9999 -9999 -9999 -9999 -9999 -9999 -9999 -9999 -9999 -9999 -9999 -9999 -9999 -9999 -9999 -9999 -9999 -9999 -9999 -9999 -9999 -9999 1185.31103515625 1165.70458984375 1108.66394042969 1061.70971679688 1022.61004638672 996.467529296875 971.015808105469 941.974060058594 912.250549316406 879.542053222656 829.015380859375 778.701538085938 725.720642089844 674.211364746094 617.459777832031 568.601867675781 522.886962890625 490.528961181641 466.814086914062 435.031921386719 413.226776123047 377.572723388672 341.210052490234 312.430969238281 292.068695068359 279.097869873047 282.845886230469 286.269256591797 289.261260986328 298.311920166016 356.917236328125 431.797119140625 460.540710449219
-9999 -9999 -9999 -9999 -9999 -9999 -9999 -9999 -9999 -9999 -9999 -9999 -9999 -9999 -9999 -9999 -9999 -9999 -9999 -9999 -9999 -9999 -9999 -9999 -9999 -9999 -9999 -9999 -9999 -9999 -9999 -9999 -9999 1173.47839355469 1137.76489257812 1074.22985839844 1035.11975097656 1012.31787109375 989.177795410156 961.053771972656 929.164794921875 904.443542480469 861.797912597656 808.064514160156 746.31103515625 698.167114257812 646.1474609375 624.163269042969 597.0322265625 555.625549316406 512.488647460938 472.078735351562 434.807342529297 398.315948486328 366.972320556641 335.484985351562 320.30029296875 305.007446289062 287.660400390625 279.169860839844 274.944091796875 269.661041259766 263.811492919922 271.540374755859 311.084106445312 336.904510498047
-9999 -9999 -9999 -9999 -9999 -9999 -9999 -9999 -9999 -9999 -9999 -9999 -9999 -9999 -9999 -9999 -9999 -9999 -9999 -9999 -9999 -9999 -9999 -9999 -9999 -9999 -9999 -9999 -9999 -9999 -9999 1194.60571289062 1178.01318359375 1151.24938964844 1104.83154296875 1061.7412109375 1026.55236816406 998.677917480469 975.764038085938 950.281555175781 916.773559570312 871.357360839844 825.21142578125 762.616394042969 707.722595214844 661.255249023438 652.467712402344 659.275390625 642.301147460938 591.571044921875 535.026916503906 499.843780517578 451.572082519531 383.537811279297 350.379119873047 325.03662109375 309.724792480469 303.756683349609 291.634002685547 272.947113037109 266.458374023438 261.257141113281 254.17414855957 247.411010742188 256.458160400391 268.983825683594
-9999 -9999 -9999 -9999 -9999 -9999 -9999 -9999 -9999 -9999 -9999 -9999 -9999 -9999 -9999 -9999 -9999 -9999 -9999 -9999 -9999 -9999 -9999 -9999 -9999 -9999 -9999 -9999 -9999 -9999 1223.19738769531 1208.15173339844 1170.712890625 1129.79504394531 1085.78063964844 1053.92724609375 1015.33227539062 988.777954101562 960.139404296875 924.758911132812 885.4052734375 827.864135742188 775.744934082031 711.159484863281 664.298645019531 653.429748535156 679.692260742188 681.751525878906 667.912658691406 623.269775390625 582.703247070312 530.096374511719 483.223724365234 390.872528076172 349.166595458984 314.533172607422 297.835144042969 287.109771728516 277.623413085938 260.133758544922 244.847320556641 237.92724609375 235.876449584961 232.949493408203 233.046844482422 235.096481323242
-9999 -9999 -9999 -9999 -9999 -9999 -9999 -9999 -9999 -9999 -9999 -9999 -9999 -9999 -9999 -9999 -9999 -9999 -9999 -9999 -9999 -9999 -9999 -9999 -9999 -9999 -9999 -9999 -9999 1243.15966796875 1228.94616699219 1185.4814453125 1151.86608886719 1106.60180664062 1066.67028808594 1029.81896972656 1000.06481933594 972.4599609375 930.117492675781 892.448974609375 826.709350585938 771.45556640625 710.873718261719 668.043579101562 653.9921875 682.5546875 687.490966796875 691.364562988281 684.262451171875 668.113220214844 616.348205566406 567.182556152344 508.79443359375 429.248870849609 353.317047119141 318.041473388672 288.965576171875 270.712341308594 255.476577758789 237.77995300293 226.821395874023 214.982437133789 210.622055053711 206.592010498047 200.667541503906 196.269134521484
-9999 -9999 -9999 -9999 -9999 -9999 -9999 -9999 -9999 -9999 -9999 -9999 -9999 -9999 -9999 -9999 -9999 -9999 -9999 -9999 -9999 -9999 -9999 -9999 -9999 -9999 -9999 -9999 -9999 1241.24621582031 1219.50415039062 1174.72875976562 1136.28369140625 1094.95886230469 1059.40759277344 1019.31750488281 989.104431152344 939.536560058594 898.524597167969 831.148681640625 769.587219238281 709.307800292969 672.768676757812 661.893859863281 685.843322753906 687.653076171875 693.060119628906 691.111328125 699.536254882812 691.604614257812 642.209167480469 587.025695800781 529.786193847656 465.857086181641 370.051055908203 326.418640136719 287.444427490234 267.398376464844 247.569290161133 228.500869750977 207.914306640625 194.582565307617 189.87922668457 189.409301757812 180.107925415039 161.662109375
-9999 -9999 -9999 -9999 -9999 -9999 -9999 -9999 -9999 -9999 -9999 -9999 -9999 -9999 -9999 -9999 -9999 -9999 -9999 -9999 -9999 -9999 -9999 -9999 -9999 -9999 -9999 -9999 -9999 1235.68640136719 1203.56689453125 1158.32641601562 1110.12133789062 1080.33874511719 1035.71020507812 1002.46154785156 964.572814941406 906.669189453125 843.562805175781 786.934020996094 721.122619628906 694.651062011719 683.744812011719 692.84130859375 692.366088867188 696.325378417969 682.653625488281 694.271911621094 709.530700683594 698.47998046875 649.507019042969 597.451477050781 550.545288085938 502.509094238281 420.803039550781 341.105529785156 292.803680419922 267.711486816406 249.82975769043 232.280776977539 214.961502075195 197.030990600586 184.723709106445 163.266571044922 148.382904052734 110.946762084961
-9999 -9999 -9999 -9999 -9999 -9999 -9999 -9999 -9999 -9999 -9999 -9999 -9999 -9999 -9999 -9999 -9999 -9999 -9999 -9999 -9999 -9999 -9999 -9999 -9999 -9999 -9999 -9999 -9999 1221.71594238281 1183.97827148438 1138.07800292969 1091.38134765625 1056.96435546875 1015.73901367188 978.077941894531 919.342224121094 860.947326660156 806.569946289062 761.44580078125 725.999389648438 701.379455566406 692.241577148438 686.115539550781 690.597473144531 679.423095703125 688.370300292969 715.630310058594 721.541931152344 701.255126953125 645.915893554688 605.350036621094 580.791870117188 532.687438964844 480.682220458984 381.765655517578 318.385986328125 276.343139648438 263.651153564453 247.849182128906 234.281784057617 216.501205444336 201.075454711914 179.954528808594 155.498443603516 106.724327087402
-9999 -9999 -9999 -9999 -9999 -9999 -9999 -9999 -9999 -9999 -9999 -9999 -9999 -9999 -9999 -9999 -9999 -9999 -9999 -9999 -9999 -9999 -9999 -9999 -9999 -9999 -9999 -9999 1236.23657226562 1196.11291503906 1159.87060546875 1103.79821777344 1049.83801269531 1010.72100830078 977.586730957031 925.511108398438 893.780029296875 850.882446289062 816.207336425781 787.406188964844 727.432861328125 728.871765136719 700.091552734375 682.958129882812 686.093627929688 691.521362304688 717.172424316406 743.743530273438 754.397155761719 708.280151367188 651.63525390625 616.523376464844 591.165771484375 567.440124511719 519.043151855469 456.988647460938 353.554016113281 300.368469238281 278.970916748047 273.256225585938 265.243835449219 249.378662109375 232.436645507812 206.308807373047 167.922653198242 136.494613647461
-9999 -9999 -9999 -9999 -9999 -9999 -9999 -9999 -9999 -9999 -9999 -9999 -9999 -9999 -9999 -9999 -9999 -9999 -9999 -9999 -9999 -9999 -9999 -9999 -9999 -9999 -9999 1252.32971191406 1225.96435546875 1181.31604003906 1115.869140625 1068.20971679688 1012.18890380859 971.133972167969 925.419067382812 911.099914550781 900.863220214844 879.082885742188 839.757934570312 818.131103515625 752.397399902344 696.296691894531 675.450744628906 672.895324707031 694.033935546875 714.774475097656 751.561706542969 788.311096191406 792.949035644531 730.227966308594 682.709411621094 634.104919433594 612.14404296875 593.878479003906 565.939147949219 509.917602539062 413.276763916016 330.548614501953 297.823120117188 302.348052978516 297.83251953125 274.616790771484 259.40966796875 236.309661865234 202.161544799805 157.911743164062
-9999 -9999 -9999 -9999 -9999 -9999 -9999 -9999 -9999 -9999 -9999 -9999 -9999 -9999 -9999 -9999 -9999 -9999 -9999 -9999 -9999 -9999 -9999 -9999 -9999 -9999 -9999 -9999 1190.20349121094 1159.064453125 1093.05200195312 1025.57580566406 978.334106445312 926.2626953125 914.560546875 931.55908203125 929.099609375 920.755310058594 876.40283203125 812.103393554688 758.420043945312 709.297119140625 677.666442871094 677.002685546875 704.225646972656 738.085876464844 797.995361328125 829.482604980469 834.414245605469 782.072692871094 715.353393554688 667.939697265625 633.928466796875 614.379516601562 586.343322753906 527.805297851562 451.330108642578 350.215850830078 324.350952148438 318.046844482422 303.915649414062 285.866943359375 278.102996826172 257.519653320312 232.660263061523 194.52067565918
-9999 -9999 -9999 -9999 -9999 -9999 -9999 -9999 -9999 -9999 -9999 -9999 -9999 -9999 -9999 -9999 -9999 -9999 -9999 -9999 -9999 -9999 -9999 -9999 -9999 -9999 -9999 -9999 1182.98864746094 1152.17333984375 1068.34118652344 1006.22253417969 966.935913085938 923.477111816406 944.750122070312 938.454223632812 944.303588867188 910.036987304688 879.29345703125 836.594421386719 807.887756347656 761.131103515625 731.905822753906 722.871154785156 738.049560546875 790.567077636719 844.376098632812 886.678771972656 873.632629394531 814.827026367188 743.515502929688 698.782287597656 659.3359375 626.971313476562 593.353332519531 530.5498046875 467.297576904297 368.910797119141 344.118988037109 324.754028320312 307.235870361328 307.881713867188 325.524658203125 314.883270263672 278.456176757812 228.998275756836
-9999 -9999 -9999 -9999 -9999 -9999 -9999 -9999 -9999 -9999 -9999 -9999 -9999 -9999 -9999 -9999 -9999 -9999 -9999 -9999 -9999 -9999 -9999 -9999 -9999 -9999 -9999 -9999 1175.25476074219 1149.07238769531 1069.66613769531 997.718017578125 940.216552734375 956.240905761719 939.388549804688 903.549621582031 890.145874023438 883.533630371094 874.413024902344 864.030151367188 858.848876953125 837.532958984375 799.308532714844 789.47607421875 817.784423828125 859.118225097656 906.099670410156 928.489135742188 886.158264160156 823.941223144531 766.622497558594 716.575073242188 679.900085449219 639.667358398438 599.454406738281 559.969543457031 508.432159423828 443.832824707031 372.913024902344 343.454620361328 342.747131347656 369.103088378906 425.655212402344 431.879974365234 361.735900878906 276.225555419922
-9999 -9999 -9999 -9999 -9999 -9999 -9999 -9999 -9999 -9999 -9999 -9999 -9999 -9999 -9999 -9999 -9999 -9999 -9999 -9999 -9999 -9999 -9999 -9999 -9999 -9999 -9999 -9999 -9999 1149.47399902344 1104.40661621094 1028.48168945312 968.279907226562 913.966796875 872.325256347656 860.251770019531 865.079284667969 886.897583007812 904.107299804688 917.697692871094 926.901916503906 930.006225585938 922.494873046875 919.885375976562 935.437316894531 953.229187011719 952.615844726562 938.375610351562 890.873168945312 826.385314941406 774.653503417969 734.538757324219 694.072265625 655.769104003906 618.865905761719 586.231811523438 537.703125 506.475738525391 466.889556884766 442.149536132812 446.882476806641 480.781158447266 513.564697265625 508.240264892578 461.945434570312 328.975830078125
-9999 -9999 -9999 -9999 -9999 -9999 -9999 -9999 -9999 -9999 -9999 -9999 -9999 -9999 -9999 -9999 -9999 -9999 -9999 -9999 -9999 -9999 -9999 -9999 -9999 -9999 -9999 -9999 -9999 1170.1318359375 1156.20971679688 1073.44506835938 999.739440917969 950.142333984375 938.157592773438 931.390075683594 944.887023925781 960.923950195312 979.9501953125 1001.31079101562 1028.45715332031 1061.61950683594 1070.48754882812 1047.80944824219 1009.66082763672 988.577880859375 971.880615234375 946.199096679688 898.813232421875 844.200805664062 796.711303710938 749.045593261719 712.574157714844 677.736267089844 645.275085449219 611.006042480469 588.446350097656 561.48046875 530.162719726562 513.928466796875 506.707733154297 537.295654296875 580.521179199219 590.047241210938 510.699249267578 391.825531005859
-9999 -9999 -9999 -9999 -9999 -9999 -9999 -9999 -9999 -9999 -9999 -9999 -9999 -9999 -9999 -9999 -9999 -9999 -9999 -9999 -9999 -9999 -9999 -9999 -9999 -9999 -9999 -9999 -9999 -9999 -9999 1149.01574707031 1136.28991699219 1125.44946289062 1121.64587402344 1123.96508789062 1123.43798828125 1120.15637207031 1126.06750488281 1145.38195800781 1167.69946289062 1142.50012207031 1125.35217285156 1077.54565429688 1021.12103271484 990.993408203125 979.685363769531 950.3193359375 912.026245117188 858.792114257812 818.385192871094 780.3173828125 742.380981445312 705.020629882812 674.619873046875 645.647277832031 618.405517578125 603.871337890625 589.520568847656 578.481018066406 569.650634765625 593.495788574219 627.046813964844 615.372985839844 521.264404296875 418.845611572266
-9999 -9999 -9999 -9999 -9999 -9999 -9999 -9999 -9999 -9999 -9999 -9999 -9999 -9999 -9999 -9999 -9999 -9999 -9999 -9999 -9999 -9999 -9999 -9999 -9999 -9999 -9999 -9999 -9999 -9999 -9999 1182.64587402344 1189.59399414062 1169.93969726562 1156.35681152344 1153.37878417969 1166.2578125 1178.51770019531 1178.90930175781 1182.00354003906 1169.02905273438 1166.48791503906 1126.86083984375 1067.32421875 1025.94860839844 1001.55187988281 981.662536621094 952.104614257812 918.794494628906 880.826416015625 839.060729980469 801.838562011719 773.891052246094 737.301208496094 706.618774414062 681.322570800781 660.79345703125 650.413391113281 641.507446289062 628.034423828125 631.124877929688 643.655883789062 661.86279296875 612.552490234375 513.824279785156 420.414703369141
-9999 -9999 -9999 -9999 -9999 -9999 -9999 -9999 -9999 -9999 -9999 -9999 -9999 -9999 -9999 -9999 -9999 -9999 -9999 -9999 -9999 -9999 -9999 -9999 -9999 -9999 -9999 -9999 -9999 -9999 -9999 -9999 1147.75756835938 1135.9169921875 1112.10546875 1108.27185058594 1112.90856933594 1139.67150878906 1153.53076171875 1140.11791992188 1106.57507324219 1068.91198730469 1035.60546875 1013.28778076172 1001.33227539062 991.852172851562 981.491638183594 954.873107910156 931.403686523438 892.0478515625 865.007934570312 836.21435546875 804.2958984375 771.906005859375 740.441040039062 712.745422363281 696.071228027344 692.181823730469 696.448669433594 703.053588867188 716.082336425781 734.283874511719 686.179382324219 598.157958984375 504.376922607422 420.431762695312
-9999 -9999 -9999 -9999 -9999 -9999 -9999 -9999 -9999 -9999 -9999 -9999 -9999 -9999 -9999 -9999 -9999 -9999 -9999 -9999 -9999 -9999 -9999 -9999 -9999 -9999 -9999 -9999 -9999 -9999 -9999 -9999 1129.61157226562 1105.44177246094 1081.46362304688 1066.54113769531 1066.79846191406 1070.96350097656 1073.03137207031 1047.64135742188 1016.64587402344 993.245788574219 966.123779296875 948.836303710938 943.735961914062 942.090026855469 955.969177246094 954.291870117188 941.531799316406 908.173645019531 889.420715332031 861.133911132812 828.116333007812 798.9462890625 765.5986328125 731.555297851562 713.747192382812 716.3857421875 741.198486328125 776.477722167969 814.007568359375 812.378112792969 698.510559082031 579.236083984375 492.657836914062 429.880645751953
-9999 -9999 -9999 -9999 -9999 -9999 -9999 -9999 -9999 -9999 -9999 -9999 -9999 -9999 -9999 -9999 -9999 -9999 -9999 -9999 -9999 -9999 -9999 -9999 -9999 -9999 -9999 -9999 -9999 -9999 -9999 -9999 1130.21411132812 1098.36511230469 1074.10461425781 1066.22619628906 1060.39367675781 1052.31408691406 1030.07238769531 1011.12927246094 990.402709960938 948.0986328125 923.548583984375 906.437683105469 895.353820800781 891.955505371094 898.173400878906 917.103088378906 943.853820800781 943.623657226562 918.924133300781 892.484497070312 868.93701171875 843.278503417969 807.046875 779.618591308594 752.961059570312 756.855895996094 793.279541015625 836.417297363281 858.746276855469 807.482360839844 681.703674316406 573.596618652344 502.692993164062 454.281188964844
-9999 -9999 -9999 -9999 -9999 -9999 -9999 -9999 -9999 -9999 -9999 -9999 -9999 -9999 -9999 -9999 -9999 -9999 -9999 -9999 -9999 -9999 -9999 -9999 -9999 -9999 -9999 -9999 -9999 -9999 -9999 -9999 1126.16040039062 1090.34558105469 1063.92297363281 1064.79895019531 1061.48303222656 1044.30212402344 1016.76202392578 999.311767578125 976.358032226562 939.834899902344 910.884216308594 890.244262695312 854.259094238281 834.910278320312 826.136779785156 835.580993652344 880.95068359375 921.404296875 942.250244140625 943.978698730469 934.336791992188 912.129272460938 893.075134277344 876.898620605469 847.578369140625 837.038513183594 854.391784667969 871.290771484375 840.403076171875 760.258544921875 659.846374511719 582.037231445312 523.285827636719 496.603698730469
-9999 -9999 -9999 -9999 -9999 -9999 -9999 -9999 -9999 -9999 -9999 -9999 -9999 -9999 -9999 -9999 -9999 -9999 -9999 -9999 -9999 -9999 -9999 -9999 -9999 -9999 -9999 -9999 -9999 -9999 -9999 -9999 1126.7421875 1091.02136230469 1051.93127441406 1046.99194335938 1052.39526367188 1035.92749023438 1010.97430419922 991.406066894531 971.097595214844 929.839782714844 898.124084472656 855.689147949219 826.423706054688 807.342346191406 790.39501953125 768.857604980469 795.016723632812 827.026672363281 894.09130859375 917.38720703125 953.3466796875 955.163146972656 951.139099121094 944.7626953125 932.514709472656 892.093078613281 870.794006347656 833.242065429688 783.220581054688 707.593017578125 641.185424804688 596.655334472656 549.635986328125 541.044555664062
-9999 -9999 -9999 -9999 -9999 -9999 -9999 -9999 -9999 -9999 -9999 -9999 -9999 -9999 -9999 -9999 -9999 -9999 -9999 -9999 -9999 -9999 -9999 -9999 -9999 -9999 -9999 -9999 -9999 -9999 -9999 -9999 1139.90795898438 1098.13171386719 1050.82946777344 1038.51416015625 1032.33312988281 1013.62951660156 1002.59729003906 984.163635253906 962.782958984375 918.202941894531 861.564025878906 827.070129394531 802.67919921875 776.292785644531 754.888671875 729.492492675781 718.225463867188 725.248413085938 785.258056640625 834.606506347656 889.342529296875 908.942749023438 935.584228515625 945.098571777344 946.999755859375 904.619812011719 856.632934570312 795.653930664062 738.8857421875 700.561889648438 653.303588867188 613.039184570312 591.837219238281 583.614929199219
-9999 -9999 -9999 -9999 -9999 -9999 -9999 -9999 -9999 -9999 -9999 -9999 -9999 -9999 -9999 -9999 -9999 -9999 -9999 -9999 -9999 -9999 -9999 -9999 -9999 -9999 -9999 -9999 -9999 -9999 -9999 -9999 1144.89025878906 1127.96911621094 1073.93566894531 1021.98760986328 1006.17584228516 992.025695800781 985.266540527344 973.86474609375 946.069946289062 889.917785644531 830.429931640625 801.396423339844 770.011474609375 744.051452636719 721.376159667969 699.85546875 688.895446777344 667.780517578125 675.265197753906 718.902709960938 759.017456054688 788.274353027344 804.081970214844 808.1650390625 810.761108398438 798.199645996094 762.523071289062 733.524475097656 731.161010742188 714.041931152344 680.662170410156 640.909240722656 614.676574707031 603.906433105469
-9999 -9999 -9999 -9999 -9999 -9999 -9999 -9999 -9999 -9999 -9999 -9999 -9999 -9999 -9999 -9999 -9999 -9999 -9999 -9999 -9999 -9999 -9999 -9999 -9999 -9999 -9999 -9999 -9999 -9999 -9999 -9999 -9999 1130.78869628906 1087.6904296875 1021.88720703125 990.378723144531 979.371398925781 970.872009277344 958.04443359375 915.198669433594 852.244750976562 805.481140136719 764.928161621094 736.143493652344 709.365051269531 690.008483886719 670.782348632812 650.072326660156 624.314025878906 621.046142578125 636.950073242188 658.399291992188 675.749267578125 696.0078125 711.512451171875 715.328247070312 696.701293945312 685.943725585938 683.126403808594 697.561645507812 710.660583496094 696.16357421875 667.541198730469 638.663208007812 629.60009765625
-9999 -9999 -9999 -9999 -9999 -9999 -9999 -9999 -9999 -9999 -9999 -9999 -9999 -9999 -9999 -9999 -9999 -9999 -9999 -9999 -9999 -9999 -9999 -9999 -9999 -9999 -9999 -9999 -9999 -9999 -9999 -9999 -9999 1141.517578125 1093.64953613281 1015.52728271484 979.596252441406 961.073913574219 953.347900390625 934.466003417969 886.162963867188 822.277465820312 771.752258300781 728.032592773438 705.326904296875 673.313232421875 651.286437988281 635.148803710938 613.092346191406 596.079162597656 577.612609863281 571.146057128906 590.255493164062 612.005615234375 622.887084960938 638.728454589844 641.627319335938 635.220336914062 621.695922851562 620.890502929688 635.2958984375 657.403137207031 676.681640625 669.03515625 646.261962890625 632.555541992188
