Rscript/monthly_maps/SnowDepthMapFile-q90-1989-12.asc
ncols 320 
nrows 361 
xllcorner 618410.159 
yllcorner 5088785.286 
cellsize 100 
NODATA_value -9999 
[rows 161 to 183 of 361, columns 106 to 158 of 320]
1561.85900878906 1551.34252929688 1530.42944335938 1514.73010253906 1501.46179199219 1475.41748046875 1452.76184082031 1430.7314453125 1378.64318847656 1376.00146484375 1413.41589355469 1484.38623046875 1526.07202148438 1553.73596191406 1582.85327148438 1562.56481933594 1537.63928222656 1504.615234375 1492.80578613281 1468.09851074219 1441.5224609375 1410.95825195312 1391.04479980469 1361.62475585938 1332.09948730469 1295.67163085938 1266.11572265625 1264.95031738281 1235.25231933594 1229.46960449219 1215.59301757812 1179.20629882812 1127.41979980469 1051.61743164062 980.100769042969 914.689575195312 841.93310546875 782.799499511719 689.598693847656 591.916259765625 522.609191894531 465.704528808594 402.918121337891 359.707397460938 235.019256591797 114.08228302002 99.4997253417969 90.3689651489258 77.8494110107422 75.0385055541992 53.8064422607422 35.1764221191406 7.37688302993774
1522.6572265625 1518.27685546875 1487.05883789062 1461.1865234375 1447.55590820312 1437.62915039062 1428.63732910156 1381.35034179688 1347.54284667969 1305.69421386719 1311.22021484375 1359.70947265625 1413.72058105469 1476.54162597656 1524.09313964844 1561.73107910156 1545.82360839844 1504.35803222656 1491.93334960938 1452.86206054688 1442.16186523438 1424.51477050781 1394.662109375 1375.54663085938 1349.76672363281 1312.04089355469 1276.08605957031 1252.56188964844 1246.00939941406 1232.40319824219 1181.31604003906 1151.09033203125 1077.85888671875 1005.25347900391 949.246032714844 878.513427734375 818.110168457031 762.70263671875 666.098022460938 580.991760253906 501.683044433594 462.475860595703 404.236389160156 297.379821777344 144.05110168457 108.383766174316 82.117057800293 54.1120643615723 29.3204898834229 31.8452339172363 5.97451591491699 9.58683109283447 5.08808898925781
1439.35607910156 1442.94555664062 1410.67822265625 1370.04418945312 1360.50512695312 1377.49719238281 1373.69091796875 1340.12023925781 1320.42468261719 1279.88098144531 1279.38635253906 1291.27917480469 1345.14086914062 1411.99438476562 1467.37365722656 1528.98620605469 1543.68664550781 1518.77062988281 1493.23193359375 1455.81787109375 1439.27697753906 1408.22790527344 1388.49157714844 1367.98876953125 1345.21069335938 1319.2197265625 1295.22998046875 1273.39025878906 1257.78796386719 1222.29125976562 1160.70947265625 1115.701171875 1041.49194335938 996.931701660156 933.132934570312 884.406982421875 834.938903808594 756.279479980469 685.731323242188 605.140930175781 544.697937011719 479.521728515625 427.977111816406 292.683166503906 163.28352355957 116.456649780273 71.5231246948242 60.8995971679688 29.2166957855225 10.5412197113037 6.42505311965942 8.90564727783203 8.40713787078857
1345.12219238281 1371.68579101562 1355.83666992188 1307.67541503906 1297.02221679688 1294.44409179688 1296.083984375 1290.22790527344 1285.525390625 1268.39416503906 1265.23754882812 1274.4951171875 1291.87768554688 1347.13989257812 1423.22143554688 1490.68273925781 1494.81005859375 1490.08801269531 1462.29162597656 1449.54968261719 1418.52209472656 1390.35510253906 1364.62963867188 1334.15417480469 1299.91906738281 1289.91271972656 1288.29614257812 1274.70849609375 1253.41027832031 1239.21325683594 1174.06237792969 1116.33862304688 1053.31555175781 997.568603515625 933.637390136719 891.386047363281 844.4169921875 797.201477050781 717.171813964844 646.07666015625 572.216369628906 514.178466796875 455.798309326172 366.677001953125 187.241729736328 134.727600097656 100.231307983398 70.529541015625 29.9167823791504 8.48964977264404 5.37720489501953 9.00579929351807 7.87136697769165
1271.84350585938 1308.94812011719 1295.79235839844 1266.85510253906 1250.74865722656 1248.67468261719 1248.07080078125 1245.44067382812 1238.63452148438 1236.48559570312 1237.91564941406 1244.4140625 1265.06188964844 1322.82055664062 1374.80090332031 1409.45007324219 1412.30078125 1407.76245117188 1404.27624511719 1401.48071289062 1387.64172363281 1352.08227539062 1306.7919921875 1293.63854980469 1266.31311035156 1259.98474121094 1269.53015136719 1274.70458984375 1261.06909179688 1231.37048339844 1173.89074707031 1112.73461914062 1082.41650390625 1034.91271972656 978.770935058594 914.910278320312 879.251708984375 840.918701171875 782.461303710938 698.518371582031 625.109008789062 558.75 490.553558349609 429.818176269531 286.537811279297 151.607177734375 117.742195129395 84.0197830200195 41.3457336425781 6.36030197143555 7.8198709487915 9.30122661590576 8.35298442840576
1221.43884277344 1258.27978515625 1259.10852050781 1245.46179199219 1214.890625 1186.80187988281 1176.75524902344 1172.73364257812 1182.87756347656 1184.54846191406 1203.68493652344 1225.35144042969 1247.46362304688 1297.62036132812 1319.38647460938 1327.87646484375 1290.95666503906 1286.61950683594 1283.21484375 1315.2666015625 1317.56896972656 1307.16027832031 1276.79565429688 1257.06359863281 1241.06005859375 1235.50817871094 1235.53234863281 1270.10717773438 1285.64184570312 1251.82385253906 1197.89782714844 1149.55407714844 1102.53576660156 1062.22448730469 1019.84338378906 971.286376953125 915.572692871094 882.392333984375 842.517761230469 762.708251953125 669.437072753906 591.489196777344 525.498657226562 464.053619384766 372.498626708984 185.523025512695 141.390899658203 109.359344482422 67.0773620605469 48.9704399108887 8.05561065673828 5.96623420715332 8.72867584228516
1139.22412109375 1178.35961914062 1209.57092285156 1171.27807617188 1148.90490722656 1137.30334472656 1131.77941894531 1133.78405761719 1118.16137695312 1122.23828125 1144.14562988281 1167.41101074219 1222.03955078125 1250.20397949219 1273.82189941406 1253.2978515625 1223.47143554688 1214.06713867188 1218.87365722656 1245.47045898438 1270.20422363281 1268.86474609375 1231.71240234375 1204.90588378906 1166.04516601562 1157.23327636719 1191.544921875 1247.990234375 1285.40173339844 1284.79382324219 1243.92761230469 1182.41040039062 1137.4521484375 1099.83764648438 1063.02709960938 1020.52276611328 977.035949707031 915.00732421875 852.927368164062 770.227233886719 658.947448730469 573.339660644531 512.459106445312 451.269165039062 353.551879882812 180.486145019531 122.445510864258 97.127311706543 57.7416954040527 40.5467147827148 6.86784887313843 9.43551731109619 8.32416534423828
1042.21557617188 1077.97436523438 1121.41247558594 1105.43835449219 1065.75939941406 1048.07238769531 1037.17553710938 1037.109375 1045.0595703125 1052.42333984375 1078.81921386719 1116.58947753906 1156.38146972656 1178.88940429688 1177.70300292969 1169.00805664062 1158.34985351562 1140.77429199219 1153.55078125 1170.00280761719 1193.67785644531 1219.35778808594 1185.73010253906 1132.1943359375 1090.80432128906 1081.1767578125 1095.34875488281 1173.80981445312 1266.84118652344 1306.849609375 1288.9296875 1249.92810058594 1199.17041015625 1151.48779296875 1093.14013671875 1042.89086914062 975.229919433594 891.497314453125 825.87646484375 734.736022949219 608.577514648438 531.629150390625 457.825592041016 402.714660644531 283.182312011719 133.50016784668 120.48755645752 73.9318466186523 36.5219993591309 6.55427122116089 5.07621812820435 8.71111583709717 7.2496018409729
934.409118652344 967.533020019531 998.995788574219 1001.95135498047 989.919372558594 979.47216796875 972.704040527344 979.11279296875 989.203552246094 1011.65582275391 1013.93316650391 1045.90673828125 1076.04016113281 1118.45471191406 1118.93823242188 1096.46447753906 1080.01489257812 1075.03442382812 1092.21923828125 1116.85400390625 1149.05163574219 1156.08142089844 1120.37084960938 1044.34411621094 1019.83892822266 992.358276367188 1019.23956298828 1078.18408203125 1189.01184082031 1283.70935058594 1326.42419433594 1302.41833496094 1253.48876953125 1196.36401367188 1112.87524414062 1031.04919433594 941.861938476562 856.31494140625 786.647644042969 668.303283691406 550.6357421875 482.238494873047 417.029113769531 349.464569091797 172.105667114258 125.681312561035 98.3588180541992 54.6693801879883 27.8271045684814 6.46566104888916 8.62426280975342 7.22506093978882 6.10861301422119
831.343078613281 840.77783203125 873.908081054688 894.307006835938 897.298767089844 914.441284179688 908.180603027344 916.999389648438 922.457214355469 936.517700195312 940.113525390625 973.509094238281 997.510559082031 1018.15728759766 1030.95336914062 1015.03698730469 996.864135742188 996.470642089844 1018.73748779297 1051.27661132812 1083.32263183594 1087.59130859375 1040.11657714844 973.987670898438 924.446472167969 917.814697265625 920.967224121094 981.701171875 1104.25939941406 1221.40612792969 1278.5791015625 1275.42614746094 1251.69702148438 1198.23937988281 1112.41430664062 1022.47552490234 911.702880859375 825.107177734375 752.372314453125 617.295104980469 531.723205566406 450.660461425781 392.307312011719 262.050537109375 136.851348876953 96.3227844238281 52.8903694152832 29.1243572235107 7.79572486877441 8.63247966766357 7.39354705810547 6.18715620040894 9.56060981750488
760.420837402344 766.198303222656 799.946044921875 828.148559570312 839.15234375 834.3779296875 828.367309570312 830.399353027344 846.085327148438 860.749694824219 877.049255371094 892.030517578125 899.667846679688 938.469177246094 961.544738769531 930.4970703125 913.040100097656 915.356506347656 937.982116699219 987.137878417969 1022.96496582031 1023.994140625 960.203186035156 886.714172363281 856.280334472656 833.206848144531 862.507263183594 893.634826660156 1015.54370117188 1132.02807617188 1214.59228515625 1239.08142089844 1226.44006347656 1181.33544921875 1108.69067382812 1023.76489257812 902.779602050781 811.771667480469 725.603942871094 585.675109863281 516.391845703125 439.561401367188 364.475402832031 184.184448242188 122.034324645996 100.693153381348 44.3365440368652 9.98134422302246 8.61420345306396 7.21834707260132 6.07940912246704 3.86432003974915 8.61678314208984
697.181518554688 719.008544921875 745.17236328125 772.555480957031 790.505432128906 792.691833496094 776.6845703125 776.645141601562 791.607727050781 802.956604003906 808.577880859375 819.207458496094 834.97900390625 865.113525390625 878.299194335938 863.257446289062 844.289611816406 847.736206054688 868.419677734375 923.458129882812 941.148559570312 932.940185546875 874.612609863281 811.24462890625 803.662780761719 796.60986328125 806.879272460938 860.149780273438 948.423156738281 1036.45568847656 1087.63415527344 1092.79321289062 1103.41174316406 1106.39892578125 1071.28747558594 1002.83441162109 885.239501953125 801.059265136719 700.079162597656 571.129333496094 493.294403076172 425.599151611328 318.656860351562 137.006011962891 124.166656494141 78.0360565185547 44.7617492675781 5.48239803314209 7.38443422317505 5.75202608108521 9.65433311462402 8.64733982086182 7.23445892333984
588.146240234375 622.350830078125 676.188659667969 709.384399414062 720.789489746094 716.019775390625 696.022033691406 693.44189453125 706.1826171875 743.192077636719 759.694274902344 768.857604980469 774.936889648438 786.736267089844 801.723022460938 785.923156738281 781.817687988281 783.839904785156 806.846008300781 828.871948242188 856.994262695312 856.273803710938 812.371704101562 774.685180664062 763.785949707031 745.206604003906 789.653991699219 809.46240234375 886.832214355469 928.749145507812 970.900390625 975.481079101562 991.189025878906 1020.03381347656 1007.43676757812 939.617553710938 842.329895019531 777.194519042969 640.703979492188 542.392883300781 472.973907470703 408.711883544922 279.580627441406 131.84260559082 103.079650878906 61.243522644043 15.2980270385742 8.21545219421387 5.9570631980896 9.38833808898926 8.32687473297119 6.75078201293945 4.74725723266602
528.510986328125 540.601684570312 567.345520019531 595.11328125 618.412048339844 612.413818359375 592.527282714844 575.241394042969 588.170776367188 620.742858886719 651.642456054688 675.933837890625 697.39306640625 713.144653320312 729.155578613281 712.900634765625 703.423217773438 714.642211914062 747.988586425781 768.128479003906 779.045166015625 782.618591308594 759.482727050781 706.1884765625 665.571472167969 697.308044433594 746.761047363281 797.211303710938 825.823425292969 840.590942382812 845.029907226562 860.710998535156 874.517822265625 892.644165039062 899.541442871094 839.135620117188 786.431518554688 691.972839355469 551.463134765625 497.454803466797 431.860595703125 381.036407470703 193.183441162109 126.269622802734 74.2806015014648 35.2379989624023 6.70730113983154 7.08668184280396 4.03055381774902 8.43665790557861 6.72935914993286 4.2135329246521 8.38670921325684
483.657897949219 495.809875488281 517.761413574219 534.240417480469 537.489685058594 537.598571777344 533.145385742188 530.137268066406 533.865417480469 538.841979980469 547.753295898438 553.712585449219 555.770446777344 564.084045410156 565.295837402344 561.325805664062 563.258361816406 571.391906738281 613.311401367188 656.082458496094 686.044738769531 684.135925292969 660.090087890625 607.657775878906 599.682495117188 620.167663574219 679.622802734375 763.160095214844 778.910583496094 766.395080566406 765.038452148438 768.677551269531 786.572265625 806.137817382812 807.067321777344 787.833251953125 703.787536621094 558.433227539062 509.104125976562 450.161926269531 399.410980224609 302.884918212891 141.592407226562 99.9689331054688 59.4651184082031 23.0319595336914 7.92465496063232 5.92371606826782 8.82389259338379 6.86878776550293 4.2277889251709 8.11518001556396 8.02869033813477
436.693817138672 438.423461914062 447.924835205078 465.288116455078 471.126190185547 465.048156738281 460.320526123047 459.004302978516 463.21630859375 470.121673583984 481.554962158203 480.800598144531 485.079040527344 490.254486083984 489.690246582031 494.076416015625 495.283813476562 511.930084228516 518.228759765625 538.850463867188 548.552001953125 554.526489257812 542.458435058594 543.616088867188 555.614501953125 577.19873046875 598.015991210938 666.272644042969 683.304382324219 684.204040527344 682.990539550781 691.864074707031 728.892639160156 746.193542480469 756.395446777344 722.789184570312 591.296264648438 519.263244628906 457.664520263672 404.476318359375 340.938385009766 168.180130004883 118.280227661133 77.5538024902344 31.56760597229 6.07805681228638 6.75557708740234 9.41636657714844 7.90196895599365 4.73459482192993 8.15516090393066 7.86257314682007 7.22122621536255
403.177215576172 399.450775146484 397.327697753906 399.721008300781 400.391479492188 406.164184570312 401.054748535156 409.606018066406 403.028472900391 401.762634277344 403.249908447266 402.793182373047 403.669830322266 406.338317871094 406.725982666016 407.972747802734 407.534851074219 424.640960693359 445.614074707031 459.137145996094 468.457916259766 478.621276855469 488.347106933594 495.474731445312 501.302398681641 524.336242675781 542.942199707031 548.837646484375 559.671020507812 555.025207519531 558.458801269531 554.470581054688 592.72412109375 638.806945800781 661.091735839844 621.69970703125 552.721374511719 486.264221191406 417.586730957031 353.302062988281 190.374404907227 120.717315673828 89.3084411621094 47.0308876037598 10.0216617584229 7.69064283370972 4.26390218734741 8.55016040802002 5.64111995697021 8.06229305267334 7.01859617233276 6.37105321884155 6.58094501495361
298.874359130859 314.065887451172 315.006103515625 327.385070800781 329.563873291016 324.401916503906 317.778167724609 317.134948730469 326.804229736328 338.872985839844 345.357666015625 347.361175537109 348.797088623047 353.148986816406 352.528198242188 350.757110595703 350.142517089844 359.998229980469 368.260009765625 379.316741943359 383.405578613281 405.965484619141 405.200836181641 428.934692382812 438.775054931641 461.083312988281 484.984497070312 493.197052001953 496.160186767578 502.705718994141 512.165466308594 533.038330078125 543.841796875 580.696838378906 608.408569335938 603.798583984375 561.534362792969 468.389801025391 395.153778076172 235.954727172852 127.540824890137 94.9845962524414 59.2467460632324 28.5919342041016 9.23587417602539 6.36281776428223 9.22917747497559 7.35683012008667 8.52778625488281 6.98369884490967 6.13501405715942 6.22974300384521 6.07158803939819
171.643692016602 160.18684387207 158.316162109375 151.552688598633 151.336791992188 160.863418579102 161.306671142578 166.871429443359 171.58056640625 173.285263061523 176.513931274414 172.269134521484 178.861755371094 175.521224975586 170.509628295898 166.783630371094 167.342758178711 184.293334960938 202.641815185547 222.725662231445 239.593490600586 262.647399902344 299.040344238281 341.109802246094 362.943084716797 386.649322509766 404.315338134766 424.988830566406 435.115692138672 441.183959960938 466.161071777344 481.519470214844 509.240234375 553.458129882812 596.15283203125 595.512756347656 545.599243164062 463.873840332031 361.923980712891 143.061737060547 109.240844726562 56.0777626037598 24.0056591033936 5.15172719955444 6.7403998374939 9.57096576690674 8.04051876068115 4.67179822921753 6.75562000274658 6.06729698181152 5.98444604873657 5.77045679092407 5.73862791061401
180.345901489258 171.804534912109 143.271774291992 143.465057373047 128.959747314453 126.377876281738 126.096336364746 136.093978881836 138.430770874023 139.958892822266 126.940986633301 114.185890197754 106.624282836914 105.24674987793 94.3872909545898 92.3596038818359 92.2307662963867 90.8658752441406 100.358825683594 98.1686859130859 103.683013916016 101.659812927246 102.853691101074 125.819808959961 178.169799804688 257.280426025391 314.028839111328 349.288635253906 376.363677978516 405.252502441406 427.821838378906 455.707427978516 473.190612792969 520.981140136719 548.441284179688 551.834899902344 515.434509277344 449.95849609375 312.624877929688 132.384368896484 108.969612121582 47.1242523193359 8.09553813934326 7.41667318344116 5.32542896270752 8.55056095123291 6.66422319412231 7.95214891433716 6.54900693893433 6.12876415252686 5.73902702331543 5.59018707275391 5.22353219985962
181.822692871094 171.050735473633 156.382064819336 157.204986572266 146.345932006836 146.924697875977 137.57389831543 133.821212768555 128.555053710938 135.263198852539 107.509796142578 105.623420715332 112.228042602539 111.782905578613 90.6240844726562 90.3796310424805 86.2587890625 92.4466857910156 73.8899917602539 61.5527648925781 60.991870880127 64.6299667358398 81.2742767333984 87.7884368896484 91.8027496337891 110.198875427246 150.069931030273 190.314483642578 231.359329223633 287.391632080078 356.624908447266 410.193145751953 441.33984375 472.773773193359 483.928436279297 483.379089355469 469.164978027344 407.501708984375 248.978012084961 121.87947845459 76.6547012329102 42.0784034729004 8.88525390625 6.41705179214478 9.30601596832275 7.52593088150024 4.51803112030029 6.904953956604 6.83480596542358 6.11811017990112 5.72109079360962 5.10462713241577 5.2030930519104
187.549194335938 181.662536621094 174.820373535156 161.328765869141 155.735549926758 149.082595825195 132.334930419922 132.128219604492 139.494842529297 124.891311645508 113.486335754395 105.53621673584 96.5296325683594 93.3201446533203 85.3337020874023 90.6286315917969 77.0447998046875 68.4340362548828 62.2676467895508 43.8399314880371 51.7337989807129 41.4553909301758 55.2084045410156 64.3015213012695 79.4819793701172 85.6902694702148 101.379104614258 120.19970703125 138.510940551758 149.975372314453 211.203628540039 280.534301757812 370.710205078125 416.349945068359 427.771636962891 425.061340332031 403.365753173828 313.328460693359 155.408630371094 126.058975219727 63.9516258239746 24.6019229888916 7.61961078643799 5.5022931098938 8.54089164733887 5.47125816345215 8.3264627456665 8.05038928985596 6.80172491073608 6.14998912811279 5.77056312561035 5.13484191894531 5.23612213134766
221.690704345703 195.136337280273 177.116165161133 170.924606323242 162.529968261719 162.64387512207 148.754669189453 154.375747680664 140.75764465332 118.120002746582 106.069000244141 101.295852661133 95.7734680175781 95.6221160888672 95.4429168701172 69.460823059082 69.3879623413086 54.5161514282227 56.0137405395508 37.6077995300293 34.7046051025391 34.7341766357422 34.2203407287598 52.6443214416504 51.2306213378906 66.3368606567383 80.5116271972656 88.5451354980469 99.4110260009766 101.71142578125 114.642265319824 119.51741027832 164.626068115234 228.931137084961 279.343811035156 264.364807128906 229.91911315918 133.010177612305 124.281982421875 100.074714660645 41.9918975830078 5.65979623794556 6.53035593032837 9.30166625976562 7.65188598632812 4.59401702880859 7.90481805801392 7.36558389663696 6.61334180831909 6.09096908569336 5.74368715286255 5.24970483779907 5.82845497131348
