Rscript/monthly_maps/SnowDepthMapFile-q90-1990-02.asc
ncols 320 
nrows 361 
xllcorner 618410.159 
yllcorner 5088785.286 
cellsize 100 
NODATA_value -9999 
[rows 230 to 252 of 361, columns 212 to 264 of 320]
0 0 0 0 0 0 0 0 0 0 0 3.49208092689514 3.32065796852112 4.84736313819885 3.12707812786102 4.5923318862915 3.55831503868103 3.60312390327454 3.61034989356995 2.5106680393219 3.06090307235718 2.83234405517578 2.98625302314758 3.87998509407043 4.41326904296875 7.21237006187439 10.4900891304016 18.8766265869141 31.7953321456909 40.593904876709 42.5797710418701 43.0472881317139 41.0044887542725 38.3178359985352 43.7294090270996 60.3099685668945 108.673048400879 157.343142700195 174.683052062988 180.083576965332 199.495333862305 207.29880065918 208.565647888184 209.275503540039 213.766633605957 221.55225982666 227.691661071777 231.828646850586 237.281796264648 238.058929443359 234.488336181641 230.09740447998 228.195761108398
0 0 0 0 0 0 0 2.65152111053467 2.68576955795289 2.83723583221436 2.16062994003296 0 0 2.60443496704102 2.80816602706909 0 0 1.98198366165162 2.67714214324952 1.90258197784424 0 0 0 0 0 2.7817120552063 2.9361310005188 3.05730509757996 3.80703806877136 4.77657709121704 5.91089255809784 6.31260602474213 7.76607422828675 7.03459432125092 11.0138603210449 21.2067638397217 47.7249359130859 97.7185646057129 132.663325500488 164.64358215332 173.940214538574 176.070657348633 175.721374511719 176.563954162598 178.879554748535 195.94126739502 209.453788757324 214.717108154297 218.499049377441 221.167730712891 221.259057617188 218.714315795898 215.20428314209
0 0 0 0 0 0 2.65131940841675 2.6749457359314 2.69675474166871 0 2.69970073699952 2.22037954330445 2.36957788467408 2.66080598831177 2.68670482635499 2.39438667297364 4.79539210796357 5.22466063499451 5.3659839630127 5.32413449287415 4.37784361839295 2.07005453109742 1.91393909454346 2.15518770217896 2.3163378238678 2.19275493621827 0 0 0 2.85096907615662 0 0 0 2.90267896652222 5.36114311218262 8.21920223236085 25.1863958358765 53.7255077362061 94.9866104125977 120.066857147217 144.061557006836 149.647966003418 143.312097167969 146.14022064209 159.220719909668 170.874574279785 177.675183105469 180.981019592285 186.242739868164 201.443016052246 204.438606262207 195.606692504883 181.582778930664
0 0 0 0 0 0 0 0 8.21949577331543 8.94424915313721 9.68982315063477 9.08555316925049 2.13519845008851 2.36670541763306 4.34745960235596 5.07632672786713 8.87479004859925 20.4913908004761 23.8860189437866 21.5619401931763 10.199351978302 4.10224196910858 6.07338290214539 5.10016713142395 4.26359157562256 6.33090534210205 4.98147730827332 2.84800291061401 0 0 0 0 0 0 0 4.1720335483551 20.0934209823608 42.3412040710449 60.4111854553223 85.8680557250977 101.086061096191 102.499733734131 98.7981796264649 100.329114532471 111.263287353516 123.644566345215 153.727372741699 165.18243560791 173.166706848145 178.598756408691 178.951110839844 176.475187683105 167.965303039551
0 3.83458089828491 2.63896636962891 0 0 3.2329409122467 4.51571702957153 3.14200806617737 3.44019794464111 2.82430505752563 3.8407130241394 5.23479821681977 5.08720064163208 8.56071538925171 17.682550239563 32.2559595108032 76.1916618347168 127.423766326904 136.129649353027 116.630883789062 64.2510261535645 28.7281129837036 21.3860704421997 16.2766089439392 14.847820854187 13.4701454162598 10.1081091880798 4.59193978309632 2.88810610771179 2.83988399505616 0 0 0 0 0 5.8005675315857 24.0626840591431 39.8604217529297 47.94641456604 51.7372650146484 56.6956718444824 58.4104343414307 56.6169471740723 58.7751308441162 65.343380355835 88.4731719970703 105.466813659668 118.619778442383 143.148022460938 161.065292358398 164.211791992188 155.073602294922 120.937600708008
10.2436219215393 9.85003833770752 9.98128595352173 10.0242308616638 12.7400543212891 16.6820268630981 18.2385591506958 22.3528854370117 23.87144947052 25.5030652999878 27.4134920120239 35.0286853790283 55.7731472015381 72.4885856628418 123.14987411499 169.620008850098 188.119454956055 218.415843200684 221.687983703613 193.311474609375 177.314456176758 135.2919921875 104.334559631348 71.9978775024414 62.0238220214844 58.2416801452637 31.2522871017456 17.1910357475281 6.268616771698 2.97678394317628 0 0 0 0 0 6.07229483127595 26.021463394165 37.2583122253418 37.2008625030518 34.8185905456543 34.5198947906494 35.2048648834229 36.6182224273682 40.2268905639648 46.6627372741699 53.1979034423828 63.5395862579346 79.6076324462891 102.473094177246 115.04817199707 116.363441467285 105.683961486816 72.8073112487793
72.37119140625 79.2024848937988 95.6594665527344 104.992938232422 119.982441711426 133.715466308594 141.953979492188 157.634252929688 166.202937316895 168.610357666016 169.582827758789 172.29485168457 177.576406860352 187.249110412598 215.69617767334 232.245741271973 247.782247924805 262.820040893555 262.016415405273 242.951187133789 228.210585021973 210.520501708984 186.239653015137 178.872074890137 171.745867919922 135.151329040527 95.2983016967773 54.8853290557861 18.9901271820068 5.82011499404907 0 0 0 0 0 5.948215675354 22.7582159042358 32.1354354858398 28.4374027252197 24.072406578064 21.5603553771973 21.590923500061 23.2913545608521 26.1699258804321 32.1489067077637 35.5575759887695 42.6906063079834 52.1440433502197 60.4858966827393 66.6398933410645 65.3766906738281 58.1922779083252 43.3651466369629
181.00550994873 184.571315002441 188.472554016113 190.90082244873 194.837016296387 199.919152832031 215.17081451416 222.627732849121 226.06100769043 228.11369934082 229.506666564941 231.841383361816 235.872970581055 242.192945861816 257.407391357422 269.226266479492 275.266778564453 277.24841003418 275.06201171875 269.663726806641 262.000189208984 244.563298034668 236.855487060547 231.208929443359 223.532098388672 195.736106872559 177.74044342041 122.830876159668 56.7958557128906 12.6833249092102 2.9381799697876 0 0 0 0 4.59959077835083 10.8644936561585 21.2777492523193 20.3366039276123 15.2869582176209 12.2024227142334 11.9328879356384 13.2369594573975 16.7172925949097 19.9285524368286 23.3493566513062 26.9151796340942 33.8065040588379 38.2385303497314 40.8931201934815 35.9431495666504 28.6069189071655 21.9186296463013
227.858531188965 227.672639465332 227.793496704102 229.263790893555 235.192051696777 244.047116088867 250.448863220215 253.190707397461 252.683625793457 253.382273864746 256.48913269043 265.120443725586 271.874349975586 275.826815795898 279.852749633789 283.936178588867 287.688995361328 288.6947265625 286.477990722656 281.480697631836 276.373382568359 271.278771972656 267.690411376953 264.147769165039 256.231660461426 240.503764343262 223.271244812012 181.488076782227 116.382807922363 32.1037460327149 6.56492381095886 0 0 0 0 3.81648802757263 5.02704181671143 6.99183320999146 11.0145754814148 7.68021478652954 9.41712017059326 9.38187637329102 9.84438438415527 10.4719401359558 11.81841173172 13.3162123680115 16.2471736907959 20.3917032241821 24.2847694396973 24.9145320892334 20.5880920410156 13.8154570579529 10.9929834365845
247.560133361816 253.086642456055 261.34167175293 268.010626220703 274.446664428711 291.330053710937 294.822979736328 293.190017700195 288.006707763672 285.242593383789 288.962075805664 292.515954589844 293.671987915039 293.691732788086 294.562036132813 296.818765258789 299.332357788086 300.187994384766 298.464474487305 294.894561767578 292.585940551758 288.477600097656 286.85002746582 284.028668212891 277.225564575195 267.891665649414 249.275871276855 215.583125305176 170.647787475586 67.326212310791 19.1061218261719 5.64061355590821 0 0 0 0 5.15876197814941 4.57570471763611 4.3126904964447 4.34506306648254 3.4417763710022 4.03253889083862 6.84949054718018 8.31335940361023 9.44531974792481 10.2775735855103 10.3998833656311 11.4412845611572 13.5467704772949 12.3207275390625 11.128632068634 9.87554597854614 6.75399770736695
287.479672241211 295.510540771484 345.432580566406 383.757455444336 395.435061645508 411.743301391602 395.205023193359 376.888943481445 354.797567749023 328.936920166016 310.427893066406 311.887982177734 312.803497314453 312.074533081055 311.169287109375 311.743298339844 313.553509521484 314.166049194336 313.167904663086 310.656192016602 308.890249633789 307.642041015625 305.780206298828 298.387631225586 286.373727416992 272.922164916992 256.546011352539 221.523443603516 177.034550476074 99.7502067565918 30.6850553512573 6.22415704727173 0 0 0 0 0 3.11830496788025 4.07192182540894 3.60143709182739 3.87424397468567 3.51194095611572 3.06273889541626 3.35762310028076 3.34828355312347 3.97181034088135 5.16412010192871 8.19774479866028 9.23467864990234 9.13241968154907 7.45424771308899 3.09812304973602 5.42885780334473
366.481872558594 398.194049072266 421.817697143555 463.153692626953 479.742727661133 483.339038085938 471.874722290039 460.648614501953 429.852862548828 417.653198242188 390.974005126953 376.385049438477 374.918804931641 333.549298095703 334.218859863281 335.381564331055 336.670101928711 337.590783691406 337.399227905273 336.308432006836 336.1912109375 334.631201171875 329.584786987305 304.195767211914 285.657220458984 267.990188598633 242.877227783203 210.964794921875 170.886415100098 91.6703636169434 31.4630718231201 10.0675355911255 3.83967089653015 0 0 0 0 0 0 2.8603401184082 2.78496789932251 4.37458276748657 4.06675386428833 3.03326296806335 3.76556897163391 4.26173877716064 3.21492195129395 4.9698691368103 3.72218108177185 5.1820969581604 4.71708822250366 0 0
456.164083862305 468.873986816406 483.848150634766 527.571417236328 547.473004150391 561.207885742188 543.308959960938 532.494848632812 495.938784790039 468.203561401367 459.732177734375 440.054263305664 424.245068359375 394.976428222656 394.896215820313 392.936935424805 390.618896484375 384.821405029297 383.036386108398 380.592651367188 348.259878540039 342.914190673828 330.043023681641 297.516488647461 278.692279052734 258.268064880371 228.967509460449 181.026042175293 127.519879150391 57.7102725982666 23.9746650695801 6.41350331306458 3.7325599193573 0 0 0 0 0 0 0 0 0 0 0 3.21629905700684 0 0 0 0 0 0 0 0
511.903668212891 515.676043701172 539.527081298828 594.498052978516 640.372784423828 658.461474609375 629.195623779297 598.320532226562 556.848461914063 531.238000488281 492.864215087891 466.080987548828 462.219692993164 447.955081176758 442.759020996094 453.68258972168 436.323120117188 439.911834716797 406.544082641602 406.522860717773 383.110864257813 338.610287475586 309.998126220703 287.171298217773 265.620034790039 237.078768920898 207.795053100586 167.015823364258 70.0034599304199 30.2184494018555 11.3456823348999 6.45035891532898 3.7243070602417 0 0 0 0 0 0 0 0 0 0 0 0 0 0 0 0 0 0 0 0
543.362023925781 555.959613037109 606.662084960937 683.505560302734 731.215374755859 748.980151367188 730.165161132812 693.29189453125 641.929254150391 593.617578125 547.070373535156 512.957168579102 499.649356079102 484.432498168945 492.820895385742 489.337161254883 474.895611572266 462.923428344727 440.681176757813 412.321615600586 379.985894775391 328.78381652832 297.264111328125 272.275827026367 242.796553039551 222.01368560791 173.990190124512 106.848667907715 30.841886138916 12.6814487457275 3.78766493797302 3.65120100975037 0 0 0 0 0 0 0 0 0 0 0 0 0 0 0 0 0 0 0 0 0
589.507940673828 616.545556640625 696.371008300781 763.373590087891 794.446923828125 802.007073974609 800.667254638672 779.23095703125 750.849871826172 683.979742431641 612.195446777344 562.610534667969 540.182452392578 525.983282470703 511.173391723633 498.282067871094 492.115496826172 476.945150756836 426.974105834961 401.125869750977 363.504251098633 309.234552001953 285.773565673828 250.61078338623 229.507360839844 183.515316772461 134.134922790527 48.3705707550049 17.0808422088623 7.47846784591675 5.30881214141846 2.40542101860046 0 0 0 0 0 0 0 0 0 0 0 0 0 0 0 0 0 0 0 0 0
612.480059814453 685.02392578125 763.359259033203 805.959820556641 827.773950195312 828.295666503906 828.128680419922 815.616870117188 803.803729248047 772.990093994141 696.318658447266 618.693225097656 570.106500244141 540.078283691406 524.189117431641 502.664227294922 486.279766845703 443.130545043945 414.982702636719 368.332385253906 317.579486083984 299.270520019531 270.552383422852 240.84518737793 215.747875976563 167.448112487793 70.7238639831543 24.7241636276245 7.29838309288025 4.14279508590698 3.96299290657043 0 0 0 0 0 0 0 0 0 0 0 0 0 0 0 0 0 0 0 0 0 0
614.724664306641 717.614654541016 800.657098388672 827.23359375 850.251519775391 851.015264892578 847.757489013672 837.735388183594 815.802770996094 789.759228515625 700.682598876953 611.680609130859 541.312542724609 525.631005859375 493.18899230957 492.658972167969 469.489721679687 425.702478027344 379.423724365234 326.349661254883 307.028576660156 288.565719604492 259.234001159668 231.286047363281 183.286801147461 127.372611999512 43.7377429962158 16.9896575927734 5.84972491264343 4.90540790557861 2.99675893783569 0 3.18061323165894 0 0 0 0 0 0 0 0 0 0 0 0 0 0 0 0 0 0 0 0
602.098297119141 726.741485595703 809.008996582031 852.757604980469 858.580181884766 847.830151367187 823.418585205078 817.458142089844 797.91201171875 740.099530029297 650.157049560547 553.020172119141 515.183438110352 490.456439208984 461.036029052734 440.48740234375 409.603619384766 374.933059692383 329.290646362305 310.480227661133 297.222857666016 278.710766601563 249.886738586426 222.907191467285 172.398519897461 92.1265365600586 30.5260601043701 11.7908301353455 6.73141565322876 4.35267305374146 5.30185515880585 0 3.21400909423829 0 0 0 0 0 0 0 0 0 0 0 0 0 0 0 0 0 0 0 0
589.355395507813 722.613598632813 803.561743164062 835.031225585937 848.685681152344 815.745666503906 800.277301025391 770.235479736328 720.344909667969 638.047668457031 542.133251953125 490.263696289063 454.624078369141 426.296350097656 396.818441772461 374.176663208008 342.360565185547 325.556832885742 312.302304077148 302.526086425781 288.405935668945 272.257904052734 241.214930725098 207.647567749023 162.453433227539 59.7700187683105 23.7421632766724 10.7787161827087 6.6184057712555 5.2193250656128 3.11756110191345 0 0 0 0 0 0 0 0 0 0 0 0 0 0 0 0 0 0 0 0 0 0
556.420343017578 689.696795654297 780.125274658203 804.788916015625 805.880541992187 773.028485107422 723.236114501953 672.185101318359 591.350225830078 523.065026855469 487.423413085937 451.137020874023 405.770568847656 382.61100769043 333.133963012695 318.353964233398 313.740603637695 310.827362060547 304.950042724609 294.213650512695 281.404605102539 266.793658447266 235.088713073731 184.044032287598 128.815624237061 47.8111549377441 22.6591365814209 8.8346417427063 7.03880004882813 5.7829065322876 3.57592391967773 0 0 3.10815868377686 0 0 0 0 0 0 0 0 0 0 0 0 0 0 0 0 0 0 0
535.038836669922 605.211468505859 697.707366943359 728.57431640625 723.476477050781 681.043304443359 617.288409423828 542.810601806641 511.159469604492 459.372604370117 428.953750610352 401.065704345703 382.141177368164 328.311831665039 314.556509399414 308.919662475586 305.043521118164 300.873858642578 295.196212768555 285.874740600586 274.977410888672 259.326080322266 225.110237121582 178.326466369629 114.563941192627 43.9797492980957 22.9315607070923 8.60816535949708 7.9504599571228 5.49011173248291 3.37819290161133 2.62020235061646 0 0 3.14536142349244 0 0 0 0 0 0 0 0 0 0 0 0 0 0 0 0 0 0
497.386819458008 513.343988037109 560.009124755859 588.235363769531 581.207464599609 540.351531982422 509.893533325195 510.440026855469 472.901751708984 433.51145324707 404.038110351563 370.181405639648 324.817425537109 314.277722167969 309.132766723633 301.795993041992 294.901538085937 289.294201660156 284.422955322266 277.574774169922 266.318591308594 238.567437744141 208.366676330566 173.289901733398 100.275561523438 41.1839244842529 24.4575092315674 9.93875069618226 7.5144971370697 4.23963012695313 4.99975440502167 2.67551898956299 2.4892541885376 0 0 0 0 0 0 0 0 0 0 0 0 0 0 0 0 0 0 0 0
