Rscript/monthly_maps/SnowDepthMapFile-q25-1989-12.asc
ncols 320 
nrows 361 
xllcorner 618410.159 
yllcorner 5088785.286 
cellsize 100 
NODATA_value -9999 
[rows 100 to 124 of 361, columns 56 to 111 of 320]
588.879425048828 587.755493164062 568.343292236328 556.34716796875 528.727203369141 518.092010498047 510.656372070312 498.765197753906 479.463989257812 465.094177246094 453.910293579102 436.823379516602 406.290603637695 352.193267822266 325.651412963867 307.679046630859 293.380599975586 271.508544921875 255.184143066406 226.844779968262 206.171180725098 192.701133728027 184.604904174805 172.907852172852 157.134811401367 144.903717041016 120.708606719971 115.447994232178 101.489181518555 111.087490081787 131.316734313965 144.209884643555 149.238189697266 152.208190917969 152.563140869141 154.645751953125 173.184532165527 181.236686706543 192.207832336426 198.89128112793 203.621971130371 204.527565002441 207.25186920166 194.008415222168 205.113967895508 203.25350189209 204.167411804199 205.460227966309 195.917381286621 206.62442779541 207.113395690918 195.762962341309 210.549308776855 207.280426025391 191.540435791016 199.342803955078
591.775848388672 572.488342285156 563.360595703125 537.797821044922 526.203216552734 521.191467285156 517.351226806641 506.143539428711 501.61296081543 479.82780456543 467.059585571289 456.145477294922 428.465484619141 384.937103271484 344.618835449219 325.364410400391 309.764175415039 279.961990356445 259.802017211914 231.965797424316 207.821647644043 194.78108215332 185.224998474121 173.695556640625 158.676391601562 142.703460693359 129.861305236816 113.06526184082 109.179351806641 113.314464569092 120.660255432129 134.657073974609 136.058013916016 140.702514648438 141.127006530762 144.764846801758 153.271148681641 169.545112609863 175.103820800781 182.053604125977 187.802261352539 188.964820861816 189.522468566895 191.543884277344 193.503707885742 188.470809936523 177.241088867188 171.908706665039 172.347381591797 179.729484558105 183.660339355469 190.300231933594 193.968673706055 193.540962219238 190.768035888672 194.583808898926
598.900329589844 572.858367919922 558.602661132812 532.266876220703 527.113311767578 527.619384765625 530.971160888672 523.567657470703 513.038787841797 494.145935058594 479.54345703125 471.078323364258 454.754684448242 434.038345336914 395.881927490234 356.567626953125 321.907562255859 294.846786499023 260.628433227539 237.080291748047 210.210914611816 197.043334960938 188.022994995117 177.973205566406 167.6435546875 143.998970031738 131.562934875488 120.591075897217 117.08251953125 108.331169128418 113.419567108154 122.175945281982 130.086357116699 131.426689147949 134.064224243164 137.949989318848 139.99388885498 148.243721008301 152.893173217773 157.513061523438 157.016380310059 156.827011108398 158.262771606445 153.862098693848 146.521049499512 139.828666687012 137.047950744629 134.242523193359 133.285133361816 130.807479858398 136.196929931641 142.366905212402 143.84285736084 153.438575744629 158.451080322266 162.703163146973
602.257598876953 585.154266357422 562.851806640625 544.063323974609 539.904602050781 541.454284667969 538.927642822266 531.569091796875 523.001831054688 510.725830078125 492.675369262695 483.218124389648 473.164047241211 460.51676940918 441.221130371094 410.962509155273 359.402862548828 311.10871887207 262.077484130859 240.904106140137 216.443885803223 199.026138305664 189.176040649414 178.157043457031 166.245292663574 158.949722290039 137.750205993652 130.457336425781 118.967727661133 125.853713989258 111.823726654053 117.84493637085 121.131587982178 125.100997924805 130.327751159668 133.340789794922 137.53360748291 135.701141357422 138.097694396973 143.151268005371 139.282836914062 136.390182495117 118.928653717041 114.34485244751 104.825328826904 103.315334320068 100.091407775879 95.9791831970215 92.1509437561035 90.4970512390137 94.9124145507812 99.6623916625977 101.730663299561 103.800964355469 119.14847946167 143.468879699707
602.290710449219 590.186981201172 572.248229980469 559.943542480469 554.043792724609 552.004699707031 548.890075683594 538.866638183594 531.17724609375 519.972381591797 507.189147949219 496.122085571289 486.109252929688 480.074645996094 471.045806884766 446.139022827148 407.240570068359 327.001724243164 281.509384155273 249.675880432129 227.143371582031 208.573417663574 194.839454650879 180.327133178711 166.420135498047 160.178771972656 159.070182800293 149.507034301758 145.730743408203 135.237785339355 121.682537078857 122.917770385742 125.013538360596 125.407653808594 124.282527923584 126.196323394775 129.613349914551 131.66877746582 126.874019622803 120.900123596191 101.585426330566 90.9491500854492 86.2825126647949 77.2915725708008 68.6810455322266 62.6929264068604 56.285327911377 52.7815017700195 47.8663883209229 47.0198268890381 50.4022159576416 51.9291839599609 57.0866813659668 67.0689582824707 79.2272682189941 95.020751953125
606.555267333984 599.45703125 586.832580566406 572.306732177734 563.884582519531 558.734924316406 553.990325927734 549.309295654297 537.664276123047 530.058715820312 519.473693847656 510.316268920898 501.884506225586 494.1845703125 483.224258422852 470.957122802734 439.243179321289 374.264541625977 301.119552612305 254.160446166992 240.581703186035 220.11888885498 203.021354675293 187.383155822754 184.07836151123 164.365348815918 155.932495117188 159.007682800293 156.039207458496 152.979156494141 146.509574890137 149.736129760742 135.967742919922 126.832820892334 130.01815032959 130.110916137695 116.133441925049 112.813167572021 95.9077987670898 89.5141792297363 78.9274024963379 67.442741394043 56.2593631744385 49.0898952484131 29.1925687789917 20.2908191680908 15.159740447998 11.7612338066101 10.2078924179077 9.75363063812256 10.4902997016907 11.9566993713379 15.5868339538574 25.279091835022 42.5088977813721 52.7288875579834
620.003143310547 605.968200683594 598.761810302734 586.246398925781 574.104583740234 567.300384521484 562.166534423828 556.825927734375 550.079284667969 536.992858886719 528.118530273438 516.385009765625 509.012115478516 501.430969238281 494.940719604492 482.744491577148 452.675079345703 415.247940063477 330.334060668945 280.340469360352 250.205688476562 237.605743408203 218.52197265625 198.803321838379 191.904777526855 176.477577209473 165.772315979004 159.377479553223 161.505653381348 161.208198547363 159.990348815918 156.87670135498 149.471328735352 144.13427734375 128.598289489746 112.890087127686 103.480075836182 99.9469108581543 87.7956008911133 63.3362884521484 54.0349788665771 46.0478610992432 33.5589122772217 29.1115913391113 16.8592462539673 20.6330757141113 15.0711207389832 14.0269103050232 10.7693138122559 19.3228807449341 16.3771657943726 14.3070049285889 6.29113602638245 10.7647385597229 14.0854244232178 18.1872987747192
627.828674316406 619.016571044922 606.024200439453 598.570892333984 586.695129394531 574.383026123047 569.525970458984 563.920715332031 556.724578857422 544.657531738281 533.336700439453 518.427062988281 506.224609375 500.992614746094 496.564147949219 489.041458129883 466.135925292969 439.122543334961 384.490356445312 306.099380493164 272.652191162109 249.251434326172 237.965980529785 219.102416992188 200.494979858398 186.606750488281 174.831954956055 165.010955810547 160.009254455566 161.378067016602 159.994560241699 160.271995544434 159.908363342285 154.515663146973 145.19898223877 136.756568908691 115.627685546875 102.472682952881 88.2516250610352 82.4605484008789 69.799877166748 49.4214038848877 50.4690532684326 41.746955871582 40.2459659576416 51.4187202453613 45.555154800415 43.4945602416992 50.3262786865234 56.9028186798096 61.8835048675537 64.4855003356934 69.0930938720703 69.7297897338867 51.1176624298096 33.222240447998
631.987121582031 624.226776123047 616.383697509766 605.350708007812 594.23583984375 582.896667480469 574.3857421875 569.350555419922 563.871246337891 555.890380859375 540.460632324219 531.465881347656 520.444091796875 511.883895874023 507.218338012695 499.584136962891 479.935134887695 456.562881469727 420.13996887207 366.461395263672 296.597045898438 270.546081542969 252.529823303223 240.846145629883 223.584716796875 201.101959228516 192.620491027832 179.53125 172.86865234375 156.772956848145 158.37686920166 161.823921203613 154.554054260254 156.965438842773 150.378845214844 149.196685791016 137.815773010254 128.098373413086 118.38595199585 91.2984428405762 76.1326332092285 67.7422828674316 56.9597015380859 52.8400783538818 43.0488529205322 42.3399410247803 38.1348724365234 38.6479988098145 42.8442268371582 44.746826171875 52.0272121429443 56.592306137085 61.049711227417 61.8093585968018 64.9931678771973 68.5107002258301
660.504791259766 652.646606445312 638.188903808594 628.685852050781 613.753601074219 600.38720703125 578.189208984375 575.875579833984 573.894226074219 572.335815429688 570.694000244141 566.169158935547 557.264801025391 543.913604736328 535.270935058594 523.778228759766 500.457458496094 479.649490356445 454.663436889648 420.226776123047 351.578094482422 295.168533325195 269.65446472168 258.460571289062 244.388305664062 225.343254089355 207.619430541992 190.78052520752 177.068580627441 176.646789550781 164.101669311523 152.949645996094 155.665107727051 150.523048400879 150.01261138916 139.408622741699 137.554565429688 135.063896179199 119.416557312012 89.4775352478027 73.5475387573242 51.2972316741943 51.3688278198242 48.1811771392822 47.7814521789551 47.2644119262695 42.0235595703125 42.6322574615479 42.1996517181396 43.0596656799316 44.4023361206055 46.6426105499268 47.0813484191895 48.5400333404541 44.7627239227295 45.9202690124512
682.055145263672 668.361724853516 657.524291992188 644.339080810547 631.910217285156 624.020629882812 607.237243652344 593.473876953125 595.992401123047 598.351867675781 598.475433349609 583.061157226562 573.022003173828 561.538116455078 548.541870117188 532.789581298828 520.491790771484 495.870071411133 477.495193481445 448.279266357422 406.299743652344 322.054107666016 288.146377563477 270.418014526367 260.044448852539 246.516380310059 228.765075683594 216.66722869873 203.531707763672 186.568870544434 186.270637512207 172.067192077637 162.509223937988 155.202362060547 150.51049041748 147.085189819336 143.46215057373 138.574485778809 131.38215637207 117.821823120117 90.9406547546387 85.0451126098633 62.2700691223145 61.2425422668457 52.3554019927979 53.3351421356201 49.9745101928711 40.1320171356201 39.5548477172852 35.4819278717041 36.5274181365967 36.2523956298828 39.6284770965576 41.5773372650146 45.5565509796143 43.5778427124023
713.545593261719 698.662170410156 686.722015380859 669.265258789062 656.588500976562 636.331359863281 609.547485351562 605.09716796875 603.337799072266 600.295776367188 589.082153320312 581.538360595703 560.309967041016 549.714599609375 520.583709716797 511.921264648438 503.99967956543 492.955581665039 458.086029052734 439.242813110352 416.500991821289 338.387771606445 302.67529296875 269.531143188477 259.046585083008 253.614685058594 243.905113220215 234.567581176758 224.329216003418 213.671546936035 198.229614257812 193.258415222168 181.865531921387 171.191833496094 158.787071228027 150.063461303711 142.242935180664 135.519142150879 126.270309448242 116.586357116699 109.279582977295 98.1145896911621 90.511402130127 70.7862129211426 63.3533802032471 67.4613151550293 57.1532287597656 54.9670581817627 53.3746433258057 55.7399978637695 55.5639953613281 53.415283203125 52.6451072692871 53.1930160522461 58.730339050293 52.7541618347168
690.95751953125 717.496856689453 702.555084228516 691.251068115234 666.002746582031 633.835479736328 620.246307373047 610.936828613281 600.449890136719 592.257049560547 582.458099365234 562.954132080078 553.530517578125 538.649261474609 509.866287231445 504.836242675781 491.633758544922 478.046279907227 448.787170410156 445.746795654297 414.602203369141 332.8818359375 305.073791503906 266.886947631836 261.101745605469 259.917190551758 253.835121154785 247.50276184082 237.64045715332 240.033790588379 228.60230255127 220.239822387695 201.40592956543 196.990188598633 182.095291137695 173.320106506348 166.520797729492 157.509483337402 145.062171936035 128.767951965332 116.846084594727 112.351673126221 106.193008422852 98.506275177002 91.6517295837402 89.7830009460449 86.0581932067871 76.2336959838867 72.2768478393555 69.8202896118164 67.5437126159668 66.511890411377 65.376407623291 64.514965057373 63.7358322143555 66.5753021240234
675.751831054688 671.044708251953 667.739959716797 656.615112304688 651.546752929688 631.014282226562 622.901245117188 609.543243408203 598.672058105469 589.356567382812 580.052429199219 563.014251708984 552.518646240234 530.022521972656 517.803009033203 508.352767944336 494.054977416992 479.657073974609 447.136947631836 442.828582763672 392.163940429688 323.838836669922 304.288619995117 279.014465332031 273.458557128906 270.477691650391 264.580612182617 260.192306518555 255.56761932373 251.698715209961 255.281799316406 252.333610534668 237.591415405273 222.226715087891 206.892913818359 202.437065124512 194.077133178711 186.147201538086 176.544937133789 156.548271179199 138.435615539551 127.365306854248 121.963577270508 119.801166534424 116.37699508667 112.887916564941 109.579219818115 107.174671173096 105.482002258301 103.765159606934 100.83349609375 103.77530670166 101.238040924072 99.5701026916504 95.5773887634277 91.4386291503906
637.757965087891 641.100128173828 641.873748779297 643.785858154297 647.079925537109 643.945343017578 629.780670166016 617.898071289062 602.426940917969 592.076721191406 576.457916259766 567.722320556641 556.944549560547 538.919036865234 528.777038574219 512.772033691406 497.500106811523 475.682632446289 450.777297973633 437.854278564453 387.606323242188 328.977157592773 309.733489990234 296.567138671875 285.76921081543 278.721740722656 276.740539550781 274.272521972656 272.144653320312 272.666137695312 272.349411010742 266.463119506836 266.079132080078 253.127182006836 240.752235412598 231.850570678711 224.420135498047 212.364524841309 197.019180297852 185.216857910156 167.937889099121 152.75617980957 142.998329162598 135.301422119141 129.403526306152 124.472476959229 120.371398925781 118.493003845215 118.665031433105 119.395610809326 119.11780166626 118.586784362793 118.478382110596 118.784912109375 118.06774520874 114.617469787598
630.878112792969 637.244384765625 642.740173339844 648.113830566406 652.267700195312 652.584014892578 644.672393798828 627.781188964844 610.812713623047 595.612548828125 576.770263671875 568.465576171875 554.738677978516 535.958953857422 527.282135009766 513.927703857422 496.727264404297 472.765838623047 455.163665771484 445.797744750977 400.269836425781 351.134826660156 327.07666015625 310.980819702148 297.191864013672 287.58659362793 285.152160644531 283.691223144531 282.073287963867 282.011535644531 279.877914428711 274.754531860352 275.356491088867 272.005142211914 269.395584106445 267.149078369141 256.337280273438 238.722366333008 219.953521728516 199.996467590332 184.051971435547 179.138252258301 171.965538024902 161.896041870117 150.750106811523 140.346939086914 133.715309143066 130.981414794922 133.439186096191 136.496208190918 138.764961242676 138.473220825195 137.480514526367 135.847534179688 132.844329833984 127.563194274902
647.603790283203 650.671417236328 662.141662597656 652.411071777344 662.938232421875 657.041168212891 651.922424316406 633.462371826172 619.403198242188 601.242218017578 585.333770751953 569.868469238281 554.452697753906 535.768707275391 525.706909179688 514.599792480469 501.693878173828 488.249969482422 468.963043212891 457.78840637207 427.066055297852 373.460464477539 341.15087890625 321.344421386719 310.600845336914 303.401977539062 293.916442871094 286.370864868164 288.092193603516 288.883026123047 295.126052856445 302.041900634766 311.539123535156 314.548706054688 310.808395385742 294.467590332031 271.176406860352 262.200668334961 238.75072479248 221.646034240723 210.43871307373 202.897109985352 194.82625579834 182.937507629395 180.700340270996 169.330657958984 158.784896850586 153.757118225098 157.939651489258 164.069694519043 166.931419372559 165.660438537598 163.329200744629 159.61434173584 154.101737976074 145.130592346191
662.348541259766 663.81884765625 667.907440185547 665.903106689453 666.845306396484 663.983825683594 654.827270507812 642.281829833984 625.764587402344 609.966705322266 592.896179199219 574.091491699219 558.805938720703 539.871795654297 529.486450195312 516.554168701172 507.738296508789 494.911590576172 483.235153198242 473.427093505859 448.972015380859 419.726058959961 376.007873535156 344.522033691406 323.822845458984 312.983306884766 309.2197265625 303.312057495117 300.037567138672 303.755554199219 316.118209838867 345.097961425781 353.304000854492 347.846069335938 334.502044677734 312.405715942383 282.18782043457 267.76628112793 258.040649414062 238.21866607666 228.166374206543 222.633110046387 217.29956817627 211.429397583008 198.37956237793 198.31364440918 193.099731445312 189.706680297852 188.898590087891 188.873580932617 188.811264038086 187.86954498291 186.231338500977 185.614860534668 178.705131530762 168.255401611328
670.529235839844 670.149017333984 669.841796875 670.276763916016 669.641143798828 665.825164794922 655.284851074219 641.057006835938 627.295867919922 615.305328369141 598.960968017578 584.896789550781 569.901794433594 556.080444335938 538.781188964844 524.893249511719 510.067657470703 500.951614379883 493.722839355469 485.796432495117 472.550521850586 451.633560180664 439.073028564453 409.725372314453 377.852905273438 346.271194458008 330.920745849609 324.226943969727 334.668441772461 366.49739074707 408.585113525391 436.390762329102 430.008941650391 388.673416137695 337.542144775391 319.369415283203 304.503692626953 283.200973510742 267.823852539062 255.61213684082 247.582252502441 240.772109985352 237.214485168457 230.049789428711 227.130485534668 226.129753112793 227.589996337891 229.923873901367 225.533630371094 218.749870300293 213.965599060059 210.996025085449 204.808990478516 205.85132598877 201.748291015625 195.101921081543
672.967498779297 672.317291259766 672.481811523438 673.111999511719 673.467529296875 669.868316650391 656.161346435547 636.008728027344 625.428985595703 615.837982177734 602.121307373047 593.482299804688 582.590057373047 569.599090576172 556.058776855469 538.695861816406 528.815521240234 517.379211425781 505.834594726562 496.536560058594 490.213592529297 482.208602905273 471.38493347168 454.803573608398 442.062911987305 422.433395385742 412.540817260742 409.510589599609 422.939331054688 451.05549621582 475.131103515625 477.330551147461 459.301559448242 401.596801757812 349.435180664062 333.002700805664 315.680892944336 302.067199707031 282.96337890625 266.945953369141 258.944030761719 248.078872680664 250.758804321289 248.090309143066 246.394096374512 251.407188415527 255.133628845215 269.540481567383 250.585662841797 243.056770324707 236.446685791016 231.903030395508 227.892463684082 226.905197143555 222.376831054688 227.851264953613
675.211212158203 677.664428710938 676.926116943359 678.393981933594 679.437286376953 675.320220947266 659.033111572266 637.300567626953 624.010864257812 614.750518798828 603.853759765625 598.630798339844 591.470184326172 581.344635009766 570.086822509766 560.289306640625 548.885986328125 536.808746337891 530.442779541016 519.796417236328 509.456298828125 499.973571777344 493.410247802734 486.793823242188 468.980422973633 456.626312255859 451.083206176758 459.784912109375 482.552032470703 505.807083129883 507.697311401367 484.233291625977 460.163955688477 418.503051757812 362.537216186523 339.646942138672 335.896896362305 319.360137939453 306.141403198242 281.444976806641 271.759887695312 265.205749511719 261.463806152344 261.852447509766 258.233367919922 275.302627563477 303.369186401367 314.503204345703 303.802963256836 279.913833618164 264.232604980469 249.206558227539 248.765068054199 249.905113220215 252.272789001465 256.752487182617
680.590270996094 682.04736328125 681.636383056641 683.244384765625 685.748321533203 682.647644042969 664.010681152344 644.292175292969 629.121307373047 618.059539794922 605.810485839844 600.836517333984 595.483428955078 589.037292480469 581.192687988281 572.114379882812 565.907897949219 558.679138183594 549.451324462891 536.101898193359 527.955688476562 520.324890136719 515.339691162109 499.858093261719 490.867736816406 488.48210144043 498.420944213867 519.22900390625 523.483367919922 517.976776123047 477.755065917969 457.771499633789 451.373611450195 423.921417236328 390.063278198242 363.072189331055 346.651077270508 340.798126220703 323.697677612305 308.491134643555 281.794586181641 273.754425048828 272.468078613281 272.112380981445 278.735885620117 311.708679199219 371.061874389648 399.774826049805 387.723373413086 346.569717407227 312.826889038086 296.6259765625 289.057205200195 288.799407958984 299.532119750977 317.829772949219
686.886169433594 686.205291748047 684.498443603516 687.014251708984 689.774566650391 685.677429199219 669.660247802734 654.375762939453 638.083465576172 626.961578369141 613.158905029297 603.710266113281 598.291198730469 593.803039550781 588.485473632812 582.247375488281 572.533538818359 569.507507324219 563.764129638672 553.088104248047 537.552581787109 533.019897460938 529.288208007812 520.783142089844 524.226806640625 535.155090332031 547.412322998047 530.689727783203 489.139724731445 481.310806274414 447.84294128418 445.738082885742 445.713363647461 420.509918212891 390.332702636719 377.766876220703 365.542221069336 358.239807128906 341.653701782227 330.964248657227 311.681991577148 305.340637207031 302.347137451172 301.418121337891 315.037185668945 374.193984985352 434.71012878418 460.04997253418 451.697219848633 426.716384887695 412.109451293945 396.201141357422 381.160232543945 369.474609375 379.293746948242 397.390228271484
691.471038818359 688.421295166016 695.792388916016 708.343322753906 713.243103027344 703.220275878906 692.647521972656 686.401977539062 666.223388671875 647.595306396484 619.312347412109 606.198394775391 600.287322998047 596.664611816406 593.249603271484 587.378387451172 582.223236083984 576.964019775391 569.830718994141 564.266296386719 552.733734130859 541.742279052734 538.123596191406 546.605285644531 558.885223388672 563.090972900391 532.251190185547 500.519866943359 453.596618652344 446.203033447266 443.959625244141 443.17756652832 437.790451049805 418.150726318359 389.515884399414 388.203109741211 378.865982055664 366.863342285156 365.087646484375 353.150283813477 342.068359375 329.110916137695 323.783187866211 335.1279296875 376.453308105469 426.979827880859 464.124465942383 488.443481445312 487.425109863281 474.078353881836 462.67610168457 461.064743041992 458.490921020508 458.977462768555 463.491424560547 460.296417236328
714.288299560547 712.823211669922 709.300476074219 716.815246582031 716.327972412109 711.106231689453 693.822784423828 680.766632080078 669.088165283203 656.974609375 638.582733154297 607.019958496094 599.664428710938 596.682250976562 594.535247802734 590.949432373047 586.076721191406 583.339630126953 580.001861572266 572.527770996094 565.313018798828 558.724945068359 560.794677734375 567.70458984375 565.48583984375 545.082580566406 509.515472412109 464.062377929688 453.312942504883 444.741744995117 442.640563964844 442.652526855469 431.798141479492 414.986846923828 391.156188964844 390.100646972656 392.152145385742 395.558029174805 397.821380615234 393.481994628906 377.685653686523 373.146743774414 377.652938842773 408.301696777344 435.374099731445 458.142318725586 483.672744750977 508.17839050293 524.927520751953 523.423126220703 518.659545898438 510.82682800293 501.92057800293 485.085754394531 473.336380004883 414.6201171875
