Rscript/monthly_maps/SnowDepthMapFile-q90-1990-01.asc
ncols 320 
nrows 361 
xllcorner 618410.159 
yllcorner 5088785.286 
cellsize 100 
NODATA_value -9999 
[rows 207 to 229 of 361, columns 53 to 105 of 320]
1277.43884277344 1251.79455566406 1223.75817871094 1213.85803222656 1214.11193847656 1226.34338378906 1234.20629882812 1235.7822265625 1225.58837890625 1207.21655273438 1195.73864746094 1150.16430664062 1103.72912597656 1054.9560546875 1011.48376464844 993.908325195312 986.568176269531 1000.39935302734 1045.97314453125 1088.57971191406 1110.193359375 1094.95812988281 1070.87182617188 1013.04528808594 952.395690917969 871.597778320312 808.616149902344 739.399963378906 683.314636230469 565.2451171875 535.328308105469 512.686218261719 494.204864501953 487.655731201172 476.094024658203 470.436004638672 468.697479248047 465.204895019531 456.553833007812 441.744964599609 428.460418701172 414.252380371094 383.722869873047 334.570709228516 287.399597167969 239.939178466797 218.71826171875 203.858505249023 202.307662963867 198.725616455078 195.660614013672 187.430786132812 183.436004638672
1218.49877929688 1194.76892089844 1204.84167480469 1222.97924804688 1245.34826660156 1262.29528808594 1261.87878417969 1244.67858886719 1238.51672363281 1218.2900390625 1184.92785644531 1147.03344726562 1090.90612792969 1034.66662597656 1002.50152587891 1000.20257568359 1019.88836669922 1071.17138671875 1152.30065917969 1177.84350585938 1171.64184570312 1106.31860351562 1050.61694335938 1006.71246337891 958.074157714844 889.515747070312 830.520568847656 761.792297363281 712.920043945312 623.087219238281 556.186706542969 545.649658203125 533.733276367188 519.897583007812 515.219970703125 510.628326416016 509.141326904297 512.558715820312 512.666381835938 501.644500732422 485.866638183594 461.604278564453 441.436248779297 425.272277832031 403.951171875 358.542877197266 306.693542480469 261.018188476562 226.26904296875 202.5068359375 203.310897827148 200.937484741211 199.179046630859
1187.08581542969 1208.07604980469 1242.76489257812 1274.68518066406 1273.89196777344 1276.97485351562 1278.45532226562 1250.63525390625 1228.4189453125 1210.75817871094 1182.75744628906 1135.80236816406 1083.43469238281 1041.16442871094 1028.42346191406 1050.85498046875 1101.28674316406 1191.00476074219 1247.95715332031 1229.45092773438 1158.21667480469 1077.47277832031 1047.86352539062 1013.59301757812 986.172668457031 916.780090332031 864.651245117188 796.041076660156 737.856506347656 691.142517089844 607.310302734375 570.380859375 565.691223144531 562.429321289062 555.054260253906 551.462280273438 558.505432128906 572.828247070312 584.131713867188 587.739501953125 571.8212890625 540.818115234375 508.552581787109 485.002593994141 455.600921630859 444.346862792969 426.545074462891 401.225769042969 367.289978027344 299.59130859375 254.670059204102 233.007446289062 214.421463012695
1220.47729492188 1262.783203125 1269.63708496094 1273.46313476562 1286.69213867188 1265.70043945312 1243.87487792969 1235.57543945312 1236.60668945312 1220.10656738281 1198.00549316406 1164.93823242188 1115.57153320312 1095.59838867188 1115.78601074219 1171.384765625 1225.48950195312 1290.40966796875 1270.14416503906 1210.52966308594 1129.67358398438 1086.10925292969 1072.66809082031 1052.36743164062 1017.44494628906 956.890563964844 891.2412109375 838.5791015625 772.888977050781 734.925048828125 691.359741210938 628.622497558594 599.5283203125 590.3125 606.413269042969 641.269775390625 677.709716796875 693.206909179688 708.484375 721.800964355469 713.442138671875 676.2880859375 614.267700195312 559.162780761719 536.305908203125 516.3427734375 494.5849609375 471.113128662109 443.667022705078 420.298065185547 378.095245361328 316.727661132812 258.234680175781
1271.265625 1283.66259765625 1287.21667480469 1266.38403320312 1244.96496582031 1233.75170898438 1237.92712402344 1243.85546875 1256.98400878906 1245.3974609375 1230.43884277344 1202.01098632812 1195.52380371094 1218.65124511719 1259.20007324219 1284.65295410156 1281.36413574219 1283.47204589844 1240.24926757812 1182.5849609375 1145.85314941406 1125.52087402344 1107.31640625 1084.02233886719 1049.16845703125 998.069458007812 929.990051269531 883.192321777344 828.937316894531 772.822875976562 745.875183105469 714.659484863281 689.1953125 682.803466796875 702.718078613281 732.271240234375 744.062377929688 753.775695800781 766.713439941406 779.33056640625 779.9150390625 756.7705078125 727.275207519531 678.864318847656 631.759887695312 596.67919921875 572.650329589844 546.612243652344 516.198059082031 482.540466308594 456.800537109375 416.922821044922 365.645965576172
1297.82836914062 1268.8974609375 1236.75244140625 1232.87316894531 1241.79028320312 1262.56823730469 1279.92919921875 1285.03442382812 1291.3056640625 1287.92346191406 1273.39599609375 1271.56127929688 1312.03259277344 1350.4755859375 1357.32299804688 1301.61657714844 1277.31640625 1247.74206542969 1215.55029296875 1188.01489257812 1170.580078125 1154.01452636719 1134.09741210938 1107.45617675781 1064.89782714844 1029.04650878906 968.92529296875 916.468627929688 874.168212890625 830.657043457031 784.132629394531 758.945617675781 754.691345214844 746.527099609375 754.343444824219 765.252136230469 800.330627441406 827.7919921875 845.304931640625 865.209350585938 867.820068359375 844.211853027344 784.055358886719 753.57958984375 742.328002929688 716.623229980469 680.798828125 626.703491210938 573.513366699219 529.174865722656 490.021270751953 473.528259277344 453.370941162109
1252.50085449219 1253.49768066406 1255.349609375 1271.16638183594 1295.20739746094 1304.24279785156 1306.28601074219 1305.69104003906 1307.43603515625 1310.87145996094 1324.63464355469 1371.11364746094 1422.47082519531 1448.95300292969 1347.03198242188 1291.27282714844 1258.65112304688 1243.88244628906 1224.90783691406 1209.84033203125 1187.63159179688 1170.58251953125 1149.81860351562 1125.61938476562 1086.85217285156 1049.62609863281 1010.05242919922 950.3310546875 916.882629394531 884.473022460938 851.342407226562 820.278259277344 800.55078125 797.495483398438 810.879455566406 833.340637207031 867.535217285156 892.277282714844 911.612854003906 923.758178710938 936.635498046875 910.511596679688 867.296813964844 825.726196289062 794.941284179688 789.004455566406 768.070190429688 696.879272460938 620.645812988281 572.0986328125 538.453063964844 517.847717285156 501.500732421875
1271.48254394531 1283.08044433594 1299.18383789062 1314.34399414062 1323.97924804688 1333.47863769531 1340.28454589844 1345.75439453125 1352.74365234375 1374.02880859375 1425.11950683594 1481.51208496094 1463.17419433594 1406.197265625 1329.86987304688 1281.15893554688 1264.20275878906 1252.22827148438 1244.98132324219 1220.18579101562 1199.9609375 1175.91467285156 1156.94201660156 1130.67907714844 1094.87231445312 1059.57373046875 1045.1201171875 1002.10687255859 955.018920898438 922.238952636719 894.827758789062 884.621948242188 867.06689453125 865.417236328125 873.177368164062 890.813415527344 928.991088867188 965.070495605469 981.409484863281 987.056457519531 993.556396484375 965.888977050781 930.079650878906 894.344299316406 869.6748046875 833.408325195312 798.706481933594 752.32958984375 668.853454589844 613.264587402344 581.359436035156 567.246215820312 554.641235351562
1318.23657226562 1343.76403808594 1360.39538574219 1377.4677734375 1378.10119628906 1380.9150390625 1396.13244628906 1435.16735839844 1441.44860839844 1460.16467285156 1481.88586425781 1474.02319335938 1441.18872070312 1382.75317382812 1346.63562011719 1318.73779296875 1299.91137695312 1290.26953125 1260.22326660156 1240.171875 1212.76538085938 1184.48461914062 1157.76867675781 1134.95239257812 1101.48046875 1084.62731933594 1061.97802734375 1049.40600585938 1016.07055664062 978.28173828125 947.028442382812 929.218566894531 920.485290527344 920.070861816406 922.592651367188 955.48486328125 1007.80493164062 1035.30334472656 1051.36352539062 1056.07116699219 1051.17578125 1027.05590820312 968.873779296875 936.763977050781 907.568359375 861.400390625 819.214111328125 787.835693359375 724.927124023438 668.570739746094 630.199035644531 616.827758789062 612.937316894531
1384.0888671875 1399.35729980469 1410.18737792969 1412.6923828125 1437.7490234375 1454.69409179688 1511.10754394531 1548.73901367188 1532.84729003906 1480.46691894531 1439.1630859375 1418.15612792969 1376.880859375 1351.61840820312 1353.70581054688 1347.93908691406 1338.57080078125 1314.95703125 1293.09423828125 1257.03125 1230.56311035156 1198.81909179688 1164.47802734375 1142.39196777344 1127.93969726562 1102.34680175781 1090.98693847656 1068.36242675781 1058.62805175781 1042.36145019531 1018.74291992188 997.87353515625 984.381530761719 979.460021972656 987.996704101562 1006.67840576172 1049.58984375 1081.68225097656 1087.40490722656 1079.44458007812 1072.62194824219 1058.00952148438 999.994934082031 950.019958496094 919.094055175781 883.491638183594 833.311584472656 805.91259765625 775.696655273438 730.806030273438 690.716735839844 674.219421386719 672.761962890625
1440.73669433594 1450.90124511719 1466.6494140625 1488.40576171875 1521.638671875 1558.47302246094 1586.79736328125 1584.42126464844 1491.29431152344 1416.5087890625 1388.12609863281 1363.75866699219 1348.78247070312 1354.26818847656 1363.47729492188 1366.29772949219 1359.91247558594 1343.98095703125 1316.08850097656 1276.48315429688 1247.11572265625 1213.58984375 1177.84362792969 1156.43310546875 1141.28405761719 1132.02758789062 1117.43029785156 1107.2021484375 1098.76281738281 1077.70654296875 1056.43676757812 1039.8662109375 1022.85192871094 1020.03228759766 1015.43426513672 1031.51293945312 1080.80834960938 1117.78515625 1118.27697753906 1102.33471679688 1080.56994628906 1063.78234863281 1027.57800292969 964.101135253906 925.402709960938 894.851806640625 859.590454101562 821.885559082031 792.946228027344 776.087097167969 760.993469238281 755.964233398438 754.967529296875
1481.57019042969 1494.22326660156 1521.572265625 1563.947265625 1600.32446289062 1604.97033691406 1539.056640625 1512.09057617188 1443.85009765625 1389.67333984375 1359.81115722656 1354.12634277344 1356.56079101562 1368.19262695312 1367.6708984375 1376.115234375 1372.53051757812 1357.34448242188 1325.02758789062 1300.59350585938 1260.11999511719 1226.76586914062 1200.95434570312 1178.36535644531 1159.26574707031 1147.07507324219 1143.59704589844 1139.18762207031 1131.73999023438 1110.82727050781 1086.36315917969 1063.72448730469 1045.07702636719 1032.43627929688 1037.51953125 1071.87768554688 1125.01171875 1152.39880371094 1140.08959960938 1105.46557617188 1085.20666503906 1068.85412597656 1042.11645507812 1001.89752197266 947.093505859375 915.054077148438 889.442565917969 859.134399414062 829.396545410156 809.245056152344 796.358520507812 790.775085449219 791.103881835938
1544.5556640625 1567.58044433594 1614.4404296875 1616.5009765625 1555.91088867188 1532.10144042969 1481.22766113281 1424.74829101562 1386.36840820312 1366.73278808594 1357.69396972656 1361.06286621094 1375.12414550781 1387.29357910156 1388.99291992188 1375.64050292969 1365.42199707031 1358.02807617188 1335.09753417969 1309.22802734375 1278.68615722656 1249.5576171875 1222.94543457031 1206.71655273438 1188.06506347656 1176.56469726562 1170.39990234375 1159.88012695312 1147.61486816406 1131.01867675781 1108.05651855469 1073.81042480469 1054.6943359375 1054.89294433594 1093.81750488281 1158.63049316406 1220.74157714844 1226.21105957031 1195.64477539062 1133.0576171875 1098.36364746094 1080.46020507812 1053.49914550781 1024.69604492188 998.330993652344 957.711853027344 926.456909179688 900.120910644531 886.013854980469 871.784057617188 867.597961425781 864.750549316406 863.410705566406
1641.18627929688 1656.00549316406 1636.45666503906 1568.72973632812 1499.64978027344 1438.77880859375 1394.10522460938 1369.6943359375 1364.22814941406 1362.59118652344 1368.21667480469 1386.86108398438 1401.8876953125 1397.54357910156 1373.85778808594 1364.17053222656 1367.41442871094 1371.79650878906 1359.93383789062 1327.92895507812 1305.76232910156 1274.71728515625 1248.50573730469 1239.79650878906 1223.84057617188 1212.77563476562 1203.15954589844 1184.28674316406 1169.36401367188 1151.0546875 1125.82360839844 1102.63122558594 1099.68188476562 1133.31799316406 1208.46142578125 1281.15502929688 1279.77600097656 1289.49609375 1284.03869628906 1220.88757324219 1160.103515625 1122.63220214844 1096.63342285156 1070.435546875 1041.84924316406 1021.87591552734 1013.97668457031 994.121643066406 974.898864746094 956.888610839844 948.430114746094 941.648986816406 939.224060058594
1621.64392089844 1635.90551757812 1575.23168945312 1510.76684570312 1424.4951171875 1389.548828125 1373.17578125 1373.17419433594 1378.99584960938 1382.78063964844 1394.29870605469 1407.59460449219 1409.23767089844 1385.94555664062 1370.29577636719 1379.01965332031 1391.31359863281 1397.9306640625 1383.36096191406 1356.35327148438 1320.18774414062 1306.20471191406 1282.08154296875 1266.59631347656 1248.59790039062 1245.41735839844 1234.70166015625 1213.3154296875 1189.90063476562 1162.17907714844 1140.08435058594 1145.21032714844 1198.62817382812 1256.06616210938 1303.31518554688 1323.84411621094 1330.0166015625 1323.44165039062 1311.32055664062 1287.81091308594 1266.72058105469 1214.20471191406 1176.17883300781 1150.03894042969 1128.01403808594 1111.09143066406 1094.89343261719 1083.55310058594 1078.72265625 1069.89685058594 1062.37268066406 1059.2626953125 1047.65954589844
1566.36987304688 1589.24096679688 1550.11889648438 1458.52990722656 1406.24340820312 1388.10815429688 1398.48376464844 1410.66149902344 1396.09167480469 1405.81103515625 1406.34716796875 1408.42065429688 1394.12829589844 1377.82312011719 1403.80126953125 1417.16772460938 1418.13610839844 1417.88586425781 1400.32385253906 1370.48803710938 1346.29919433594 1316.80310058594 1308.65246582031 1290.54333496094 1272.34143066406 1253.60485839844 1247.95397949219 1222.98474121094 1197.10034179688 1183.91760253906 1191.12414550781 1250.884765625 1305.85803222656 1312.76513671875 1285.498046875 1289.26831054688 1293.42517089844 1288.82397460938 1297.9208984375 1319.81750488281 1309.16918945312 1274.84301757812 1253.16430664062 1219.49377441406 1207.95581054688 1203.12072753906 1163.18591308594 1148.15515136719 1155.26721191406 1148.04223632812 1145.15356445312 1144.61938476562 1133.57495117188
1481.35961914062 1520.46350097656 1519.80065917969 1464.78894042969 1415.43371582031 1406.29968261719 1421.29272460938 1418.88916015625 1419.48803710938 1414.51428222656 1414.4794921875 1405.48352050781 1408.20080566406 1416.04150390625 1441.96203613281 1463.73657226562 1484.65112304688 1451.59130859375 1405.05334472656 1381.85803222656 1359.265625 1347.35278320312 1330.2900390625 1315.38366699219 1301.61645507812 1280.43237304688 1278.20166015625 1253.61181640625 1238.34497070312 1250.9267578125 1302.30603027344 1351.99914550781 1371.86682128906 1297.75036621094 1251.89135742188 1241.1240234375 1263.49377441406 1290.03894042969 1279.54064941406 1284.71765136719 1297.67993164062 1297.25903320312 1257.099609375 1222.90808105469 1198.01892089844 1181.98254394531 1183.51525878906 1166.71350097656 1124.94714355469 1128.60815429688 1132.24780273438 1135.48645019531 1133.12524414062
1412.5166015625 1458.87854003906 1490.75830078125 1477.43298339844 1454.67639160156 1452.43933105469 1458.72119140625 1454.71948242188 1452.22668457031 1427.17590332031 1410.046875 1417.84191894531 1436.95178222656 1456.86059570312 1483.53356933594 1509.48474121094 1519.23876953125 1510.29895019531 1453.16357421875 1409.853515625 1380.94555664062 1370.44165039062 1353.45385742188 1356.0576171875 1350.83776855469 1341.96557617188 1333.36669921875 1324.64404296875 1330.29516601562 1371.69885253906 1416.08801269531 1442.98156738281 1378.63195800781 1301.46008300781 1246.60827636719 1226.08471679688 1242.81201171875 1263.47192382812 1274.97192382812 1274.8671875 1263.73669433594 1262.20947265625 1241.80749511719 1201.29516601562 1173.34106445312 1143.00598144531 1115.52038574219 1101.41064453125 1093.39050292969 1088.31030273438 1087.90832519531 1091.40698242188 1091.48156738281
1372.47485351562 1404.51672363281 1411.73229980469 1422.75622558594 1449.46447753906 1478.75830078125 1496.33239746094 1500.80627441406 1480.00329589844 1474.65832519531 1472.38342285156 1477.65478515625 1484.70544433594 1498.64819335938 1513.90185546875 1535.48791503906 1566.46069335938 1562.66271972656 1517.92980957031 1478.96484375 1435.61743164062 1428.76611328125 1424.08569335938 1425.88110351562 1422.79760742188 1418.09252929688 1413.27990722656 1415.609375 1405.93786621094 1455.16125488281 1478.19812011719 1455.73974609375 1396.37463378906 1346.80358886719 1280.74389648438 1235.85229492188 1220.43298339844 1236.47900390625 1266.09484863281 1265.34802246094 1263.71032714844 1249.07983398438 1228.62548828125 1189.89868164062 1146.50708007812 1109.39208984375 1087.97875976562 1074.57165527344 1046.63305664062 1013.19323730469 981.925720214844 975.870788574219 978.48583984375
1339.486328125 1346.46667480469 1348.8681640625 1349.35217285156 1379.76135253906 1424.99475097656 1469.33154296875 1467.02368164062 1485.07800292969 1506.4892578125 1515.23974609375 1519.06164550781 1538.25708007812 1536.66271972656 1537.54760742188 1534.67846679688 1550.64367675781 1602.12121582031 1573.08312988281 1526.29370117188 1478.2333984375 1449.85241699219 1391.41040039062 1367.51293945312 1360.42907714844 1370.93603515625 1375.58605957031 1385.61926269531 1434.43249511719 1458.61462402344 1463.5087890625 1459.50903320312 1422.40344238281 1385.9755859375 1336.59008789062 1289.0673828125 1238.73034667969 1220.68811035156 1233.41394042969 1257.50939941406 1262.45556640625 1242.98828125 1231.9169921875 1192.47448730469 1149.65319824219 1114.0107421875 1094.32580566406 1057.75122070312 1006.98168945312 957.7666015625 927.833984375 909.835510253906 902.735900878906
1289.92944335938 1294.32568359375 1292.86364746094 1292.11108398438 1308.45324707031 1351.17736816406 1387.36975097656 1407.31579589844 1419.48449707031 1445.83142089844 1484.33715820312 1515.72619628906 1498.73828125 1498.50122070312 1522.77734375 1515.2880859375 1512.18188476562 1517.005859375 1514.93603515625 1480.15307617188 1405.19482421875 1345.34252929688 1298.36181640625 1283.44213867188 1292.57019042969 1306.47424316406 1333.107421875 1346.85021972656 1371.30212402344 1399.57873535156 1430.63500976562 1438.43762207031 1422.42321777344 1389.33325195312 1362.47338867188 1344.52209472656 1306.91735839844 1255.34692382812 1229.76879882812 1237.99877929688 1249.42785644531 1251.4091796875 1223.53295898438 1191.96923828125 1157.40649414062 1121.64709472656 1093.81774902344 1053.12329101562 984.99267578125 948.310241699219 919.887390136719 888.756591796875 849.228210449219
1225.89758300781 1229.90832519531 1234.39086914062 1247.89453125 1267.10424804688 1287.86315917969 1300.93432617188 1298.98425292969 1295.6201171875 1313.75280761719 1364.2626953125 1402.76403808594 1425.39965820312 1434.61547851562 1427.15319824219 1411.44152832031 1385.45483398438 1376.47705078125 1358.15075683594 1325.8974609375 1268.47790527344 1208.50695800781 1177.95532226562 1177.81640625 1212.68139648438 1246.25854492188 1276.0361328125 1295.49328613281 1333.83947753906 1380.62060546875 1422.77160644531 1416.22961425781 1396.74719238281 1364.56640625 1349.13647460938 1348.11853027344 1336.17834472656 1307.79956054688 1275.90148925781 1260.52514648438 1243.75061035156 1231.7109375 1210.47180175781 1195.24353027344 1163.30712890625 1131.38232421875 1095.63549804688 1054.63549804688 979.325561523438 939.032653808594 899.366943359375 875.540832519531 850.310852050781
1172.02954101562 1175.60681152344 1191.04345703125 1205.0849609375 1223.29504394531 1223.78100585938 1223.08093261719 1202.224609375 1204.61633300781 1230.89306640625 1271.28234863281 1305.53100585938 1313.35205078125 1312.0546875 1309.1494140625 1298.83154296875 1285.66674804688 1271.36926269531 1246.15014648438 1212.669921875 1162.47998046875 1126.40234375 1129.19677734375 1158.82409667969 1202.56774902344 1232.24035644531 1259.27221679688 1278.49462890625 1314.37951660156 1371.31689453125 1403.31262207031 1420.58044433594 1374.84204101562 1335.68823242188 1324.34753417969 1330.47778320312 1339.90637207031 1347.93640136719 1329.40234375 1291.10119628906 1287.56140136719 1266.00939941406 1225.79345703125 1200.6982421875 1179.88061523438 1155.81274414062 1107.9306640625 1068.87243652344 993.590942382812 925.547607421875 895.800476074219 871.868835449219 848.329895019531
