Rscript/monthly_maps/SnowDepthMapFile-min-1990-01.asc
ncols 320 
nrows 361 
xllcorner 618410.159 
yllcorner 5088785.286 
cellsize 100 
NODATA_value -9999 
[rows 50 to 74 of 361, columns 224 to 279 of 320]
324.450836181641 327.292846679688 343.076263427734 368.715972900391 417.243438720703 464.798675537109 502.421661376953 564.174682617188 608.690246582031 639.051940917969 671.293579101562 681.600158691406 695.333679199219 696.148010253906 694.63525390625 676.187438964844 673.281677246094 670.471069335938 671.612121582031 687.992553710938 694.939331054688 696.700134277344 697.98876953125 700.336547851562 704.846008300781 729.091979980469 734.403076171875 746.235412597656 737.123901367188 735.081726074219 732.863159179688 729.232971191406 728.51806640625 727.133361816406 726.941345214844 727.826049804688 724.579956054688 724.096557617188 719.475341796875 700.111999511719 700.947692871094 680.765625 681.056884765625 684.383361816406 681.837463378906 679.54736328125 685.438537597656 711.130554199219 766.945739746094 792.380798339844 798.283630371094 799.58740234375 801.245483398438 802.972351074219 803.083557128906 806.681884765625
303.5810546875 308.380859375 340.16064453125 358.339691162109 411.914123535156 466.562713623047 528.782531738281 584.5185546875 635.967529296875 672.233520507812 675.1611328125 681.236206054688 692.566101074219 675.06689453125 680.524841308594 655.891357421875 651.366027832031 630.781433105469 653.458862304688 656.129028320312 671.682983398438 691.814331054688 695.394409179688 698.920776367188 705.102233886719 728.970153808594 730.8974609375 734.697814941406 734.515930175781 732.00048828125 729.585876464844 727.772644042969 723.384216308594 719.865295410156 722.336242675781 725.587280273438 726.353576660156 722.105834960938 719.361511230469 705.360107421875 676.415222167969 671.608703613281 669.171875 663.707824707031 645.684387207031 637.816528320312 644.304443359375 679.001098632812 736.336791992188 775.662231445312 799.206787109375 802.066467285156 804.885681152344 807.731567382812 818.371643066406 822.747375488281
295.117889404297 306.207611083984 318.163879394531 352.746429443359 397.184936523438 470.725524902344 518.17919921875 557.276611328125 603.760498046875 631.272521972656 635.4296875 633.039733886719 632.609436035156 636.016235351562 623.415893554688 602.143981933594 574.368957519531 570.076782226562 601.119934082031 631.359436035156 655.064086914062 670.524047851562 689.53857421875 697.91357421875 704.87841796875 727.307800292969 728.254577636719 723.989318847656 724.625183105469 727.883544921875 720.383605957031 707.011779785156 700.294311523438 702.454467773438 704.77587890625 712.684020996094 717.091247558594 700.429504394531 701.980712890625 673.044250488281 666.022521972656 652.119201660156 639.500915527344 607.342407226562 595.366638183594 587.847595214844 595.890380859375 626.760009765625 692.930603027344 764.989013671875 797.679016113281 803.98486328125 807.948364257812 818.143249511719 822.179809570312 828.439025878906
286.393890380859 280.941955566406 288.794708251953 336.1943359375 388.038665771484 437.351989746094 502.516204833984 535.409790039062 534.353576660156 537.756896972656 523.507202148438 520.069396972656 519.9501953125 529.047668457031 513.204956054688 515.467712402344 513.594055175781 508.911560058594 536.757263183594 571.930114746094 630.403625488281 654.602233886719 679.110229492188 673.111694335938 699.406005859375 706.463745117188 706.814880371094 707.491333007812 707.6416015625 704.031494140625 675.159545898438 667.508239746094 666.012512207031 668.519226074219 680.725036621094 692.191833496094 676.89306640625 669.2724609375 655.011352539062 648.240417480469 635.098876953125 609.326293945312 588.057006835938 581.599914550781 556.330749511719 557.15771484375 545.182556152344 593.194641113281 666.4619140625 748.838073730469 793.376159667969 806.171081542969 817.997985839844 822.130249023438 827.509826660156 833.593627929688
276.78759765625 271.249114990234 273.964324951172 302.895446777344 365.461364746094 411.263549804688 452.826751708984 473.637725830078 452.812561035156 453.286102294922 445.675903320312 428.905731201172 425.543304443359 425.456176757812 431.314971923828 440.645416259766 446.360107421875 476.17822265625 503.532775878906 536.339660644531 572.495727539062 620.972595214844 651.66259765625 650.902099609375 653.151123046875 655.489440917969 657.02587890625 677.376037597656 674.999755859375 656.883972167969 653.724365234375 651.139404296875 649.080200195312 651.272827148438 653.138366699219 650.425964355469 639.390319824219 601.317016601562 601.503662109375 588.076171875 584.889282226562 572.439086914062 560.350036621094 546.334899902344 552.652099609375 544.841613769531 532.731323242188 561.979614257812 637.639282226562 721.684509277344 778.616027832031 807.012756347656 824.729553222656 827.835510253906 833.243347167969 837.852783203125
268.871124267578 263.000579833984 257.827606201172 287.943634033203 334.046020507812 377.297698974609 406.762023925781 410.211486816406 393.271453857422 384.329071044922 368.096069335938 356.987518310547 347.174377441406 337.430694580078 348.147583007812 361.961975097656 394.590759277344 429.944305419922 450.411529541016 486.524139404297 512.010437011719 543.370971679688 586.205017089844 598.642639160156 590.84423828125 590.944580078125 589.516967773438 609.42578125 612.386840820312 612.248474121094 609.451049804688 601.131103515625 599.751403808594 598.977722167969 601.099304199219 591.150146484375 559.224304199219 541.340942382812 528.260009765625 526.253479003906 522.950378417969 501.099639892578 511.384613037109 529.561645507812 542.956359863281 550.592529296875 530.255737304688 542.708435058594 590.863891601562 674.37060546875 749.741577148438 793.654846191406 825.264892578125 830.885070800781 836.392395019531 847.8203125
261.988464355469 253.78532409668 242.677261352539 264.635681152344 299.293975830078 346.843139648438 365.092864990234 358.053894042969 350.752593994141 339.284210205078 319.502105712891 300.626190185547 287.876159667969 284.710571289062 280.874145507812 308.413238525391 335.444976806641 359.208099365234 389.471740722656 421.736663818359 443.659271240234 454.581634521484 478.414886474609 476.714599609375 485.607299804688 491.440765380859 498.662292480469 506.639312744141 527.212707519531 547.207946777344 545.803405761719 541.980834960938 526.160400390625 528.877319335938 507.321899414062 493.212951660156 462.991668701172 452.448272705078 458.335723876953 471.330780029297 490.826629638672 500.88330078125 515.521728515625 532.911865234375 550.280639648438 560.822204589844 544.652465820312 554.770324707031 580.86865234375 635.002685546875 694.037963867188 754.041625976562 805.142761230469 824.167297363281 835.802062988281 849.181335449219
252.523849487305 251.491394042969 239.953811645508 246.420318603516 277.40185546875 290.8671875 320.845886230469 320.841278076172 306.177337646484 292.734313964844 267.547973632812 246.639053344727 244.592102050781 240.271026611328 244.328720092773 256.760162353516 275.235107421875 299.153625488281 322.759796142578 350.867218017578 371.495880126953 399.343078613281 415.04345703125 418.320404052734 412.940277099609 406.745513916016 415.73046875 427.656188964844 437.147094726562 445.212799072266 456.059539794922 443.795043945312 448.040161132812 438.360534667969 432.055572509766 430.45947265625 423.368835449219 438.700164794922 453.169464111328 475.470397949219 498.691375732422 520.235656738281 538.807189941406 540.610290527344 562.553649902344 587.695129394531 581.741027832031 581.83984375 595.305541992188 620.889953613281 657.252319335938 701.080444335938 758.170166015625 807.782043457031 826.182434082031 834.576599121094
238.309127807617 244.177963256836 245.941040039062 229.191284179688 249.288299560547 261.466766357422 282.351928710938 283.250091552734 276.918090820312 265.065002441406 248.235092163086 228.284439086914 215.728485107422 219.267074584961 220.515991210938 221.591613769531 223.930023193359 241.009490966797 275.926513671875 295.242828369141 318.41455078125 341.501617431641 358.685272216797 370.073944091797 371.133544921875 370.768463134766 371.547271728516 378.314788818359 394.675506591797 407.05078125 410.827972412109 411.118072509766 408.213714599609 407.304748535156 413.130706787109 424.322692871094 442.575714111328 465.616394042969 489.191436767578 503.256439208984 511.830718994141 542.043701171875 550.113952636719 563.347106933594 582.089477539062 597.671752929688 602.95703125 602.841857910156 610.191162109375 636.638854980469 667.607727050781 693.720642089844 749.165405273438 780.294616699219 811.570129394531 830.943237304688
229.274780273438 233.987686157227 224.261566162109 229.648574829102 228.181381225586 242.046188354492 243.026153564453 249.772048950195 248.602996826172 244.183334350586 231.780532836914 223.298782348633 215.268936157227 204.026229858398 195.218536376953 193.81103515625 199.415802001953 218.861328125 235.541763305664 261.709197998047 300.840240478516 319.468627929688 335.52783203125 347.121032714844 349.843780517578 348.845123291016 348.60693359375 343.546752929688 350.366058349609 361.761016845703 383.329711914062 394.465728759766 393.393859863281 405.749572753906 419.846557617188 432.193695068359 462.781280517578 489.477478027344 496.073760986328 521.18017578125 541.818542480469 548.113342285156 565.211547851562 575.005004882812 600.825317382812 621.909484863281 622.75048828125 625.408630371094 656.033630371094 679.040466308594 682.025329589844 693.666687011719 747.082153320312 776.332275390625 807.947021484375 827.682861328125
199.554977416992 207.650497436523 221.305419921875 221.184448242188 202.607223510742 216.777099609375 222.344619750977 227.219436645508 223.461883544922 218.092514038086 209.922943115234 208.354354858398 215.41584777832 208.644744873047 216.158126831055 222.025161743164 235.381683349609 263.537506103516 275.390716552734 289.614776611328 298.694519042969 308.539093017578 328.133209228516 341.679260253906 346.366546630859 342.199096679688 336.754364013672 330.330017089844 330.441589355469 342.910736083984 364.434326171875 389.224914550781 411.261810302734 412.514221191406 434.340362548828 455.458618164062 468.823181152344 475.161865234375 512.689331054688 525.565368652344 545.581298828125 566.128356933594 579.288146972656 613.457275390625 629.559143066406 642.393188476562 642.167846679688 652.254211425781 674.643920898438 691.334838867188 719.518127441406 728.780212402344 753.941955566406 777.486206054688 806.403686523438 828.06201171875
171.336059570312 184.651184082031 202.117767333984 191.840515136719 185.119125366211 183.740234375 184.671310424805 193.669342041016 195.196380615234 195.11962890625 201.941909790039 227.876083374023 225.159454345703 235.896896362305 252.942764282227 271.317962646484 263.339782714844 283.565856933594 322.078826904297 328.336303710938 326.706817626953 330.103149414062 335.513122558594 339.265716552734 342.903045654297 341.100433349609 336.948974609375 319.476013183594 325.050903320312 326.88623046875 362.965240478516 386.606262207031 410.416198730469 439.527313232422 451.190826416016 462.716033935547 468.351989746094 481.72119140625 514.313293457031 539.387756347656 554.559997558594 580.730712890625 619.835632324219 645.162536621094 652.204162597656 653.209045410156 655.197998046875 665.204528808594 689.566345214844 716.811157226562 731.93017578125 752.289001464844 777.662658691406 796.005493164062 807.887939453125 828.244750976562
142.524429321289 150.624603271484 150.982849121094 149.190139770508 149.565399169922 144.108261108398 146.550323486328 148.232070922852 156.142929077148 172.001068115234 208.656021118164 229.600204467773 251.485107421875 264.526245117188 266.884185791016 304.856658935547 317.185150146484 350.981903076172 372.386383056641 355.092834472656 342.767333984375 369.745361328125 373.402648925781 375.819915771484 376.167755126953 374.633819580078 367.912658691406 351.666046142578 344.159118652344 344.764556884766 367.8125 388.515777587891 412.534729003906 447.394409179688 451.686828613281 467.405639648438 472.345062255859 482.480346679688 511.635314941406 546.890502929688 575.985473632812 621.419860839844 649.72119140625 658.743225097656 661.309387207031 663.237426757812 668.694030761719 686.90380859375 713.849853515625 739.437561035156 752.239990234375 773.040832519531 780.694580078125 803.732666015625 810.052795410156 829.720153808594
127.386772155762 122.414649963379 110.294227600098 108.339813232422 110.593055725098 108.507659912109 108.977119445801 110.423461914062 118.872497558594 149.009811401367 193.636322021484 235.724426269531 261.727722167969 271.178802490234 280.526458740234 314.048156738281 339.853179931641 378.140594482422 399.998992919922 402.951019287109 402.428924560547 405.694000244141 408.126159667969 410.555328369141 423.398254394531 397.170471191406 398.170806884766 405.2529296875 414.517364501953 415.335357666016 411.345153808594 408.676177978516 443.792816162109 461.043090820312 465.990203857422 471.062683105469 475.596496582031 489.880035400391 523.904296875 554.460876464844 604.880126953125 649.149963378906 660.0283203125 671.852233886719 676.150695800781 673.869750976562 689.519104003906 714.329223632812 741.55126953125 754.852416992188 771.923950195312 780.729370117188 796.189758300781 805.629516601562 813.257019042969 832.53466796875
91.3860931396484 98.6251983642578 94.0918426513672 95.7893905639648 101.803405761719 104.570869445801 107.249359130859 107.953392028809 122.000297546387 141.502395629883 180.29231262207 236.296997070312 263.73876953125 278.963531494141 307.086700439453 324.211364746094 371.657104492188 407.265930175781 416.492523193359 419.429992675781 427.897003173828 432.363555908203 435.176330566406 437.679901123047 439.973815917969 439.6689453125 437.851287841797 435.895568847656 435.697570800781 436.561492919922 441.505157470703 452.65478515625 467.965270996094 472.152465820312 478.238189697266 481.72607421875 487.228912353516 495.785034179688 528.551818847656 578.8427734375 631.633117675781 656.823791503906 675.147399902344 680.005432128906 685.906677246094 693.369750976562 716.248291015625 743.468505859375 764.287231445312 776.046630859375 779.418640136719 780.525939941406 796.963256835938 807.004699707031 815.916748046875 834.947265625
81.9056549072266 66.9973754882812 67.6697387695312 72.0382080078125 92.6733703613281 100.853813171387 105.406311035156 119.748558044434 128.659301757812 135.899185180664 177.955215454102 231.826263427734 264.680084228516 292.808807373047 316.25146484375 339.984741210938 387.657409667969 422.643981933594 429.721527099609 429.830108642578 429.715667724609 436.5966796875 440.525726318359 447.049102783203 448.635498046875 443.16796875 439.40185546875 434.275024414062 433.478790283203 442.289855957031 450.684417724609 459.407073974609 477.984497070312 485.504058837891 492.249298095703 504.977203369141 510.300628662109 526.356323242188 552.9150390625 605.904846191406 651.925903320312 670.239807128906 678.514282226562 685.457275390625 703.101440429688 716.032409667969 738.591125488281 754.823791503906 777.000122070312 781.613708496094 789.988952636719 793.187438964844 795.236938476562 804.830993652344 817.024047851562 839.819763183594
60.0998001098633 59.5649337768555 61.8639907836914 69.3249664306641 86.0939636230469 93.3592071533203 109.532325744629 126.124198913574 127.95777130127 132.712005615234 146.704025268555 202.286331176758 274.107818603516 292.405609130859 317.871795654297 359.164001464844 415.704833984375 453.790069580078 465.839630126953 466.507965087891 463.019439697266 461.100830078125 463.328796386719 464.281616210938 465.970275878906 462.039001464844 460.847351074219 458.818206787109 459.196716308594 461.3447265625 467.077423095703 474.29052734375 491.592346191406 503.946563720703 513.785583496094 521.761108398438 531.500915527344 550.192016601562 581.173828125 632.205078125 655.328308105469 673.594299316406 681.605651855469 703.596496582031 715.973693847656 733.723327636719 747.1630859375 768.707580566406 780.33935546875 793.668273925781 799.007934570312 801.513488769531 799.560791015625 800.026916503906 814.450622558594 840.508422851562
60.0840454101562 60.9771614074707 65.3227386474609 81.904182434082 86.9810028076172 89.9751892089844 106.980827331543 124.578399658203 128.457962036133 131.690734863281 133.647979736328 172.543823242188 226.653549194336 273.936645507812 314.403839111328 366.548217773438 432.121826171875 486.170166015625 504.641387939453 499.366241455078 496.487396240234 493.444244384766 491.869598388672 491.289398193359 489.479888916016 486.339538574219 477.889984130859 477.107757568359 479.75244140625 487.942810058594 497.072723388672 503.592529296875 515.563354492188 532.243530273438 536.665710449219 548.978759765625 557.646118164062 578.067687988281 625.542114257812 654.751159667969 672.557983398438 675.782897949219 694.743286132812 709.58642578125 722.780334472656 742.746276855469 754.897033691406 771.860046386719 783.431091308594 798.178039550781 805.114074707031 808.472961425781 807.773376464844 805.800354003906 792.096618652344 814.688720703125
62.2239646911621 62.7337760925293 91.2105331420898 113.582885742188 118.854858398438 132.548400878906 138.536056518555 145.477890014648 142.54328918457 152.867172241211 136.043014526367 149.288131713867 199.695266723633 236.958297729492 274.751678466797 330.584594726562 401.162109375 485.515380859375 517.3125 524.20458984375 527.457580566406 525.649291992188 524.391906738281 521.822875976562 519.165649414062 513.407836914062 513.801940917969 515.845642089844 520.180297851562 527.985412597656 534.7626953125 543.984008789062 551.974731445312 558.865356445312 565.403137207031 571.902526855469 587.81201171875 624.8935546875 655.469055175781 671.534118652344 676.324096679688 690.084350585938 701.627624511719 712.815368652344 726.763488769531 734.652160644531 752.170227050781 768.270812988281 782.705505371094 797.282775878906 805.468994140625 813.314392089844 826.103942871094 828.10888671875 821.948974609375 796.572082519531
94.7443618774414 95.3071899414062 118.03727722168 125.654350280762 126.442649841309 151.822555541992 173.228469848633 176.348083496094 178.635467529297 180.713073730469 154.018844604492 152.364166259766 164.839172363281 200.786605834961 237.736526489258 287.120483398438 341.702239990234 403.691680908203 465.467590332031 473.872985839844 496.61376953125 540.77685546875 532.835632324219 547.382019042969 552.488342285156 558.409118652344 559.652526855469 558.319458007812 558.697204589844 562.104797363281 567.859680175781 574.615173339844 577.839050292969 584.796264648438 593.957397460938 613.430603027344 637.046325683594 660.6962890625 675.010192871094 677.433654785156 692.2529296875 700.789367675781 708.079895019531 713.498413085938 723.503479003906 733.964233398438 757.715270996094 775.726867675781 784.51708984375 787.56591796875 786.755920410156 790.34033203125 806.372741699219 835.901550292969 840.917236328125 830.082824707031
104.900291442871 128.82551574707 132.778137207031 155.128723144531 168.271102905273 187.243774414062 204.344665527344 204.571594238281 198.818374633789 196.101577758789 183.366073608398 170.989105224609 161.414352416992 160.07763671875 172.593551635742 202.542144775391 247.019317626953 308.560882568359 373.602416992188 421.693115234375 448.189117431641 475.596435546875 505.389038085938 506.144226074219 525.935485839844 572.081298828125 584.908752441406 601.905212402344 614.371337890625 617.255798339844 616.26416015625 615.631103515625 618.304138183594 630.150817871094 640.227600097656 661.141723632812 673.70947265625 680.343872070312 690.427185058594 697.292053222656 702.846313476562 707.495544433594 713.231262207031 717.864440917969 726.672241210938 747.656188964844 780.146301269531 799.313720703125 805.472717285156 794.89208984375 780.898742675781 784.973510742188 786.399169921875 807.732604980469 849.457336425781 838.836181640625
133.428756713867 152.23323059082 175.3466796875 198.181106567383 217.848922729492 225.147232055664 232.451858520508 236.091888427734 233.799850463867 207.860641479492 201.64045715332 196.427825927734 185.93505859375 162.389801025391 146.09831237793 150.609024047852 183.577270507812 232.104797363281 290.419952392578 348.046661376953 389.362731933594 428.602264404297 452.920654296875 479.309448242188 502.77587890625 530.185119628906 578.5888671875 629.057495117188 667.507141113281 676.464233398438 672.234985351562 668.330749511719 668.627746582031 670.910949707031 680.59033203125 683.856689453125 691.989135742188 699.289367675781 704.378479003906 707.088684082031 709.439880371094 712.849670410156 719.203552246094 724.226257324219 731.311584472656 756.498657226562 790.065063476562 815.995483398438 826.440551757812 820.816040039062 809.265502929688 824.375 822.066284179688 808.700988769531 803.812561035156 842.051025390625
150.864761352539 187.995559692383 224.089370727539 265.203826904297 278.040100097656 288.583770751953 289.927978515625 283.542419433594 264.572448730469 245.603485107422 216.564239501953 200.615371704102 205.961456298828 191.166778564453 181.686996459961 167.034271240234 163.899459838867 202.947601318359 254.483642578125 289.772796630859 331.118560791016 377.312103271484 403.805297851562 431.626098632812 465.069549560547 489.697265625 534.27001953125 600.032775878906 680.445739746094 701.573059082031 702.93115234375 692.571350097656 688.213317871094 691.7080078125 698.330444335938 703.385437011719 707.537231445312 712.403198242188 714.936706542969 723.542907714844 727.119689941406 729.135375976562 721.085754394531 729.138488769531 735.71435546875 762.02001953125 801.923889160156 826.435302734375 835.650146484375 834.499084472656 844.718627929688 872.475341796875 912.495788574219 883.614807128906 834.874877929688 809.389587402344
164.964233398438 215.880416870117 270.848876953125 309.786010742188 332.612548828125 346.018280029297 345.365081787109 323.278076171875 300.470336914062 268.352447509766 234.106781005859 219.028686523438 202.163375854492 197.090072631836 203.710723876953 188.054183959961 200.087188720703 202.102233886719 233.710906982422 270.724884033203 306.999877929688 331.629455566406 378.382293701172 409.672637939453 446.305236816406 471.047607421875 512.725341796875 575.760803222656 647.429748535156 694.519897460938 724.421569824219 724.101196289062 713.314270019531 708.534057617188 713.623107910156 718.868957519531 725.192077636719 728.845825195312 731.995361328125 736.450622558594 739.580871582031 739.449157714844 738.694641113281 729.058837890625 737.050842285156 774.756286621094 813.778869628906 838.063293457031 841.442749023438 842.588073730469 846.995666503906 877.63232421875 920.52197265625 951.691467285156 939.689025878906 858.361511230469
181.467208862305 225.04411315918 277.528503417969 327.796936035156 381.901580810547 395.670532226562 390.662811279297 359.861053466797 327.676239013672 290.287994384766 266.864990234375 235.066253662109 222.379776000977 205.861923217773 208.008682250977 213.663558959961 215.260879516602 232.607574462891 241.167297363281 268.689422607422 291.723480224609 309.207458496094 336.352264404297 391.447021484375 427.826568603516 464.394622802734 469.679168701172 541.825622558594 609.2353515625 656.924194335938 707.338134765625 741.45556640625 748.05078125 741.075622558594 736.133056640625 739.561828613281 739.510498046875 740.330139160156 742.147521972656 747.166198730469 751.423095703125 756.688110351562 745.301208496094 729.77734375 735.41455078125 780.943542480469 832.368408203125 863.176635742188 867.367004394531 858.039733886719 843.545837402344 851.556945800781 902.149108886719 952.624084472656 985.777648925781 952.629577636719
