Rscript/monthly_maps/SnowDepthMapFile-mean-1989-10.asc
ncols 320 
nrows 361 
xllcorner 618410.159 
yllcorner 5088785.286 
cellsize 100 
NODATA_value -9999 
[rows 168 to 195 of 361, columns 189 to 251 of 320]
4.73476609876079 7.36431392546623 8.95950932656565 9.72737712244834 10.9400026875158 13.1427991313319 14.6127931840958 16.7936611175537 17.9234153993668 15.9103810095018 13.1388602102956 10.6310928713891 8.77848619030368 7.19361237556704 4.75108961905203 2.78298387219829 2.66804492089056 1.61741293630292 1.03608149866904 0.748523835212954 0.272974260391728 0 0 0 0 0 0 0 0 0 0 0 0 0.270468558034589 0.601458026516822 1.06439049013199 2.19425333699872 3.42680772658317 5.83196676931074 7.63528060913086 9.2806093154415 10.5978690116636 12.1048969145744 13.4879455412588 15.0849284510459 16.0985447052986 21.3046203121062 24.4145103270008 34.5268774186411 39.8604275180448 42.4662613637986 -9999 -9999 -9999 -9999 -9999 -9999 -9999 -9999 -9999 -9999 -9999 -9999
3.57005306982225 5.88902498060657 7.6173580538842 8.93000848831669 10.0018458212576 11.8027478802589 13.4929492089056 16.541499076351 17.8961003518874 15.5004135870164 12.8372747667374 10.442779602543 9.01209428233485 6.92156404064548 3.89039285721317 2.82761207703621 1.71150096770256 1.06418941866967 0.789585482689642 0.459518771017751 0 0 0 0 0 0 0 0 0 0 0 0 0 0.395676674381379 0.747462857154108 2.09611431244881 2.84441683369298 5.40541624253796 7.5345523588119 8.76384464386971 9.63290294524162 10.425655488045 11.3928483532321 12.4239953564059 13.8966582513625 15.3039240683279 16.9372595202538 18.824817534416 27.3350345857682 30.3962097783243 39.3574832024113 -9999 -9999 -9999 -9999 -9999 -9999 -9999 -9999 -9999 -9999 -9999 -9999
2.89815081319501 3.80446920087261 6.20356449004143 7.76570498558783 9.08676584305302 10.460704680412 13.1428088218935 16.0550585408365 18.8318114126882 16.877492320153 13.6690291743125 11.6281086398709 9.44701963855374 7.40897821610974 4.78320737038889 3.17422583795363 1.43245610883159 0.936492735339749 0.603466156990297 0.298381743892547 0 0 0 0 0 0 0 0 0 0 0 0 0.339603700945454 0.814733566776399 2.48044610792591 4.47284635420769 7.6452664098432 9.11486588754962 9.81346133447463 9.88988999397524 10.1959303579023 10.2669841397193 10.4850780117896 11.3177135836694 12.5794646970687 14.420378838816 16.0020172980524 18.1129450644216 21.2125966625829 23.2182417531167 -9999 -9999 -9999 -9999 -9999 -9999 -9999 -9999 -9999 -9999 -9999 -9999 -9999
2.22949710969002 3.01355740331834 4.90084977303782 7.13360429579212 8.49407042226484 9.97651487781155 12.4206242407522 15.4829414890658 19.0429114064863 18.6462634301955 15.2007891439622 12.4523002255347 10.3486891715757 8.17739812789425 5.01602958863781 3.48289625106319 2.23090504061791 1.01683198252032 0.64011106183452 0.2658599422824 0 0 0 0 0 0 0 0 0 0 0 0.367216633212182 1.27432135612734 3.02567972675447 5.78725860964867 9.01603751028738 10.0945959398823 11.6621462298978 11.0158181959583 9.36531768306609 9.74715675846223 9.39230795829527 9.59374741585024 10.4238745166409 12.0703264051868 13.9844127778084 15.7356905783376 17.3249489568895 19.4750848585559 22.8282977688697 24.7352459046148 -9999 -9999 -9999 -9999 -9999 -9999 -9999 -9999 -9999 -9999 -9999 -9999
1.86721038818359 2.74767763383927 3.99488912090178 6.78321758393318 8.36554674948415 9.63498392412739 11.7977743148804 14.8580370256978 17.2330378255536 19.1678260680168 16.9139282472672 13.2961359946958 11.1458311080933 9.18523019359958 6.67091874153383 3.70800842777375 3.09600885452763 1.53284171319777 0.804601300147272 0.28701840677569 0 0 0 0 0 0 0 0 0 0 0.269477413546654 0.854455271074849 2.73214881650863 4.93498348420666 6.04869559503371 6.7707738261069 7.03882737313547 8.65949526140767 8.46026346760411 8.26272407654793 8.28672172177222 8.53905084056239 9.05937182518744 9.99453224674348 11.5423817788401 13.4697612947033 14.9134810663039 16.1981070118566 18.3680044604886 21.3336320846312 23.8183656507923 -9999 -9999 -9999 -9999 -9999 -9999 -9999 -9999 -9999 -9999 -9999 -9999
2.16094970703125 3.20065602948589 4.37587664204259 7.12787855825117 8.29643907854634 9.67265233685893 11.6682010158416 14.394102158085 16.245534066231 19.1998154732489 17.3869189600791 13.3881588597451 11.6519215799147 9.51929510793378 7.40487673974806 4.45699230317147 3.52994254327589 2.00415743550947 0.969100582984186 0.556456658147996 0 0 0 0 0 0 0 0 0 0 0.281183981126355 0.830891701482957 2.12546736194241 3.12957419118574 3.53288841247559 4.33802875395744 4.7278311944777 5.10848408360635 5.53598268570439 6.15458445395193 7.30277301419166 7.87834453582764 8.70412623497748 9.6869754175986 11.1609908073179 12.8566880995227 14.1979357196439 15.5985449514081 17.9293717722739 21.1522530125033 23.9582572906248 -9999 -9999 -9999 -9999 -9999 -9999 -9999 -9999 -9999 -9999 -9999 -9999
2.55253899481989 3.44493367595057 5.31669078334685 7.72996717883695 9.01415437267673 10.3432961433165 11.8769273450298 14.2335477029124 15.8567565794914 16.9620898462111 15.0878009180869 12.3185045796056 10.5252490505095 8.62635327923682 6.23035412449991 3.38122613968388 2.98649646389869 1.54613125708795 0.998756347164031 0.579384034679782 0 0 0 0 0 0 0 0 0 0 0 0.433199759452574 0.909414475963962 1.39015025477256 1.57061349191973 1.67676519578503 1.81005231795772 2.03439380276588 2.74191816391483 4.61528827298072 6.53704132572297 7.45471049893287 8.42519144858083 9.63372015183972 10.9391832659321 12.9783371340844 14.3602425667547 15.0809108364967 17.7429042939217 21.1776752779561 25.7901863898 -9999 -9999 -9999 -9999 -9999 -9999 -9999 -9999 -9999 -9999 -9999 -9999
3.97211176349271 4.53823926371913 7.51594115841773 9.1487480286629 9.75496009088332 10.6439503085229 12.2292266968758 13.9618604721562 14.7414348356185 14.7970789017216 13.5532710782943 11.5600124482186 9.42927998881186 7.65391220584992 4.84400890719506 3.11258494469427 2.18679911090482 1.18024038499401 0.850327891688193 0.424235313169418 0 0 0 0 0 0 0 0 0 0 0 0 0.362329359977476 0.384981862960323 0.583687382359659 0.830507155387632 1.40444786317887 2.09404557751071 2.21979842647429 3.36011909669445 6.02263376789708 7.38892998233918 8.42229080200195 9.52304889309791 10.6332284250567 13.5155224953928 15.5474758763467 16.3049179815477 18.6859444648989 23.2005905028312 26.0927598091864 -9999 -9999 -9999 -9999 -9999 -9999 -9999 -9999 -9999 -9999 -9999 -9999
4.95416044419812 7.47763501444171 9.17641836597073 9.85897701017318 10.4553857003489 11.1744894519929 11.9753460422639 13.4115115134947 13.7124563955492 13.5413250461701 11.8864117591612 10.3886047793973 8.64971554663873 6.72351972518429 3.51936197280884 2.7350455253355 1.44882054482737 0.932745533604776 0.598532707460465 0.267637160516554 0 0 0 0 0 0 0 0 0 0 0 0 0 0 0.345808244520618 0.668605312224357 1.11899431290165 2.30711983096215 2.90364530009608 4.50477984643752 6.91179306276383 8.12645026176206 9.00931573683216 9.87491509222215 11.5452171448738 13.7052377885388 16.0083283455141 16.8590831141318 18.8997979317942 23.3607252490136 25.9771657759143 -9999 -9999 -9999 -9999 -9999 -9999 -9999 -9999 -9999 -9999 -9999 -9999
7.71328981461064 9.23558668936453 9.96710869573778 9.74522904426821 10.0482560434649 10.2391838565949 11.0332188760081 12.5554948314544 13.2464068935763 12.6933640203168 10.9084717227567 9.18097292992377 7.7744988472231 5.57538081753639 2.99224176714497 2.12620282942249 1.07965653942477 0.724928271385931 0.308781962240896 0 0 0 0 0 0 0 0 0 0 0 0 0 0 0 0.304093791592506 0.806498496763168 1.4388785823699 2.81372211825463 3.98264272751347 6.04079437255859 7.68703528373472 8.67977966800813 9.37557946482012 10.2942844513924 12.0452788260675 14.5909143263294 14.9559075755458 15.9327894026233 17.8754733300978 21.4653060974613 24.2494892920217 -9999 -9999 -9999 -9999 -9999 -9999 -9999 -9999 -9999 -9999 -9999 -9999
9.43794598117951 10.1156996757753 9.58813132009199 9.59469702935988 9.36366001252205 9.52536158407888 10.227713184972 11.3905775008663 12.3496083597983 12.3246044343518 10.9604354366179 9.41762847285117 7.11999794744676 4.12254791875039 2.85664847589308 1.51978535805979 0.936431884765625 0.578183943225491 0.325623266158565 0 0 0 0 0 0 0 0 0 0 0 0 0 0 0 0.543870002992692 1.00535934202133 2.21325474400674 3.15401944806499 4.10766669242613 6.09827392332016 7.43641908707157 8.81294225877331 9.63404624692855 10.103139815792 11.3494331605973 13.46076239309 14.3092794418335 15.2837761909731 17.4637325348393 20.6125308467496 23.8057247900194 -9999 -9999 -9999 -9999 -9999 -9999 -9999 -9999 -9999 -9999 -9999 -9999
10.334683510565 9.61763074321131 9.31613540649414 8.83183780793221 8.82987385411416 9.15589351038779 9.71822246428459 10.6709956507529 11.7522578085622 12.4217902460406 11.2187801176502 10.134102729059 6.83042464717742 4.20273906953873 3.1797618250693 1.61135976545272 0.937645696824597 0.546428803474672 0 0 0 0 0 0 0 0 0 0 0 0 0 0 0 0 0.569209252634356 0.977444741033739 1.8737922176238 2.87288994942942 3.08603909707838 5.25327137977846 6.83245701943674 7.84049403282904 8.87729287916614 9.77838596220939 10.7878645620038 11.9574009064705 12.8804617851011 14.1480751037598 16.2874370082732 19.3946539971136 22.916947380189 -9999 -9999 -9999 -9999 -9999 -9999 -9999 -9999 -9999 -9999 -9999 -9999
10.4255478766657 9.2996943073888 8.21903647145917 7.66993338061917 8.20209583159416 8.82543773035849 9.39032154698526 10.2012019003591 11.5293792293918 12.4311506825109 12.9566548870456 11.0607311033433 8.65791714575983 5.13981994505852 3.81433763811665 2.21399405694777 1.03915885186964 0.683308262978831 0.307661456446494 0 0 0 0 0 0 0 0 0 0 0 0 0 0 0 0.332215616779943 0.755243362918977 1.17447699269941 1.97322685487809 2.33666130804246 3.3212313805857 5.50935140732796 6.73726060313563 7.65816171707646 8.64447076859013 9.29976223361108 10.2677842417071 11.705687738234 12.8843142601752 15.032650240006 17.9256081734934 22.9851118210823 -9999 -9999 -9999 -9999 -9999 -9999 -9999 -9999 -9999 -9999 -9999 -9999
9.77895049125918 8.33567034813666 7.13743542086694 6.69757990683279 7.42370279373661 8.43660613029234 9.11555850121283 9.83379191737021 10.8236963825841 12.0047046292213 13.4475349918489 12.289383457553 10.1485317599389 7.55245799403037 4.39837015828779 3.64229536056519 1.86758684342907 0.934712932955834 0.510543884769563 0 0 0 0 0 0 0 0 0 0 0 0 0 0 0 0 0.45449044627528 0.788019918626355 1.2559085969002 2.04652527839907 2.30730142901021 3.39620636355492 5.3511893364691 6.34458295760616 7.62075744136687 8.075691176999 9.24187192609233 10.6860329412645 12.2242359038322 14.2352163253292 17.2323936031711 22.8546228101177 25.9878314848869 -9999 -9999 -9999 -9999 -9999 -9999 -9999 -9999 -9999 -9999 -9999
9.55280368558822 7.51267513152092 6.0840385806176 5.54792228821785 6.74732897358556 7.91200970065209 8.95127720986643 9.71677927817068 10.9590414724042 12.0387438804873 12.6229315111714 11.3244500314036 10.791064277772 9.13054289356355 5.80505524912188 4.13476987038889 2.99559931601247 1.44202093924246 0.737363446143366 0.366404779495731 0 0 0 0 0 0 0 0 0 0 0 0 0 0 0 0.378751754760742 0.662908431022398 0.971387801631804 1.70202082972373 2.31429315382434 2.43306289180633 4.14418632753434 5.7512450679656 6.95176976726901 7.7367930258474 8.41142389851232 10.0755812121976 11.7889316928002 13.7188643793906 16.6880325501965 20.0339868453241 23.7677640914917 -9999 -9999 -9999 -9999 -9999 -9999 -9999 -9999 -9999 -9999 -9999
8.77059484297229 6.7458684982792 5.03851961320446 4.89374176148445 6.11404209752237 7.72893979472499 9.00332137077085 10.1741057672808 11.2950677871704 11.9400919637372 12.0938158958189 10.9431561193159 9.46409883806782 7.56544925320533 4.89236090260167 3.46159368945706 2.87491915302892 1.33738696190619 0.834423741986675 0.333994988472231 0 0 0 0 0 0 0 0 0 0 0 0 0 0 0 0.424582419856902 0.806850310294859 1.12257889778383 1.92305658709618 2.94389269428868 3.28763174241589 4.33325416811051 5.78352042167417 6.79275460397043 7.20603216848066 7.99612014524398 9.82053596742692 11.6615929142121 13.3431962843864 16.5389796841529 19.5721450928719 23.0028183537145 -9999 -9999 -9999 -9999 -9999 -9999 -9999 -9999 -9999 -9999 -9999
7.66192270094349 5.53161796446769 4.75035412080826 4.60593020531439 5.77366241332023 7.77929773638325 9.13924900177986 10.3966171972213 11.6663601475377 11.9280072181456 11.5240496050927 10.0095682451802 7.59134957098192 5.37217743166031 3.26146833358272 3.07113825890326 2.14819891222062 1.1759888433641 0.762872572868101 0.311506394417055 0 0 0 0 0 0 0 0 0 0 0 0 0 0 0.339612806996992 0.766807494624968 1.07790743920111 1.82217836380005 2.87145331598097 3.38207072596396 4.11232800637522 6.31781676507765 8.03427883886522 8.88747399853122 9.41629459011939 9.64596754504788 11.1142361548639 11.6769108926096 13.3450941270398 16.3211027883714 19.1308765411377 21.7080693398753 -9999 -9999 -9999 -9999 -9999 -9999 -9999 -9999 -9999 -9999 -9999
6.55630351651099 4.62177596553679 4.0049678433326 3.98741180666031 5.32402300065564 7.67431369904549 9.34345602220105 10.6795052559145 11.6080479160432 12.2752308999338 10.9160178399855 9.21933937072754 6.18298727466214 3.18581082743983 2.66529698525706 1.76597139912267 1.12631520917339 0.854656527119298 0.490378133712276 0 0 0 0 0 0 0 0 0 0 0 0 0 0 0 0.599860406691028 0.972419800296907 1.46434525520571 2.72865080064343 3.32010533732753 4.28561364450762 6.84744364215482 8.68190002441406 10.2000606598393 11.3680154738888 12.512950681871 12.8005049920851 13.3299443029588 13.3789857433688 13.9754878013365 16.0452058853642 18.7463862511419 20.8337853339411 -9999 -9999 -9999 -9999 -9999 -9999 -9999 -9999 -9999 -9999 -9999
5.03142323032502 3.92700644462339 3.95954685826455 3.88448758279124 5.02599420855122 7.48306680494739 9.28900417204826 10.6802409079767 11.3558315000226 11.2527693779238 10.1165501379198 7.88887774559759 4.58131577891688 3.06889964688209 1.72279825518208 1.05313282628213 0.731846717096144 0.38021493727161 0 0 0 0 0 0 0 0 0 0 0 0 0 0 0 0 0.564897783340946 0.941724531112179 1.43398924796812 2.70711434272028 3.28179722447549 5.33907121227634 7.74172653690461 9.33076215559436 10.7574113415134 12.6010765567903 15.0287525730748 16.599283587548 16.361996035422 15.0988952113736 14.5069535163141 16.227181465395 18.5928582222231 20.5321302106304 -9999 -9999 -9999 -9999 -9999 -9999 -9999 -9999 -9999 -9999 -9999
3.82841128687705 3.85623168945312 3.74847479789488 3.8210456602035 4.84110499966529 7.35706600066154 9.35058778332126 10.6530492228846 11.0017196439928 10.6883594451412 8.97504597325479 6.74962357551821 3.74606673948226 2.83301156566989 1.26904961370653 0.843857734434066 0.32224735136955 0 0 0 0 0 0 0 0 0 0 0 0 0 0 0 0 0 0.49179498610958 0.865517400926159 1.2222171906502 2.05698616273942 2.77940679365589 5.29780640140657 7.53268204965899 8.9432494871078 10.218051064399 12.2061952160251 14.6487187416323 18.0078875941615 19.742173610195 18.4358953660534 16.8471155166626 16.9973609678207 19.0706793262113 20.1137321841332 -9999 -9999 -9999 -9999 -9999 -9999 -9999 -9999 -9999 -9999 -9999
3.7135681029289 3.73857227448494 3.83130448864352 3.94885493863013 5.01339878574494 7.67525875952936 9.72525015184956 10.8241687897713 10.8019730660223 9.43471231768208 7.23550673454039 4.62138597426876 3.25011444091797 2.41703876372307 1.18001113399383 0.721375373102004 0.379758373383553 0 0 0 0 0 0 0 0 0 0 0 0 0 0 0 0 0.326240385732343 0.605807642782888 0.943220630768807 1.21039753575479 2.35808003333307 3.03743159386419 5.42432914241668 7.45653786197785 8.76570215532857 9.81831409085181 11.7745209047871 14.1916431150129 17.4116481965588 20.9086260949412 21.6386073327834 20.5874437209099 20.0505670732067 20.4117231984292 20.8877440883267 -9999 -9999 -9999 -9999 -9999 -9999 -9999 -9999 -9999 -9999 -9999
3.54216698677309 3.44548040820706 3.85456405147429 3.9657230992471 5.6434164662515 8.19276354389806 10.0444257643915 10.6921754498636 10.5151035093492 8.59731698805286 5.5860098561933 3.17975837953629 2.82180312372023 1.69663743049868 1.1236706395303 0.695250357350995 0.333013165381647 0 0 0 0 0 0 0 0 0 0 0 0 0 0 0 0 0.259050523081133 0.799117795882686 1.11149203392767 2.14172744750977 3.15696734766806 4.01002322473834 6.51820342771469 8.11505250007876 9.11721752535912 10.37285700152 12.011245143029 14.3199607326138 17.3518561393984 21.842509208187 24.1963963047151 23.4266182684129 22.1534502736984 21.7422330302577 21.6201764691261 -9999 -9999 -9999 -9999 -9999 -9999 -9999 -9999 -9999 -9999 -9999
3.18628692626953 3.30560973382765 3.78151782866447 4.36807823181152 7.15518699153777 9.15942785816808 10.7605132441367 11.6977393242621 10.1350436056814 8.03350460913873 4.1478650646825 3.1303966891381 1.80908190819525 1.22202288719916 0.985612315516318 0.631591304655998 0.362243590816375 0 0 0 0 0 0 0 0 0 0 0 0 0 0 0 0 0.544387755855437 0.998177805254536 2.07531089167441 3.62382768815564 4.64573094152635 7.16947217141428 8.69794894802955 9.58142465160739 10.1057246423537 11.5020168058334 13.0569696118755 15.1131186331472 18.6594493927494 22.7450114834693 24.8894377062398 24.432288446734 24.4516838442895 22.6190402123236 21.3709186738537 20.4032776740289 -9999 -9999 -9999 -9999 -9999 -9999 -9999 -9999 -9999 -9999
2.76152604626071 3.12519799509356 3.7278980747346 4.62483076895437 7.52960721908077 9.8758616908904 11.5213042843726 11.5718692041213 10.0723229685137 7.28036831271264 3.52418954910771 2.68610440531085 1.30141350530809 0.969414680234848 0.629141899847215 0.253791516826999 0 0 0 0 0 0 0 0 0 0 0 0 0 0 0 0 0 0.679305968746062 1.18529288999496 2.72582269483997 4.05383900673159 7.27977771143759 9.74507071894984 10.7533603791268 11.2574738225629 11.9861972716547 12.912059937754 14.4071635892314 16.2969028411373 20.1061950345193 22.3763662153675 25.5144353066721 21.4725050157116 21.5540624126311 19.9617382787889 19.5471900816887 19.3281520720451 19.4356197849397 -9999 -9999 -9999 -9999 -9999 -9999 -9999 -9999 -9999
2.43999741154332 3.02475178626276 3.66443615574991 4.83090462223176 8.42822351763325 10.2054570413405 11.5384510409447 11.4218929659936 9.54321658226752 6.15750152834 3.48190486046576 2.28932666778564 1.09250788534841 0.689697880898753 0.330683523608792 0 0 0 0 0 0 0 0 0 0 0 0 0 0 0 0 0 0.28467458294284 0.772623615880166 1.29764852216167 2.76062959240329 4.36229232049757 7.75481328656597 9.82898081502607 11.1442682204708 12.3706561519254 13.0515442509805 13.9005441973286 14.9455738990538 17.0083039191461 20.7482800637522 22.7809542379072 22.7090271980532 20.1875219345093 18.7875089337749 18.190224647522 17.4805646096506 17.4691681400422 18.197475094949 18.696419162135 19.2587568836827 -9999 -9999 -9999 -9999 -9999 -9999 -9999
2.38537748398319 2.91978574568226 3.70316923818281 4.90140196584886 8.54903664127473 10.222736912389 10.96090913588 10.9519965571742 8.81441642392066 5.07910280842935 3.43985114559051 1.9451500215838 0.968704715851815 0.506829938580913 0 0 0 0 0 0 0 0 0 0 0 0 0 0 0 0 0 0 0.377842626264018 0.697208404541016 1.13745941654328 2.5014986530427 3.68274744095341 7.06197295650359 9.81672499256749 11.4495412765011 12.8231422670426 13.7603048509167 14.3667468101748 15.5100228709559 16.1057005543863 18.7073228897587 20.1325603454344 20.0934730191385 18.6164192076652 16.9047000023627 16.4554118494834 16.2501409592167 15.8740077480193 16.4288710932578 16.7228515994164 17.7947743631178 18.1208308435255 19.0277132834158 -9999 -9999 -9999 -9999 -9999
2.19277249613116 2.9482004104122 3.66427999927152 4.80609103172056 7.86448718655494 9.89746007611675 10.919140600389 10.9280788052467 8.46900896872244 4.75086821279218 3.34864136480516 1.45327451152186 0.912744891258978 0.290867067152454 0 0 0 0 0 0 0 0 0 0 0 0 0 0 0 0 0 0 0 0.480992255672332 0.907208411924301 1.85208006828062 3.391143122027 6.76775261663621 8.68096493136498 9.47997739238124 10.3040725954117 11.1708919155982 12.0825795819682 13.5591444200085 15.4034313694123 18.2332029035015 18.9131710913873 19.2870235443115 17.59202929466 15.8116749178979 15.056998314396 14.5552797625142 14.3324349926364 14.4048377929195 14.4422625418632 15.3169284328338 16.1284097856091 17.8103291911464 18.7839187499016 -9999 -9999 -9999 -9999
1.79838069792717 2.76878673799576 3.55881340272965 4.4083955518661 7.34975125712733 10.0004520108623 10.8568518853957 11.7541643573392 9.11162185668945 5.11829200867684 3.36354434105658 1.71155212771508 0.789563455889302 0.316011644178821 0 0 0 0 0 0 0 0 0 0 0 0 0 0 0 0 0 0 0 0.332543126998409 0.759228552541425 1.70540335870558 2.80131881467758 6.47240128055696 7.96823796918315 8.37300786664409 8.64079518471995 9.07044293803553 10.1511860509073 11.8033642922678 13.9488959158621 16.6373560505529 18.4163393820486 19.3086569386144 16.6590009504749 15.2125625610352 13.8403060051703 13.000294962237 12.6805176273469 12.4942000604445 12.655953068887 13.0456411300167 14.2955621288669 15.7738087561823 17.8422442405455 19.7044233814363 -9999 -9999 -9999
