Rscript/monthly_maps/SnowDepthMapFile-ndays-1989-09.asc
ncols 320 
nrows 361 
xllcorner 618410.159 
yllcorner 5088785.286 
cellsize 100 
NODATA_value -9999 
[rows 46 to 91 of 361, columns 96 to 191 of 320]
-9999 -9999 -9999 -9999 -9999 -9999 21 19 13 7 7 6 6 6 6 6 6 6 6 5 5 5 5 5 6 8 9 9 8 6 6 6 5 5 5 5 4 4 4 4 3 1 1 1 1 1 1 1 0 0 0 0 0 0 0 0 0 0 0 0 0 0 0 0 0 0 0 0 0 0 0 0 0 0 0 0 0 0 0 0 0 0 0 0 1 1 1 1 2 1 1 1 1 1 1 0
-9999 -9999 -9999 -9999 -9999 25 22 17 13 8 7 7 6 6 6 6 6 6 6 5 5 5 5 5 5 6 7 8 8 8 6 6 6 5 5 5 5 4 4 4 3 1 1 1 1 1 1 1 0 0 0 0 0 0 0 0 0 0 0 0 0 0 0 0 0 0 0 0 0 0 0 0 0 0 0 0 0 0 0 0 0 0 0 0 0 1 1 1 1 1 1 1 1 1 1 1
-9999 -9999 -9999 -9999 -9999 25 20 14 14 9 8 7 8 6 6 6 6 6 6 6 5 5 5 5 5 5 5 6 6 6 7 6 6 6 5 5 5 5 4 4 3 1 1 1 1 1 1 1 1 0 0 0 0 0 0 0 0 0 0 0 0 0 0 0 0 0 0 0 0 0 0 0 0 0 0 0 0 0 0 0 0 0 0 0 0 1 1 1 1 1 1 1 1 1 1 1
-9999 -9999 -9999 -9999 28 22 17 14 14 11 8 8 7 7 6 6 6 6 6 6 6 5 5 5 5 5 5 5 5 6 6 6 6 6 6 5 5 5 5 4 3 1 1 1 1 1 1 1 1 1 0 0 0 0 0 0 0 0 0 0 0 0 0 0 0 0 0 0 0 0 0 0 0 0 0 0 0 0 0 0 0 0 0 0 0 1 1 1 1 1 1 1 1 1 1 1
30 30 30 30 30 25 17 16 16 15 11 10 8 8 7 6 6 6 6 6 6 6 5 5 5 5 5 5 5 5 5 5 5 6 6 6 5 5 5 4 3 1 1 1 1 1 1 1 1 1 1 1 1 0 0 0 1 0 0 0 0 0 0 0 0 0 0 0 0 0 0 0 0 0 0 0 0 0 0 0 0 0 0 0 0 1 1 1 1 0 0 0 0 0 1 1
27 30 30 30 30 25 20 16 17 17 16 13 11 9 8 7 7 6 6 6 6 6 6 5 5 5 5 5 5 5 5 5 5 5 5 6 6 5 5 5 3 3 1 1 1 1 1 1 1 1 1 1 1 1 1 1 1 1 0 0 0 0 0 0 0 0 0 0 0 0 0 0 0 0 0 0 0 0 0 0 0 0 0 0 0 1 1 0 0 0 0 0 0 0 0 1
25 26 26 30 30 30 24 22 21 19 18 16 14 13 11 8 7 7 6 6 6 6 6 6 6 5 5 5 5 5 5 5 5 5 5 5 5 5 5 5 5 4 3 2 1 1 1 1 1 1 1 1 1 1 1 1 1 0 0 0 0 0 0 0 0 0 0 0 0 0 0 0 0 0 0 0 0 0 0 0 0 0 0 0 1 1 0 0 0 0 0 0 0 0 0 0
22 22 23 22 25 29 29 28 28 25 24 22 18 17 15 11 8 7 7 6 6 6 6 6 6 5 5 5 5 5 5 5 5 5 5 5 5 5 5 5 5 5 4 4 2 1 1 1 1 1 1 1 1 1 1 1 1 1 0 0 0 0 0 0 0 0 0 0 0 0 0 0 0 0 0 0 0 0 0 0 0 0 0 0 1 1 0 0 0 0 0 0 0 0 0 0
23 22 21 21 22 25 26 30 28 28 28 28 24 21 18 16 12 8 7 7 7 7 6 6 6 6 5 5 5 5 5 5 5 5 4 4 4 4 4 4 4 5 4 4 3 1 1 1 1 1 1 1 1 1 1 1 1 0 0 0 0 0 0 0 0 0 0 0 0 0 0 0 0 0 0 0 0 0 0 0 0 0 0 1 1 1 0 0 0 0 0 0 0 0 0 0
23 22 21 19 20 21 24 25 30 28 28 28 26 23 20 19 16 12 9 8 7 7 7 6 6 6 5 5 5 5 5 5 5 5 4 4 4 4 4 4 4 4 4 4 3 1 1 1 1 1 1 1 1 1 1 1 1 1 1 0 0 0 0 0 0 0 0 0 0 0 0 0 0 0 0 0 0 0 0 0 0 0 0 1 1 1 0 0 0 0 0 0 0 0 0 0
22 22 20 19 19 19 21 23 24 24 24 24 22 22 22 20 19 16 12 10 8 8 7 6 6 6 5 5 5 5 5 5 5 5 4 4 4 4 4 4 4 3 3 2 1 1 1 1 1 1 1 1 1 1 1 1 1 1 1 1 0 0 0 0 0 0 0 0 0 0 0 0 0 0 0 0 0 0 0 0 0 0 0 0 0 1 0 0 0 0 0 0 0 0 0 0
22 22 20 19 18 18 19 21 22 24 23 22 21 21 22 22 20 19 15 14 10 8 7 6 6 6 5 5 5 5 5 5 5 4 4 4 4 4 4 3 3 2 1 1 1 1 1 1 1 1 1 1 1 1 1 1 1 1 1 0 0 0 0 0 0 0 0 0 0 0 0 0 0 0 0 0 0 0 0 0 0 0 0 0 0 0 0 0 0 0 0 0 0 0 0 0
21 21 19 19 18 18 18 19 21 22 22 21 21 21 22 21 22 20 19 16 11 8 7 6 6 6 5 5 5 5 5 5 5 5 4 4 4 4 4 3 3 1 1 1 1 1 1 1 1 1 1 1 1 1 1 1 1 0 0 0 0 0 0 0 0 0 0 0 0 0 0 0 0 0 0 0 0 0 0 0 0 0 0 0 0 0 0 0 0 0 0 0 0 0 0 0
22 20 19 19 18 18 17 18 19 19 19 19 19 19 19 19 20 22 20 18 15 9 7 6 6 6 5 5 5 5 5 5 5 5 5 4 4 4 4 3 1 1 1 1 1 1 1 1 1 1 1 1 1 1 1 1 0 0 0 0 0 0 0 0 0 0 0 0 0 0 0 0 0 0 0 0 0 0 0 0 0 0 0 0 0 0 0 0 0 0 0 0 0 0 0 0
22 20 19 19 18 16 15 15 18 18 18 18 18 18 18 18 19 19 20 20 16 11 7 6 6 6 6 6 5 5 5 5 5 5 5 5 4 4 3 2 1 1 1 1 1 1 1 1 1 1 1 1 1 1 1 1 0 0 0 0 0 0 0 0 0 0 0 0 0 0 0 0 0 0 0 0 0 0 0 0 0 0 0 0 0 0 0 0 0 0 0 0 0 0 0 0
22 20 19 19 17 17 13 14 15 15 17 18 18 18 17 17 15 18 19 19 19 15 8 6 6 6 6 6 6 5 5 5 5 5 5 4 4 3 3 1 1 1 1 1 1 1 1 1 1 1 1 1 1 1 1 0 0 0 0 0 0 0 0 0 0 0 0 0 0 0 0 0 0 0 0 0 0 0 0 0 0 0 0 0 0 0 0 0 0 0 0 0 0 0 0 0
20 20 19 19 17 17 14 13 13 13 14 14 17 17 16 13 13 13 13 17 18 16 14 8 8 6 6 6 6 6 5 5 5 5 4 4 3 3 1 1 1 1 1 1 1 1 1 1 1 1 1 1 1 1 1 0 0 0 0 0 0 0 0 0 0 0 0 0 0 0 0 0 0 0 0 0 0 0 0 0 0 0 0 0 0 0 0 0 0 0 0 0 0 0 0 0
20 20 19 17 17 16 16 13 13 13 13 13 13 13 12 10 10 8 9 10 9 12 10 11 8 7 6 6 6 6 5 5 5 5 4 3 2 1 1 1 1 1 1 1 1 1 1 0 0 0 0 0 0 0 0 0 0 0 0 0 0 0 0 0 0 0 0 0 0 0 0 0 0 0 0 0 0 0 0 0 0 0 0 0 0 0 0 0 0 0 0 0 0 0 0 0
22 20 19 17 16 16 15 13 10 8 7 7 7 10 10 8 7 7 7 6 6 6 7 7 6 6 6 6 6 5 5 5 5 4 3 3 1 1 1 1 1 1 1 1 1 0 0 0 0 0 0 0 0 0 0 0 0 0 0 0 0 0 0 0 0 0 0 0 0 0 0 0 0 0 0 0 0 0 0 0 0 0 0 0 0 0 0 0 0 0 0 0 0 0 0 0
22 20 19 17 16 15 13 11 8 8 7 6 6 6 7 7 7 6 6 6 6 6 6 6 6 6 6 6 5 5 5 5 5 4 3 2 1 1 1 1 1 1 1 1 1 0 0 0 0 0 0 0 0 0 0 0 0 0 0 0 0 0 0 0 0 0 0 0 0 0 0 0 0 0 0 0 0 0 0 0 0 0 0 0 0 0 0 0 0 0 0 0 0 0 0 0
22 20 19 16 16 14 10 8 7 7 6 6 6 6 6 6 6 6 6 6 6 5 5 5 6 6 6 6 6 5 5 5 5 4 3 2 1 1 1 1 1 1 1 1 1 1 0 0 0 0 0 0 0 0 0 0 0 0 0 0 0 0 0 0 0 0 0 0 0 0 0 0 0 0 0 0 0 0 0 0 0 0 0 0 0 0 0 0 0 0 0 0 0 0 0 0
20 19 18 16 14 9 8 8 7 6 6 6 6 6 6 6 6 6 6 6 5 5 5 5 5 6 6 6 6 6 5 5 5 4 3 3 1 1 1 1 1 1 1 1 1 1 0 0 0 0 0 0 0 0 0 0 0 0 0 0 0 0 0 0 0 0 0 0 0 0 0 0 0 0 0 0 0 0 0 0 0 0 0 0 0 0 0 0 0 0 0 0 0 0 0 0
19 16 16 14 9 8 7 6 6 6 6 6 6 5 6 6 6 5 6 5 5 5 5 5 5 5 6 6 6 6 5 5 5 4 4 3 3 3 1 1 1 1 1 1 1 1 1 1 0 0 0 0 0 0 0 0 0 0 0 0 0 0 0 0 0 0 0 0 0 0 0 0 0 0 0 0 0 0 0 0 0 0 0 0 0 0 0 0 0 0 0 0 0 0 0 0
18 16 14 9 8 8 6 6 6 6 6 6 6 5 5 5 5 5 5 5 5 5 5 5 5 5 5 5 6 6 6 6 5 5 4 4 4 4 3 3 2 1 1 1 1 1 1 1 1 0 0 0 0 0 0 0 0 0 0 0 0 0 0 0 0 0 0 0 0 0 0 0 0 0 0 0 0 0 0 0 0 0 0 0 0 0 0 0 0 0 0 0 0 0 0 0
17 16 13 9 7 7 6 6 6 6 5 5 5 5 5 5 5 5 5 5 5 5 5 5 5 5 5 5 5 6 6 6 6 6 6 5 5 5 4 3 3 3 3 1 1 1 1 1 1 1 1 1 1 1 1 0 0 0 0 0 0 0 0 0 0 0 0 0 0 0 0 0 0 0 0 0 0 0 0 0 0 0 0 0 0 0 0 0 0 0 0 0 0 0 0 0
18 16 13 10 8 6 6 6 6 6 5 5 5 5 5 5 5 5 5 5 5 5 5 5 5 4 4 4 4 5 5 6 6 6 6 6 6 5 5 5 4 4 4 4 4 3 3 1 1 1 1 1 1 1 1 1 0 0 0 0 0 0 0 0 0 0 0 0 0 0 0 0 0 0 0 0 0 0 0 0 0 0 0 0 0 0 0 0 0 0 0 0 0 0 0 0
19 16 15 10 8 6 6 6 6 6 5 5 5 5 5 5 5 5 5 5 5 5 5 5 4 4 3 3 3 4 5 5 6 6 6 6 6 6 5 5 5 5 5 5 5 5 3 2 1 1 1 1 1 1 1 1 1 0 0 0 0 0 0 0 0 0 0 0 0 0 0 0 0 0 0 0 0 0 0 0 0 0 0 0 0 0 0 0 0 0 0 0 0 0 0 0
19 17 15 11 8 7 6 6 6 6 5 5 5 5 5 5 5 5 5 5 5 5 5 4 3 3 3 3 3 3 3 4 5 5 6 6 6 6 6 6 5 6 6 6 6 5 4 3 1 1 1 1 1 1 1 1 1 0 0 0 0 0 0 0 0 0 0 0 0 0 0 0 0 0 0 0 0 0 0 0 0 0 0 0 0 0 0 0 0 0 0 0 0 0 0 0
17 18 16 12 8 7 6 6 6 6 6 5 5 5 5 5 5 5 5 5 5 5 4 3 3 3 3 3 3 3 3 3 4 5 5 5 6 5 6 6 6 6 5 5 5 5 5 5 3 2 1 1 1 1 1 1 1 1 0 0 0 0 0 0 0 0 0 0 0 0 0 0 0 0 0 0 0 0 0 0 0 0 0 0 0 0 0 0 0 0 0 0 0 0 0 0
16 18 16 13 8 7 6 6 6 6 6 5 5 5 5 5 5 4 3 3 3 3 3 3 3 3 1 1 1 1 2 3 3 4 5 5 5 5 5 5 5 5 5 5 5 5 5 5 5 3 3 3 1 1 1 1 1 1 0 0 0 0 0 0 0 0 0 0 0 0 0 0 0 0 0 0 0 0 0 0 0 0 0 0 0 0 0 0 0 0 0 0 0 0 0 0
13 16 16 14 8 7 6 6 6 6 5 5 5 5 5 5 3 3 3 3 3 3 3 3 2 1 1 1 1 1 1 2 3 3 3 3 4 4 5 5 5 5 5 5 4 3 4 4 5 4 3 3 1 1 1 1 1 1 1 0 0 0 0 0 0 0 0 0 0 0 0 0 0 0 0 0 0 0 0 0 0 0 0 0 0 0 0 0 0 0 0 0 0 0 0 0
9 14 16 14 8 7 6 6 6 6 5 5 5 5 5 4 3 3 3 3 3 2 2 1 1 1 1 1 1 1 1 1 1 3 3 3 3 3 3 4 5 5 5 3 3 3 3 3 3 3 2 1 1 1 1 1 1 1 1 1 0 0 0 0 0 0 0 0 0 0 0 0 0 0 0 0 0 0 0 0 0 0 0 0 0 0 0 0 0 0 0 0 0 0 0 0
6 13 16 13 8 7 6 6 6 6 5 5 5 5 5 4 3 3 3 1 1 1 1 1 1 1 1 1 1 1 1 1 1 1 1 1 2 3 3 3 3 5 5 3 3 3 1 1 1 1 1 1 1 1 1 1 1 1 1 1 1 0 0 0 0 0 0 0 0 0 0 0 0 0 0 0 0 0 0 0 0 0 0 0 0 0 0 0 0 0 0 0 0 0 0 0
5 8 14 13 9 7 6 6 6 6 6 5 5 5 5 4 3 3 1 1 1 1 1 1 1 1 1 1 1 1 1 1 1 1 1 1 1 1 1 2 3 3 3 3 3 1 1 1 1 1 1 1 1 1 1 1 1 1 1 1 1 1 1 1 1 0 0 0 0 0 0 0 0 0 0 0 0 0 0 0 0 0 0 0 0 0 0 0 0 0 0 0 0 0 0 0
5 6 9 14 10 8 7 6 6 6 6 6 5 5 5 4 3 3 1 1 1 1 1 1 1 1 1 1 1 1 1 1 1 1 0 1 1 1 1 1 1 2 3 3 3 1 1 1 1 1 1 1 1 1 1 1 0 0 1 1 1 1 1 1 1 0 0 0 0 0 0 0 0 0 0 0 0 0 0 0 0 0 0 0 0 0 0 0 0 0 0 0 0 0 0 0
5 6 9 14 12 9 7 7 6 6 6 6 6 5 5 4 3 3 3 1 1 1 1 1 1 1 1 1 1 1 1 0 0 0 0 0 0 0 0 0 1 1 1 1 1 1 1 1 1 1 1 1 1 1 1 0 0 0 0 0 1 1 1 1 1 0 0 0 0 0 0 0 0 0 0 0 0 0 0 0 0 0 0 0 0 0 0 0 0 0 0 0 0 0 0 0
5 5 7 14 15 11 8 7 6 6 6 6 6 5 5 4 4 3 3 1 1 1 1 1 1 1 1 1 1 1 0 0 0 0 0 0 0 0 0 0 0 0 1 1 1 1 1 1 1 1 1 1 1 1 1 0 0 0 0 0 0 0 1 1 0 0 0 0 0 0 0 0 0 0 0 0 0 0 0 0 0 0 0 0 0 0 0 0 0 0 0 0 0 0 0 0
5 5 6 13 17 14 9 7 7 6 6 6 6 6 5 4 4 3 3 1 1 1 1 1 1 1 1 1 1 1 0 0 0 0 0 0 0 0 0 0 0 0 0 0 1 1 1 1 1 1 1 1 1 1 1 0 0 0 0 0 0 0 0 0 0 0 0 0 0 0 0 0 0 0 0 0 0 0 0 0 0 0 0 0 0 0 0 0 0 0 0 0 0 0 0 0
4 5 6 11 16 15 11 8 7 6 6 6 6 6 5 4 4 3 3 1 1 1 1 1 1 1 1 1 1 0 0 0 0 0 0 0 0 0 0 0 0 0 0 0 0 1 1 1 1 1 1 1 1 1 0 0 0 0 0 0 0 0 0 0 0 0 0 0 0 0 0 0 0 0 0 0 0 0 0 0 0 0 0 0 0 0 0 0 0 0 0 0 0 0 0 0
4 5 6 7 11 13 10 7 6 7 6 6 6 6 6 4 4 3 3 1 1 1 1 1 1 1 1 1 1 0 0 0 0 0 0 0 0 0 0 0 0 0 0 0 0 0 1 1 1 1 1 1 1 1 0 0 0 0 0 0 0 0 0 0 0 0 0 0 0 0 0 0 0 0 0 0 0 0 0 0 0 0 0 0 0 0 0 0 0 0 0 0 0 0 0 0
3 5 5 6 7 8 6 6 6 6 6 6 6 6 6 4 4 4 3 2 1 1 1 1 1 1 1 1 1 0 0 0 0 0 0 0 0 0 0 0 0 0 0 0 0 0 0 1 1 1 1 1 1 1 0 0 0 0 0 0 0 0 0 0 0 0 0 0 0 0 0 0 0 0 0 0 0 0 0 0 0 0 0 0 0 0 0 0 0 0 0 0 0 0 0 0
3 4 5 6 6 6 6 5 5 6 6 6 6 6 6 6 4 4 3 3 1 1 1 1 1 1 1 1 0 0 0 0 0 0 0 0 0 0 0 0 0 0 0 0 0 0 0 0 1 1 1 1 1 0 0 0 0 0 0 0 0 0 0 0 0 0 0 0 0 0 0 0 0 0 0 0 0 0 0 0 0 0 0 0 0 0 0 0 0 0 0 0 0 0 0 0
3 4 5 5 6 6 5 5 5 5 5 6 6 6 6 6 6 4 4 3 1 1 1 1 1 1 1 1 0 0 0 0 0 0 0 0 0 0 0 0 0 0 0 0 0 0 0 0 1 1 1 1 0 0 0 0 0 0 0 0 0 0 0 0 0 0 0 0 0 0 0 0 0 0 0 0 0 0 0 0 0 0 0 0 0 0 0 0 0 0 0 0 0 0 0 0
3 3 5 5 5 5 5 4 4 3 4 5 5 5 5 5 6 5 4 4 3 1 1 1 1 1 1 1 0 0 0 0 0 0 0 0 0 0 0 0 0 0 0 0 0 0 0 0 0 0 1 0 0 0 0 0 0 0 0 0 0 0 0 0 0 0 0 0 0 0 0 0 0 0 0 0 0 0 0 0 0 0 0 0 0 0 0 0 0 0 0 0 0 0 0 0
3 3 4 5 5 5 4 4 3 3 3 3 4 4 5 5 5 5 4 4 4 3 1 1 1 1 1 1 0 0 0 0 0 0 0 0 0 0 0 0 0 0 0 0 0 0 0 0 0 0 0 0 0 0 0 0 0 0 0 0 0 0 0 0 0 0 0 0 0 0 0 0 0 0 0 0 0 0 0 0 0 0 0 0 0 0 0 0 0 0 0 0 0 0 0 0
3 3 3 3 3 3 3 3 3 3 3 3 3 3 3 3 4 4 5 4 4 3 2 1 1 1 1 1 0 0 0 0 0 0 0 0 0 0 0 0 0 0 0 0 0 0 0 0 0 0 0 0 0 0 0 0 0 0 0 0 0 0 0 0 0 0 0 0 0 0 0 0 0 0 0 0 0 0 0 0 0 0 0 0 0 0 0 0 0 0 0 0 0 0 0 0
