Rscript/monthly_maps/SnowDepthMapFile-ndays-1989-07.asc
ncols 320 
nrows 361 
xllcorner 618410.159 
yllcorner 5088785.286 
cellsize 100 
NODATA_value -9999 
[rows 46 to 91 of 361, columns 96 to 191 of 320]
-9999 -9999 -9999 -9999 -9999 -9999 25 24 20 18 16 15 15 15 14 14 14 14 14 14 14 14 14 14 15 16 17 16 14 9 7 6 6 5 5 5 5 5 5 5 5 4 4 3 3 3 2 2 2 0 0 0 0 1 1 1 1 1 0 0 0 0 0 0 0 0 0 0 0 0 0 0 0 0 0 0 0 0 0 0 1 2 2 2 3 3 3 4 4 4 3 3 3 3 2 2
-9999 -9999 -9999 -9999 -9999 29 25 21 19 18 16 15 15 15 15 14 14 14 13 12 13 12 12 12 12 14 15 15 15 14 10 7 7 6 5 5 5 5 5 5 5 4 4 3 3 3 2 2 2 1 0 0 0 0 0 0 0 0 0 0 0 0 0 0 0 0 0 0 0 0 0 0 0 0 0 0 0 0 0 0 0 0 1 2 2 3 3 3 3 3 3 3 3 3 3 3
-9999 -9999 -9999 -9999 -9999 28 23 20 19 19 16 16 15 15 15 14 14 13 12 11 10 9 8 9 9 11 13 14 14 14 12 8 7 7 5 5 5 5 5 5 4 4 3 3 3 3 3 2 2 1 0 0 0 0 0 0 0 0 0 0 0 0 0 0 0 0 0 0 0 0 0 0 0 0 0 0 0 0 0 0 0 0 0 1 2 2 3 3 3 3 3 3 3 3 3 3
-9999 -9999 -9999 -9999 31 27 22 20 19 19 17 16 16 15 15 14 14 12 10 10 10 8 8 8 7 7 9 11 12 13 11 9 8 7 6 5 5 5 5 5 4 4 3 3 3 3 3 2 2 1 0 0 0 0 0 0 0 0 0 0 0 0 0 0 0 0 0 0 0 0 0 0 0 0 0 0 0 0 0 0 0 0 0 1 2 2 3 3 3 3 3 2 2 3 3 3
31 31 31 31 31 28 22 20 20 20 19 17 16 15 15 15 14 12 10 10 10 9 8 7 7 7 7 7 7 7 8 8 8 7 7 6 5 5 5 5 4 4 3 3 3 3 3 2 2 2 1 1 2 2 2 2 2 1 1 0 0 0 0 0 0 0 0 0 0 0 0 0 0 0 0 0 0 0 0 0 0 0 0 1 2 2 2 2 2 2 2 2 2 2 2 3
31 31 31 31 31 31 24 22 22 21 19 18 17 16 15 15 14 12 10 10 10 9 8 7 7 7 7 7 7 7 7 7 7 7 7 7 6 5 5 5 4 4 4 3 3 3 3 2 2 2 2 2 2 2 2 2 2 2 1 0 0 0 0 0 0 0 0 0 0 0 0 0 0 0 0 0 0 0 0 0 0 0 0 1 2 2 2 2 2 2 1 1 1 2 2 2
31 31 31 31 31 31 30 25 24 24 22 20 18 18 17 15 14 14 12 10 10 9 8 8 7 7 7 6 6 6 6 6 6 6 6 6 6 6 5 5 5 5 4 4 4 3 3 3 2 2 2 2 2 2 2 2 2 2 0 0 0 0 0 0 0 0 0 0 0 0 0 0 0 0 0 0 0 0 0 0 0 0 0 2 2 2 2 2 1 0 0 0 0 0 1 2
31 31 31 31 31 31 31 31 30 27 25 24 22 21 18 17 15 14 14 12 10 10 9 8 7 7 6 6 6 6 6 6 5 5 5 5 5 5 5 5 5 5 5 4 4 4 3 3 3 3 3 3 3 3 2 2 2 2 0 0 0 0 0 0 0 0 0 0 0 0 0 0 0 0 0 0 0 0 0 0 0 0 0 2 2 2 2 0 0 0 0 0 0 0 0 1
31 30 29 29 30 31 31 31 31 31 31 31 26 24 23 20 18 15 14 14 14 12 10 8 8 7 7 6 6 6 5 5 5 5 5 5 5 5 5 5 5 5 5 5 4 4 4 4 3 3 3 3 3 3 3 2 2 2 0 0 0 0 0 0 0 0 0 0 0 0 0 0 0 0 0 0 0 0 0 0 0 0 1 2 2 2 2 0 0 0 0 0 0 0 0 0
30 29 28 28 28 28 31 31 31 31 31 31 31 27 24 23 21 19 16 15 15 14 14 10 8 7 7 6 6 6 5 5 5 5 5 5 5 5 5 5 5 5 5 5 4 4 4 3 3 3 3 3 3 3 3 2 2 2 1 1 0 0 0 0 0 0 0 0 0 0 0 0 0 0 0 0 0 0 0 0 0 0 1 2 2 2 2 0 0 0 0 0 0 0 0 0
29 28 28 26 26 26 28 31 31 31 31 30 29 28 26 24 22 20 19 17 16 15 14 12 8 7 6 6 6 6 5 5 5 5 5 5 5 5 5 5 5 5 4 4 4 3 3 3 3 3 3 3 3 3 3 2 2 2 2 1 1 0 0 0 0 0 0 0 0 0 0 0 0 0 0 0 0 0 0 0 0 0 0 2 2 2 2 1 0 0 0 0 0 0 0 0
29 28 26 26 25 24 25 28 29 31 29 28 27 27 27 26 24 22 20 20 17 15 14 12 8 7 6 6 6 5 5 5 5 5 5 5 5 5 5 5 5 4 4 3 3 3 3 3 3 2 3 3 3 3 2 2 2 2 1 1 0 0 0 0 0 0 0 0 0 0 0 0 0 0 0 0 0 0 0 0 0 0 0 0 1 1 1 1 0 0 0 0 0 0 0 0
29 28 26 25 24 23 23 25 28 29 28 27 26 26 27 27 26 25 22 20 19 15 14 12 8 7 6 6 6 5 5 5 5 5 5 5 5 5 5 5 4 4 3 3 3 3 2 2 2 2 2 2 2 2 2 2 2 1 0 0 0 0 0 0 0 0 0 0 0 0 0 0 0 0 0 0 0 0 0 0 0 0 0 0 0 0 0 0 0 0 0 0 0 0 0 0
28 27 26 24 24 22 22 23 25 26 26 25 25 25 25 24 25 26 24 22 19 16 14 13 8 7 6 6 6 5 5 5 5 5 5 5 5 5 5 5 4 4 3 3 3 2 2 2 2 2 2 2 2 2 2 2 1 0 0 0 0 0 0 0 0 0 0 0 0 0 0 0 0 0 0 0 0 0 0 0 0 0 0 0 0 0 0 0 0 0 0 0 0 0 0 0
28 27 25 24 23 22 21 21 22 23 24 23 23 23 23 23 24 24 26 24 20 17 14 13 8 7 7 6 6 6 5 5 5 5 5 5 5 5 5 4 4 3 3 3 3 3 2 2 2 2 2 2 2 2 2 1 0 0 0 0 0 0 0 0 0 0 0 0 0 0 0 0 0 0 0 0 0 0 0 0 0 0 0 0 0 0 0 0 0 0 0 0 0 0 0 0
27 26 25 24 23 22 21 21 21 21 22 22 22 22 21 21 21 21 23 23 23 20 15 13 9 8 7 7 6 6 6 6 5 5 5 5 5 5 4 4 4 3 3 3 3 3 2 2 2 2 2 2 2 2 2 0 0 0 0 0 0 0 0 0 0 0 0 0 0 0 0 0 0 0 0 0 0 0 0 0 0 0 0 0 0 0 0 0 0 0 0 0 0 0 0 0
27 26 24 23 22 21 21 20 20 20 20 21 21 21 20 20 19 19 20 20 21 20 19 15 13 9 8 7 7 6 6 6 5 5 5 5 5 4 4 4 3 3 3 3 3 2 2 2 2 1 1 1 2 2 1 0 0 0 0 0 0 0 0 0 0 0 0 0 0 0 0 0 0 0 0 0 0 0 0 0 0 0 0 0 0 0 0 0 0 0 0 0 0 0 0 0
27 26 24 23 22 21 20 20 19 19 19 19 20 20 19 19 19 18 18 18 18 19 19 17 15 14 11 8 7 6 6 5 5 5 5 5 4 4 3 3 3 3 3 3 2 2 2 1 0 0 0 0 0 0 0 0 0 0 0 0 0 0 0 0 0 0 0 0 0 0 0 0 0 0 0 0 0 0 0 0 0 0 0 0 0 0 0 0 0 0 0 0 0 0 0 0
28 26 24 23 21 21 20 19 19 18 18 18 18 19 19 18 18 16 15 15 15 15 15 15 14 14 11 8 7 6 6 5 5 5 5 4 4 3 3 3 3 2 2 2 2 1 0 0 0 0 0 0 0 0 0 0 0 0 0 0 0 0 0 0 0 0 0 0 0 0 0 0 0 0 0 0 0 0 0 0 0 0 0 0 0 0 0 0 0 0 0 0 0 0 0 0
28 26 24 23 21 20 20 19 19 16 15 15 15 15 16 15 15 15 14 14 14 13 13 13 14 14 11 8 7 6 5 5 5 5 5 4 4 3 3 3 2 2 2 2 1 0 0 0 0 0 0 0 0 0 0 0 0 0 0 0 0 0 0 0 0 0 0 0 0 0 0 0 0 0 0 0 0 0 0 0 0 0 0 0 0 0 0 0 0 0 0 0 0 0 0 0
28 25 24 22 20 20 19 19 16 15 14 14 14 14 14 14 14 14 14 13 13 11 10 10 12 11 11 8 7 6 5 5 5 5 5 4 4 3 3 3 3 2 2 2 1 0 0 0 0 0 0 0 0 0 0 0 0 0 0 0 0 0 0 0 0 0 0 0 0 0 0 0 0 0 0 0 0 0 0 0 0 0 0 0 0 0 0 0 0 0 0 0 0 0 0 0
26 24 22 21 20 19 17 16 15 14 14 13 13 13 13 13 13 12 11 10 8 8 8 7 8 8 10 9 7 6 5 5 5 5 5 4 4 4 3 3 3 3 2 2 2 2 1 0 0 0 0 0 0 0 0 0 0 0 0 0 0 0 0 0 0 0 0 0 0 0 0 0 0 0 0 0 0 0 0 0 0 0 0 0 0 0 0 0 0 0 0 0 0 0 0 0
23 22 21 19 19 16 15 14 14 14 11 11 10 10 9 9 10 8 8 8 7 7 7 7 7 7 8 9 8 7 6 5 5 5 5 5 4 4 4 4 3 3 3 2 2 2 2 2 1 0 0 0 0 0 0 0 0 0 0 0 0 0 0 0 0 0 0 0 0 0 0 0 0 0 0 0 0 0 0 0 0 0 0 0 0 0 0 0 0 0 0 0 0 0 0 0
23 21 20 19 18 15 14 14 13 11 10 9 8 8 8 8 8 7 7 7 7 7 6 6 6 6 6 7 8 7 6 6 5 5 5 5 5 5 4 4 4 4 3 3 3 3 3 2 2 2 0 0 0 0 0 0 0 0 0 0 0 0 0 0 0 0 0 0 0 0 0 0 0 0 0 0 0 0 0 0 0 0 0 0 0 0 0 0 0 0 0 0 0 0 0 0
23 21 20 19 16 15 14 11 11 8 8 8 8 7 7 7 7 7 6 6 6 6 6 6 6 5 5 6 6 7 7 7 6 6 6 5 5 5 5 5 5 4 4 4 4 4 3 3 3 2 2 1 1 1 1 0 0 0 0 0 0 0 0 0 0 0 0 0 0 0 0 0 0 0 0 0 0 0 0 0 0 0 0 0 0 0 0 0 0 0 0 0 0 0 0 0
24 21 19 18 16 14 14 11 9 8 7 7 7 7 7 7 6 6 6 6 6 6 5 5 5 5 5 5 5 6 7 8 7 7 7 6 6 5 5 5 5 5 4 4 4 4 4 3 3 3 2 2 2 2 2 2 0 0 0 0 0 0 0 0 0 0 0 0 0 0 0 0 0 0 0 0 0 0 0 0 0 0 0 0 0 0 0 0 0 0 0 0 0 0 0 0
24 22 20 18 15 14 13 11 8 8 7 7 7 7 6 6 6 6 6 5 5 5 5 5 5 5 5 5 5 5 5 6 8 8 8 7 6 6 5 5 5 5 5 5 5 5 4 4 3 3 3 2 2 2 2 2 2 0 0 0 0 0 0 0 0 0 0 0 0 0 0 0 0 0 0 0 0 0 0 0 0 0 0 0 0 0 0 0 0 0 0 0 0 0 0 0
24 23 20 19 15 14 12 11 8 7 7 7 6 6 6 6 6 5 5 5 5 5 5 5 5 5 5 5 4 4 4 5 6 7 7 7 7 6 6 6 6 6 6 6 6 5 5 4 4 3 3 3 3 3 3 2 2 1 0 0 0 0 0 0 0 0 0 0 0 0 0 0 0 0 0 0 0 0 0 0 0 0 0 0 0 0 0 0 0 0 0 0 0 0 0 0
23 24 21 19 15 14 12 11 8 7 7 7 6 6 6 6 5 5 5 5 5 5 5 5 5 5 5 4 4 4 4 4 5 6 6 7 7 6 6 6 6 6 6 6 5 5 5 5 4 4 4 3 3 3 3 3 2 2 0 0 0 0 0 0 0 0 0 0 0 0 0 0 0 0 0 0 0 0 0 0 0 0 0 0 0 0 0 0 0 0 0 0 0 0 0 0
21 23 21 19 15 14 11 11 8 7 7 6 6 6 6 5 5 5 5 5 5 5 5 5 5 4 4 4 4 4 4 4 4 5 5 6 6 6 6 6 6 6 5 5 5 5 5 5 5 5 4 4 4 4 3 3 2 2 1 0 0 0 0 0 0 0 0 0 0 0 0 0 0 0 0 0 0 0 0 0 0 0 0 0 0 0 0 0 0 0 0 0 0 0 0 0
19 22 21 19 15 14 11 11 8 7 7 6 6 6 5 5 5 5 5 5 5 5 5 5 4 4 4 4 3 3 3 3 4 4 4 5 5 5 5 6 6 5 5 5 5 5 5 5 5 5 5 4 4 4 3 3 3 2 2 0 0 0 0 0 0 0 0 0 0 0 0 0 0 0 0 0 0 0 0 0 0 0 0 0 0 0 0 0 0 0 0 0 0 0 0 0
17 20 21 19 15 14 11 10 8 7 7 6 6 6 5 5 5 5 5 5 5 4 4 4 4 4 3 3 3 3 3 3 3 3 4 4 4 4 4 5 5 5 5 5 5 5 4 4 4 4 4 3 3 3 3 3 3 2 2 1 0 0 0 0 0 0 0 0 0 0 0 0 0 0 0 0 0 0 0 0 0 0 0 0 0 0 0 0 0 0 0 0 0 0 0 0
15 19 20 19 15 14 11 10 8 7 7 6 6 5 5 5 5 5 5 4 4 4 4 4 3 3 3 3 3 3 3 3 3 3 3 3 3 4 4 4 5 5 5 5 5 4 4 4 4 3 3 3 3 3 2 2 2 2 2 2 1 0 0 0 0 0 0 0 0 0 0 0 0 0 0 0 0 0 0 0 0 0 0 0 0 0 0 0 0 0 0 0 0 0 0 0
13 17 19 19 16 14 11 11 8 7 7 6 6 6 5 5 5 5 4 4 4 4 3 3 3 3 3 3 3 2 2 2 2 2 3 3 3 3 3 4 4 5 5 5 5 4 4 3 3 3 3 2 2 2 2 2 2 2 2 2 2 2 2 2 1 0 0 0 0 0 0 0 0 0 0 0 0 0 0 0 0 0 0 0 0 0 0 0 0 0 0 0 0 0 0 0
9 14 19 19 16 14 12 11 8 7 7 6 6 6 5 5 5 5 4 4 4 3 3 3 3 3 3 2 2 2 2 2 2 2 2 2 2 2 3 3 3 4 4 5 5 4 4 3 3 3 2 2 2 2 1 0 0 0 1 2 2 2 2 2 2 0 0 0 0 0 0 0 0 0 0 0 0 0 0 0 0 0 0 0 0 0 0 0 0 0 0 0 0 0 0 0
7 13 18 20 18 15 14 11 9 8 7 7 6 6 5 5 5 5 5 4 4 3 3 3 3 2 2 2 2 2 0 0 0 0 0 0 1 2 2 2 2 3 3 3 4 4 4 3 3 3 2 2 2 1 0 0 0 0 0 0 2 2 2 2 2 0 0 0 0 0 0 0 0 0 0 0 0 0 0 0 0 0 0 0 0 0 0 0 0 0 0 0 0 0 0 0
6 9 15 19 20 17 14 11 11 8 7 7 6 6 5 5 5 5 5 4 4 4 3 3 3 2 2 2 1 0 0 0 0 0 0 0 0 0 0 1 2 2 2 3 3 3 4 4 3 3 2 2 2 1 0 0 0 0 0 0 0 1 2 2 1 0 0 0 0 0 0 0 0 0 0 0 0 0 0 0 0 0 0 0 0 0 0 0 0 0 0 0 0 0 0 0
6 7 14 19 21 19 15 14 11 10 8 7 6 6 6 5 5 5 5 4 4 4 3 3 3 2 2 1 0 0 0 0 0 0 0 0 0 0 0 0 0 0 1 2 2 3 3 3 3 3 3 2 2 2 0 0 0 0 0 0 0 0 0 0 0 0 0 0 0 0 0 0 0 0 0 0 0 0 0 0 0 0 0 0 0 0 0 0 0 0 0 0 0 0 0 0
6 7 13 18 20 19 17 14 12 11 8 7 7 6 6 5 5 5 5 4 4 4 3 3 3 2 2 1 0 0 0 0 0 0 0 0 0 0 0 0 0 0 0 0 2 2 3 3 3 3 3 3 2 2 0 0 0 0 0 0 0 0 0 0 0 0 0 0 0 0 0 0 0 0 0 0 0 0 0 0 0 0 0 0 0 0 0 0 0 0 0 0 0 0 0 0
6 7 13 17 19 19 16 14 14 11 10 8 7 6 6 5 5 5 5 4 4 4 3 3 3 2 2 1 0 0 0 0 0 0 0 0 0 0 0 0 0 0 0 0 0 1 2 2 3 3 3 3 2 1 0 0 0 0 0 0 0 0 0 0 0 0 0 0 0 0 0 0 0 0 0 0 0 0 0 0 0 0 0 0 0 0 0 0 0 0 0 0 0 0 0 0
5 7 12 14 15 15 14 13 11 11 11 10 7 7 6 6 5 5 5 4 4 3 3 3 3 2 2 1 0 0 0 0 0 0 0 0 0 0 0 0 0 0 0 0 0 0 1 2 3 3 3 2 2 0 0 0 0 0 0 0 0 0 0 0 0 0 0 0 0 0 0 0 0 0 0 0 0 0 0 0 0 0 0 0 0 0 0 0 0 0 0 0 0 0 0 0
5 6 8 13 14 13 10 8 8 8 10 9 8 7 6 6 5 5 5 4 4 3 3 3 3 2 2 0 0 0 0 0 0 0 0 0 0 0 0 0 0 0 0 0 0 0 0 1 2 2 2 2 1 0 0 0 0 0 0 0 0 0 0 0 0 0 0 0 0 0 0 0 0 0 0 0 0 0 0 0 0 0 0 0 0 0 0 0 0 0 0 0 0 0 0 0
5 6 7 8 10 10 7 7 6 6 7 8 8 7 7 6 6 5 5 5 4 4 3 3 2 2 1 0 0 0 0 0 0 0 0 0 0 0 0 0 0 0 0 0 0 0 0 0 2 2 2 1 0 0 0 0 0 0 0 0 0 0 0 0 0 0 0 0 0 0 0 0 0 0 0 0 0 0 0 0 0 0 0 0 0 0 0 0 0 0 0 0 0 0 0 0
5 5 6 7 7 7 6 6 5 5 5 6 6 6 6 6 6 6 5 5 4 4 3 3 2 2 1 0 0 0 0 0 0 0 0 0 0 0 0 0 0 0 0 0 0 0 0 0 0 1 0 0 0 0 0 0 0 0 0 0 0 0 0 0 0 0 0 0 0 0 0 0 0 0 0 0 0 0 0 0 0 0 0 0 0 0 0 0 0 0 0 0 0 0 0 0
4 5 5 6 6 6 6 5 5 5 5 5 5 5 5 5 6 5 5 5 5 4 4 3 3 2 1 0 0 0 0 0 0 0 0 0 0 0 0 0 0 0 0 0 0 0 0 0 0 0 0 0 0 0 0 0 0 0 0 0 0 0 0 0 0 0 0 0 0 0 0 0 0 0 0 0 0 0 0 0 0 0 0 0 0 0 0 0 0 0 0 0 0 0 0 0
4 5 5 5 5 5 5 5 5 5 4 5 5 5 5 5 5 5 5 5 5 5 4 3 3 2 2 0 0 0 0 0 0 0 0 0 0 0 0 0 0 0 0 0 0 0 0 0 0 0 0 0 0 0 0 0 0 0 0 0 0 0 0 0 0 0 0 0 0 0 0 0 0 0 0 0 0 0 0 0 0 0 0 0 0 0 0 0 0 0 0 0 0 0 0 0
