Rscript/monthly_maps/SnowDepthMapFile-ndays-1989-11.asc
ncols 320 
nrows 361 
xllcorner 618410.159 
yllcorner 5088785.286 
cellsize 100 
NODATA_value -9999 
[rows 210 to 251 of 361, columns 94 to 187 of 320]
25 25 25 25 25 25 25 25 25 25 25 25 25 25 25 25 25 25 25 25 25 25 25 25 25 15 14 13 13 15 17 18 25 25 25 25 25 25 25 25 11 2 1 0 0 0 0 0 0 0 0 0 0 0 0 0 0 0 0 0 0 1 3 24 25 25 25 25 25 25 25 25 25 25 25 25 25 25 25 25 25 25 25 25 25 25 25 25 25 25 25 25 25 25
25 25 25 25 25 25 25 25 25 25 25 25 25 25 25 25 25 25 25 25 25 25 25 25 25 25 15 10 9 9 10 11 16 22 25 25 25 25 25 25 9 2 1 0 0 0 0 0 0 0 0 0 0 0 0 0 0 0 0 0 1 2 7 25 25 25 25 25 25 25 25 25 25 25 25 25 25 25 25 25 25 25 25 25 25 25 25 25 25 25 25 25 25 25
26 25 25 25 25 25 25 25 25 25 25 25 25 25 25 25 25 25 25 25 25 25 25 25 25 25 25 12 10 4 4 4 7 13 18 25 25 25 25 11 2 2 0 0 0 0 0 0 0 0 0 0 0 0 0 0 0 0 0 0 1 2 8 25 25 25 25 25 25 25 25 25 25 25 25 25 25 25 25 25 25 25 25 25 25 25 25 25 25 25 25 25 25 25
27 26 26 25 25 25 25 25 25 25 25 25 25 25 25 25 25 25 25 25 25 25 25 25 25 25 25 25 11 9 3 3 3 4 9 15 18 18 10 3 2 1 0 0 0 0 0 0 0 0 0 0 0 0 0 0 0 0 0 0 1 2 11 25 25 25 25 25 25 25 25 25 25 25 25 25 25 25 25 25 25 25 25 25 25 25 25 25 25 25 25 25 25 25
29 29 26 26 25 25 25 25 25 25 25 25 25 25 25 25 25 25 25 25 25 25 25 25 25 25 25 25 25 10 3 3 2 2 2 4 7 4 3 2 1 0 0 0 0 0 0 0 0 0 0 0 0 0 0 0 0 0 0 0 1 3 21 25 25 25 25 25 25 25 25 25 25 25 25 25 25 25 25 25 25 25 25 25 25 25 25 25 25 25 25 25 25 25
29 29 28 26 25 25 25 25 25 25 25 25 25 25 25 25 25 25 25 25 25 25 25 25 25 25 25 25 25 25 9 3 2 2 2 2 2 2 2 1 1 0 0 0 0 0 0 0 0 0 0 0 0 0 0 0 0 0 0 1 1 3 25 25 25 25 25 25 25 25 25 25 25 25 25 25 25 25 25 25 25 25 25 25 25 25 25 25 25 25 25 25 25 25
30 29 29 26 26 25 25 25 25 25 25 25 25 25 25 25 25 25 25 25 25 25 25 25 25 25 25 25 25 25 18 3 2 2 2 2 2 2 1 1 0 0 0 0 0 0 0 0 0 0 0 0 0 0 0 0 0 0 0 1 2 9 25 25 25 25 25 25 25 25 25 25 25 25 25 25 25 25 25 25 25 25 25 25 25 25 25 25 25 25 25 25 25 25
30 29 29 28 26 26 25 25 25 25 25 25 25 25 25 25 25 25 25 25 25 25 25 25 25 25 25 25 25 25 25 10 3 2 2 2 1 1 1 0 0 0 0 0 0 0 0 0 0 0 0 0 0 0 0 0 0 0 0 1 2 11 25 25 25 25 25 25 25 25 25 25 25 25 25 25 25 25 25 25 25 25 25 25 25 25 25 25 25 25 25 25 25 25
30 30 29 29 29 26 26 26 25 25 25 25 25 25 25 25 25 25 25 25 25 25 25 25 25 25 25 25 25 25 25 25 3 2 2 1 1 0 0 0 0 0 0 0 0 0 0 0 0 0 0 0 0 0 0 0 0 0 0 1 2 10 25 25 25 25 25 25 25 25 25 25 25 25 25 25 25 25 25 25 25 19 19 25 25 25 25 25 25 25 25 25 25 25
30 30 30 29 29 29 28 27 26 26 26 26 26 26 25 25 25 25 25 25 25 25 25 25 25 25 25 25 25 25 25 25 9 3 2 2 1 0 0 0 0 0 0 0 0 0 0 0 0 0 0 0 0 0 0 0 0 0 1 2 2 9 25 25 25 25 25 25 25 25 25 25 25 25 25 25 25 25 25 25 17 13 15 25 25 25 25 25 25 25 25 25 25 25
30 30 30 30 30 30 29 29 29 29 29 29 29 26 26 25 25 25 25 25 25 25 25 25 25 25 25 25 25 25 25 25 25 9 3 2 1 0 0 0 0 0 0 0 0 0 0 0 0 0 0 0 0 0 0 0 0 1 1 2 2 9 24 25 25 25 25 25 25 25 25 25 25 25 25 25 25 25 19 15 10 9 10 25 25 25 25 25 25 25 25 25 25 25
30 30 30 30 30 30 30 30 30 30 30 30 29 29 26 26 26 25 25 25 25 25 25 25 25 25 25 25 25 25 25 25 25 23 3 2 2 1 0 0 0 0 0 0 0 0 0 0 0 0 0 0 0 0 0 0 0 1 2 2 7 12 25 25 25 25 25 25 25 25 25 25 25 25 25 25 25 15 12 7 3 4 11 25 25 25 25 25 25 25 25 25 25 25
30 30 30 30 30 30 30 30 30 30 30 30 30 29 29 27 26 26 25 25 25 25 25 25 25 25 25 25 25 25 25 25 25 25 9 3 2 1 0 0 0 0 0 0 0 0 0 0 0 0 0 0 0 0 0 0 1 2 2 9 25 25 25 25 25 25 25 25 25 25 25 25 25 25 25 25 15 10 4 3 2 3 10 25 25 25 25 25 25 25 25 25 25 25
30 30 30 30 30 30 30 30 30 30 30 30 30 29 29 29 29 26 26 25 25 25 25 25 25 25 25 25 25 25 25 25 25 25 14 3 2 2 1 0 0 0 0 0 0 0 0 0 0 0 0 0 0 0 0 0 1 2 4 25 25 25 25 25 25 25 25 25 25 25 25 25 25 25 25 25 8 3 2 2 2 2 9 25 25 25 25 25 25 25 25 25 25 25
30 30 30 30 30 30 30 29 29 29 29 29 29 29 28 28 27 26 25 25 25 25 25 25 25 25 25 25 25 25 25 25 25 25 25 7 2 2 1 0 0 0 0 0 0 0 0 0 0 0 0 0 0 0 0 0 1 2 9 25 25 25 25 25 25 25 25 25 25 25 25 25 25 25 25 25 8 2 2 2 2 2 7 25 25 25 25 25 25 25 25 25 25 22
30 30 30 30 30 29 29 28 28 28 28 28 28 28 28 26 26 25 25 25 25 25 25 25 25 25 25 25 25 25 25 25 25 25 25 8 2 2 1 0 0 0 0 0 0 0 0 0 0 0 0 0 0 0 0 1 2 2 10 25 25 25 25 25 25 25 25 25 25 25 25 25 25 25 25 10 3 2 2 2 2 2 4 25 25 25 25 25 25 25 25 25 19 9
30 30 30 30 30 30 29 28 28 25 25 25 25 25 25 25 25 25 25 25 25 25 25 25 25 25 25 25 25 25 25 25 25 25 25 9 2 2 1 0 0 0 0 0 0 0 0 0 0 0 0 0 0 0 0 1 2 3 10 25 25 25 25 25 25 25 25 25 25 25 25 25 25 25 25 9 2 2 2 1 2 2 3 23 25 25 25 25 25 25 25 25 11 2
30 30 30 30 30 30 29 28 26 25 25 25 25 25 25 25 25 25 25 25 25 25 25 25 25 25 25 25 25 25 25 25 25 25 24 7 2 2 1 0 0 0 0 0 0 0 0 0 0 0 0 0 0 0 0 1 2 3 10 25 25 25 25 25 25 25 25 25 25 25 25 25 25 25 15 3 2 2 1 1 1 2 3 15 25 25 25 25 25 25 22 9 3 1
30 30 30 30 30 30 29 29 27 25 25 25 25 25 25 25 25 25 25 25 25 25 25 25 25 25 25 25 25 25 25 25 25 25 19 7 2 2 1 0 0 0 0 0 0 0 0 0 0 0 0 0 0 0 0 1 2 3 10 15 25 25 25 25 25 25 25 25 25 25 25 25 25 25 10 2 2 1 1 1 1 2 3 9 21 25 25 25 25 19 10 3 1 1
30 30 30 30 30 30 30 29 28 26 25 25 25 25 25 25 25 25 25 25 25 25 25 25 25 25 25 25 25 25 25 25 25 25 13 5 2 2 1 0 0 0 0 0 0 0 0 0 0 0 0 0 0 0 0 1 2 2 3 10 18 25 25 25 25 25 25 25 25 25 25 25 25 20 3 2 2 1 0 0 1 2 2 4 10 15 18 18 12 8 2 1 1 0
30 30 30 30 30 30 30 29 29 26 25 25 25 25 25 25 25 25 25 25 25 25 25 25 25 25 25 25 25 25 25 25 25 25 12 3 2 2 1 0 0 0 0 0 0 0 0 0 0 0 0 0 0 0 0 0 1 2 2 3 11 25 25 25 25 25 25 25 25 25 25 25 25 10 3 2 1 0 0 0 1 1 2 2 3 3 5 4 3 2 2 1 0 0
30 30 30 30 30 30 30 29 29 27 26 25 25 25 25 25 25 25 25 25 25 25 25 25 25 25 25 25 25 25 25 25 25 25 12 3 2 2 1 0 0 0 0 0 0 0 0 0 0 0 0 0 0 0 0 0 0 1 2 2 9 25 25 25 25 25 25 25 25 25 25 25 25 9 2 2 1 0 0 0 0 1 1 2 2 2 2 2 2 2 1 0 0 0
30 30 30 30 30 30 30 29 28 28 26 25 25 25 25 25 25 25 25 25 25 25 25 25 25 25 25 25 25 25 25 25 25 25 12 3 2 2 1 1 0 0 0 0 0 0 0 0 0 0 0 0 0 0 0 0 0 0 1 2 8 25 25 25 25 25 25 25 25 25 25 25 25 10 2 2 1 0 0 0 0 0 1 1 1 1 2 2 1 1 0 0 0 0
30 30 30 30 30 30 29 29 28 28 26 26 25 25 25 25 25 25 25 25 25 25 25 25 25 25 25 25 25 25 25 25 25 25 11 3 2 2 1 1 0 0 0 0 0 0 0 0 0 0 0 0 0 0 0 0 0 0 1 2 9 25 25 25 25 25 25 25 25 25 25 25 25 12 2 2 1 0 0 0 0 0 0 0 0 1 1 1 0 0 0 0 0 0
30 30 30 30 30 30 29 29 28 26 26 26 25 25 25 25 25 25 25 25 25 25 25 25 25 25 25 25 25 25 25 25 25 25 11 3 2 2 1 1 0 0 0 0 0 0 0 0 0 0 0 0 0 0 0 0 0 0 1 2 8 25 25 25 25 25 25 25 25 25 25 25 25 25 3 2 1 0 0 0 0 0 0 0 0 0 0 0 0 0 0 0 0 0
30 30 30 30 30 30 29 29 28 26 26 26 26 26 25 25 25 25 25 25 25 25 25 25 25 25 25 25 25 25 25 25 25 25 10 3 2 2 1 1 0 0 0 0 0 0 0 0 0 0 0 0 0 0 0 0 0 0 0 1 7 25 25 25 25 25 25 25 25 25 25 25 25 17 3 2 1 0 0 0 0 0 0 0 0 0 0 0 0 0 0 0 0 0
30 30 30 30 30 30 29 29 29 26 26 26 26 26 26 25 25 25 25 25 25 25 25 25 25 25 25 25 25 25 25 25 25 25 10 3 2 2 1 1 0 0 0 0 0 0 0 0 0 0 0 0 0 0 0 0 0 0 0 1 3 19 25 25 25 25 25 25 25 25 25 20 17 9 3 2 1 0 0 0 0 0 0 0 0 0 0 0 0 0 0 0 0 0
30 30 30 30 30 30 29 29 29 29 27 26 26 26 26 25 25 25 25 25 25 25 25 25 25 25 25 25 25 25 25 25 25 17 8 3 2 2 1 0 0 0 0 0 0 0 0 0 0 0 0 0 0 0 0 0 0 0 0 1 2 8 20 25 25 25 25 25 25 19 11 7 3 3 2 1 0 0 0 0 0 0 0 0 0 0 0 0 0 0 0 0 0 0
30 30 30 30 30 30 30 29 29 29 29 29 27 26 26 25 25 25 25 25 25 25 25 25 25 25 25 25 25 25 25 25 25 23 8 3 2 2 1 1 0 0 0 0 0 0 0 0 0 0 0 0 0 0 0 0 0 0 0 0 1 2 7 18 25 25 25 25 19 10 3 2 2 2 2 1 0 0 0 0 0 0 0 0 0 0 0 0 0 0 0 0 0 0
30 30 30 30 30 30 30 30 30 29 29 29 28 26 26 25 25 25 25 25 25 25 25 25 25 25 25 25 25 25 25 25 25 25 8 3 3 2 1 1 0 0 0 0 0 0 0 0 0 0 0 0 0 0 0 0 0 0 0 0 0 1 1 3 10 16 17 11 6 2 2 1 1 1 0 0 0 0 0 0 0 0 0 0 0 0 0 0 0 0 0 0 0 0
30 30 30 30 30 30 30 30 30 30 29 29 28 26 26 26 25 25 25 25 25 25 25 25 25 25 25 25 25 25 25 25 25 25 25 9 3 2 2 1 1 1 0 0 0 0 0 0 0 0 0 0 0 0 0 0 0 0 0 0 0 0 0 1 2 2 3 2 2 2 1 0 0 0 0 0 0 0 0 0 0 0 0 0 0 0 0 0 0 0 0 0 0 0
30 30 30 30 30 30 30 30 30 30 29 29 29 29 26 26 26 25 25 25 25 25 25 25 25 25 25 25 25 25 25 25 25 25 25 25 12 3 3 2 2 1 1 0 0 0 0 0 0 0 0 0 0 0 0 0 0 0 0 0 0 0 0 0 1 1 1 1 1 1 0 0 0 0 0 0 0 0 0 0 0 0 0 0 0 0 0 0 0 0 0 0 0 0
30 30 30 30 30 30 30 30 30 30 30 30 29 29 29 26 26 26 25 25 25 25 25 25 25 25 25 25 25 25 25 25 25 25 25 25 25 21 7 3 2 2 1 0 0 0 0 0 0 0 0 0 0 0 0 0 0 0 0 0 0 0 0 0 0 0 0 0 0 0 0 0 0 0 0 0 0 0 0 0 0 0 0 0 0 0 0 0 0 0 0 0 0 0
30 30 30 30 30 30 30 30 30 30 30 30 30 29 29 29 26 26 26 25 25 25 25 25 25 25 25 25 25 25 25 25 25 25 25 25 25 25 13 8 3 2 1 1 0 0 0 0 0 0 0 0 0 0 0 0 0 0 0 0 0 0 0 0 0 0 0 0 0 0 0 0 0 0 0 0 0 0 0 0 0 0 0 0 0 0 0 0 0 0 0 0 0 0
30 30 30 30 30 30 30 30 30 30 30 30 30 30 29 29 27 26 26 25 25 25 25 25 25 25 25 25 25 25 25 25 25 25 25 25 25 25 25 9 3 2 2 1 0 0 0 0 0 0 0 0 0 0 0 0 0 0 0 0 0 0 0 0 0 0 0 0 0 0 0 0 0 0 0 0 0 0 0 0 0 0 0 0 0 0 0 0 0 0 0 0 0 0
30 30 30 30 30 30 30 30 30 30 30 30 30 30 29 29 28 26 26 25 25 25 25 25 25 25 25 25 25 25 25 25 25 25 25 25 25 25 25 11 6 2 2 1 0 0 0 0 0 0 0 0 0 0 0 0 0 0 0 0 0 0 0 0 0 0 0 0 0 0 0 0 0 0 0 0 0 0 0 0 0 0 0 0 0 0 0 0 0 0 0 0 0 0
29 29 29 30 30 30 30 30 30 30 30 30 30 30 29 29 29 26 26 25 25 25 25 25 25 25 25 25 25 25 25 25 25 25 25 25 25 25 25 9 3 2 2 1 0 0 0 0 0 0 0 0 0 0 0 0 0 0 0 0 0 0 0 0 0 0 0 0 0 0 0 0 0 0 0 0 0 0 0 0 0 0 0 0 0 0 0 0 0 0 0 0 0 0
28 28 28 29 30 30 30 30 30 30 30 30 30 30 30 29 29 26 26 25 25 25 25 25 25 25 25 25 25 25 25 25 25 25 25 25 25 25 20 10 3 2 2 1 0 0 0 0 0 0 0 0 0 0 0 0 0 0 0 0 0 0 0 0 0 0 0 0 0 0 0 0 0 0 0 0 0 0 0 0 0 0 0 0 0 0 0 0 0 0 0 0 0 0
28 28 28 28 29 30 30 30 30 30 30 30 30 30 30 29 29 27 26 25 25 25 25 25 25 25 25 25 25 25 25 25 25 25 25 25 25 25 13 8 3 2 2 1 0 0 0 0 0 0 0 0 0 0 0 0 0 0 0 0 0 0 0 0 0 0 0 0 0 0 0 0 0 0 0 0 0 0 0 0 0 0 0 0 0 0 0 0 0 0 0 0 0 0
25 25 28 28 29 30 30 30 30 30 30 30 30 30 29 29 29 26 26 25 25 25 25 25 25 25 25 25 25 25 25 25 25 25 25 25 25 25 11 7 3 2 2 1 0 0 0 0 0 0 0 0 0 0 0 0 0 0 0 0 0 0 0 0 0 0 0 0 0 0 0 0 0 0 0 0 0 0 0 0 0 0 0 0 0 0 0 0 0 0 0 0 0 0
25 25 26 28 29 30 30 30 30 30 30 30 30 30 29 29 28 26 25 25 25 25 25 25 25 25 25 25 25 25 25 25 25 25 25 25 25 25 12 9 3 2 2 2 1 0 0 0 0 0 0 0 0 0 0 0 0 0 0 0 0 0 0 0 0 0 0 0 0 0 0 0 0 0 0 0 0 0 0 0 0 0 0 0 0 0 0 0 0 0 0 0 0 0
25 25 25 28 28 29 29 30 30 30 30 30 30 30 29 29 28 26 26 25 25 25 25 25 25 25 25 25 25 25 25 25 25 25 25 25 25 25 25 11 8 3 3 2 2 1 0 0 0 0 0 0 0 0 0 0 0 0 0 0 0 0 0 0 0 0 0 0 0 0 0 0 0 0 0 0 0 0 0 0 0 0 0 0 0 0 0 0 0 0 0 0 0 0
