Rscript/test/SnowDepthMapFile-mean-1989-06.asc
ncols 320 
nrows 361 
xllcorner 618410.159 
yllcorner 5088785.286 
cellsize 100 
NODATA_value -9999 
[rows 29 to 57 of 361, columns 66 to 131 of 320]
-9999 -9999 -9999 -9999 -9999 -9999 -9999 -9999 -9999 -9999 -9999 -9999 -9999 -9999 -9999 -9999 -9999 -9999 -9999 -9999 -9999 -9999 -9999 -9999 -9999 -9999 -9999 -9999 -9999 -9999 -9999 -9999 -9999 -9999 -9999 -9999 -9999 -9999 -9999 -9999 -9999 -9999 -9999 -9999 -9999 -9999 -9999 -9999 345.253520121862 345.658135751198 379.093733886193 385.763059418777 361.868905462068 362.972658749284 332.345634591991 317.482510665367 316.029454066836 307.481963585163 301.984950361581 296.76436978373 292.385460590494 281.150334440429 270.86841422936 249.511275447648 241.825852780507 235.9009745121
-9999 -9999 -9999 -9999 -9999 -9999 -9999 -9999 -9999 -9999 -9999 -9999 -9999 -9999 -9999 -9999 -9999 -9999 -9999 -9999 -9999 -9999 -9999 -9999 -9999 -9999 -9999 -9999 -9999 -9999 -9999 -9999 -9999 -9999 -9999 -9999 -9999 -9999 -9999 -9999 -9999 -9999 -9999 -9999 -9999 -9999 368.001086794097 343.855108787274 338.587551051173 322.875671084585 323.871914840978 331.356435469512 338.419418650454 338.174229325919 321.236553257909 318.451802812774 308.751275621612 303.497445862869 297.6828562309 294.328791289494 291.607800845442 281.281370779564 272.116483301952 256.056487009443 245.959101537178 240.134342094948
-9999 -9999 -9999 -9999 -9999 -9999 -9999 -9999 -9999 -9999 -9999 -9999 -9999 -9999 -9999 -9999 -9999 -9999 -9999 -9999 -9999 -9999 -9999 -9999 -9999 -9999 -9999 -9999 -9999 -9999 -9999 -9999 -9999 -9999 -9999 -9999 -9999 -9999 -9999 -9999 -9999 -9999 -9999 -9999 -9999 382.875611338122 368.668402145649 339.939460688624 320.735974837994 299.448187663637 288.059072099883 288.300954161019 295.859137041815 296.459312636277 300.435291027201 297.348451581495 294.063900125438 290.893797619589 288.452376456096 288.561784908689 288.566335727429 286.005193825426 274.267826326962 269.869005647199 260.012446403503 248.66508843981
-9999 -9999 -9999 -9999 -9999 -9999 -9999 -9999 -9999 -9999 -9999 -9999 -9999 -9999 -9999 -9999 -9999 -9999 -9999 -9999 -9999 -9999 -9999 -9999 -9999 -9999 -9999 -9999 -9999 -9999 -9999 -9999 -9999 -9999 -9999 -9999 -9999 -9999 -9999 -9999 -9999 -9999 -9999 -9999 392.112472205326 387.189952324177 357.467702503862 333.122810166458 318.707058742129 297.80316110315 279.006995891703 272.509476423264 269.24404335022 261.99464577642 261.226283344729 267.524689896353 265.531364909534 264.366023302078 264.758204665677 265.598285946353 269.358794163013 276.768850795154 272.705516938506 273.606893021485 271.132871800456 268.968921809361
-9999 -9999 -9999 -9999 -9999 -9999 -9999 -9999 -9999 -9999 -9999 -9999 -9999 -9999 -9999 -9999 -9999 -9999 -9999 -9999 -9999 -9999 -9999 -9999 -9999 -9999 -9999 -9999 -9999 -9999 -9999 -9999 -9999 -9999 -9999 -9999 -9999 -9999 -9999 -9999 -9999 -9999 -9999 -9999 -9999 374.923165222694 357.829413545543 332.649341813449 312.594885365716 302.649493283239 287.918295884955 268.319887350345 250.223865097967 242.827204186341 236.929308126713 234.417599768474 233.182254404857 233.111639631206 231.714185698279 233.551068281305 237.346943197579 248.755576281712 262.332058248849 266.198174937018 262.494312533017 263.018387465641
-9999 -9999 -9999 -9999 -9999 -9999 -9999 -9999 -9999 -9999 -9999 -9999 -9999 -9999 -9999 -9999 -9999 -9999 -9999 -9999 -9999 -9999 -9999 -9999 -9999 -9999 -9999 -9999 -9999 -9999 -9999 -9999 -9999 -9999 -9999 -9999 -9999 -9999 -9999 -9999 -9999 -9999 -9999 -9999 410.730181332292 398.430026218809 368.927373886108 332.812096957503 312.064138938641 298.880990801186 288.320491807214 268.197744007768 253.212529856583 239.193182994579 230.237315506771 226.421075911357 218.828118135189 215.500594443288 209.991751169336 204.277641814331 203.402631069052 207.849206694241 224.352046308846 235.148156955324 238.724099767619 243.052717488388
-9999 -9999 -9999 -9999 -9999 -9999 -9999 -9999 -9999 -9999 -9999 -9999 -9999 -9999 -9999 -9999 -9999 -9999 -9999 -9999 -9999 -9999 -9999 -9999 -9999 -9999 -9999 -9999 -9999 -9999 -9999 -9999 -9999 -9999 -9999 -9999 -9999 -9999 -9999 -9999 -9999 -9999 -9999 -9999 -9999 404.313528389766 383.973534156536 348.94824589532 314.763961413811 293.600247350232 278.294019057833 269.156014426001 260.494587166556 248.806071832262 237.289474618846 230.69822259607 224.208288348954 219.006447348101 209.905960148778 199.60569203311 192.318098816378 188.57394948499 191.85630805739 200.493105427972 206.274540005059 210.980050284287
-9999 -9999 -9999 -9999 -9999 -9999 -9999 -9999 -9999 -9999 -9999 -9999 -9999 -9999 -9999 -9999 -9999 -9999 -9999 -9999 -9999 -9999 -9999 -9999 -9999 -9999 -9999 -9999 -9999 -9999 -9999 -9999 -9999 -9999 -9999 -9999 -9999 -9999 -9999 -9999 -9999 -9999 -9999 -9999 -9999 418.757881378305 398.491470599997 356.423412059915 320.67443005792 290.3950225567 279.288212332232 272.448556258761 264.835173656201 257.57978315189 248.064998133429 233.812542224752 227.499950211624 220.229170133328 217.513265626184 209.782975994307 196.43970736964 189.683386753345 183.947178585776 185.259076652856 187.993147619839 193.202978874075
-9999 -9999 -9999 -9999 -9999 -9999 -9999 -9999 -9999 -9999 -9999 -9999 -9999 -9999 -9999 -9999 -9999 -9999 -9999 -9999 -9999 -9999 -9999 -9999 -9999 -9999 -9999 -9999 -9999 -9999 -9999 -9999 -9999 -9999 -9999 -9999 -9999 -9999 -9999 -9999 -9999 -9999 -9999 371.913470169594 378.908909238618 401.207201702841 393.785321663166 359.262304634883 323.492840487381 299.833173883372 283.534195373798 275.830753926573 270.432505097882 262.549110256392 251.412484358097 241.585789828465 234.727420543802 229.092545525781 218.446341679014 213.065664052963 201.958765942475 193.642771630452 188.902115147689 187.801700592041 188.868663648079 190.298105593385
-9999 -9999 -9999 -9999 -9999 -9999 -9999 -9999 -9999 -9999 -9999 -9999 -9999 -9999 -9999 -9999 -9999 -9999 -9999 -9999 -9999 -9999 -9999 -9999 -9999 -9999 -9999 -9999 -9999 -9999 -9999 -9999 -9999 -9999 -9999 -9999 -9999 -9999 -9999 -9999 -9999 -9999 348.892854556955 343.880038094932 347.502593636513 379.338726504096 383.176741238298 360.054609824871 335.405147914229 310.907134878224 295.47309230936 283.460832710924 276.25460983967 266.006095064097 255.291534670468 244.39415637378 236.54621855966 224.919061381241 217.36460191628 207.724107010611 198.047619819641 192.856242475838 189.263312471324 188.151389771494 188.691241264343 189.674568020064
-9999 -9999 -9999 -9999 -9999 -9999 -9999 -9999 -9999 -9999 -9999 -9999 -9999 -9999 -9999 -9999 -9999 -9999 -9999 -9999 -9999 -9999 -9999 -9999 -9999 -9999 -9999 -9999 -9999 -9999 -9999 -9999 -9999 -9999 -9999 -9999 -9999 -9999 -9999 -9999 -9999 -9999 347.367419801909 317.741049470573 313.637347977737 339.233019331406 372.755587018769 376.869241714478 349.300697787055 328.918412652509 310.688346270857 297.37970056205 283.72433047459 264.198545661466 250.008305179662 240.17879665309 228.492385296986 219.89579023986 206.4446694111 195.099358903951 187.585252515201 184.260114653357 182.463056128601 182.276681053227 183.572533582819 185.918574859356
-9999 -9999 -9999 -9999 -9999 -9999 -9999 -9999 -9999 -9999 -9999 -9999 -9999 -9999 -9999 -9999 -9999 -9999 -9999 -9999 -9999 -9999 -9999 -9999 -9999 -9999 -9999 -9999 -9999 -9999 -9999 -9999 -9999 -9999 -9999 -9999 -9999 -9999 -9999 -9999 386.014487957132 359.726177774627 337.766748757198 308.153257961931 296.50372635085 303.886057163107 338.084380106294 366.689623388751 365.279002255407 346.440329420155 338.637504248784 315.352543058067 293.05763251206 264.185001447283 237.630630616484 223.474034769782 213.629756097136 205.179189599794 193.114378970245 173.875939714498 166.73887940933 163.420107105683 162.344956907733 162.205347640761 163.568996158139 167.170366944938
-9999 -9999 -9999 -9999 -9999 -9999 -9999 -9999 -9999 -9999 -9999 -9999 -9999 -9999 -9999 -9999 -9999 -9999 -9999 -9999 -9999 -9999 -9999 -9999 -9999 -9999 -9999 -9999 -9999 -9999 -9999 -9999 -9999 -9999 -9999 -9999 -9999 -9999 -9999 -9999 371.994372137662 350.954173055188 314.968713299981 307.052498718788 289.481201837803 288.30668685354 299.072204943361 327.954107613399 343.964197684979 338.987426034335 349.162298630024 348.467773273073 321.992388758166 274.027741761043 229.561007606572 207.286397161155 201.739612308042 194.077838297548 179.869267545897 164.127747453492 156.479660996075 150.070901656973 142.158202537175 139.069864211411 138.364649817861 142.320698043396
-9999 -9999 -9999 -9999 -9999 -9999 -9999 -9999 -9999 -9999 -9999 -9999 -9999 -9999 -9999 -9999 -9999 -9999 -9999 -9999 -9999 -9999 -9999 -9999 -9999 -9999 -9999 -9999 -9999 -9999 -9999 -9999 -9999 -9999 -9999 -9999 -9999 -9999 -9999 355.502617441375 355.908497744593 321.905065983534 297.051643272926 296.618015100216 287.951366457446 271.114748436829 269.677583908213 282.077504634857 297.360915290898 311.566712017717 333.203203924771 368.229148371466 355.92208635396 304.149692930024 235.759565591812 202.311023235321 192.87903151841 184.589865536525 172.401482598535 156.331429641822 147.574227900341 148.135169719828 141.38860538088 135.984143290026 131.153343989931 127.486994381609
-9999 -9999 -9999 -9999 -9999 -9999 -9999 -9999 -9999 -9999 -9999 -9999 -9999 -9999 -9999 -9999 -9999 -9999 -9999 -9999 -9999 -9999 -9999 -9999 -9999 -9999 -9999 -9999 -9999 -9999 -9999 -9999 -9999 -9999 -9999 -9999 389.755132346318 380.873216694799 348.273693368353 325.549127736996 305.636251348874 283.183395574833 278.182877540588 277.886065417323 273.090723095269 258.921311008519 249.877902902406 248.69980195473 257.266404620532 266.100867863359 275.606407264183 313.411718236989 334.515932606019 344.420377632667 268.662961548772 215.556501873608 198.353929256571 178.574434280396 165.218226079283 152.434241611382 151.720290788289 144.207688561801 143.353388950743 137.808083304043 132.297936801253 132.865342321067
-9999 -9999 -9999 -9999 -9999 -9999 -9999 -9999 -9999 -9999 -9999 -9999 -9999 -9999 -9999 -9999 -9999 -9999 -9999 -9999 -9999 -9999 -9999 -9999 -9999 -9999 -9999 -9999 -9999 -9999 -9999 -9999 -9999 -9999 -9999 -9999 386.016407276022 375.710488418053 326.174093804483 284.433153045589 255.976364456374 252.459121704102 258.979814578747 261.356643232806 255.670190556296 247.746391575912 237.596208736814 235.793924619412 237.212857295727 237.972313042345 240.869755021457 254.762824568255 280.893799206306 313.438433482729 285.241231449719 262.114834333288 224.920581546323 187.351854283234 165.124395222499 151.589228362873 147.384773558584 146.338427395656 142.896364573775 143.164436537644 140.503002068092 136.724930697474
-9999 -9999 -9999 -9999 -9999 -9999 -9999 -9999 -9999 -9999 -9999 -9999 -9999 -9999 -9999 -9999 -9999 -9999 -9999 -9999 -9999 -9999 -9999 -9999 -9999 -9999 -9999 -9999 -9999 -9999 -9999 -9999 -9999 -9999 -9999 -9999 380.028021187618 352.8233486044 294.845414326109 267.604961592576 247.687640675183 244.841258756046 248.057050285668 247.709708764635 247.614352250921 245.137246279881 237.431470903857 232.038536565057 231.166758200218 229.24755006823 226.472577440328 223.631147853259 237.425731667157 251.645994408377 278.464657142245 280.301544945816 274.153642432443 228.433724452709 183.257855119376 163.029474772256 152.414076065195 148.753647380862 147.926380568537 144.111754960027 139.461576461792 136.402022460411
-9999 -9999 -9999 -9999 -9999 -9999 -9999 -9999 -9999 -9999 -9999 -9999 -9999 -9999 -9999 -9999 -9999 -9999 -9999 -9999 -9999 -9999 -9999 -9999 -9999 -9999 -9999 -9999 -9999 -9999 -9999 -9999 -9999 -9999 -9999 -9999 353.751213139501 325.937750092868 278.613586598429 260.319560601794 258.391390340082 254.446099914353 253.312568631665 252.467582612202 250.809223454574 248.287815061109 241.209863342088 235.951962618992 229.483085952956 225.891397245999 220.811902342171 209.500467045554 207.523394872402 212.40779932614 235.233909187646 265.82678110024 277.578238347481 271.051413281211 227.540742857703 191.514726326383 175.816848754883 169.846465838367 158.590523020975 152.354476657407 144.191274770375 136.484040424742
356.786567983956 346.818171139421 336.82662199489 335.033649479521 341.202758879497 -9999 -9999 -9999 -9999 -9999 -9999 -9999 -9999 -9999 -9999 -9999 -9999 -9999 -9999 -9999 -9999 -9999 -9999 -9999 -9999 -9999 -9999 -9999 -9999 -9999 -9999 -9999 -9999 -9999 -9999 398.653001390654 351.983951831686 286.555632926267 262.255217675505 261.61213485948 263.855810518922 261.310772920477 258.576981569159 256.113354354069 253.883843849445 250.089777708054 246.857312547749 237.319653313735 229.402313059774 224.277280379986 217.506139278412 204.887687189826 199.112296827908 198.085441137182 205.374624359197 225.447652520805 255.945965923112 254.971225590541 259.120903533081 233.793806947511 210.009685302603 196.960585503743 184.800998054702 169.035697468396 151.48500776702 142.00605954795
322.661320053298 305.782823060864 282.10495642958 280.087873656174 288.401022730202 293.544625570034 333.870644265208 390.264679086619 425.12915295568 434.250130752037 419.609597041689 -9999 -9999 -9999 -9999 -9999 -9999 -9999 -9999 -9999 -9999 -9999 -9999 -9999 -9999 -9999 -9999 -9999 -9999 -9999 -9999 -9999 -9999 -9999 -9999 374.773621328946 311.768321563458 260.53185668896 261.368506209604 265.969229928378 270.94563126564 266.926494327085 264.056744205541 259.550521020232 256.314305922081 250.669664752894 246.245139491969 238.537891486595 231.667830837184 223.998950555407 216.797841803781 207.975204254019 199.056348767774 195.990206085402 194.598630395429 198.645266598669 212.555982310196 234.588838273081 256.422868720416 239.545603225971 238.309662860015 217.571904338639 208.64338912635 185.491782410391 160.029434417856 151.160876824938
276.581205762666 252.2359025725 234.7030018938 220.127326735135 215.89997631928 237.636499501508 271.229599118233 326.643525074268 370.949584040149 388.285917972696 362.289668280503 333.132338392323 354.078998676662 365.981878926014 374.213589980685 386.845534028678 -9999 -9999 -9999 -9999 -9999 -9999 -9999 -9999 653.001625324118 648.674766277445 637.650045986833 625.347869346882 -9999 -9999 -9999 -9999 -9999 -9999 459.084236408102 344.695736030052 281.941374844518 252.462721423856 264.406214393418 274.748241161478 273.868724970982 271.37973708942 267.013459172742 262.54672797795 257.992026205721 252.905088457568 246.645949281495 237.382717617627 231.125716891782 225.900345999619 221.702503779839 215.573579007182 210.765676506634 200.975141295071 194.807840330847 187.216952397906 189.732976798354 202.13688097329 221.782175598473 228.036013767637 229.877167027572 227.268760829136 216.372290405734 205.690912180933 180.537545565901 164.430479394978
250.291345908724 226.478012339822 217.150486592589 195.4592736014 178.096321295048 178.217985827347 203.152806627339 241.532388794011 285.341557848042 302.003325503448 313.215627625071 312.486516705875 327.839931685349 336.466356452169 356.914614093715 373.902747285777 385.732359853284 -9999 -9999 -9999 -9999 -9999 -9999 -9999 645.93994140625 641.630452649347 625.734235566238 614.331894973229 607.94862812963 582.55898890002 600.384510171824 617.593017578125 663.686272456728 700.025336429991 561.639547939958 362.077547698185 270.289464917676 256.656468814817 276.215840701399 274.225637139945 269.238112671622 268.656066680777 269.288777869323 264.542029175265 260.739812596091 255.445744941975 244.737151589887 236.634285137571 228.253949691509 226.823403087156 223.022293542993 218.920830068917 212.721849737496 208.300456326583 198.452393161839 190.274665742085 183.599872030061 185.657253553127 190.713445457919 200.800789643978 204.42717218399 212.748181079996 213.987299491619 211.790029550421 202.991394536249 183.518356356127
218.665262682685 206.155762738195 202.794849231325 190.301904513918 171.086552693926 159.724946498871 168.863396611707 194.258524130131 227.348170650416 241.491110974859 256.782541883403 270.59592134377 275.352916684644 291.8029877564 310.063426576812 341.470233062218 375.601290028671 396.216701770651 -9999 -9999 -9999 -9999 -9999 -9999 637.903928559402 624.153299265894 583.486532013992 568.705659405938 568.56585653897 569.447146974761 554.600618165115 596.148180205246 646.841714793238 661.087806438578 583.10229544804 429.008608456316 301.855965188351 280.062857381229 284.005057565097 281.418917392862 265.350659567734 252.404410658212 253.041429848507 255.1807572595 252.036145999514 248.552060604095 241.345681256261 235.479915314707 230.385027046861 228.162585981961 225.949422137491 220.61183395879 213.160214111723 208.628034221715 206.602812240864 194.966466961236 187.873648421518 180.862891994674 181.008778826944 183.848468574984 188.575965749806 191.724384644936 195.738735807353 203.26063799036 197.217534566748 197.034212827682
186.49951808206 178.382838413633 177.310332849108 173.169592150326 164.866179893757 150.391574760963 153.568396091461 167.070194951419 181.740484147236 192.863220428598 213.028710036442 235.693991578858 256.412138610051 263.804047263902 273.091245708794 302.213484377697 335.963076443508 393.30269241333 420.731033719819 -9999 -9999 -9999 -9999 -9999 633.050314541521 605.419146833749 570.235290790426 564.365444577973 550.233674148033 515.858611328848 522.514027085798 535.771333694458 554.812630488955 571.464793501229 613.352005531048 534.663103564032 413.711926690463 338.334020483083 314.817091382783 289.227921403688 275.509299113833 255.967867999241 244.941911944028 245.861922280542 243.31679033411 242.312195465483 243.432550759151 237.872138319344 233.703180050028 229.052680434852 227.402974054731 224.334588905861 216.628865595522 212.802070930086 210.178656471187 195.447774829536 190.557129325538 183.400546106799 177.330066121858 172.780654216635 170.533295097022 171.633660883739 176.178492217228 179.528902563555 185.126984201629 187.47486207403
159.269643956217 153.478775032635 156.746909314188 160.245682609492 158.781896065021 147.588439308364 141.862394398656 148.052118679573 154.241520832325 166.028493494823 185.272831226217 212.728529149088 236.915333345019 248.876463569444 248.230128115621 279.59885535569 309.336293310955 373.123583925181 423.754497528076 456.946128339603 -9999 -9999 -9999 -9999 632.606398483803 585.294800593935 566.206596111429 553.637348438131 539.898767405543 503.532125686777 498.865270137787 483.803560462491 482.286248799028 487.994253824497 539.163011879756 569.282597508924 536.538930958715 459.450979561641 409.769246857742 365.404321604762 330.433779404081 300.79756753198 278.047011054795 266.668662235655 253.366368565066 243.910031261115 235.621642120953 230.555654838167 234.943876472013 232.858807662438 230.501971351689 225.092314670826 220.314947292723 212.396209873002 208.0113966465 200.433020320432 191.586046276421 187.137507611308 182.530599807871 174.079987517719 166.692708179869 164.909884197959 163.377825515024 163.0394790337 163.562527451022 163.038656645808
140.564901060071 137.932998381812 140.065315772747 145.159869568101 146.907738800707 141.127221321237 137.28788490542 136.649962326576 143.733617840142 156.189487629923 173.968002977042 196.480364832385 216.431046822975 230.967897415161 239.371111927361 260.687661170959 295.61121694795 356.142875186328 434.101889280924 487.894664747962 521.807271431232 -9999 -9999 630.749041327115 619.997910072064 582.228155201879 561.649623213143 548.984607433451 512.697570767896 494.036566878187 471.251507101388 457.984853707511 439.696002906766 438.736824742679 445.248303433944 517.928182667699 561.616474283153 563.139020722488 517.78461982464 502.10503676842 471.489404612574 436.078350330221 368.443144699623 317.263301191659 298.235663002935 274.700325538372 256.468604466011 237.756816872235 236.831743084151 241.086151386129 238.020165237887 235.489084547964 226.827553329797 217.022253735312 207.117602216786 202.329838144368 194.069622146672 189.364019023961 184.033074946239 180.664588254074 173.787050814464 166.837334562992 161.997859926059 156.406560190793 151.348967050684 146.631725257841
124.0247804132 126.168992979773 131.097477016778 136.408862381146 138.500409208495 134.342450610523 130.418117864379 133.174007169132 143.41209911478 154.247333658153 166.868743016802 179.524786982043 197.395048914285 210.047158742773 223.809466641525 248.894699672173 280.226177273125 341.664927564818 395.686776687359 469.903454805243 508.117842312517 476.523137577649 534.73701292893 586.268881172969 592.614229399582 547.935830478011 525.468977040258 509.944590437001 495.415109831711 489.757739342492 465.156618346428 452.216793179512 430.165132119738 420.625834257438 422.196583554662 435.846040680491 501.609290854684 523.806518883541 576.779150338008 554.587465746649 523.112531464675 506.121463381011 460.445624910552 388.895253477425 343.465289740727 314.691532990028 284.21792651867 265.001813559697 255.184368922793 250.499806675418 247.568907129353 245.165996567956 239.689275684028 224.491365432739 212.010637324432 204.503969291161 195.449936784547 189.177449070174 184.334432708806 179.192903156938 174.332427160493 165.821157110148 160.348194675199 153.390865021739 146.510484761205 141.501372962162
115.864698944421 120.479820282295 123.009262348044 126.798222903548 129.185284088398 129.833403044734 129.678214952863 133.330345104481 139.750289189404 150.444365328756 159.234231792647 168.530815346488 178.649397628061 196.088296561406 217.258106231689 248.207031085573 275.025949897437 326.008518120338 357.713319893541 363.81794791386 368.357312350438 397.131028241125 436.454479813576 486.235121447465 553.950337771712 532.739276096739 515.223376241224 504.766934329066 493.766227744777 485.891851778688 460.155479072497 437.445418719588 424.238918238673 412.104299150664 394.278566919524 395.519376097054 431.644727199242 476.189328210107 521.151532666437 524.026671442492 495.913233987216 470.105269333412 447.586401840736 417.409633570704 374.188060892039 353.133417721452 321.165288037267 291.367558841048 275.585115136771 267.039411807882 267.348723206027 263.153597034257 244.891112113821 233.87019629314 215.204540655531 202.086614534773 192.179447938656 186.809991524137 178.794016591434 175.641663206035 168.978408977903 162.460627662724 156.895661847345 148.979271658536 146.371856952536 141.518660512464
109.706255132011 114.339379902544 116.007390252475 118.354119004874 120.848810787859 124.161518590204 126.713093527432 131.811589795968 138.781869806092 142.077608009865 149.69995663906 154.534206225954 164.538988606683 187.048307903882 220.135889242435 255.006725237287 280.043295765745 267.671827710908 256.71563670553 254.92656555258 262.81581216845 281.426137036291 317.154126208404 396.8058099089 470.548037726304 512.378345160649 511.283119990908 505.24430847168 490.671435245666 468.038268418148 454.750469733929 443.308417747761 421.004746075334 401.065617659996 382.925833381456 380.847550762111 387.202808906292 428.333040668019 464.936511288429 475.383063642629 464.908285206762 436.462077305235 431.403833455053 421.778346094592 399.763995992726 378.611330361202 354.206168602253 319.484731937277 293.055585400812 284.595454947702 275.1451366441 266.448578333033 246.163835640611 233.586140303776 211.970138911543 198.334206638665 186.147034842392 177.336663427024 172.854670861672 168.041468829944 162.678598753337 157.777962849058 151.911023896316 149.074751755287 146.469615377229 144.177592310412
