Rscript/test/SnowDepthMapFile-sd-1989-06.asc
ncols 320 
nrows 361 
xllcorner 618410.159 
yllcorner 5088785.286 
cellsize 100 
NODATA_value -9999 
[rows 116 to 144 of 361, columns 0 to 65 of 320]
-9999 -9999 -9999 -9999 -9999 -9999 -9999 -9999 -9999 -9999 -9999 -9999 -9999 -9999 -9999 -9999 -9999 -9999 -9999 -9999 357.186494807915 355.983731267852 349.928106278094 350.390547137066 358.337274501432 358.929914208592 358.152322681458 361.393402002401 361.657611367852 360.288729712085 358.374032782786 354.435762879422 353.004083529471 353.590794444293 352.700595306602 352.280735664749 352.628770348698 352.632511142603 352.350166675107 352.706502321782 352.779359352427 352.70503291194 352.933339135274 353.199066432023 347.954990335387 336.904270689234 314.584915271359 305.880226374725 305.328920366991 306.526667823966 303.551726144898 297.437067256674 285.49174624332 278.449875391273 273.503028200543 272.506965520168 272.947787139799 273.418601336698 272.795681399384 270.61636026638 270.941701846512 266.91385640712 259.09627950222 245.261779219683 233.953853044142 220.078603173318
-9999 -9999 -9999 -9999 -9999 -9999 -9999 -9999 -9999 -9999 -9999 -9999 -9999 -9999 -9999 -9999 -9999 -9999 -9999 367.377491162208 370.815732957027 364.633268702841 360.40643789982 364.546369645918 362.975088549369 357.242335616364 358.612638098212 361.081625860917 360.921488475382 361.080252325189 359.457732163037 357.726210239419 354.737585495352 353.41400967377 353.85486951183 354.100938623777 353.698303269791 352.871389372492 353.173628269144 353.04235263225 352.965428504743 352.962795167711 353.213276207276 353.879904386523 348.294814726551 340.593625417433 322.032064861726 309.63062821895 306.616346529929 303.657581680025 300.798603338022 288.453675161367 282.405051588212 278.339846342812 277.452096983559 276.468817851338 276.014547689026 275.110495054431 273.925389107943 273.786595698074 272.877386938342 270.125666491806 261.727070801764 250.294937428378 238.083529857978 225.900867446716
-9999 -9999 -9999 -9999 -9999 -9999 -9999 -9999 -9999 -9999 -9999 -9999 -9999 -9999 -9999 -9999 -9999 -9999 368.81252270571 370.000374706364 373.131980653806 375.094898939555 367.350570301035 371.103307118853 364.124452563703 356.613486432105 355.82863321376 360.457612231266 360.417992675704 361.370639926466 360.224896422326 359.006796518133 357.833844439657 355.68433331516 353.841939444122 354.28451582006 354.094738677391 354.481714143644 354.582890019646 353.232020990183 353.354933502163 353.188845870565 352.938140667538 353.795371161658 350.523096070991 345.515842472904 331.552440742006 321.31333874757 311.787059447502 304.450757914096 295.952285358741 286.055108806389 282.788924847587 280.518811338285 280.02864810421 278.66811385566 277.22397896247 276.710402759305 275.32912947338 275.184608330125 274.717428265227 272.136868543098 261.447504921132 251.031370980255 239.610586683744 228.540831930417
-9999 -9999 -9999 -9999 -9999 -9999 -9999 -9999 -9999 -9999 -9999 -9999 -9999 -9999 -9999 -9999 -9999 -9999 354.098849240909 369.502448816452 372.6014386517 376.726019459967 374.697594237191 371.152520069225 365.829406637375 360.404121628922 355.76162070251 359.355137445243 360.807351223906 361.102663856927 360.808802690789 359.44110471868 358.856258862472 357.645155021702 355.705632203406 355.3868492427 354.06308891857 354.219886495268 354.172820441093 354.353420471525 353.979972187331 352.707405366366 351.59747997853 352.953689183633 351.946686175948 347.611480384673 337.379526792864 327.820621101252 318.987993732571 307.65978797094 302.097722164361 290.282459149947 284.906378405267 281.53049494479 278.897067838629 278.176247542581 278.000734134116 277.832330069887 277.578548849839 277.478191098119 277.445742458557 274.925456993842 264.882561963872 251.110957176524 238.039394540954 229.487357817445
-9999 -9999 -9999 -9999 -9999 -9999 -9999 -9999 -9999 -9999 -9999 -9999 -9999 -9999 -9999 -9999 -9999 -9999 344.252896449093 358.216860074948 359.16477610369 370.428804021465 374.232113664952 371.167722338538 372.526951547844 363.517329698681 355.913988445059 357.38632291895 359.599055527226 361.460069344283 361.439224811729 360.59125484614 359.595808075719 358.716952189061 357.255874339221 355.477537196794 353.75971024982 353.554192060121 353.12073013509 353.709822758026 353.285012355108 352.608986562575 352.257126074317 352.890837792481 348.566744202053 342.061850406217 334.053004084281 325.655066306595 320.081068222432 310.912895231002 305.780217668818 301.296329497671 293.548982662353 285.752496880314 282.085301384764 279.459643588199 279.587677606892 280.002118239048 279.736110741723 279.937037321175 280.107357182234 278.305362256123 268.499082233482 252.627750469832 237.556361330245 229.485589191167
-9999 -9999 -9999 -9999 -9999 -9999 -9999 -9999 -9999 -9999 -9999 -9999 -9999 -9999 -9999 -9999 -9999 361.82826269047 344.36694398102 351.005153882534 353.84880869299 363.93042460325 371.413491337684 371.430017297219 374.403805938332 369.20335979042 356.728683987038 357.134698694298 360.010325750575 360.950110388072 362.451806702762 361.375527766068 360.67997217615 360.275078465663 359.105875729676 358.105223522966 357.217362508789 355.246952108031 355.187776727095 355.006615395651 353.802174617691 354.064184995523 353.836354704908 353.636730363914 346.080413028526 336.000100315668 325.273663190513 317.142612196836 313.775250585144 312.415906099501 310.644564404661 306.93340068235 301.894997321353 293.547951199686 285.671989790462 283.120007846738 281.942563370238 282.337383523545 282.403590990831 282.569402510902 282.482582095052 281.099506221739 272.589692244196 257.575879686593 242.265693727345 233.557156006217
-9999 -9999 -9999 -9999 -9999 -9999 -9999 -9999 -9999 -9999 -9999 -9999 -9999 -9999 -9999 -9999 -9999 -9999 335.957143943069 346.952756376342 352.052169094395 356.826057499706 363.530182731922 378.679428415874 370.760745989139 371.734567408844 364.908836995015 361.599650382446 359.67932788447 360.471464021994 360.67787190486 361.255641611373 361.218592171338 361.40618427972 360.723464257259 360.079569084601 359.352447412302 358.999063653994 359.263162047463 359.555479396117 359.552339307082 357.579746229679 356.698543516891 355.786591112198 345.657343167662 329.942982237775 315.748907293229 310.567532309811 311.04835131301 312.779647871235 316.018192504061 309.528374347842 303.970053277385 298.911868138138 290.68236143271 285.665906972294 284.126154506204 283.305187154787 282.65628443804 283.171171601412 283.857354589012 282.656424231061 274.847284422691 264.809494635043 251.905733556186 238.301627034103
-9999 -9999 -9999 -9999 -9999 -9999 -9999 -9999 -9999 -9999 -9999 -9999 -9999 -9999 -9999 -9999 -9999 353.837367885572 354.856229400064 347.640022588828 351.516163020256 354.207623676967 363.844334276341 373.085795462043 368.013931113384 371.531443781793 367.657313391998 366.036592758811 366.058399199107 363.387107604124 363.120395713294 363.149612560554 361.315055571578 362.16670475911 361.513420361371 361.658005689199 361.396109601314 362.129641661913 362.378703474842 362.078339902795 362.137078700764 359.701215872911 357.766209208141 355.102076990376 345.783484281286 328.715388529672 312.457080344621 309.373434850163 310.763313336952 317.233291917952 316.325996647373 310.863589970327 305.341349500651 301.234624439084 294.55004589257 288.558123467607 285.772653352127 283.761515601465 282.868284821215 283.048993681162 282.447361748985 280.527728202359 274.040622474384 266.410932403499 258.171293829037 244.950978332747
-9999 -9999 -9999 -9999 -9999 -9999 -9999 -9999 -9999 -9999 -9999 -9999 -9999 -9999 -9999 -9999 -9999 354.96719530314 350.852860516393 350.408617516815 353.101218348698 354.618222931619 355.976123613559 364.916657374244 367.795605775059 373.307347678594 369.543803039327 368.263610550243 367.099221475761 366.684264334063 366.329236772325 364.680568592945 364.631877459965 364.333639337481 364.134738955925 363.041544488017 363.123480418365 364.525481904375 364.776123084696 363.943826022221 363.502076957606 361.075983006943 356.91566728502 364.162507667021 346.855180871922 326.619859634796 313.176587868739 311.331108790868 312.521385396913 313.912774057366 312.9373769366 309.72768531793 303.882713686693 299.996851363502 296.197563392023 289.731225280029 285.442540491227 282.496233141575 279.397014149774 277.412030588625 274.243437769535 270.802827089864 261.270333105593 257.600579740404 253.095507972849 247.464818925764
-9999 -9999 -9999 -9999 -9999 -9999 -9999 -9999 -9999 -9999 -9999 -9999 -9999 -9999 -9999 -9999 -9999 356.098456523752 358.657991704134 354.363844224656 358.049003844289 356.313962255181 356.598859908633 365.046052120227 371.752997833178 372.143374414599 372.180079511012 371.234016643572 370.280521829491 367.436369995326 368.075109097171 368.027816184861 367.108047837516 367.076149555888 367.170178103365 367.303177615767 367.429244368064 367.859642228737 368.204843748513 366.713453883493 363.404533929754 361.873421546036 367.632343552125 364.489550062787 341.986109389174 323.573770387409 312.632568265958 314.172958736842 315.511691023851 314.204491811439 311.651581998611 308.901317585275 303.35229340507 298.469320730098 290.357190290036 287.225331936884 283.232240082857 276.996038797359 268.672510244701 266.482465112528 263.832105264248 259.533148809899 249.402917851772 245.689140060841 242.293168581132 239.665208721217
-9999 -9999 -9999 -9999 -9999 -9999 -9999 -9999 -9999 -9999 -9999 -9999 -9999 -9999 -9999 -9999 -9999 356.05572000349 357.172694620845 351.574915216622 358.922688787267 356.245341538269 355.851750592142 363.87732161249 367.116773525029 369.695465678947 372.265516569766 372.476946201077 372.855199241437 369.84727435694 368.52908098983 368.939825463483 369.250652676884 368.938496941444 369.213016734421 369.288811893086 369.652635639024 370.371252148128 370.183560748752 367.479904134877 364.773840491246 362.918453206392 368.629399660554 369.963073171918 334.440759806023 321.88411306682 313.650657362037 313.989870386437 317.434885009495 315.208912609528 312.585412701968 308.088733006345 303.522693683489 294.978853860935 289.064771871648 285.948577290718 280.500743176571 271.810729560001 268.675894699814 271.540832460677 273.607368919876 270.130577731723 264.74664126822 258.235218707838 248.363151019406 241.807525455199
-9999 -9999 -9999 -9999 -9999 -9999 -9999 -9999 -9999 -9999 -9999 -9999 -9999 -9999 -9999 -9999 -9999 -9999 -9999 -9999 364.247627784729 356.516521252212 351.059476238524 360.670208754729 362.322370401383 366.723890364578 371.441566242697 373.513767871288 374.663024044529 371.73276310513 370.156070692326 369.492091629383 369.002436655705 369.294634976036 369.585988923491 369.962520956306 370.211099944097 370.88758551186 370.691581598232 366.879291353039 365.291516687004 367.298233085407 370.522403843434 368.570048937073 336.38127331382 319.973162643659 312.00191320325 317.460661051738 321.58153207145 318.4240669654 316.154220895432 312.728796342783 307.996829156256 303.985112507997 296.980845019164 291.934037611689 289.440264320135 289.207973711814 293.436237534523 309.157910043811 312.042828419104 311.403857582615 304.54329855856 290.928782054268 278.70547878045 263.729508579133
-9999 -9999 -9999 -9999 -9999 -9999 -9999 -9999 -9999 -9999 -9999 -9999 -9999 -9999 -9999 -9999 -9999 -9999 -9999 -9999 -9999 -9999 -9999 -9999 -9999 -9999 374.682689914577 375.078323913279 374.849101596986 372.226667138727 370.035110544498 370.077454450554 370.223460374479 369.994241515857 370.163685601027 370.33289948279 371.13068572385 371.115193036675 370.51426323517 363.114044587684 366.023612832168 372.272388868671 372.533408717027 359.788738113288 325.518967843029 314.03582610349 311.339072667136 313.707547618741 322.191209298839 324.729051812392 322.5386197987 318.049693361228 314.252301091756 313.770372712003 313.062076133509 312.889517501019 315.166124147958 324.261469642172 335.296020213554 348.90634005387 338.039255656279 330.980605030163 324.920284970446 321.982669771302 308.468203856751 289.203386402465
-9999 -9999 -9999 -9999 -9999 -9999 -9999 -9999 -9999 -9999 -9999 -9999 -9999 -9999 -9999 -9999 -9999 -9999 -9999 -9999 -9999 -9999 -9999 -9999 -9999 -9999 -9999 373.203255657613 374.84493294671 374.073118727607 371.855405295809 369.925635490384 370.122507293944 370.715607100383 371.334717195279 371.593178076319 370.955593327692 369.816193147202 365.809964215521 366.426307906874 368.578300575357 375.250503267704 376.518078317111 358.202026405206 330.667745072109 319.276780643223 309.984710340057 314.312501581701 323.067687484042 328.36654892714 330.062330245233 329.585347690553 330.305200878406 330.014679748336 334.440058421542 339.425285562032 347.626843457728 344.477732352995 354.577972218712 356.644330366348 352.216229018049 343.787989705155 335.50889837484 327.72583971814 319.415407266011 304.242185647634
-9999 -9999 -9999 -9999 -9999 -9999 -9999 -9999 -9999 -9999 -9999 -9999 -9999 -9999 -9999 -9999 -9999 -9999 -9999 -9999 -9999 -9999 -9999 -9999 -9999 -9999 -9999 -9999 -9999 375.091943906175 374.082640460705 371.449383946651 371.358092365554 369.976442949574 370.293199740773 370.729202816485 370.584382931171 368.580339398502 368.680652646535 371.087408677994 376.12012606531 375.072878112578 372.550960712804 367.603218807031 355.395546463323 332.440510069475 326.286848823817 321.059251354609 330.50107695409 341.368815742723 344.992879136769 343.658258137281 345.481262296192 347.478714627782 354.224387163694 358.509110422571 357.730545057779 360.263995426034 355.295082451415 346.941154940904 342.254713319676 335.503222369563 331.223923436778 325.252713829406 319.625469376134 308.895944777903
-9999 -9999 -9999 -9999 -9999 -9999 -9999 -9999 -9999 -9999 -9999 -9999 -9999 -9999 -9999 -9999 -9999 -9999 -9999 -9999 -9999 -9999 -9999 -9999 -9999 -9999 -9999 -9999 -9999 -9999 374.384109790855 373.901133546809 373.646139135434 373.590852549219 371.183176795665 371.400606462949 369.078927637192 369.888255950272 374.106435528478 373.992098323595 380.676854968326 384.980172049744 370.354853628143 367.21074036012 365.174208499298 344.92980787751 330.97537349909 329.365059081843 347.897340737458 341.573397840828 342.705517143116 353.040528817077 348.682048384448 352.750937473975 357.33164288787 356.088835598744 352.865154602715 346.402610437423 335.398475731751 329.412074333423 327.121838047531 326.135111046807 322.231579498164 319.356593479638 312.212797068543 307.501778567665
-9999 -9999 -9999 -9999 -9999 -9999 -9999 -9999 -9999 -9999 -9999 -9999 -9999 -9999 -9999 -9999 -9999 -9999 -9999 -9999 -9999 -9999 -9999 -9999 -9999 -9999 -9999 -9999 -9999 -9999 -9999 374.087573931251 374.050924613557 373.414224050577 372.535684568795 370.319004575356 373.475503167637 373.218034386584 379.854050705728 385.520017690487 383.864731911017 377.821278351397 377.801026560019 378.625765034602 374.937580449842 364.463650614011 360.74319471833 362.227706753142 378.41132830118 379.677082171102 375.704167836722 372.597519687712 360.852789705061 361.421047751699 354.082418479128 348.992112660387 338.328159121151 329.177437228902 318.565624474249 314.180421260718 311.764925198477 310.830348512552 309.88582484104 308.526116063177 307.507077651963 306.220267542631
-9999 -9999 -9999 -9999 -9999 -9999 -9999 -9999 -9999 -9999 -9999 -9999 -9999 -9999 -9999 -9999 -9999 -9999 -9999 -9999 -9999 -9999 -9999 -9999 -9999 -9999 -9999 -9999 -9999 -9999 -9999 -9999 372.407062524329 372.922968403229 370.546907340079 372.844685810539 375.466717390026 381.006148890055 386.279218074558 382.416490076023 386.472052819842 385.326248501211 378.396670460471 374.742804465663 366.375586561736 367.555183032928 367.481059151972 380.614386152938 377.332680500201 373.641897082204 375.857587706703 365.283290413604 361.598867894788 354.994086609235 351.101090510629 340.635342903219 329.60764141693 317.292534065042 311.16802872312 306.737345217296 300.222700661492 299.74510726005 303.047195514462 305.320072931846 305.118768678559 305.988634814663
-9999 -9999 -9999 -9999 -9999 -9999 -9999 -9999 -9999 -9999 -9999 -9999 -9999 -9999 -9999 -9999 -9999 -9999 -9999 -9999 -9999 -9999 -9999 -9999 -9999 -9999 -9999 -9999 -9999 -9999 -9999 -9999 -9999 370.821374956056 373.141289202478 374.844271194222 380.542201006867 385.505232488665 383.018859141971 382.995421784715 388.671972140766 -9999 -9999 -9999 369.183705413858 371.962189505914 369.735928667694 376.62835964352 374.400005187347 375.838394927203 368.002212264675 364.691624077701 359.949509257303 354.685900417882 346.175603549412 335.933350819142 323.012255617958 310.705743382342 304.584944082193 302.449193155591 302.855393480499 304.228460490064 304.513374059216 305.401443982408 306.693335108516 307.120905807848
-9999 -9999 -9999 -9999 -9999 -9999 -9999 -9999 -9999 -9999 -9999 -9999 -9999 -9999 -9999 -9999 -9999 -9999 -9999 -9999 -9999 -9999 -9999 -9999 -9999 -9999 -9999 -9999 -9999 -9999 -9999 -9999 -9999 -9999 -9999 -9999 -9999 -9999 -9999 -9999 -9999 -9999 -9999 -9999 374.288501171618 373.731835732328 371.253500996336 375.646686917306 371.800561388568 370.389520014433 365.046408237042 363.668135510771 359.234214923647 353.912397388406 344.955084200315 332.144478888872 315.774736634495 306.402670710456 299.538527339364 304.24487650835 304.64419705093 306.365082502431 306.557935101503 307.073237173467 306.759215597432 307.352058074793
-9999 -9999 -9999 -9999 -9999 -9999 -9999 -9999 -9999 -9999 -9999 -9999 -9999 -9999 -9999 -9999 -9999 -9999 -9999 -9999 -9999 -9999 -9999 -9999 -9999 -9999 -9999 -9999 -9999 -9999 -9999 -9999 -9999 -9999 -9999 -9999 -9999 -9999 -9999 -9999 -9999 -9999 -9999 -9999 375.439900701924 375.452877482807 367.101916305943 374.605420479477 373.991339970763 363.53176758492 362.753872124158 359.705603252802 355.998760120104 350.938057101238 342.015029461606 327.115530178554 310.774096536182 301.158312274359 302.169849122694 304.675683497753 306.76716371763 306.337392169978 306.600009400889 307.006892637584 307.633194539196 308.608642492846
-9999 -9999 -9999 -9999 -9999 -9999 -9999 -9999 -9999 -9999 -9999 -9999 -9999 -9999 -9999 -9999 -9999 -9999 -9999 -9999 -9999 -9999 -9999 -9999 -9999 -9999 -9999 -9999 -9999 -9999 -9999 -9999 -9999 -9999 -9999 -9999 -9999 -9999 -9999 -9999 -9999 -9999 -9999 -9999 374.336017498804 371.18942334753 366.348518867095 369.657159651471 365.676627916821 359.912765978207 355.763445532945 354.927663213716 349.900894458981 345.566087765262 335.085500328209 322.863516037414 308.359233609634 302.014886728026 304.4290299341 306.593375951637 306.852462323134 306.994269327245 307.194490007806 308.633123238876 309.182363058306 308.816697671269
-9999 -9999 -9999 -9999 -9999 -9999 -9999 -9999 -9999 -9999 -9999 -9999 -9999 -9999 -9999 -9999 -9999 -9999 -9999 -9999 -9999 -9999 -9999 -9999 -9999 -9999 -9999 -9999 -9999 -9999 -9999 -9999 -9999 -9999 -9999 -9999 -9999 -9999 -9999 -9999 -9999 -9999 -9999 -9999 370.560090157598 374.865730104707 377.072890867289 371.002409771269 363.276553276075 353.346682388458 350.723542922247 345.751860075377 337.94819334046 334.386361900432 327.519374476931 318.309801994482 309.651795096112 306.148608194545 307.447810543494 308.072250597785 307.678909701327 307.679115048231 308.69067811539 309.621539113281 309.55842615223 307.483925206114
-9999 -9999 -9999 -9999 -9999 -9999 -9999 -9999 -9999 -9999 -9999 -9999 -9999 -9999 -9999 -9999 -9999 -9999 -9999 -9999 -9999 -9999 -9999 -9999 -9999 -9999 -9999 -9999 -9999 -9999 -9999 -9999 -9999 -9999 -9999 -9999 -9999 -9999 -9999 -9999 -9999 -9999 -9999 367.238227835442 373.193334448201 370.145279990486 377.583495444326 367.58961694525 357.549232587104 349.788518228004 342.281879906422 336.095045747478 333.146976494768 327.997802633126 324.821205506687 320.331938659066 315.683131982116 311.848777629333 313.135982437714 309.777106435451 309.28473165229 309.84854690615 312.349398513764 313.75028185466 308.865483369367 306.237221257095
-9999 -9999 -9999 -9999 -9999 -9999 -9999 -9999 -9999 -9999 -9999 -9999 -9999 -9999 -9999 -9999 -9999 -9999 -9999 -9999 -9999 -9999 -9999 -9999 -9999 -9999 -9999 -9999 -9999 -9999 -9999 -9999 -9999 -9999 -9999 -9999 -9999 -9999 -9999 -9999 -9999 -9999 366.403166739872 367.039432046164 365.396533485969 366.541960450098 375.157956648176 366.054166175363 354.652375703028 346.079937039438 338.563373806183 332.833158361369 329.417902520589 327.682699638846 324.255998384259 322.457637924239 321.19185073439 319.756638165236 316.688781374332 316.186109659184 315.997243962542 315.913158613887 315.62691508826 314.412245401879 309.341899434267 306.13678412934
-9999 -9999 -9999 -9999 -9999 -9999 -9999 -9999 -9999 -9999 -9999 -9999 -9999 -9999 -9999 -9999 -9999 -9999 -9999 -9999 -9999 -9999 -9999 -9999 -9999 -9999 -9999 -9999 -9999 -9999 -9999 -9999 -9999 -9999 -9999 -9999 -9999 -9999 -9999 -9999 -9999 -9999 360.419165269536 363.604379705693 360.223579789898 362.216974155693 375.053854463984 362.564972432687 350.96087387676 344.50098945876 333.334617366806 329.741056024914 326.99879398672 327.553259761307 326.397084935032 324.710714167095 322.879211564447 321.096836806472 320.295184421704 319.326976696539 319.151443296808 318.796146002565 316.671722419932 315.864479598959 311.720736032853 306.090012633916
-9999 -9999 -9999 -9999 -9999 -9999 -9999 -9999 -9999 -9999 -9999 -9999 -9999 -9999 -9999 -9999 -9999 -9999 -9999 -9999 -9999 -9999 -9999 -9999 -9999 -9999 -9999 -9999 -9999 -9999 -9999 -9999 -9999 -9999 -9999 -9999 -9999 -9999 -9999 -9999 -9999 -9999 350.611864618025 357.03655146303 354.613832990526 359.75679713641 366.513619089907 362.85977571364 350.971812251419 344.654240778171 332.072957001895 326.896463281129 323.521753265982 324.592359439273 326.081825879283 326.197364404274 325.399078615508 323.478064120739 322.142847559295 321.235037555229 320.302311511744 319.985260928138 319.168497183542 317.021590262486 315.321810315555 308.974961813661
-9999 -9999 -9999 -9999 -9999 -9999 -9999 -9999 -9999 -9999 -9999 -9999 -9999 -9999 -9999 -9999 -9999 -9999 -9999 -9999 -9999 -9999 -9999 -9999 -9999 -9999 -9999 -9999 -9999 -9999 -9999 -9999 -9999 -9999 -9999 -9999 -9999 -9999 -9999 -9999 -9999 -9999 344.264519020526 346.89157364371 346.688507177257 348.630536384952 355.022944089984 356.819815752466 352.42624082338 343.438597153029 331.686848531015 325.688174198282 321.783922611724 323.501168406401 326.355460633284 326.992562658891 326.745289302903 326.101088803184 325.091930941838 323.457834789616 321.76209023501 321.266821620379 320.080322840052 319.577034142718 319.82739921635 316.197249503766
-9999 -9999 -9999 -9999 -9999 -9999 -9999 -9999 -9999 -9999 -9999 -9999 -9999 -9999 -9999 -9999 -9999 -9999 -9999 -9999 -9999 -9999 -9999 -9999 -9999 -9999 -9999 -9999 -9999 -9999 -9999 -9999 -9999 -9999 -9999 -9999 -9999 -9999 -9999 -9999 -9999 -9999 345.530857780833 339.092069299647 334.154285488181 344.754400941941 352.186396823591 345.879624797544 349.010768468247 342.78049498865 332.568838828919 325.64129591942 320.959035268093 323.053221472801 327.040837760137 327.546223200442 327.402991712628 327.032416029625 326.290517440085 325.526438133241 324.685243522995 322.68986177502 321.976868501719 322.211302634639 325.527866987164 325.738741802304
