Rscript/test/SnowDepthMapFile-q90-1989-06.asc
ncols 320 
nrows 361 
xllcorner 618410.159 
yllcorner 5088785.286 
cellsize 100 
NODATA_value -9999 
[rows 217 to 247 of 361, columns 70 to 139 of 320]
513.624450683594 491.89013671875 450.549066162109 413.523010253906 387.921350097656 352.289331054687 330.146069335937 303.835437011719 273.607666015625 248.358093261719 224.564700317383 193.272525024414 177.001370239258 164.026617431641 153.283724975586 144.208654785156 141.896737670898 149.548446655273 195.750988769531 250.595074462891 277.886071777344 273.220343017578 238.039105224609 183.47532043457 161.624493408203 132.585961914062 111.13434753418 104.365997314453 99.2261108398437 68.438882446289 32.0333633422851 18.4978580474853 10.3465240895748 5.4475629776716 3.22316792607306 2.72668711245059 2.4097252100706 2.05309368520974 0 0 0 0 0 0 0 0 0 0 0 0 0 0 0 0 0 0 0 0 0 0 0 0 0 0 0 0 0 0 0 0
524.445349121094 509.145178222656 472.162463378906 439.285620117187 396.346862792969 379.038555908203 351.048754882812 333.532971191406 317.116778564453 301.593615722656 280.240185546875 263.060522460937 243.681188964844 231.572045898437 219.335858154297 208.486041259766 215.836071777344 230.067639160156 266.702203369141 310.903234863281 326.930194091797 318.932885742187 273.628900146484 233.361651611328 174.866525268555 150.957977294922 116.049703979492 103.144830322266 97.0481658935546 93.5359771728515 76.8574188232421 49.6273132324218 31.0999160766601 23.1386405944824 22.5275039672851 20.5777915954589 20.9128761291503 20.2300422668457 8.74039725661275 0.00257520005106925 0 0 0 0 0 0 0 0 0 0 0 0 0 0 0 0 0 0 0 0 0 0 0 0 0 0 0 0 0 0
530.340747070312 519.58896484375 502.73759765625 463.575006103516 432.404858398437 392.018597412109 382.597344970703 364.003143310547 346.844281005859 335.788342285156 325.339697265625 313.832373046875 298.303558349609 284.270660400391 273.321667480469 265.284539794922 270.397161865234 287.341595458984 337.624853515625 382.669720458984 387.198986816406 361.879260253906 310.864666748047 276.363336181641 228.873229980469 183.819995117187 151.567749023437 116.893347167969 100.78232421875 94.2498779296875 86.934780883789 87.7453674316406 86.1370330810546 85.2669158935547 83.0442718505859 82.6710052490234 76.3821243286132 50.5771408081054 21.0958183288574 11.5189712047576 0.00360499992966651 0 0 0 0 0 0 0 0 0 0 0 0 0 0 0 0 0 0 0 0 0 0 0 0 0 0 0 0 0
540.841137695312 532.997888183594 518.851049804687 489.916857910156 459.984790039062 434.391833496094 401.318469238281 390.842071533203 383.197058105469 370.260491943359 355.086944580078 341.750189208984 333.025134277344 316.704449462891 301.365380859375 305.974401855469 337.315533447266 380.348211669922 421.356085205078 421.698254394531 424.229132080078 421.468927001953 381.522674560547 335.630792236328 296.673291015625 264.465093994141 220.576541137695 165.427960205078 145.814669799805 124.9005859375 112.93323059082 105.589758300781 103.359341430664 104.026892089844 102.024240112305 101.723947143555 100.031546020508 95.9194030761718 71.2465393066406 28.5805686950683 21.8940391540527 3.67085871398448 0.00136399995535612 0 0 0 0 0 0 0 0 0 0 0 0 0 0 0 0 0 0 0 0 0 0 0 0 0 0 0
566.931079101562 548.070056152344 531.772912597656 516.028601074219 489.954187011719 465.717291259766 439.280426025391 423.917248535156 399.268426513672 392.224725341797 386.50302734375 374.388952636719 353.827099609375 344.775817871094 348.575231933594 386.012420654297 413.755401611328 442.56943359375 444.459735107422 440.965130615234 437.436804199219 430.783557128906 420.988836669922 406.469775390625 370.817681884766 329.507147216797 304.2408203125 265.958776855469 232.691143798828 194.33366394043 175.831964111328 167.995846557617 155.308337402344 149.021655273437 147.982995605469 141.457919311523 130.198751831055 106.441403198242 101.795166015625 82.3712463378906 42.7765502929687 19.8572326660156 19.476700592041 1.70254788100719 0 0 0 0 0 0 0 0 0 0 0 0 0 0 0 0 0 0 0 0 0 0 0 0 0 0
586.38515625 572.394897460938 545.797399902344 527.149926757812 513.086999511719 491.3484375 469.603503417969 449.287512207031 432.413494873047 412.076727294922 398.207696533203 387.676959228516 382.709503173828 396.556304931641 424.181158447266 465.631475830078 476.976928710938 450.139245605469 426.665252685547 418.875012207031 415.832946777344 418.504382324219 431.097253417969 425.721527099609 413.047888183594 384.382446289062 359.988092041016 341.214459228516 317.083959960937 265.881353759766 245.301556396484 229.457104492187 215.706887817383 209.742999267578 208.233316040039 200.503958129883 165.999935913086 135.406649780273 119.236547851562 113.24684753418 100.39983215332 73.4610153198242 33.5482818603515 21.0572685241699 0.00287939999252557 0 0 0 0 0 0 0 0 0 0 0 0 0 0 0 0 0 0 0 0 0 0 0 0 0
602.620556640625 578.376062011719 555.8779296875 537.904443359375 525.056018066406 512.554260253906 489.45166015625 471.85830078125 460.486041259766 452.400219726562 437.264324951172 424.043090820312 432.531268310547 475.069299316406 524.977404785156 526.960888671875 478.148681640625 427.311285400391 392.81640625 406.194104003906 412.278948974609 409.452221679687 412.086096191406 417.108178710937 416.214709472656 384.170916748047 366.501422119141 338.600891113281 309.516864013672 285.804467773437 263.633764648437 223.239953613281 214.022119140625 211.903799438477 213.130291748047 207.345581054687 191.537014770508 153.711093139648 138.808407592773 130.956964111328 125.952224731445 113.119348144531 66.1595230102539 22.3825271606445 5.34633727371691 0 0 0 0 0 0 0 0 0 0 0 0 0 0 0 0 0 0 0 0 0 0 0 0 0
641.676489257812 600.484899902344 568.946813964844 548.422888183594 540.521789550781 529.830346679688 527.114111328125 521.335766601562 517.632202148438 505.630981445312 497.485559082031 511.663342285156 536.891186523437 576.412280273437 585.0955078125 550.368176269531 490.794201660156 434.593591308594 395.737445068359 391.699835205078 401.431927490234 405.529132080078 402.965563964844 402.158276367187 390.827142333984 377.500793457031 353.793878173828 310.476593017578 262.264343261719 228.068273925781 200.178616333008 182.761849975586 173.004730224609 170.823675537109 170.797933959961 175.978756713867 168.373910522461 155.993869018555 134.815399169922 130.673071289062 121.380725097656 111.083743286133 69.4715057373046 24.2645500183105 7.78095371723172 0 0 0 0 0 0 0 0 0 0 0 0 0 0 0 0 0 0 0 0 0 0 0 0 0
688.878955078125 650.95927734375 624.795068359375 595.50517578125 588.983508300781 586.976440429688 586.073693847656 580.792272949219 576.502661132812 573.172009277344 579.381958007812 562.526037597656 599.951708984375 621.089599609375 616.980407714844 568.529907226562 520.266467285156 466.382928466797 412.189483642578 386.397235107422 389.323687744141 395.793438720703 397.825567626953 394.666632080078 377.3064453125 364.691235351562 330.674346923828 272.672314453125 225.876605224609 188.857897949219 162.267797851562 143.037536621094 131.97053527832 117.703573608398 111.283987426758 114.041439819336 118.104220581055 119.163195800781 116.197064208984 113.508001708984 112.7154296875 93.6116882324218 57.4104095458984 24.6210762023925 8.33678889274594 0 0 0 0 0 0 0 0 0 0 0 0 0 0 0 0 0 0 0 0 0 0 0 0 0
730.284008789062 696.92568359375 653.97138671875 632.594494628906 604.010620117188 584.238037109375 560.547143554687 541.76865234375 546.804187011719 553.879821777344 559.197314453125 608.674865722656 619.744189453125 622.458947753906 618.678198242187 583.010607910156 554.477416992187 517.887170410156 461.862841796875 406.808514404297 384.497784423828 382.165191650391 384.712005615234 381.73525390625 370.386968994141 362.233587646484 317.970104980469 265.914514160156 206.510977172852 183.364431762695 154.898236083984 132.984378051758 117.194891357422 103.404724121094 89.4221893310546 84.3268096923828 86.0562805175781 86.0828613281249 86.2252777099609 82.7394287109374 68.8715667724609 52.9607849121093 28.6090782165527 22.5762016296386 7.81011930108068 0.000556800002232192 0 0 0 0 0 0 0 0 0 0 0 0 0 0 0 0 0 0 0 0 0 0 0 0
686.102758789062 683.565905761719 644.966247558594 598.108630371094 546.426892089844 525.399768066406 498.597924804687 490.910583496094 491.513427734375 514.085400390625 524.804760742187 540.521301269531 574.599304199219 589.829052734375 600.216186523438 579.508483886719 560.283752441406 522.012524414062 501.6111328125 455.047509765625 406.220916748047 388.007861328125 380.326446533203 381.148968505859 373.565155029297 355.618249511719 314.581640625 268.304650878906 208.410693359375 178.474920654297 150.736218261719 124.413284301758 117.394757080078 111.753332519531 99.0787353515624 82.4201477050781 71.9671569824218 56.6520233154296 41.7535400390624 25.2962677001953 27.4312660217285 24.5091255187988 27.1808692932128 11.5786583542823 3.36342236548661 0 0 0 0 0 0 0 0 0 0 0 0 0 0 0 0 0 0 0 0 0 0 0 0 0
573.59833984375 562.567492675781 539.194421386719 489.685607910156 452.151245117187 416.580462646484 408.195623779297 414.660217285156 439.542694091797 455.103747558594 476.020922851562 510.471899414062 554.097058105469 577.203698730469 577.389599609375 563.24111328125 525.607299804687 509.17451171875 501.427062988281 472.061840820312 444.960614013672 420.086956787109 395.302215576172 386.695935058594 375.773278808594 356.692065429687 319.640667724609 271.445825195312 228.700476074219 182.826821899414 149.318365478516 122.131869506836 107.53883972168 102.034524536133 82.8101440429687 59.0878784179687 39.7329803466796 23.0515830993652 23.9615249633789 24.2908340454101 11.532768523693 9.26266327798363 5.64655922949312 1.80636299401521 0.000863000005483624 0 0 0 0 0 0 0 0 0 0 0 0 0 0 0 0 0 0 0 0 0 0 0 0 0
495.787878417969 482.715087890625 453.900732421875 418.983636474609 377.368060302734 363.274346923828 365.909497070312 387.650823974609 399.156488037109 427.315856933594 448.535894775391 487.988500976562 534.023303222656 564.704321289062 571.803112792969 536.572045898437 503.380249023437 475.788452148437 467.4833984375 468.024523925781 458.469140625 442.361517333984 424.563995361328 420.222058105469 397.084185791016 374.144378662109 344.617840576172 310.717431640625 263.120709228516 203.385827636719 161.444195556641 120.931811523437 102.883245849609 103.468661499023 73.2178527832031 41.1150787353515 26.0975135803222 25.1021057128906 9.82511288225647 4.06736336648463 0.00324620008468627 0.0015527999959886 0 0 0 0 0 0 0 0 0 0 0 0 0 0 0 0 0 0 0 0 0 0 0 0 0 0 0 0
454.844116210937 434.079644775391 395.529895019531 364.544982910156 349.865478515625 343.283514404297 371.733251953125 384.128442382812 395.411285400391 406.228955078125 426.233459472656 462.19462890625 520.708020019531 560.608959960937 563.591027832031 518.95341796875 474.597692871094 461.137524414062 451.298211669922 447.397308349609 444.431262207031 438.352575683594 436.920562744141 420.987719726562 418.043096923828 387.963653564453 373.899029541016 352.789819335937 312.008013916016 252.892028808594 183.706921386719 138.028558349609 104.074392700195 101.32497253418 79.2413146972656 41.1338592529296 25.3215110778808 10.8757274508476 1.86311838477849 0.000738599989563224 0 0 0 0 0 0 0 0 0 0 0 0 0 0 0 0 0 0 0 0 0 0 0 0 0 0 0 0 0 0
414.418872070312 399.184869384766 368.334197998047 340.646240234375 335.69267578125 347.919958496094 373.143701171875 382.709832763672 388.784228515625 391.100122070312 391.975823974609 438.226593017578 506.935412597656 539.409436035156 543.764953613281 503.294543457031 466.380249023437 448.088293457031 445.120379638672 439.654443359375 430.930072021484 417.319665527344 410.205560302734 407.712799072266 408.8296875 400.419598388672 370.952996826172 353.242431640625 316.176440429687 267.490533447266 202.175646972656 159.532125854492 121.898770141602 102.705355834961 91.6759582519531 47.8130599975585 26.1119384765624 9.76049500405785 0.00300820004194974 0 0 0 0 0 0 0 0 0 0 0 0 0 0 0 0 0 0 0 0 0 0 0 0 0 0 0 0 0 0 0
378.559765625 363.269030761719 348.26796875 337.342895507812 333.759350585937 340.192242431641 361.415380859375 367.705737304687 374.298010253906 379.66025390625 381.862744140625 410.415277099609 477.858435058594 512.757409667969 513.987231445312 483.158911132812 460.127587890625 449.832153320312 442.776239013672 436.731768798828 418.239025878906 395.861724853516 380.185174560547 376.412255859375 375.334655761719 367.390222167969 358.106213378906 328.483612060547 289.772497558594 242.254522705078 195.619744873047 159.184869384766 128.406500244141 114.733343505859 105.272790527344 70.4527923583984 30.3331359863281 20.8377449035644 2.562451274693 0 0 0 0 0 0 0 0 0 0 0 0 0 0 0 0 0 0 0 0 0 0 0 0 0 0 0 0 0 0 0
336.042474365234 343.590374755859 334.44580078125 324.899078369141 322.615789794922 323.960455322266 324.906304931641 331.799481201172 344.574920654297 352.977862548828 367.873999023437 387.925677490234 448.341864013672 467.58505859375 466.315747070312 455.709399414062 456.286450195312 451.279077148437 440.004357910156 427.133935546875 411.963732910156 381.85419921875 371.38564453125 364.785754394531 362.128997802734 352.327258300781 326.450268554687 295.058544921875 249.988635253906 204.978363037109 173.984527587891 146.466940307617 128.644982910156 121.314358520508 118.349047851562 88.5244201660156 47.4198287963867 29.0581024169921 10.6801022171974 0.00350460000336169 0 0 0 0 0 0 0 0 0 0 0 0 0 0 0 0 0 0 0 0 0 0 0 0 0 0 0 0 0 0
288.090655517578 293.344342041016 300.011889648437 297.615832519531 292.436810302734 280.378259277344 277.822937011719 287.344183349609 303.245977783203 320.214575195312 338.911645507812 375.628717041016 399.462213134766 415.777191162109 405.885284423828 418.552014160156 434.645574951172 447.339685058594 445.472009277344 423.101751708984 393.237298583984 378.237438964844 368.864721679687 363.753259277344 353.787536621094 327.201086425781 307.974212646484 275.051470947266 228.011126708984 195.424261474609 161.935101318359 138.029663085937 127.177340698242 123.806646728516 122.256356811523 100.820541381836 71.9364166259765 44.4462417602539 29.6369720458984 11.1650806784629 0.00342059992253779 0 0 0 0 0 0 0 0 0 0 0 0 0 0 0 0 0 0 0 0 0 0 0 0 0 0 0 0 0
233.330450439453 233.285174560547 244.117004394531 239.035565185547 232.562219238281 223.435290527344 220.603051757812 229.589343261719 252.977722167969 279.542291259766 318.532653808594 343.130096435547 372.060388183594 377.442071533203 374.890179443359 381.900073242187 395.567156982422 430.423547363281 439.502191162109 429.548455810547 390.815045166016 372.573638916016 365.030712890625 352.520849609375 336.794696044922 314.543896484375 285.440563964844 261.656372070312 218.818545532227 193.183148193359 157.005880737305 135.287561035156 128.103768920898 127.14794921875 125.873052978516 110.688534545898 88.8411163330078 72.2978759765625 49.4303100585937 29.1830268859863 11.6188902318477 0.00247699990868568 0 0 0 0 0 0 0 0 0 0 0 0 0 0 0 0 0 0 0 0 0 0 0 0 0 0 0 0
123.29489440918 133.131484985352 134.1591796875 143.904022216797 154.75876159668 161.301751708984 161.545016479492 165.736260986328 190.75446472168 232.635845947266 277.008227539062 318.925201416016 332.176458740234 339.855212402344 338.215954589844 339.9470703125 363.032763671875 384.530749511719 424.046954345703 433.329376220703 407.01142578125 374.425732421875 362.483862304687 350.301910400391 321.920190429687 294.422869873047 278.223944091797 242.580426025391 217.373635864258 194.147537231445 157.845565795898 139.787445068359 133.046917724609 131.50729675293 130.588269042969 120.555743408203 111.810632324219 101.069815063477 83.7833404541015 49.8398513793945 26.0594001770019 5.51952437311409 0 0 0 0 0 0 0 0 0 0 0 0 0 0 0 0 0 0 0 0 0 0 0 0 0 0 0 0
53.426528930664 58.7784805297851 71.5145477294921 84.6553924560546 103.590679931641 119.26213684082 126.448831176758 134.441784667969 143.312329101562 175.13244934082 233.640411376953 278.768402099609 296.767486572266 300.740106201172 303.474548339844 317.936309814453 322.126287841797 342.681719970703 387.774426269531 427.106665039062 421.109808349609 385.545953369141 364.438629150391 343.122894287109 317.80263671875 279.856970214844 262.762512207031 233.677856445312 214.157305908203 197.239276123047 164.533090209961 145.435177612305 134.327716064453 130.719638061523 131.735626220703 132.322631835937 131.556607055664 126.725305175781 110.484143066406 70.3886688232421 26.3430458068847 8.38720710873601 0.000503600016236303 0 0 0 0 0 0 0 0 0 0 0 0 0 0 0 0 0 0 0 0 0 0 0 0 0 0 0
30.9034286499023 27.3634117126464 39.7231018066406 55.0391540527343 73.2745422363281 87.5563232421874 94.4981872558593 102.128201293945 104.380715942383 134.194961547852 176.003668212891 225.953692626953 236.010821533203 239.328570556641 243.319561767578 258.657061767578 277.406195068359 301.535034179687 338.458282470703 395.325921630859 426.252978515625 418.043145751953 379.713482666016 347.397204589844 319.585699462891 289.306469726562 271.077209472656 239.607006835937 222.181384277344 203.108032226562 174.566497802734 157.075738525391 141.473681640625 134.988363647461 133.494821166992 133.23835144043 137.870547485352 133.642269897461 116.136972045898 71.5380996704101 26.8255966186523 9.7081543922424 0.0013659999705851 0 0 0 0 0 0 0 0 0 0 0 0 0 0 0 0 0 0 0 0 0 0 0 0 0 0 0
13.8682849884033 17.1064331054687 21.2797752380371 26.5030647277831 48.1179214477538 59.8621200561523 70.4070587158203 77.1558013916015 81.0534423828124 96.3838165283202 136.096948242187 162.882528686523 163.570977783203 158.72760925293 163.954229736328 182.639254760742 224.049468994141 260.280554199219 295.488745117187 342.819653320312 407.053619384766 424.217993164062 415.706323242187 370.980981445312 335.467224121094 313.572943115234 282.680041503906 265.216253662109 230.496295166016 213.264685058594 197.872500610352 171.067785644531 158.829592895508 145.611911010742 139.09787902832 139.706567382812 137.037713623047 132.228903198242 115.344589233398 75.9470001220703 31.5777229309081 13.0195230007171 0.00330759994685649 0 0 0 0 0 0 0 0 0 0 0 0 0 0 0 0 0 0 0 0 0 0 0 0 0 0 0
0.0151391997933387 0.0179452002048492 2.1339947104454 7.63371887207029 14.9382934570312 21.9453117370605 29.5928329467773 51.4907836914062 61.8184173583984 75.068081665039 96.4314208984374 117.767343139648 115.277731323242 112.867211914062 117.995443725586 134.0328125 154.915002441406 196.207336425781 255.066094970703 306.007806396484 361.123077392578 414.435656738281 426.118640136719 413.335064697266 371.369476318359 342.494348144531 318.677014160156 290.147290039062 267.025457763672 229.523864746094 213.5125 198.886566162109 176.356640625 162.164419555664 147.493765258789 141.236016845703 134.469393920898 131.767196655273 117.498126220703 84.1400115966796 45.9384857177734 29.0561180114746 8.79504907727238 0.00232400000095367 0 0 0 0 0 0 0 0 0 0 0 0 0 0 0 0 0 0 0 0 0 0 0 0 0 0
0 0 0 0.00563400015234945 0.0138525992631912 2.49873875975608 7.98273172378538 14.411876296997 25.9984008789062 59.0122970581054 80.6728271484374 88.6167572021484 90.0922119140624 88.0031768798827 90.8768463134765 97.022280883789 119.194973754883 150.526986694336 209.618438720703 268.710168457031 319.864001464844 367.396514892578 413.401013183594 421.190515136719 413.300225830078 379.488397216797 347.234100341797 320.250091552734 286.452716064453 255.038269042969 225.175048828125 209.603701782227 195.619058227539 172.970812988281 157.973794555664 144.680502319336 134.553961181641 132.691705322266 124.448648071289 101.132699584961 70.2430511474609 38.7526931762695 27.0124183654785 8.70346968173978 0.00244059991091489 0 0 0 0 0 0 0 0 0 0 0 0 0 0 0 0 0 0 0 0 0 0 0 0 0
0 0 0 0 0 0 0.00599000006914137 0.016627000272274 9.2924922943115 25.298989868164 59.2054901123046 70.9501586914062 78.138833618164 79.6323913574218 82.1516784667968 88.9472259521484 93.1546478271484 122.274642944336 163.502270507812 232.226965332031 277.927960205078 318.359399414062 364.807287597656 408.918896484375 412.798297119141 406.60166015625 376.028076171875 354.667498779297 317.325616455078 273.038696289062 243.825396728516 219.400619506836 207.358453369141 193.558383178711 170.436709594727 155.566040039062 142.321444702148 131.654934692383 127.035354614258 120.792810058594 98.2136047363281 71.1638946533203 40.5936386108398 30.982160949707 10.9723277509212 2.47631244659423 0.000826600007712838 0 0 0 0 0 0 0 0 0 0 0 0 0 0 0 0 0 0 0 0 0 0 0
0 0 0 0 0 0 0 0 0.0113551996648311 6.82324361801146 19.778946685791 35.0789611816406 44.5326843261718 49.8170898437499 65.0892456054687 82.2989471435546 87.2956634521484 105.340744018555 143.074990844727 176.143469238281 225.13056640625 268.495129394531 316.072821044922 359.4791015625 379.786053466797 406.208074951172 400.434710693359 376.817456054687 356.789678955078 314.742266845703 271.551965332031 242.168402099609 217.957858276367 203.309439086914 191.466064453125 171.814730834961 159.490084838867 144.072909545898 133.477056884766 125.775885009766 121.722906494141 98.61552734375 72.1025207519531 46.8484741210937 37.3314910888671 25.3117301940918 5.33882151991127 0.000631000008434055 0 0 0 0 0 0 0 0 0 0 0 0 0 0 0 0 0 0 0 0 0 0
0 0 0 0 0 0 0 0 0 0.00747779980301854 3.08763235211371 9.09891710281369 12.3159851074218 13.8209770202636 21.2153869628906 56.4519088745117 77.5557403564453 93.2384735107421 115.635708618164 139.231921386719 161.632592773437 215.385162353516 264.389678955078 306.228900146484 326.000091552734 360.881530761719 376.038616943359 375.213415527344 373.438409423828 363.756188964844 326.495550537109 283.039434814453 248.309564208984 221.31604309082 208.401232910156 199.025967407227 184.700338745117 165.689404296875 148.683233642578 132.560827636719 126.409481811523 115.804989624023 90.8188873291015 68.1992492675781 44.7229141235351 34.3656738281249 10.6953702926635 0.00168839991092681 0 0 0 0 0 0 0 0 0 0 0 0 0 0 0 0 0 0 0 0 0 0
0 0 0 0 0 0 0 0 0 0 0 0.00616599991917608 0.009417600184679 3.63518903851508 10.3230254888534 23.4788780212402 69.0658874511718 83.8662567138671 89.3458801269531 100.915747070312 124.269958496094 159.978396606445 204.493151855469 238.466448974609 266.507922363281 290.081829833984 318.951330566406 347.510968017578 370.478283691406 372.402130126953 368.127758789062 329.928570556641 287.721173095703 253.965161132812 230.14853515625 217.858117675781 202.91354675293 189.941705322266 160.600177001953 139.417788696289 123.514630126953 121.372711181641 94.7886199951171 70.4119827270507 45.2752075195312 31.9521362304687 8.83182963132855 0.00133959995582699 0 0 0 0 0 0 0 0 0 0 0 0 0 0 0 0 0 0 0 0 0 0
0 0 0 0 0 0 0 0 0 0 0 0 0 0 0.0119524002075195 11.7531703948974 28.1917709350585 64.9989990234374 70.9836975097656 79.0053527832031 90.0969055175781 122.870626831055 151.092938232422 168.969232177734 182.10959777832 208.207867431641 234.104840087891 263.707354736328 310.488916015625 357.85048828125 372.134985351562 370.029400634766 338.028833007812 299.292425537109 274.551202392578 247.899871826172 222.774334716797 199.091436767578 164.354656982422 140.858432006836 125.34453125 124.715362548828 98.006509399414 68.3843276977539 36.6438049316406 26.8688674926757 4.09571235477923 0.000300000002607702 0 0 0 0 0 0 0 0 0 0 0 0 0 0 0 0 0 0 0 0 0 0
0 0 0 0 0 0 0 0 0 0 0 0 0 0 0.00135420002043247 2.23791168332099 11.2858690261841 19.1515590667724 39.1712509155273 64.3822174072265 76.3470672607421 89.9001556396484 115.385238647461 130.224267578125 139.343930053711 145.740814208984 158.966217041016 184.554089355469 239.267279052734 302.728942871094 360.365802001953 376.704638671875 374.460369873047 354.159234619141 318.218267822266 286.043536376953 246.270635986328 209.352426147461 174.110534667969 149.834222412109 130.830856323242 122.462942504883 103.570849609375 66.4353302001953 31.4406059265136 12.8255300819873 0.00296999998390674 0 0 0 0 0 0 0 0 0 0 0 0 0 0 0 0 0 0 0 0 0 0 0
