Rscript/test/SnowDepthMapFile-sd-1989-06.asc
ncols 320 
nrows 361 
xllcorner 618410.159 
yllcorner 5088785.286 
cellsize 100 
NODATA_value -9999 
[rows 232 to 260 of 361, columns 0 to 65 of 320]
-9999 -9999 -9999 -9999 -9999 -9999 -9999 -9999 -9999 -9999 -9999 -9999 -9999 -9999 -9999 -9999 -9999 -9999 -9999 -9999 -9999 -9999 -9999 -9999 -9999 -9999 -9999 -9999 -9999 -9999 -9999 -9999 -9999 -9999 -9999 327.620289825755 321.211054772678 307.530744716434 296.555357110014 286.533713169356 279.833015972686 268.812588116364 258.691561665576 246.893951850224 230.389197182196 216.906759126716 203.729227285199 189.74888920947 170.406255110593 155.567170086942 143.510301839584 139.466983803053 138.737563409116 142.261623452868 142.645380359716 139.286315380074 136.83559309691 136.297718105055 136.037998878949 135.718896112028 136.244671309413 137.316152964958 143.481894044616 157.87332761578 168.15326717342 169.96602908684
-9999 -9999 -9999 -9999 -9999 -9999 -9999 -9999 -9999 -9999 -9999 -9999 -9999 -9999 -9999 -9999 -9999 -9999 -9999 -9999 -9999 -9999 -9999 -9999 -9999 -9999 -9999 -9999 -9999 -9999 -9999 -9999 -9999 -9999 329.543187293687 325.076766145175 311.069111958616 299.131918914171 287.265079754361 280.83930774588 272.174818432578 262.45185018988 253.933732613379 239.963552657875 225.583766551019 210.229375903525 197.62603206014 177.9673109355 159.973863826823 141.872470508738 133.236820061142 129.626732418007 130.134646436427 129.686956588948 124.912255041967 116.757189941743 112.014216820708 110.641513008525 111.028824993274 112.031871397814 114.097108503105 116.348224604272 122.845474868764 135.849380363272 148.772589915614 150.721491670755
-9999 -9999 -9999 -9999 -9999 -9999 -9999 -9999 -9999 -9999 -9999 -9999 -9999 -9999 -9999 -9999 -9999 -9999 -9999 -9999 -9999 -9999 -9999 -9999 -9999 -9999 -9999 -9999 -9999 -9999 -9999 -9999 -9999 -9999 325.51624274034 317.717489204012 303.803174385372 288.853423016937 282.47450092351 274.706630255664 265.278741098811 258.334769396707 249.142241907323 234.722134477833 222.350691522641 204.926818004336 188.563628061622 168.218234863017 148.702312165302 134.939778887916 129.048848399872 121.943810000868 116.617001519127 112.376425580368 99.9700701049702 84.107288752012 74.8819458302089 70.8799374866743 70.1718224156181 73.135035103088 75.4942614503848 87.4923927576525 98.9861540741935 113.544302370877 128.42154301565 135.044629549039
-9999 -9999 -9999 -9999 -9999 -9999 -9999 -9999 -9999 -9999 -9999 -9999 -9999 -9999 -9999 -9999 -9999 -9999 -9999 -9999 -9999 -9999 -9999 -9999 -9999 -9999 -9999 -9999 -9999 -9999 -9999 -9999 -9999 326.756051172128 320.925006315084 307.599451741234 293.572891688936 284.660243029526 278.619061431657 269.45949954768 262.417469497603 255.76838064534 243.335795733077 231.111931759953 216.395482556806 199.117599402769 180.561438525285 164.314597077112 151.943812580886 134.836852637262 124.680889016121 114.57529086053 103.338612414978 97.8400487755541 87.1661499619095 76.4055932788642 67.8111228112883 62.5251786125416 59.2433397867593 60.3516923136852 61.5673942483323 62.4874473611729 64.4642535290457 81.8010193916842 103.666739562277 113.169552040275
-9999 -9999 -9999 -9999 -9999 -9999 -9999 -9999 -9999 -9999 -9999 -9999 -9999 -9999 -9999 -9999 -9999 -9999 -9999 -9999 -9999 -9999 -9999 -9999 -9999 -9999 -9999 -9999 -9999 -9999 -9999 -9999 -9999 323.590127530156 315.864415560352 299.514933685305 287.784384284991 282.085784087338 275.950669023658 267.025189617336 261.020006174491 250.902370080703 238.14871828334 224.577056318397 204.657484705132 187.989073531499 173.857798333268 166.169055233952 159.63203507144 145.37418483487 132.41559409577 118.824909506479 104.160440495461 93.3523902333617 85.4882078734593 75.0250640970605 70.8906702378444 66.2110209976675 61.7315125180755 59.1447301185293 58.3640520241041 56.7519179463509 55.5225811182022 58.3333662375959 67.3692425242006 75.2375443187378
-9999 -9999 -9999 -9999 -9999 -9999 -9999 -9999 -9999 -9999 -9999 -9999 -9999 -9999 -9999 -9999 -9999 -9999 -9999 -9999 -9999 -9999 -9999 -9999 -9999 -9999 -9999 -9999 -9999 -9999 -9999 329.391483335619 324.110993739608 317.589829768952 306.278576380977 294.433274046541 285.559340936072 280.177285137357 271.608032823704 264.099501726457 256.479724909039 241.863419762581 229.488964992517 211.347111784988 192.209609521375 176.813263898189 174.543600988215 176.891566316571 172.758689272002 157.518121428302 140.046470793615 129.606276087496 113.21204380553 91.6294810059845 80.8293369283391 72.6903696088156 68.3056275266523 66.8360975732167 63.805347202956 58.8632193526565 56.8476529260413 55.7897380282233 53.1785029685059 51.5021100380848 53.351363221953 56.5267239193508
-9999 -9999 -9999 -9999 -9999 -9999 -9999 -9999 -9999 -9999 -9999 -9999 -9999 -9999 -9999 -9999 -9999 -9999 -9999 -9999 -9999 -9999 -9999 -9999 -9999 -9999 -9999 -9999 -9999 -9999 334.74553228463 330.127410223692 321.506638732051 309.646139578924 301.517839978533 290.849663009704 283.721952160679 277.73289373349 267.049058066225 257.802965692652 245.003523361278 230.636547354976 213.194619178987 193.642515439293 178.739502566446 174.488457924447 181.954871844751 183.072081506847 178.87444887612 168.331510722369 155.510221616018 138.686945790532 122.349115382425 94.2379114268495 80.9342982158911 70.5703595133096 66.2106927035405 63.3074585906852 61.3798453557973 56.1466554085963 52.0136904173045 50.1257110910806 49.7171377144563 48.5637557814636 48.5539753095443 48.7862941337848
-9999 -9999 -9999 -9999 -9999 -9999 -9999 -9999 -9999 -9999 -9999 -9999 -9999 -9999 -9999 -9999 -9999 -9999 -9999 -9999 -9999 -9999 -9999 -9999 -9999 -9999 -9999 -9999 -9999 339.627395253755 335.323330968921 326.371295319709 317.689313387048 306.906336345772 297.518947909656 286.562409421863 280.034744502057 270.452130003269 261.557852949508 248.578084292383 230.283295049374 212.553512876449 193.633086111876 179.822315930506 174.542702757574 183.005641368099 184.112010068494 186.703550485392 184.600052700386 179.546895994516 165.365457226339 149.282158855231 131.999105343042 105.760806101378 82.6495999700536 71.9055697665791 64.9699483939912 59.8059584996307 56.6830986615345 50.3003590320511 47.1038705751471 43.6638562074849 42.5177500635476 41.82114858887 40.3779826386853 39.3118731431185
-9999 -9999 -9999 -9999 -9999 -9999 -9999 -9999 -9999 -9999 -9999 -9999 -9999 -9999 -9999 -9999 -9999 -9999 -9999 -9999 -9999 -9999 -9999 -9999 -9999 -9999 -9999 -9999 -9999 338.88930332087 333.930749858867 322.94389795901 313.38046182723 304.216496840421 293.945497411685 283.927436527249 276.48625396639 263.442744057575 249.043360892143 230.563958262782 213.775621936396 192.14948569611 180.831641750828 176.477372964201 183.398882614365 185.056913736328 188.411271405407 187.577957565619 188.79901848267 187.754292079003 172.362101229849 157.688601508731 137.954612861014 117.481533637921 87.9914003243482 75.2548900650842 64.3725940082061 59.1085246219844 54.7445534998492 48.6748542937554 43.3725349089319 39.3714796712656 36.9531766323442 37.3904016237185 36.4166216507459 32.5697855626147
-9999 -9999 -9999 -9999 -9999 -9999 -9999 -9999 -9999 -9999 -9999 -9999 -9999 -9999 -9999 -9999 -9999 -9999 -9999 -9999 -9999 -9999 -9999 -9999 -9999 -9999 -9999 -9999 -9999 337.314278828088 330.033200822285 319.823360023697 308.250401054773 300.039982863951 287.800117000944 280.79765440334 267.613670678121 251.363205497524 235.27762840188 216.886734559111 198.017475356146 187.524250013325 182.481023857354 185.592418813313 187.178795578492 188.036344860998 183.49751265897 187.668571288593 193.448687615529 189.538286799842 175.638308228402 159.559979267631 145.876553183527 131.048913561756 103.63684873233 80.1594992696739 66.4486641571547 59.4975962630375 55.500646683589 51.0073485305108 45.6005949454919 40.5085035660647 37.580791771547 33.9204113223804 29.2245446023541 22.4972455855013
-9999 -9999 -9999 -9999 -9999 -9999 -9999 -9999 -9999 -9999 -9999 -9999 -9999 -9999 -9999 -9999 -9999 -9999 -9999 -9999 -9999 -9999 -9999 -9999 -9999 -9999 -9999 -9999 -9999 334.17912569509 325.596995935868 314.531931816698 304.143880493282 290.511793500301 282.780866552661 272.053566884337 255.256490172037 240.210626638217 224.08206726197 209.12617424243 199.269932830186 188.014349049949 186.807382221604 185.283631625664 185.416273913258 182.46020356336 186.246017494691 196.216260067149 197.544649890733 189.622938459639 174.46847902398 162.347342325865 154.092616252402 139.288474691576 122.021482555673 91.6417183520912 73.6316940315074 61.8209923144754 58.5102413802833 55.1141092622986 51.5068939254191 46.0422338476977 42.5475668944765 37.1156196569879 32.19801664443 22.1313651351523
-9999 -9999 -9999 -9999 -9999 -9999 -9999 -9999 -9999 -9999 -9999 -9999 -9999 -9999 -9999 -9999 -9999 -9999 -9999 -9999 -9999 -9999 -9999 -9999 -9999 -9999 -9999 -9999 337.180367568815 329.43297947129 320.08584409069 305.991302667867 291.390493058302 283.0651322384 270.986295289449 259.597552614278 247.777197781351 237.206138398747 227.634881066686 218.142436131408 202.626897125095 200.221095381097 190.501283979783 184.761020458544 184.466350379517 187.211217503055 196.375576655372 206.86854691529 210.306333142307 194.892858359224 177.128792703063 166.867314493861 158.029460505211 150.181535587211 137.026045464988 117.242112694889 83.283688313711 68.7027719966578 62.3180285663695 61.2717634675722 59.4854421078341 55.7259406769518 51.2284696588243 45.006109856442 35.2194644417534 27.4218703466008
-9999 -9999 -9999 -9999 -9999 -9999 -9999 -9999 -9999 -9999 -9999 -9999 -9999 -9999 -9999 -9999 -9999 -9999 -9999 -9999 -9999 -9999 -9999 -9999 -9999 -9999 -9999 341.265748091758 336.761451705246 324.776242023962 309.087674624574 296.651222882075 283.34757591722 268.271542014727 257.820296566732 251.366924372996 250.951071025738 243.471374634265 234.672449835279 229.567928014414 210.887090035825 192.417017673607 186.389939675977 185.308182620408 189.908006621944 197.397665124281 209.015266657912 219.119948544222 220.322385075039 203.502306067384 185.484986697307 171.905799609937 165.031442096748 158.766237109955 149.259442777507 132.464245922447 101.519552492543 76.8608772824723 67.1329247540434 67.4548250461228 66.8557534026735 61.6717711549108 57.9149020462878 52.3518708920867 44.3797923445651 33.1677786156743
-9999 -9999 -9999 -9999 -9999 -9999 -9999 -9999 -9999 -9999 -9999 -9999 -9999 -9999 -9999 -9999 -9999 -9999 -9999 -9999 -9999 -9999 -9999 -9999 -9999 -9999 -9999 -9999 326.972171430909 320.199480166381 304.28615176609 285.722436185321 271.283313140434 259.354239798628 256.446392927156 260.859847874455 260.623987071726 258.535522815758 244.175825493204 229.082845429221 214.020380624212 196.898622260342 189.282266218459 189.148588927896 194.677495758783 207.569739271509 223.480262351418 234.232629978243 233.834375354102 218.711108980487 197.969803302107 183.294325824452 172.957585127648 165.356001578568 156.552210154045 137.261110819193 113.029457461412 81.197670848916 74.3582660026939 72.1518003221408 68.5146476560168 64.2426627949134 62.7596888495558 57.1845854191091 51.0819666929293 42.3741011213505
-9999 -9999 -9999 -9999 -9999 -9999 -9999 -9999 -9999 -9999 -9999 -9999 -9999 -9999 -9999 -9999 -9999 -9999 -9999 -9999 -9999 -9999 -9999 -9999 -9999 -9999 -9999 -9999 325.436506563073 318.049452514042 296.643482512889 281.200438153766 267.446798946446 257.906044056285 262.374330848506 262.41705329528 263.925152411547 256.279604164791 245.744292050773 236.863250914845 225.883568628838 214.617946309896 205.390579820078 201.34209637379 206.867925907809 221.002694386512 237.421518204298 248.317212031683 244.346796140821 228.78914256085 207.895497717207 190.984077500728 178.358531405643 169.277422392033 158.336734555453 139.99253762998 117.96132658882 89.2955087003741 80.6874039344606 75.1499978966893 70.202279449595 70.403667411185 75.1963291163488 72.8987017347284 64.2806899395235 50.2632601769393
-9999 -9999 -9999 -9999 -9999 -9999 -9999 -9999 -9999 -9999 -9999 -9999 -9999 -9999 -9999 -9999 -9999 -9999 -9999 -9999 -9999 -9999 -9999 -9999 -9999 -9999 -9999 -9999 323.917864254539 317.342318444595 298.805041602859 280.158155313073 263.413254358352 266.810089529587 261.965569086324 254.893346604686 248.570801513326 246.248301335441 243.545366858105 242.373601814494 240.588221988789 234.137763930954 224.348836124904 219.933621842649 228.591586518435 241.550266157321 256.203559227836 259.323659026703 247.816614299123 231.693090662301 213.639688864997 197.156499028076 182.909326471129 173.299513350755 160.509037092777 147.259251972731 132.087008059687 111.330224038305 89.2836668662612 81.6204745095849 81.3869525352231 88.1441936273877 105.717941892644 108.36943186929 87.0114335690167 62.9596531451286
-9999 -9999 -9999 -9999 -9999 -9999 -9999 -9999 -9999 -9999 -9999 -9999 -9999 -9999 -9999 -9999 -9999 -9999 -9999 -9999 -9999 -9999 -9999 -9999 -9999 -9999 -9999 -9999 -9999 319.011498472886 307.778840518587 286.170308941005 270.436373926171 254.675394351262 244.383092939085 241.366312314229 242.908877209332 246.245091258029 251.351387702165 255.864891933378 260.431568403537 260.712836658124 259.48803263047 258.968235326019 261.278861410771 266.219328576804 266.760969132035 262.518975183907 250.045493153115 232.772664871078 217.373201494675 203.573473145632 188.617173599122 176.566205112612 166.756181780217 158.160588817596 143.392492960112 130.258499157383 119.473703197138 111.883582021018 113.237490150833 124.355352424987 134.298041439216 133.121891102267 118.481870895596 77.6717448592103
-9999 -9999 -9999 -9999 -9999 -9999 -9999 -9999 -9999 -9999 -9999 -9999 -9999 -9999 -9999 -9999 -9999 -9999 -9999 -9999 -9999 -9999 -9999 -9999 -9999 -9999 -9999 -9999 -9999 323.434872264289 318.67775751845 297.080572307037 277.349988939587 266.338743556179 261.727732515765 261.651206045742 263.482237368573 267.234438393986 273.354649164156 280.322962994927 286.255384789518 296.493257572165 296.589374683108 290.977498372459 281.765014480386 278.731945413668 271.772222644985 264.352369703514 253.424833398623 235.32345097209 220.856869559631 209.034688487847 195.534688445951 182.898188488327 174.555662639712 163.779854874757 158.572055916234 149.566875152296 137.646341596015 135.484404580993 134.868569343405 141.813537120005 154.534289286218 158.163853217635 133.731046978964 96.8372513091691
-9999 -9999 -9999 -9999 -9999 -9999 -9999 -9999 -9999 -9999 -9999 -9999 -9999 -9999 -9999 -9999 -9999 -9999 -9999 -9999 -9999 -9999 -9999 -9999 -9999 -9999 -9999 -9999 -9999 -9999 -9999 315.302072391506 314.641908019904 307.975531431088 310.810895627541 311.787491909735 310.858586334094 308.137354061805 312.036009176127 317.092599466475 322.340446710753 315.990038515709 312.135054454493 298.866954122367 284.553245156524 278.236760752664 273.080759464968 265.364900063612 256.086938912232 239.634752392546 229.053406839341 216.806821099772 204.631532495074 192.663430975505 182.068259113875 175.642444486128 167.905563890123 162.722195860285 157.941192833564 153.966172086867 152.915162463869 159.83132283112 170.612144829144 165.146668655642 138.316201476747 106.024681212374
-9999 -9999 -9999 -9999 -9999 -9999 -9999 -9999 -9999 -9999 -9999 -9999 -9999 -9999 -9999 -9999 -9999 -9999 -9999 -9999 -9999 -9999 -9999 -9999 -9999 -9999 -9999 -9999 -9999 -9999 -9999 325.827044301385 327.795827842581 323.013708945863 320.427350134129 320.282940832911 321.77712612421 325.728528929454 326.092990686406 326.430532894975 322.239396957982 321.902392685225 310.102992628456 298.15996734711 286.040106207964 280.599387173842 274.968886026898 265.454751033448 259.108816409004 245.629692455305 234.382166699558 226.189814440941 215.177765099092 203.544081335234 192.906905117193 184.586958820494 178.457339750338 175.167190649172 173.671552482493 170.228154593824 171.160496225266 175.316665359438 178.3868539356 164.727671015514 134.144776533091 105.391155211483
-9999 -9999 -9999 -9999 -9999 -9999 -9999 -9999 -9999 -9999 -9999 -9999 -9999 -9999 -9999 -9999 -9999 -9999 -9999 -9999 -9999 -9999 -9999 -9999 -9999 -9999 -9999 -9999 -9999 -9999 -9999 -9999 318.355449577718 316.093774209234 309.623723019292 308.61363399451 309.924081947325 318.559274216769 320.759454822421 318.051333142714 307.60317916344 297.599098530158 288.006733485054 284.176326562094 281.302049246926 279.153032730116 273.570468225027 266.818760721483 259.789212890331 249.793699448743 241.868532983315 234.027754958389 226.106888085776 215.061915489066 205.532978300448 196.067748681941 190.870405372838 188.567364162081 188.910088519525 192.848370437652 199.149436283024 204.012090773616 187.880600265041 159.819512948598 131.398850502569 104.934785858955
-9999 -9999 -9999 -9999 -9999 -9999 -9999 -9999 -9999 -9999 -9999 -9999 -9999 -9999 -9999 -9999 -9999 -9999 -9999 -9999 -9999 -9999 -9999 -9999 -9999 -9999 -9999 -9999 -9999 -9999 -9999 -9999 312.692321016573 308.269071708729 301.713444167602 298.003125287782 296.480146574264 298.789005188276 299.600122223556 291.293056286504 284.315819499291 274.970002222335 267.71008917665 265.530952677298 262.888740467034 264.391389245559 265.886448843318 266.249875843479 263.687542360463 256.177784609434 250.376409541596 240.784249471796 233.172942253269 224.603399048911 214.293636405159 204.968425371395 198.541535246907 199.835795811005 206.721422819524 216.160486327521 229.186206268694 227.059432479851 191.833218956531 152.263520469678 128.372428535268 108.100203216108
-9999 -9999 -9999 -9999 -9999 -9999 -9999 -9999 -9999 -9999 -9999 -9999 -9999 -9999 -9999 -9999 -9999 -9999 -9999 -9999 -9999 -9999 -9999 -9999 -9999 -9999 -9999 -9999 -9999 -9999 -9999 -9999 314.9655790206 305.320048729579 300.848612844616 296.728780795754 295.160670414927 291.36517772689 286.443491695691 282.665953047619 274.409261310481 266.608256428935 255.76688983062 250.69408583188 247.707957338395 246.879780844635 249.267830969532 256.647959624014 263.30789705218 263.811205694202 258.808383347546 251.888751459177 243.735536407739 235.049866696493 227.732438580029 217.268679444492 210.299173789174 213.309599064433 222.016771895315 234.623604522741 240.701306784834 226.63728259851 186.355134823282 151.531608453794 130.010976766069 115.602395631199
-9999 -9999 -9999 -9999 -9999 -9999 -9999 -9999 -9999 -9999 -9999 -9999 -9999 -9999 -9999 -9999 -9999 -9999 -9999 -9999 -9999 -9999 -9999 -9999 -9999 -9999 -9999 -9999 -9999 -9999 -9999 -9999 313.795991153134 303.501313773788 295.885190372897 298.339307946011 296.653997206553 289.514453534202 283.247520021051 279.898786140509 270.89381752342 261.383374766276 252.676394685701 247.662508538942 238.440321254262 231.897059582348 229.614549978569 232.100274300095 243.410138860826 257.558069247842 263.980066578097 264.956256637004 260.682094848824 257.814094329809 252.920288829108 245.709048694858 239.406470304749 235.426199314759 238.97238618153 244.13767005768 233.728494666797 210.545711742906 177.218571694256 153.045357906047 136.460536889944 128.529952467287
-9999 -9999 -9999 -9999 -9999 -9999 -9999 -9999 -9999 -9999 -9999 -9999 -9999 -9999 -9999 -9999 -9999 -9999 -9999 -9999 -9999 -9999 -9999 -9999 -9999 -9999 -9999 -9999 -9999 -9999 -9999 -9999 313.679917968068 302.96603196816 294.060843368509 292.657022874381 294.247581949182 289.669657415705 282.639983703365 278.257325719082 270.426284871334 261.777677691797 250.15211632065 238.636566620881 230.176455128346 222.891593033555 216.5498628099 211.505855190901 218.370200161686 229.868362522066 248.227549036077 256.591719916056 266.92544983284 270.119309701151 267.596683689151 265.259399707193 261.728730852163 252.738231478132 244.044174688842 233.589060479766 217.070333939344 193.975088430493 173.09389121824 158.808835386077 146.965706756282 141.804325991925
-9999 -9999 -9999 -9999 -9999 -9999 -9999 -9999 -9999 -9999 -9999 -9999 -9999 -9999 -9999 -9999 -9999 -9999 -9999 -9999 -9999 -9999 -9999 -9999 -9999 -9999 -9999 -9999 -9999 -9999 -9999 -9999 316.657941980655 306.174202824198 292.863548319251 288.636553798789 288.067624950025 283.602593163378 281.069639158136 276.555384970448 268.503014356299 256.128361215602 240.49092119703 230.753367382248 222.385313942732 213.084669313803 206.296368670759 199.410737813337 195.445048728617 198.641366607015 215.990120523523 232.014720601244 246.861794379031 254.862933827049 261.150207142273 263.741786936925 264.135097872507 254.796959062816 237.54747868252 220.640717443642 204.403026417647 189.73722323325 176.091455763563 163.9922065724 157.927633083688 154.237652652444
-9999 -9999 -9999 -9999 -9999 -9999 -9999 -9999 -9999 -9999 -9999 -9999 -9999 -9999 -9999 -9999 -9999 -9999 -9999 -9999 -9999 -9999 -9999 -9999 -9999 -9999 -9999 -9999 -9999 -9999 -9999 -9999 317.958169503081 313.893365035593 298.679136327108 285.093352161965 281.730829853374 279.214671371525 276.818810265472 273.441905336925 263.794517908693 247.155784508935 231.809080520491 222.526233222917 212.049254732153 203.735917601222 196.924690669663 187.438340981989 183.17443771681 178.118946652992 183.083061931313 195.468439817785 207.78283025072 216.840471385735 221.59021054277 223.417134469951 224.722312346059 220.583213952416 210.215475707322 203.426866305772 199.991205727328 194.752501469586 183.559251099199 172.267736704872 164.907786283578 163.844135619752
-9999 -9999 -9999 -9999 -9999 -9999 -9999 -9999 -9999 -9999 -9999 -9999 -9999 -9999 -9999 -9999 -9999 -9999 -9999 -9999 -9999 -9999 -9999 -9999 -9999 -9999 -9999 -9999 -9999 -9999 -9999 -9999 -9999 314.680934816769 302.196108736967 284.833008128882 277.674334070633 274.090383791562 273.330187016653 267.906545520714 255.977381852048 237.380522460157 223.958599598365 211.01894488585 202.104571725955 190.317978720464 183.141339209443 179.102128217455 172.242569973266 164.686780492828 165.110263477559 170.305151824511 177.624828479377 183.004763976944 188.798316890137 192.129978721546 194.138219579275 190.140249870873 185.944213707252 184.904048613873 187.615940605514 191.531242190768 190.354934239367 178.49688384712 171.897706757974 166.916085313002
-9999 -9999 -9999 -9999 -9999 -9999 -9999 -9999 -9999 -9999 -9999 -9999 -9999 -9999 -9999 -9999 -9999 -9999 -9999 -9999 -9999 -9999 -9999 -9999 -9999 -9999 -9999 -9999 -9999 -9999 -9999 -9999 -9999 317.241761848236 304.074077328136 282.902939145547 273.820499205496 267.407957136904 265.75219808864 260.942937898819 245.007365094972 229.006472263496 213.423689870614 201.257243681753 189.286788819767 179.454013792774 174.245394688974 168.615952670953 161.292055998609 156.204868459774 152.272742421995 150.131236422274 151.509207918483 159.144446121011 165.824453179802 170.54910150073 171.570242312287 169.244616356568 165.051114162528 164.987435622718 168.480185535122 175.927599022381 181.405762264211 179.215003066297 174.376943949205 168.356529013751
