Rscript/test/SnowDepthMapFile-mean-1989-06.asc
ncols 320 
nrows 361 
xllcorner 618410.159 
yllcorner 5088785.286 
cellsize 100 
NODATA_value -9999 
[rows 232 to 260 of 361, columns 0 to 65 of 320]
-9999 -9999 -9999 -9999 -9999 -9999 -9999 -9999 -9999 -9999 -9999 -9999 -9999 -9999 -9999 -9999 -9999 -9999 -9999 -9999 -9999 -9999 -9999 -9999 -9999 -9999 -9999 -9999 -9999 -9999 -9999 -9999 -9999 -9999 -9999 282.381774129539 271.821783575518 251.444750415868 233.170505112615 221.022305727005 209.825800048894 196.822704849572 184.800168448481 171.705777258709 153.929728618984 137.929909278607 123.975686435042 108.160900477705 92.9782354749482 82.1392843641084 72.1509698999339 68.6170510588021 68.0028591813712 70.2401439732519 70.9181114722942 68.9296095289033 67.4427588561486 67.3039630692581 67.1793985037968 66.9750226777175 67.2739830345943 68.6479562890941 72.3783858726765 83.1872528668108 90.7228075553631 92.0876840065266
-9999 -9999 -9999 -9999 -9999 -9999 -9999 -9999 -9999 -9999 -9999 -9999 -9999 -9999 -9999 -9999 -9999 -9999 -9999 -9999 -9999 -9999 -9999 -9999 -9999 -9999 -9999 -9999 -9999 -9999 -9999 -9999 -9999 -9999 284.135467151116 277.704510327043 255.158884804824 236.133227085245 222.060745231036 211.449910928463 199.607008473627 187.900271571916 180.157532519308 163.780911330519 148.16066789216 131.64651206444 116.761012011561 99.6461484185581 85.4232322100935 71.7373330675322 64.5322158418853 61.9241604969419 61.8207430675112 61.7356825861438 59.1516877700543 53.8733205630861 51.0311825028781 50.285176310046 50.6480188863031 51.3121885760077 52.4406019572554 54.1979169845581 58.8913904716229 67.7864278924876 76.4146769293423 77.345627784729
-9999 -9999 -9999 -9999 -9999 -9999 -9999 -9999 -9999 -9999 -9999 -9999 -9999 -9999 -9999 -9999 -9999 -9999 -9999 -9999 -9999 -9999 -9999 -9999 -9999 -9999 -9999 -9999 -9999 -9999 -9999 -9999 -9999 -9999 279.290854042974 267.105372017828 243.578759875791 223.813190764394 214.024818502623 202.379490556388 192.868113690409 183.565592708259 172.882127071249 157.358851716436 143.781316592776 126.103889169364 108.173189557832 91.9618753235916 78.3562603654533 66.7597337591237 61.2771102066698 55.8054668821138 52.3699214540679 49.9728356723128 41.9061309551371 33.1435956626103 28.4029043131861 26.4665224141088 26.0881944195978 27.6178352092874 28.8326906664618 35.7910490364864 42.7880461462613 52.6533399121515 61.9702188557592 65.8635603806068
-9999 -9999 -9999 -9999 -9999 -9999 -9999 -9999 -9999 -9999 -9999 -9999 -9999 -9999 -9999 -9999 -9999 -9999 -9999 -9999 -9999 -9999 -9999 -9999 -9999 -9999 -9999 -9999 -9999 -9999 -9999 -9999 -9999 280.679781864429 272.222349841019 250.238668754183 229.428265620922 218.714184062234 208.537389212641 196.169488586228 188.937941378561 180.290926752419 166.444640677551 152.218755310979 136.692817359135 119.150634864281 101.954721944085 89.9438960963282 79.668245644405 66.3851546419078 58.3947382692633 51.1442869778337 43.677370367379 39.9645285770811 34.8736343383789 28.986728470901 24.4846187788865 21.6640057728208 20.2968012711097 20.7151164021985 21.2491339650647 22.1676882053244 23.0145702526487 32.5803246333681 45.2115135480618 51.3047131752146
-9999 -9999 -9999 -9999 -9999 -9999 -9999 -9999 -9999 -9999 -9999 -9999 -9999 -9999 -9999 -9999 -9999 -9999 -9999 -9999 -9999 -9999 -9999 -9999 -9999 -9999 -9999 -9999 -9999 -9999 -9999 -9999 -9999 277.351984911952 261.854349514534 237.910715843069 222.964532268458 215.31924811725 203.53208806597 193.644097936564 186.402565717697 174.620954916395 160.407109679847 145.714593887329 126.250504362172 107.532993349536 96.3798804776422 89.5668965372546 84.1698363402794 75.0129616507168 64.9508573762302 55.1425804927431 45.2010012659533 38.1232617476891 34.1710258352345 28.2739238739014 26.0387844217235 23.5508158782433 21.4504678989279 20.2653298213564 19.9115215827679 19.2340120775946 18.6060031364704 19.9785394997432 24.5680840919758 28.5271753113845
-9999 -9999 -9999 -9999 -9999 -9999 -9999 -9999 -9999 -9999 -9999 -9999 -9999 -9999 -9999 -9999 -9999 -9999 -9999 -9999 -9999 -9999 -9999 -9999 -9999 -9999 -9999 -9999 -9999 -9999 -9999 290.520968059014 281.82267282749 269.54518569749 249.63282931262 231.572521982522 219.831235869177 208.977018446758 199.518168350746 190.274145282548 181.341372769454 164.783940233033 150.504969526981 132.543886118922 112.323665487355 98.7264466450132 95.6855311393738 96.8367106010174 93.6751696816806 83.7571405542308 71.8747554318658 63.3907157552653 51.8400329063679 37.9974329389375 32.2961773707949 27.380785876307 24.9715939225822 24.1717232671277 22.3723365520609 20.2720520085302 19.2739836265301 18.8891172737911 17.6019347289513 16.6749012716885 17.4955442362818 19.1636037497685
-9999 -9999 -9999 -9999 -9999 -9999 -9999 -9999 -9999 -9999 -9999 -9999 -9999 -9999 -9999 -9999 -9999 -9999 -9999 -9999 -9999 -9999 -9999 -9999 -9999 -9999 -9999 -9999 -9999 -9999 303.322287641723 291.462372829174 278.470063324632 256.978647281384 242.625891660822 226.444254809412 216.790062139774 205.1912131885 194.318991110243 182.966193264928 168.447532028987 151.969711751773 134.729385902142 114.206358219015 100.745189107698 95.8714018525748 100.292064962716 101.922245190061 99.4481915112199 93.3276764113328 82.7288330998914 70.8064252261458 58.6503852646926 40.2125275052827 32.4699465652992 26.6723457533738 24.4797244236387 22.8790743926476 21.5702289383987 19.2293340419901 17.3657014781031 16.3410111789046 16.0053546839747 15.7298851999743 15.6510865112831 15.7591056494877
-9999 -9999 -9999 -9999 -9999 -9999 -9999 -9999 -9999 -9999 -9999 -9999 -9999 -9999 -9999 -9999 -9999 -9999 -9999 -9999 -9999 -9999 -9999 -9999 -9999 -9999 -9999 -9999 -9999 307.562996831434 303.02076323279 285.2293081448 270.780765821194 252.20725947413 236.294908753757 222.840792836814 211.63103402072 198.875881162183 188.04449236804 172.76314806116 153.151791334152 134.402069946815 114.500384363635 101.701075948518 96.1676768763312 100.719231013594 102.63381001045 105.137384776411 104.397602245725 100.873760026077 90.8992980102013 78.0967788038583 65.3565528310578 47.6555329684553 33.3562785839212 27.5556759012157 24.1320801110103 21.7413392560235 20.0289442128149 16.7720485226861 14.9459848568357 13.6866687001853 13.2609238953426 12.6786102426463 12.2946000428035 11.9715188721131
-9999 -9999 -9999 -9999 -9999 -9999 -9999 -9999 -9999 -9999 -9999 -9999 -9999 -9999 -9999 -9999 -9999 -9999 -9999 -9999 -9999 -9999 -9999 -9999 -9999 -9999 -9999 -9999 -9999 305.921896852296 300.163966293993 280.616615098098 261.022865081656 247.612197382697 231.06720445896 219.078528601548 206.016441616519 190.31251384472 175.419419337963 154.926742430391 136.100531084784 114.966326121626 102.664448146162 97.2761806126299 101.281747587796 102.496447892025 106.724366779985 106.407595404263 108.033165964587 107.258738057367 95.8435047741594 84.1164999337032 69.9236706700818 54.9669255675941 36.4650847994048 29.4406781032168 23.9799849082684 21.3845139371938 19.2712193193107 16.4040323125905 13.638432141008 11.7456579126161 10.8699581561417 11.0604504310879 10.7951019601575 9.46498418881975
-9999 -9999 -9999 -9999 -9999 -9999 -9999 -9999 -9999 -9999 -9999 -9999 -9999 -9999 -9999 -9999 -9999 -9999 -9999 -9999 -9999 -9999 -9999 -9999 -9999 -9999 -9999 -9999 -9999 304.241650186736 290.632671323316 274.634688245839 253.883253738798 240.766886316497 223.934950269502 213.723371719492 196.050910637296 179.212428997303 160.739854442662 139.253780085465 120.48141515666 107.899790698084 101.776195460352 103.128258113203 105.813230382985 106.252384909268 103.983735216075 107.947464449652 113.220916156111 109.302269360115 98.9999502116236 86.0803409116021 75.7936344475582 64.4025388503897 46.401212100325 32.212735340513 25.2719452298921 21.5285007542577 19.6335640282466 17.6719655661747 14.9622004772055 12.6837555868872 11.6348061397158 10.1838933085573 8.33032830881661 5.83720524352172
-9999 -9999 -9999 -9999 -9999 -9999 -9999 -9999 -9999 -9999 -9999 -9999 -9999 -9999 -9999 -9999 -9999 -9999 -9999 -9999 -9999 -9999 -9999 -9999 -9999 -9999 -9999 -9999 -9999 301.694062315185 282.725594504126 262.417172621036 246.481060809103 227.744787882114 217.636412184814 200.446760235162 182.608389443365 165.856568204946 148.244593961485 132.202293856391 119.94247446389 106.350863029217 106.596926064327 105.19289667853 104.52177409468 103.425422865769 107.4854866554 117.157275265661 118.798147727703 111.052375102865 98.3772357414509 88.8888452135283 81.061091357264 71.1581039428711 58.4807335179428 39.0361125551421 28.9897808206492 22.8402553097955 21.1978407728261 19.4896859464974 17.8560565093468 15.3837636585893 13.8048722168495 11.7253873841516 9.61633924420538 6.01524803453478
-9999 -9999 -9999 -9999 -9999 -9999 -9999 -9999 -9999 -9999 -9999 -9999 -9999 -9999 -9999 -9999 -9999 -9999 -9999 -9999 -9999 -9999 -9999 -9999 -9999 -9999 -9999 -9999 305.916310441905 290.802656009279 275.254123375334 252.577317985995 229.198894533618 216.372102416795 199.960862028188 186.18094963863 172.94464468956 161.651000179093 149.893382121777 137.577903747559 125.384354130975 120.233313067206 111.338093954941 106.492770984255 106.153498485171 108.966903801622 118.99292248693 128.561315207646 131.539727145228 118.17403793335 102.166725799955 93.5528417455739 85.6642094316154 78.6734748379938 69.4730932301488 55.1838183115269 33.9637718200684 26.4461479187012 22.9243461674657 22.417838951637 21.5465242287208 19.7804843639505 17.9744063739119 15.3711104886285 11.3165950775146 7.96251099685143
-9999 -9999 -9999 -9999 -9999 -9999 -9999 -9999 -9999 -9999 -9999 -9999 -9999 -9999 -9999 -9999 -9999 -9999 -9999 -9999 -9999 -9999 -9999 -9999 -9999 -9999 -9999 313.071726210158 304.38638274423 283.759536134786 257.669069051743 235.613610242975 217.688075345138 199.293197714049 184.983768874201 176.092059439626 174.296132975611 165.234711235967 159.019178965996 152.971487834536 136.768296208875 119.213671388297 113.5051111024 111.592979398267 114.49939602819 121.834003875996 134.183724732235 144.456842027861 145.893963780896 128.571703877942 110.436093034415 97.91393556266 91.7832822470829 85.9759966258345 77.7677127575052 65.6879365526397 45.1885412808122 30.3200554025584 25.317561741533 25.273911344594 24.9988154378431 22.6098051071167 21.1667206534024 18.5700380719941 15.3391082697901 10.7437593197
-9999 -9999 -9999 -9999 -9999 -9999 -9999 -9999 -9999 -9999 -9999 -9999 -9999 -9999 -9999 -9999 -9999 -9999 -9999 -9999 -9999 -9999 -9999 -9999 -9999 -9999 -9999 -9999 284.573331504033 275.750479837944 250.47044956273 223.268917675676 202.979308292784 187.214966963077 181.438221125767 184.470221897651 181.971477270126 181.613689134861 169.992490447801 157.796000398439 145.520203565729 131.246792612405 123.667176805694 121.704134382051 125.566514672904 136.405109142435 151.491156643835 161.355279048969 161.089948080737 144.762042275791 123.38631080759 106.621201400099 97.7564878134892 91.1236399617688 82.6002498824021 69.2514771428602 52.4830288064891 32.6534519195557 28.7782423742886 27.5228785481946 25.8014929212373 23.9959237000038 23.537188299771 20.9733359895903 18.0033213187908 14.531800006998
-9999 -9999 -9999 -9999 -9999 -9999 -9999 -9999 -9999 -9999 -9999 -9999 -9999 -9999 -9999 -9999 -9999 -9999 -9999 -9999 -9999 -9999 -9999 -9999 -9999 -9999 -9999 -9999 281.352869707963 271.82380561993 237.269789309337 215.568200645776 200.055525870159 184.743925571442 186.361716073135 190.063508938099 190.041239968662 184.457753756951 177.097568158446 169.803601380052 161.482493926739 151.76566838396 142.992078583816 138.569150513616 142.099649347108 154.070540378834 169.196418137386 177.47249946101 171.536253234436 154.020323194306 131.951603905908 113.484986732746 101.403089358889 94.2160372569643 84.6261722301615 71.1632555928724 55.370385046663 37.0430372172389 32.5686721144051 29.369344842845 26.9698078878995 27.340384549108 29.8618956598742 28.9881634547793 24.7926141146956 17.673795568532
-9999 -9999 -9999 -9999 -9999 -9999 -9999 -9999 -9999 -9999 -9999 -9999 -9999 -9999 -9999 -9999 -9999 -9999 -9999 -9999 -9999 -9999 -9999 -9999 -9999 -9999 -9999 -9999 279.303974348923 269.43246027519 240.430017347994 222.325003171789 203.216529648879 199.106495799689 194.437076058881 187.136971457251 181.307074349502 180.766559633715 180.55222124889 180.575826636676 181.055415745439 174.994482336373 166.892763696868 161.87146393184 168.025948343606 179.525813250706 190.096446785434 190.880679878695 175.910136716119 156.416094827241 137.611486533592 119.717179462827 104.659150288023 97.3476766060139 86.8222088813782 76.8431705277542 65.2952026087662 51.2718880752037 37.4231815666988 33.2330221636542 32.9926460529196 37.431708598959 48.6687693102606 50.4411889437971 37.0714219191979 24.0673405877475
-9999 -9999 -9999 -9999 -9999 -9999 -9999 -9999 -9999 -9999 -9999 -9999 -9999 -9999 -9999 -9999 -9999 -9999 -9999 -9999 -9999 -9999 -9999 -9999 -9999 -9999 -9999 -9999 -9999 271.156725480639 256.533786288623 232.447351274819 212.067109477931 196.708988395231 186.325836716027 182.931886763408 184.158030970343 187.166658878326 192.708827150279 198.113862144536 206.627644555322 208.2731278847 208.02535725462 206.419723486078 205.000275529664 203.745462754677 201.075144068948 193.978983796876 178.67589156381 158.019186657051 140.601119666264 125.261209191947 109.572636587866 99.6136585761761 92.3324082802082 84.5647318938683 74.2229644841161 65.1729749975533 57.6332828340859 52.5583936962588 53.4618146337312 61.1538596235473 68.5569715335451 68.004338379564 57.0750239717549 31.3344231967268
-9999 -9999 -9999 -9999 -9999 -9999 -9999 -9999 -9999 -9999 -9999 -9999 -9999 -9999 -9999 -9999 -9999 -9999 -9999 -9999 -9999 -9999 -9999 -9999 -9999 -9999 -9999 -9999 -9999 274.651660976739 275.144502582221 253.529420367603 229.319424292137 214.97022831851 211.727636205739 211.052761661595 212.133229592751 212.786744117737 218.205252852933 229.863721181606 237.251413937273 252.848372492297 251.131028200018 238.008614605871 225.231179533334 216.581350910253 204.542540328256 195.714548620684 182.242798846343 163.260376058776 146.028701913768 130.868519848791 116.924883020335 104.278673731048 98.5280128347463 90.1362636829245 85.2406813851718 78.9974585566027 71.662262719253 69.9688139619498 69.7425077372584 74.1443977027104 83.0240863767164 85.4348552638087 67.8736781745121 43.239385670629
-9999 -9999 -9999 -9999 -9999 -9999 -9999 -9999 -9999 -9999 -9999 -9999 -9999 -9999 -9999 -9999 -9999 -9999 -9999 -9999 -9999 -9999 -9999 -9999 -9999 -9999 -9999 -9999 -9999 -9999 -9999 282.317439868532 281.370869981832 269.020203212212 267.466973830914 267.274459781318 266.103541612625 263.180205131399 269.529467237407 278.47299287237 283.26024568492 279.14288002047 267.812710942893 249.350121119927 226.637622315308 216.835542391086 205.610993862152 196.743921592318 184.635542746248 166.671254108692 153.169043836922 139.504035160459 125.277723641231 113.747884980563 104.276705741882 99.6531772613525 94.2198532696428 89.9618740081787 86.3713137527992 83.8922638728701 84.0718038822043 88.9328761265196 96.4576139450073 91.7971865226482 71.3285511608781 49.1302915729325
-9999 -9999 -9999 -9999 -9999 -9999 -9999 -9999 -9999 -9999 -9999 -9999 -9999 -9999 -9999 -9999 -9999 -9999 -9999 -9999 -9999 -9999 -9999 -9999 -9999 -9999 -9999 -9999 -9999 -9999 -9999 292.462011764789 282.868407726288 275.754358669807 268.317382853607 266.530548473884 268.536615388147 275.535443421068 286.427932887242 277.949651126204 270.88363116363 271.945054333785 254.613387469588 237.191218047306 223.495762907225 215.633164701791 205.884162771291 196.035809451136 187.411166174658 171.301103896108 159.176634981714 149.082964272335 136.082661661608 124.529766312961 114.602739103909 106.85023071026 102.263277053833 100.221922710024 98.6047495480241 96.7465555585664 98.4237178605178 102.011247010067 102.650092815531 91.5144280071916 69.0050827223679 48.7424165873692
-9999 -9999 -9999 -9999 -9999 -9999 -9999 -9999 -9999 -9999 -9999 -9999 -9999 -9999 -9999 -9999 -9999 -9999 -9999 -9999 -9999 -9999 -9999 -9999 -9999 -9999 -9999 -9999 -9999 -9999 -9999 -9999 270.295089146187 260.940632844793 248.725345151178 245.046791060217 247.288704502171 262.099230166139 265.405088868634 262.933110779729 246.707680726873 230.875663535348 221.626133524138 217.037596077755 212.449790855934 207.174559930275 201.926479791773 195.506988813137 187.745908079476 175.306410444194 165.808651924133 157.320919891884 148.921758059798 137.43903906592 127.529856089888 119.344618402678 114.251728682682 111.43932513533 111.160538673401 116.141505636018 123.255094067804 127.34606088441 111.624722382118 87.6535576787488 67.117867305361 48.5311370635855
-9999 -9999 -9999 -9999 -9999 -9999 -9999 -9999 -9999 -9999 -9999 -9999 -9999 -9999 -9999 -9999 -9999 -9999 -9999 -9999 -9999 -9999 -9999 -9999 -9999 -9999 -9999 -9999 -9999 -9999 -9999 -9999 254.917413727991 247.777347449599 238.142394263169 229.652085444023 227.031678487515 230.245008608391 231.908417422196 224.122616989859 215.752857224695 202.760082771038 195.601792245076 192.290839482998 188.938944989237 189.897309295062 191.287435515174 191.875903910604 189.486064894446 181.204792220017 174.008080170072 165.094138883311 158.706613672191 149.573343934684 141.062456065211 132.10557523267 125.364578543038 125.554221350571 129.986372553069 140.093432492223 150.498598427608 148.548939935092 115.188213874554 83.0415780462068 65.2173890409798 50.5757625102997
-9999 -9999 -9999 -9999 -9999 -9999 -9999 -9999 -9999 -9999 -9999 -9999 -9999 -9999 -9999 -9999 -9999 -9999 -9999 -9999 -9999 -9999 -9999 -9999 -9999 -9999 -9999 -9999 -9999 -9999 -9999 -9999 260.776076349719 246.46641834851 238.387649675895 228.371641709887 225.8896119759 220.44327390605 216.920276058131 211.788624393529 201.753156571553 192.156497009869 180.534855258876 174.933334942522 171.757526340156 170.147271649591 172.111180675441 178.916641580647 185.856704744799 186.897216837982 183.508079249283 177.508663502233 170.813538099157 162.87976026124 156.185376446823 148.182938275666 141.315128918352 142.193827661975 148.900861279718 158.583239917097 162.127802421307 146.199257225826 108.717309014551 81.6763786447459 65.9839378554246 54.6919029992202
-9999 -9999 -9999 -9999 -9999 -9999 -9999 -9999 -9999 -9999 -9999 -9999 -9999 -9999 -9999 -9999 -9999 -9999 -9999 -9999 -9999 -9999 -9999 -9999 -9999 -9999 -9999 -9999 -9999 -9999 -9999 -9999 258.126562011653 246.689102156409 232.395421669401 233.752614637901 227.191282551864 217.780193887908 212.152920122804 206.049923781691 197.005474649627 186.846218125574 176.902482780917 170.067537875011 159.91897114392 153.150636763408 149.634866241751 151.492402417906 163.463013451675 178.932902903392 188.70011490789 191.55549096239 189.179516989609 186.769920480662 183.102824942819 177.978790612056 172.84081561812 167.100578349212 166.861949591801 168.283224566229 153.343247841144 131.200127470082 101.565243786779 81.9598008846415 69.7445196283275 62.5691306344394
-9999 -9999 -9999 -9999 -9999 -9999 -9999 -9999 -9999 -9999 -9999 -9999 -9999 -9999 -9999 -9999 -9999 -9999 -9999 -9999 -9999 -9999 -9999 -9999 -9999 -9999 -9999 -9999 -9999 -9999 -9999 -9999 265.822284632716 250.261589847762 234.66442786414 230.887577278861 225.222850503593 217.401354871947 210.257298157133 204.58472918642 195.729888093883 186.69059963884 173.607549042537 160.391154741419 149.921362293178 142.313577191583 134.837120516547 130.33035863679 136.768185385342 148.668710457868 168.927659725321 178.460918426514 189.483586821063 198.867816629081 198.65829811425 197.756307495051 195.038186747452 184.770130543873 172.873135418727 155.563194866838 137.70768224782 114.420001457477 96.4173509663549 84.9546290101676 76.2338410081535 71.8338375255979
-9999 -9999 -9999 -9999 -9999 -9999 -9999 -9999 -9999 -9999 -9999 -9999 -9999 -9999 -9999 -9999 -9999 -9999 -9999 -9999 -9999 -9999 -9999 -9999 -9999 -9999 -9999 -9999 -9999 -9999 -9999 -9999 270.358216417247 254.593836973453 235.786096992164 227.981650878643 221.558598847225 214.644473306064 208.204934851877 202.562475336009 194.596770664741 181.31547078593 162.972384189737 151.103942431253 142.008309068351 131.469606399536 123.30488662062 116.135479039159 113.450488781107 118.626325475759 135.941492541083 152.084349007442 167.953398786742 176.470273823574 183.518749056191 186.882817046396 187.469394856486 178.858314670365 160.853441180854 142.47323098676 126.118154328445 110.09486938345 98.2137021031873 88.5085130559987 83.1217949308198 79.6101201978223
-9999 -9999 -9999 -9999 -9999 -9999 -9999 -9999 -9999 -9999 -9999 -9999 -9999 -9999 -9999 -9999 -9999 -9999 -9999 -9999 -9999 -9999 -9999 -9999 -9999 -9999 -9999 -9999 -9999 -9999 -9999 -9999 273.907831438657 267.176268889986 247.370093863586 227.015888419645 218.569405999677 209.790447580403 204.280073502968 200.208323560912 189.101850369881 172.415191198217 153.833313732312 142.65597054054 131.575598289227 120.616197454518 113.477370755426 104.319246423656 101.121162907831 99.0933149600851 105.932090792163 116.395335756499 129.539332685799 136.356977119528 141.290506305366 144.226939883725 146.083592587504 140.673110164445 132.313442493307 124.99701246722 119.080328283639 112.941171859873 103.361109338958 95.4046950175844 89.4049061249042 87.5560065631209
-9999 -9999 -9999 -9999 -9999 -9999 -9999 -9999 -9999 -9999 -9999 -9999 -9999 -9999 -9999 -9999 -9999 -9999 -9999 -9999 -9999 -9999 -9999 -9999 -9999 -9999 -9999 -9999 -9999 -9999 -9999 -9999 -9999 268.471041564284 250.387033939362 226.333609778306 211.593276993982 204.794037202309 201.58997711642 194.192410362178 181.091269394447 160.554213885603 146.013142421328 131.243881883292 120.124217099157 108.394492182238 101.126974303147 97.254375391993 92.9148909798984 87.6437303937715 88.581954890284 92.8097485838265 99.3666387755295 105.764270881127 110.530237888468 114.386881071946 115.774899088103 112.126832962036 107.175320164911 104.763106905181 105.188237058705 108.932427570738 108.273669177088 98.6877808077582 94.4749467126254 90.0552616612665
-9999 -9999 -9999 -9999 -9999 -9999 -9999 -9999 -9999 -9999 -9999 -9999 -9999 -9999 -9999 -9999 -9999 -9999 -9999 -9999 -9999 -9999 -9999 -9999 -9999 -9999 -9999 -9999 -9999 -9999 -9999 -9999 -9999 268.586558120004 251.107002274743 224.183727338396 207.142602739663 197.69079974602 193.083176300443 185.906176262888 168.900137597117 150.909571055708 134.685930909782 121.274988010012 108.024246972183 99.39717789354 95.1219714592243 90.6252313811204 84.7893604081252 80.8524259041096 79.2090506718076 77.6071793128704 78.6933424719449 84.2651336604151 89.4074407445973 93.0276752340383 93.8734378156991 92.0204555906098 88.4854046394085 88.3591582857329 90.1623121458909 95.393660841317 99.2747151605014 97.8904286417468 94.5280603375928 90.0191502077826
