Rscript/test/SnowDepthMapFile-max-1989-06.asc
ncols 320 
nrows 361 
xllcorner 618410.159 
yllcorner 5088785.286 
cellsize 100 
NODATA_value -9999 
[rows 232 to 260 of 361, columns 0 to 65 of 320]
-9999 -9999 -9999 -9999 -9999 -9999 -9999 -9999 -9999 -9999 -9999 -9999 -9999 -9999 -9999 -9999 -9999 -9999 -9999 -9999 -9999 -9999 -9999 -9999 -9999 -9999 -9999 -9999 -9999 -9999 -9999 -9999 -9999 -9999 -9999 1187.73693847656 1158.8447265625 1105.85217285156 1066.59375 1025.95263671875 997.451110839844 965.6533203125 918.989135742188 883.636108398438 821.284545898438 780.314575195312 734.168151855469 700.021606445312 636.468872070312 587.770385742188 547.929626464844 537.026245117188 535.729675292969 546.788879394531 545.4580078125 535.230102539062 526.680725097656 524.574584960938 524.7431640625 523.672912597656 525.213562011719 529.470886230469 549.460266113281 598.102233886719 628.834533691406 634.780578613281
-9999 -9999 -9999 -9999 -9999 -9999 -9999 -9999 -9999 -9999 -9999 -9999 -9999 -9999 -9999 -9999 -9999 -9999 -9999 -9999 -9999 -9999 -9999 -9999 -9999 -9999 -9999 -9999 -9999 -9999 -9999 -9999 -9999 -9999 1190.37658691406 1176.34289550781 1117.62927246094 1069.3349609375 1028.67517089844 1000.78381347656 974.314025878906 935.2236328125 904.272521972656 855.695373535156 807.643798828125 755.66015625 718.251831054688 659.062377929688 599.509704589844 539.895874023438 514.1708984375 508.783325195312 510.012084960938 508.123321533203 490.604949951172 464.487701416016 449.4765625 443.355895996094 444.181427001953 448.708404541016 455.42333984375 462.210998535156 482.342834472656 524.9072265625 566.336303710938 575.913940429688
-9999 -9999 -9999 -9999 -9999 -9999 -9999 -9999 -9999 -9999 -9999 -9999 -9999 -9999 -9999 -9999 -9999 -9999 -9999 -9999 -9999 -9999 -9999 -9999 -9999 -9999 -9999 -9999 -9999 -9999 -9999 -9999 -9999 -9999 1177.73010253906 1143.14135742188 1085.72473144531 1035.28149414062 1004.189453125 981.393249511719 948.732543945312 917.254943847656 892.241394042969 838.20654296875 798.745666503906 736.443298339844 694.266723632812 626.564147949219 560.996276855469 517.44970703125 503.172149658203 486.164520263672 470.2958984375 454.998199462891 413.494506835938 361.9462890625 328.856323242188 313.101684570312 310.679138183594 321.462463378906 330.494079589844 369.140563964844 404.951843261719 452.268524169922 501.869506835938 522.051208496094
-9999 -9999 -9999 -9999 -9999 -9999 -9999 -9999 -9999 -9999 -9999 -9999 -9999 -9999 -9999 -9999 -9999 -9999 -9999 -9999 -9999 -9999 -9999 -9999 -9999 -9999 -9999 -9999 -9999 -9999 -9999 -9999 -9999 1180.33605957031 1155.916015625 1104.08471679688 1057.40405273438 1017.34808349609 994.683227539062 966.1884765625 932.595153808594 907.015991210938 868.38720703125 826.648742675781 777.802673339844 722.27197265625 666.121032714844 612.782470703125 570.795532226562 517.547119140625 491.622222900391 462.694702148438 427.253051757812 408.478393554688 370.756500244141 334.012725830078 304.92333984375 284.45361328125 271.958251953125 275.921264648438 280.629821777344 283.528106689453 290.275482177734 350.329925537109 422.303985595703 454.045013427734
-9999 -9999 -9999 -9999 -9999 -9999 -9999 -9999 -9999 -9999 -9999 -9999 -9999 -9999 -9999 -9999 -9999 -9999 -9999 -9999 -9999 -9999 -9999 -9999 -9999 -9999 -9999 -9999 -9999 -9999 -9999 -9999 -9999 1169.40673828125 1134.58215332031 1069.62731933594 1030.51416015625 1003.20568847656 983.142944335938 957.033447265625 925.455871582031 896.053344726562 851.148010253906 804.179992675781 736.150024414062 691.966735839844 641.571166992188 619.002685546875 596.498718261719 547.356506347656 509.284423828125 468.541290283203 426.137115478516 389.424835205078 363.0654296875 329.991119384766 314.233154296875 297.590637207031 279.902801513672 270.956970214844 267.949035644531 261.632690429688 256.120574951172 266.440063476562 300.501525878906 330.192657470703
-9999 -9999 -9999 -9999 -9999 -9999 -9999 -9999 -9999 -9999 -9999 -9999 -9999 -9999 -9999 -9999 -9999 -9999 -9999 -9999 -9999 -9999 -9999 -9999 -9999 -9999 -9999 -9999 -9999 -9999 -9999 1193.07067871094 1173.52807617188 1142.07995605469 1098.99169921875 1058.10388183594 1021.17681884766 995.427551269531 971.058776855469 944.440368652344 908.898803710938 861.154846191406 818.990173339844 758.713073730469 702.819152832031 651.624267578125 647.582397460938 655.812438964844 639.681579589844 587.5576171875 529.791748046875 499.250457763672 449.442108154297 379.845520019531 344.31201171875 318.841735839844 303.172332763672 296.666687011719 284.579620361328 265.652496337891 258.758850097656 253.990249633789 245.841598510742 240.243988037109 247.963745117188 260.842071533203
-9999 -9999 -9999 -9999 -9999 -9999 -9999 -9999 -9999 -9999 -9999 -9999 -9999 -9999 -9999 -9999 -9999 -9999 -9999 -9999 -9999 -9999 -9999 -9999 -9999 -9999 -9999 -9999 -9999 -9999 1219.75671386719 1191.77111816406 1159.26831054688 1111.60363769531 1078.58972167969 1047.96716308594 1010.98931884766 988.818908691406 956.013977050781 914.042785644531 874.49072265625 825.506286621094 767.111511230469 707.127624511719 657.097778320312 648.213745117188 674.849975585938 677.328735351562 663.835388183594 619.474975585938 579.231567382812 525.743347167969 477.960357666016 387.260375976562 342.121887207031 309.461273193359 292.590911865234 280.296997070312 272.104370117188 254.37092590332 238.761688232422 231.700653076172 229.050399780273 224.92301940918 226.005645751953 228.17790222168
-9999 -9999 -9999 -9999 -9999 -9999 -9999 -9999 -9999 -9999 -9999 -9999 -9999 -9999 -9999 -9999 -9999 -9999 -9999 -9999 -9999 -9999 -9999 -9999 -9999 -9999 -9999 -9999 -9999 1240.69445800781 1219.27807617188 1182.82336425781 1142.662109375 1102.33081054688 1062.56005859375 1025.8662109375 996.880432128906 967.265502929688 927.177185058594 889.339599609375 821.185241699219 764.172241210938 706.597106933594 663.115356445312 645.570495605469 679.256408691406 681.077941894531 687.655639648438 679.408630371094 664.514343261719 611.427612304688 559.491455078125 504.852355957031 424.725433349609 349.275970458984 312.256927490234 286.044525146484 265.984588623047 251.807220458984 231.767761230469 221.05241394043 208.393676757812 203.57666015625 199.814193725586 192.504623413086 187.260711669922
-9999 -9999 -9999 -9999 -9999 -9999 -9999 -9999 -9999 -9999 -9999 -9999 -9999 -9999 -9999 -9999 -9999 -9999 -9999 -9999 -9999 -9999 -9999 -9999 -9999 -9999 -9999 -9999 -9999 1237.01953125 1213.70812988281 1169.96997070312 1130.97509765625 1087.70471191406 1055.06762695312 1014.51544189453 982.241149902344 936.646057128906 893.316528320312 826.127014160156 767.005004882812 698.721984863281 665.7587890625 655.630310058594 680.787963867188 685.567565917969 691.375793457031 689.635437011719 693.796630859375 688.487854003906 635.763427734375 587.455261230469 525.373352050781 461.376342773438 365.778503417969 322.680236816406 283.442840576172 263.222564697266 244.458160400391 222.945556640625 203.67170715332 189.374725341797 178.826278686523 179.730712890625 174.421417236328 157.119567871094
-9999 -9999 -9999 -9999 -9999 -9999 -9999 -9999 -9999 -9999 -9999 -9999 -9999 -9999 -9999 -9999 -9999 -9999 -9999 -9999 -9999 -9999 -9999 -9999 -9999 -9999 -9999 -9999 -9999 1231.35668945312 1193.45935058594 1154.71704101562 1107.51794433594 1069.65930175781 1030.14123535156 998.788024902344 958.700439453125 900.999206542969 837.8837890625 778.744995117188 719.295166015625 685.590759277344 675.484008789062 688.239013671875 688.41796875 692.084350585938 677.910583496094 690.828735351562 706.343933105469 695.153564453125 647.246032714844 594.258544921875 546.856689453125 503.133056640625 417.043579101562 337.944671630859 289.453643798828 264.609100341797 247.486938476562 229.35302734375 211.672088623047 192.182434082031 180.501861572266 160.712600708008 139.452178955078 105.158729553223
-9999 -9999 -9999 -9999 -9999 -9999 -9999 -9999 -9999 -9999 -9999 -9999 -9999 -9999 -9999 -9999 -9999 -9999 -9999 -9999 -9999 -9999 -9999 -9999 -9999 -9999 -9999 -9999 -9999 1216.00158691406 1178.70190429688 1135.0986328125 1088.19323730469 1040.10400390625 1006.19903564453 973.496704101562 914.143371582031 856.171569824219 804.121520996094 749.388549804688 723.069519042969 696.003051757812 687.79931640625 681.858703613281 684.928100585938 675.530090332031 686.185485839844 712.866577148438 714.942138671875 693.687561035156 641.800354003906 601.6044921875 576.377868652344 528.25537109375 475.610015869141 375.445220947266 313.878448486328 273.143859863281 260.192504882812 245.250183105469 231.457290649414 212.275833129883 198.564880371094 176.878356933594 153.660629272461 104.565139770508
-9999 -9999 -9999 -9999 -9999 -9999 -9999 -9999 -9999 -9999 -9999 -9999 -9999 -9999 -9999 -9999 -9999 -9999 -9999 -9999 -9999 -9999 -9999 -9999 -9999 -9999 -9999 -9999 1226.46826171875 1194.09692382812 1156.48815917969 1097.10815429688 1043.994140625 1007.13269042969 973.980041503906 924.156616210938 888.375915527344 843.558227539062 811.267211914062 784.927795410156 724.423095703125 724.977661132812 695.876647949219 680.773132324219 680.862609863281 688.174987792969 711.379333496094 739.548583984375 751.723876953125 704.235473632812 649.267456054688 613.280090332031 587.782043457031 562.507263183594 520.612915039062 456.743408203125 348.188293457031 297.024871826172 275.329742431641 270.152862548828 262.04443359375 246.933456420898 228.327178955078 203.910415649414 166.311889648438 134.257705688477
-9999 -9999 -9999 -9999 -9999 -9999 -9999 -9999 -9999 -9999 -9999 -9999 -9999 -9999 -9999 -9999 -9999 -9999 -9999 -9999 -9999 -9999 -9999 -9999 -9999 -9999 -9999 1246.8662109375 1225.42321777344 1177.65356445312 1112.64099121094 1065.6162109375 1007.54315185547 961.18896484375 923.204406738281 901.498168945312 894.618530273438 868.719848632812 831.455505371094 812.667358398438 749.328063964844 693.085205078125 672.510986328125 671.580627441406 690.046203613281 711.470947265625 745.324829101562 783.9560546875 785.874572753906 724.228759765625 674.309631347656 631.030151367188 607.758911132812 589.976989746094 560.478454589844 506.005401611328 409.313262939453 327.3994140625 293.861785888672 295.606201171875 292.388885498047 272.000610351562 257.478393554688 234.2734375 200.331039428711 156.120010375977
-9999 -9999 -9999 -9999 -9999 -9999 -9999 -9999 -9999 -9999 -9999 -9999 -9999 -9999 -9999 -9999 -9999 -9999 -9999 -9999 -9999 -9999 -9999 -9999 -9999 -9999 -9999 -9999 1184.96691894531 1156.49743652344 1091.52282714844 1016.92126464844 974.071838378906 923.864074707031 911.704040527344 923.282470703125 925.65625 915.381713867188 871.605895996094 809.659545898438 756.592163085938 705.684265136719 674.011169433594 673.990844726562 699.511535644531 736.370727539062 795.086975097656 828.722717285156 828.290588378906 781.589233398438 711.685180664062 670.426208496094 632.447387695312 610.463623046875 583.441589355469 522.853393554688 445.099395751953 342.585174560547 320.753112792969 313.722625732422 299.320159912109 282.515960693359 275.951782226562 253.677062988281 229.053649902344 192.967132568359
-9999 -9999 -9999 -9999 -9999 -9999 -9999 -9999 -9999 -9999 -9999 -9999 -9999 -9999 -9999 -9999 -9999 -9999 -9999 -9999 -9999 -9999 -9999 -9999 -9999 -9999 -9999 -9999 1178.10888671875 1143.65502929688 1064.51208496094 1003.58489990234 956.62841796875 918.330627441406 934.08935546875 932.888549804688 938.480834960938 902.464721679688 874.080078125 833.186157226562 804.605102539062 757.448974609375 727.823669433594 717.084106445312 733.954833984375 788.012573242188 840.6064453125 882.494140625 868.16943359375 809.082702636719 740.4091796875 696.011840820312 656.789001464844 623.991882324219 589.99072265625 531.337890625 462.609924316406 369.607879638672 339.166198730469 322.354339599609 303.832641601562 302.886322021484 319.261383056641 308.424591064453 278.040130615234 225.651885986328
-9999 -9999 -9999 -9999 -9999 -9999 -9999 -9999 -9999 -9999 -9999 -9999 -9999 -9999 -9999 -9999 -9999 -9999 -9999 -9999 -9999 -9999 -9999 -9999 -9999 -9999 -9999 -9999 1171.50500488281 1139.9580078125 1064.99719238281 996.068603515625 937.602722167969 951.552490234375 929.162963867188 897.9892578125 885.380737304688 874.707214355469 864.016723632812 861.160827636719 851.317199707031 831.731567382812 796.410949707031 781.446716308594 814.926696777344 855.32958984375 902.123046875 915.370910644531 882.388671875 822.072387695312 759.634338378906 712.416259765625 671.112243652344 634.708679199219 596.904113769531 550.007873535156 504.744903564453 440.653472900391 368.160522460938 341.564514160156 341.023742675781 363.940124511719 420.345581054688 427.716644287109 358.671875 273.456024169922
-9999 -9999 -9999 -9999 -9999 -9999 -9999 -9999 -9999 -9999 -9999 -9999 -9999 -9999 -9999 -9999 -9999 -9999 -9999 -9999 -9999 -9999 -9999 -9999 -9999 -9999 -9999 -9999 -9999 1148.01818847656 1101.32873535156 1024.2109375 964.675354003906 906.690246582031 868.548461914062 852.686889648438 862.113647460938 875.219848632812 901.545959472656 911.588317871094 922.667602539062 924.380554199219 920.799438476562 918.110656738281 929.422058105469 949.887573242188 949.416442871094 934.483825683594 887.201904296875 825.292907714844 774.776123046875 730.211486816406 691.959045410156 650.971740722656 614.428466796875 587.125915527344 538.649780273438 498.89208984375 462.930297851562 438.142425537109 442.362854003906 477.325714111328 509.529296875 504.191741943359 458.294189453125 325.007171630859
-9999 -9999 -9999 -9999 -9999 -9999 -9999 -9999 -9999 -9999 -9999 -9999 -9999 -9999 -9999 -9999 -9999 -9999 -9999 -9999 -9999 -9999 -9999 -9999 -9999 -9999 -9999 -9999 -9999 1165.00817871094 1144.44775390625 1062.89379882812 991.303833007812 947.738586425781 929.242126464844 927.888244628906 939.304382324219 950.554138183594 975.255310058594 999.981323242188 1024.54992675781 1058.45788574219 1060.28894042969 1043.93884277344 1005.39221191406 986.414428710938 965.369934082031 942.345703125 894.540100097656 834.709289550781 790.483276367188 745.617126464844 709.00634765625 674.330261230469 640.848205566406 605.021179199219 586.577880859375 557.734497070312 520.078918457031 510.663879394531 508.399475097656 531.236572265625 577.176086425781 587.319091796875 507.30078125 388.869140625
-9999 -9999 -9999 -9999 -9999 -9999 -9999 -9999 -9999 -9999 -9999 -9999 -9999 -9999 -9999 -9999 -9999 -9999 -9999 -9999 -9999 -9999 -9999 -9999 -9999 -9999 -9999 -9999 -9999 -9999 -9999 1139.10144042969 1132.69787597656 1105.43127441406 1118.69348144531 1121.16772460938 1117.63049316406 1102.75341796875 1122.81579589844 1143.71850585938 1162.412109375 1140.02514648438 1122.2890625 1070.53063964844 1015.45275878906 987.949035644531 971.455688476562 946.0927734375 903.732788085938 850.041687011719 811.079467773438 775.454406738281 735.302490234375 701.985168457031 671.584228515625 644.199829101562 616.275085449219 600.021911621094 586.053527832031 570.890747070312 567.290283203125 590.758483886719 623.532836914062 608.829345703125 521.594360351562 418.245880126953
-9999 -9999 -9999 -9999 -9999 -9999 -9999 -9999 -9999 -9999 -9999 -9999 -9999 -9999 -9999 -9999 -9999 -9999 -9999 -9999 -9999 -9999 -9999 -9999 -9999 -9999 -9999 -9999 -9999 -9999 -9999 1179.47729492188 1184.75256347656 1160.76440429688 1151.84204101562 1149.05969238281 1153.73425292969 1173.86206054688 1174.51220703125 1177.11047363281 1156.93200683594 1159.39001464844 1108.79553222656 1062.91455078125 1021.54266357422 993.245483398438 975.207458496094 947.371154785156 914.512145996094 876.648071289062 830.359985351562 801.545166015625 769.84814453125 732.001281738281 702.547058105469 678.301208496094 656.748168945312 643.406921386719 637.752868652344 625.627014160156 627.105529785156 641.423400878906 656.327758789062 607.500061035156 509.771728515625 416.923217773438
-9999 -9999 -9999 -9999 -9999 -9999 -9999 -9999 -9999 -9999 -9999 -9999 -9999 -9999 -9999 -9999 -9999 -9999 -9999 -9999 -9999 -9999 -9999 -9999 -9999 -9999 -9999 -9999 -9999 -9999 -9999 -9999 1144.37048339844 1133.33581542969 1107.21240234375 1103.40893554688 1108.52282714844 1136.16772460938 1149.51342773438 1136.82543945312 1097.27795410156 1066.69470214844 1030.33435058594 1008.81579589844 997.589599609375 989.840942382812 973.274597167969 949.481018066406 917.799743652344 887.383728027344 862.124877929688 827.954956054688 798.978332519531 768.756225585938 734.486755371094 708.259216308594 693.358215332031 688.537780761719 692.97314453125 698.900634765625 713.173950195312 729.684143066406 686.60107421875 594.7001953125 500.895233154297 415.712890625
-9999 -9999 -9999 -9999 -9999 -9999 -9999 -9999 -9999 -9999 -9999 -9999 -9999 -9999 -9999 -9999 -9999 -9999 -9999 -9999 -9999 -9999 -9999 -9999 -9999 -9999 -9999 -9999 -9999 -9999 -9999 -9999 1127.04919433594 1101.3984375 1076.89709472656 1061.435546875 1062.08569335938 1065.84924316406 1068.04138183594 1043.11547851562 1012.22924804688 988.35791015625 953.751831054688 945.908020019531 938.619445800781 939.690002441406 950.958923339844 948.783020019531 938.032897949219 904.1865234375 882.504699707031 857.318969726562 824.298950195312 795.950256347656 761.090087890625 725.260314941406 710.338134765625 713.670532226562 737.359436035156 772.53564453125 811.357666015625 805.2744140625 696.272521972656 566.852905273438 489.53271484375 424.704040527344
-9999 -9999 -9999 -9999 -9999 -9999 -9999 -9999 -9999 -9999 -9999 -9999 -9999 -9999 -9999 -9999 -9999 -9999 -9999 -9999 -9999 -9999 -9999 -9999 -9999 -9999 -9999 -9999 -9999 -9999 -9999 -9999 1126.5322265625 1091.90270996094 1072.03173828125 1055.59606933594 1054.27380371094 1047.95190429688 1023.73413085938 1005.80346679688 984.676879882812 946.842468261719 918.655883789062 896.756530761719 885.4853515625 882.221313476562 893.431945800781 909.1015625 938.976989746094 939.755310058594 914.098693847656 891.213134765625 864.067504882812 832.851135253906 802.385681152344 771.446960449219 745.147705078125 753.256225585938 787.741760253906 834.071411132812 856.595764160156 804.302856445312 679.487487792969 565.639526367188 495.161560058594 449.499786376953
-9999 -9999 -9999 -9999 -9999 -9999 -9999 -9999 -9999 -9999 -9999 -9999 -9999 -9999 -9999 -9999 -9999 -9999 -9999 -9999 -9999 -9999 -9999 -9999 -9999 -9999 -9999 -9999 -9999 -9999 -9999 -9999 1123.03881835938 1085.97021484375 1054.34838867188 1060.87414550781 1058.26965332031 1039.29565429688 1010.86724853516 994.500610351562 971.566040039062 929.257263183594 903.611877441406 885.414367675781 851.432189941406 829.985717773438 819.96044921875 830.624206542969 869.976684570312 916.120300292969 938.900695800781 940.442810058594 921.010803222656 908.053161621094 890.154357910156 872.734741210938 845.377624511719 833.48828125 850.773071289062 866.379699707031 830.28515625 752.61669921875 648.614868164062 572.603515625 518.109802246094 494.424346923828
-9999 -9999 -9999 -9999 -9999 -9999 -9999 -9999 -9999 -9999 -9999 -9999 -9999 -9999 -9999 -9999 -9999 -9999 -9999 -9999 -9999 -9999 -9999 -9999 -9999 -9999 -9999 -9999 -9999 -9999 -9999 -9999 1122.5634765625 1084.27612304688 1047.01354980469 1041.20092773438 1044.25793457031 1033.87487792969 1005.64782714844 988.264404296875 965.361267089844 926.428833007812 893.580017089844 852.037231445312 823.906433105469 801.792602539062 781.328918457031 763.71533203125 789.154724121094 824.242431640625 889.612609863281 909.4169921875 947.516967773438 948.925048828125 946.620788574219 938.950744628906 928.176818847656 888.585510253906 867.684509277344 830.227600097656 774.721252441406 706.948852539062 638.849426269531 594.107116699219 550.379089355469 537.282775878906
-9999 -9999 -9999 -9999 -9999 -9999 -9999 -9999 -9999 -9999 -9999 -9999 -9999 -9999 -9999 -9999 -9999 -9999 -9999 -9999 -9999 -9999 -9999 -9999 -9999 -9999 -9999 -9999 -9999 -9999 -9999 -9999 1138.119140625 1095.01513671875 1048.41455078125 1034.58654785156 1028.28955078125 1010.03448486328 997.289855957031 979.865600585938 956.718505859375 907.838012695312 856.001281738281 824.652465820312 798.735229492188 768.876831054688 747.510986328125 724.315856933594 713.8701171875 721.826232910156 778.119445800781 830.120361328125 884.959350585938 903.889038085938 927.324279785156 940.304443359375 940.587341308594 902.099365234375 845.520629882812 790.980590820312 730.817504882812 696.015014648438 649.778564453125 608.606689453125 588.61767578125 579.022216796875
-9999 -9999 -9999 -9999 -9999 -9999 -9999 -9999 -9999 -9999 -9999 -9999 -9999 -9999 -9999 -9999 -9999 -9999 -9999 -9999 -9999 -9999 -9999 -9999 -9999 -9999 -9999 -9999 -9999 -9999 -9999 -9999 1143.86120605469 1123.21740722656 1067.34545898438 1018.21917724609 1001.5537109375 987.761169433594 980.192810058594 969.603942871094 940.927124023438 885.752563476562 827.049621582031 798.190734863281 761.8955078125 738.160888671875 718.121154785156 696.411376953125 680.289367675781 656.198608398438 667.704223632812 713.419555664062 747.938659667969 781.507995605469 798.488403320312 806.114074707031 806.808776855469 793.455871582031 755.681823730469 730.158508300781 721.798645019531 709.846435546875 677.942626953125 634.214050292969 609.455810546875 604.742065429688
-9999 -9999 -9999 -9999 -9999 -9999 -9999 -9999 -9999 -9999 -9999 -9999 -9999 -9999 -9999 -9999 -9999 -9999 -9999 -9999 -9999 -9999 -9999 -9999 -9999 -9999 -9999 -9999 -9999 -9999 -9999 -9999 -9999 1126.37072753906 1082.67102050781 1017.39239501953 987.263916015625 974.098083496094 969.708435058594 953.141479492188 906.606872558594 847.252136230469 801.045532226562 758.051025390625 728.537414550781 702.075927734375 682.282165527344 667.164245605469 640.999938964844 618.974975585938 618.999938964844 631.444946289062 653.451782226562 667.41357421875 689.276428222656 701.658203125 708.607421875 693.429870605469 680.953308105469 680.766296386719 695.120422363281 703.204284667969 695.674743652344 659.022583007812 634.574829101562 615.336364746094
-9999 -9999 -9999 -9999 -9999 -9999 -9999 -9999 -9999 -9999 -9999 -9999 -9999 -9999 -9999 -9999 -9999 -9999 -9999 -9999 -9999 -9999 -9999 -9999 -9999 -9999 -9999 -9999 -9999 -9999 -9999 -9999 -9999 1138.54809570312 1087.81091308594 1011.13360595703 975.554260253906 956.320617675781 948.129821777344 925.121276855469 872.475769042969 816.090148925781 764.621154785156 725.592895507812 698.504821777344 666.044067382812 646.560668945312 627.941955566406 607.555603027344 592.267517089844 577.300231933594 569.574829101562 575.97998046875 602.3115234375 620.371826171875 634.288452148438 636.809387207031 629.59521484375 618.654174804688 617.185913085938 629.671447753906 654.258850097656 673.154113769531 665.227661132812 645.063110351562 624.900756835938
