Rscript/test/SnowDepthMapFile-max-1989-06.asc
ncols 320 
nrows 361 
xllcorner 618410.159 
yllcorner 5088785.286 
cellsize 100 
NODATA_value -9999 
[rows 116 to 144 of 361, columns 0 to 65 of 320]
-9999 -9999 -9999 -9999 -9999 -9999 -9999 -9999 -9999 -9999 -9999 -9999 -9999 -9999 -9999 -9999 -9999 -9999 -9999 -9999 1650.82592773438 1638.07263183594 1568.45153808594 1496.56787109375 1472.36645507812 1428.41247558594 1400.31286621094 1392.60913085938 1384.70654296875 1373.99145507812 1366.59790039062 1347.08898925781 1332.86437988281 1327.33898925781 1315.00720214844 1312.46875 1311.15698242188 1309.29760742188 1307.02026367188 1305.37512207031 1304.73229980469 1304.07702636719 1308.31408691406 1314.30187988281 1295.37231445312 1253.01904296875 1149.04858398438 1113.21472167969 1107.845703125 1108.65246582031 1094.59069824219 1072.08911132812 1027.21813964844 1006.3330078125 990.351257324219 983.730285644531 978.755554199219 979.754516601562 977.548645019531 971.338806152344 970.660400390625 961.072814941406 924.271118164062 883.475891113281 837.996704101562 797.00244140625
-9999 -9999 -9999 -9999 -9999 -9999 -9999 -9999 -9999 -9999 -9999 -9999 -9999 -9999 -9999 -9999 -9999 -9999 -9999 1685.24841308594 1659.40209960938 1638.14147949219 1573.2666015625 1520.33508300781 1473.03576660156 1416.51708984375 1394.86267089844 1390.8173828125 1383.71875 1377.76525878906 1368.76928710938 1362.46496582031 1345.88439941406 1334.322265625 1328.6201171875 1325.75317382812 1323.49890136719 1312.67504882812 1311.62060546875 1310.56921386719 1310.15991210938 1310.13427734375 1313.54418945312 1327.51770019531 1303.56323242188 1272.32727050781 1189.86511230469 1134.05151367188 1114.36145019531 1101.19421386719 1085.4287109375 1043.15051269531 1017.84674072266 1002.05914306641 995.071838378906 990.021728515625 987.238708496094 983.629699707031 978.585388183594 978.292541503906 975.310607910156 966.962707519531 937.290344238281 903.317810058594 856.155395507812 811.166809082031
-9999 -9999 -9999 -9999 -9999 -9999 -9999 -9999 -9999 -9999 -9999 -9999 -9999 -9999 -9999 -9999 -9999 -9999 1710.44616699219 1678.119140625 1647.27746582031 1603.32629394531 1571.31909179688 1540.84838867188 1479.92346191406 1421.1103515625 1395.07641601562 1385.15185546875 1382.27282714844 1377.40966796875 1366.77001953125 1367.91625976562 1361.88293457031 1349.02099609375 1334.98974609375 1330.35791015625 1327.06164550781 1325.09094238281 1323.60876464844 1313.00988769531 1312.71887207031 1314.45532226562 1317.45629882812 1333.76416015625 1319.67687988281 1289.00463867188 1221.01770019531 1183.98266601562 1136.71508789062 1106.015625 1074.23852539062 1030.23168945312 1016.00390625 1006.95294189453 1000.98205566406 995.403076171875 991.460632324219 988.432739257812 985.068664550781 983.831115722656 981.440856933594 972.856201171875 936.754760742188 904.646606445312 860.756591796875 821.06884765625
-9999 -9999 -9999 -9999 -9999 -9999 -9999 -9999 -9999 -9999 -9999 -9999 -9999 -9999 -9999 -9999 -9999 -9999 1669.14233398438 1655.51770019531 1635.24255371094 1591.72998046875 1571.51733398438 1554.67687988281 1482.00500488281 1440.04516601562 1395.93017578125 1385.04248046875 1380.99670410156 1376.71484375 1373.91101074219 1366.50170898438 1366.77685546875 1361.48474121094 1348.33862304688 1343.06103515625 1331.83764648438 1328.69641113281 1326.85522460938 1326.06713867188 1326.43603515625 1318.283203125 1324.06176757812 1338.31896972656 1336.56787109375 1298.57592773438 1253.62622070312 1206.92492675781 1167.51147460938 1117.806640625 1092.05151367188 1048.55700683594 1024.66320800781 1010.44732666016 1000.31170654297 994.857299804688 993.358154296875 992.916687011719 991.612609863281 991.38427734375 989.60107421875 981.315856933594 952.494750976562 903.641967773438 856.386901855469 823.403442382812
-9999 -9999 -9999 -9999 -9999 -9999 -9999 -9999 -9999 -9999 -9999 -9999 -9999 -9999 -9999 -9999 -9999 -9999 1649.72119140625 1643.70495605469 1616.74621582031 1575.73913574219 1569.94421386719 1552.30981445312 1507.94250488281 1456.15869140625 1399.86169433594 1385.22534179688 1382.05041503906 1377.81188964844 1375.03967285156 1372.81591796875 1366.9208984375 1366.8359375 1361.58044433594 1347.92639160156 1336.76977539062 1334.41516113281 1332.57543945312 1332.14880371094 1333.22607421875 1334.56530761719 1339.21350097656 1344.37976074219 1337.56970214844 1294.22375488281 1233.60241699219 1193.77795410156 1167.68640136719 1132.84875488281 1107.40747070312 1085.4580078125 1063.3388671875 1031.54296875 1010.32934570312 1001.12957763672 998.438842773438 999.450317382812 998.685668945312 999.249633789062 999.297241210938 992.522705078125 963.241760253906 905.180114746094 852.094299316406 823.101318359375
-9999 -9999 -9999 -9999 -9999 -9999 -9999 -9999 -9999 -9999 -9999 -9999 -9999 -9999 -9999 -9999 -9999 1733.61706542969 1673.44323730469 1641.71166992188 1579.56433105469 1571.15795898438 1564.38098144531 1549.77331542969 1509.03332519531 1475.08056640625 1407.27868652344 1394.37854003906 1384.77587890625 1380.18798828125 1377.3984375 1375.32495117188 1373.37707519531 1371.67370605469 1366.25537109375 1364.73901367188 1360.60461425781 1349.13073730469 1348.45593261719 1347.99548339844 1342.21667480469 1344.58239746094 1349.79333496094 1362.15002441406 1332.07141113281 1276.40759277344 1205.66015625 1156.02282714844 1142.15197753906 1134.58093261719 1126.52856445312 1112.78735351562 1086.10278320312 1064.24719238281 1032.28833007812 1012.91510009766 1007.54681396484 1011.92047119141 1010.7880859375 1012.85876464844 1015.10278320312 1004.98358154297 973.801086425781 918.36474609375 868.262634277344 835.634704589844
-9999 -9999 -9999 -9999 -9999 -9999 -9999 -9999 -9999 -9999 -9999 -9999 -9999 -9999 -9999 -9999 -9999 -9999 1663.31469726562 1634.90698242188 1579.02734375 1567.87463378906 1559.16271972656 1541.15661621094 1484.24645996094 1478.37768554688 1437.68615722656 1411.92370605469 1394.58813476562 1387.111328125 1383.00524902344 1380.45361328125 1377.13525390625 1375.24145507812 1373.50390625 1372.01379394531 1367.19982910156 1366.45166015625 1368.38854980469 1369.45092773438 1371.2255859375 1363.30944824219 1378.970703125 1386.86560058594 1354.87036132812 1254.93017578125 1169.33618164062 1134.98962402344 1135.03686523438 1134.87487792969 1147.18798828125 1121.3759765625 1096.92077636719 1076.61267089844 1050.76257324219 1031.86108398438 1022.88287353516 1019.29595947266 1016.10479736328 1019.07849121094 1022.38562011719 1015.60205078125 985.198608398438 952.002136230469 903.577087402344 851.644409179688
-9999 -9999 -9999 -9999 -9999 -9999 -9999 -9999 -9999 -9999 -9999 -9999 -9999 -9999 -9999 -9999 -9999 1761.42468261719 1734.61730957031 1652.279296875 1585.07763671875 1566.72082519531 1538.72424316406 1514.99267578125 1480.728515625 1477.94689941406 1449.08532714844 1434.12255859375 1425.19018554688 1402.15893554688 1391.17053222656 1388.57604980469 1384.39331054688 1381.39953613281 1379.35412597656 1377.80810546875 1377.4501953125 1377.43249511719 1378.09008789062 1379.5234375 1381.89123535156 1384.265625 1391.85827636719 1400.27709960938 1390.43603515625 1255.96691894531 1159.25146484375 1132.20031738281 1135.87097167969 1154.70068359375 1149.92077636719 1125.58532714844 1102.72985839844 1083.06018066406 1066.30163574219 1040.98205566406 1031.248046875 1021.52032470703 1013.04260253906 1015.83673095703 1014.22058105469 1005.86254882812 979.823974609375 958.793762207031 918.333312988281 879.610412597656
-9999 -9999 -9999 -9999 -9999 -9999 -9999 -9999 -9999 -9999 -9999 -9999 -9999 -9999 -9999 -9999 -9999 1760.15710449219 1736.71118164062 1657.15539550781 1592.18371582031 1569.48974609375 1507.92431640625 1483.07238769531 1477.67126464844 1473.56506347656 1460.03625488281 1442.74194335938 1431.8583984375 1424.46472167969 1412.87866210938 1398.76770019531 1396.48376464844 1389.05737304688 1388.39038085938 1388.45593261719 1388.77026367188 1389.41491699219 1390.62060546875 1391.99926757812 1390.44274902344 1393.92724609375 1409.857421875 1453.98400878906 1400.29504394531 1256.20825195312 1170.71984863281 1142.74975585938 1142.0771484375 1140.19165039062 1135.52368164062 1125.75964355469 1100.17602539062 1081.38464355469 1065.640625 1044.23999023438 1031.67211914062 1013.63714599609 1002.98968505859 997.034118652344 988.529113769531 977.291381835938 934.82568359375 919.588928222656 906.183837890625 889.599243164062
-9999 -9999 -9999 -9999 -9999 -9999 -9999 -9999 -9999 -9999 -9999 -9999 -9999 -9999 -9999 -9999 -9999 1760.52038574219 1738.37707519531 1659.30346679688 1603.78088378906 1571.29711914062 1500.73815917969 1480.06030273438 1475.45446777344 1469.71899414062 1461.57397460938 1455.69677734375 1451.11083984375 1429.18591308594 1423.728515625 1418.48522949219 1413.09619140625 1410.30883789062 1410.47155761719 1410.65393066406 1410.58215332031 1412.048828125 1413.22924804688 1405.48986816406 1397.5556640625 1397.0546875 1456.14782714844 1478.23352050781 1414.43420410156 1260.71142578125 1179.23254394531 1164.06970214844 1153.16235351562 1143.94372558594 1134.86828613281 1124.71154785156 1099.595703125 1076.47790527344 1048.40100097656 1036.87609863281 1017.44378662109 998.827026367188 968.243591308594 957.334716796875 946.347961425781 934.676696777344 896.502258300781 884.375915527344 866.910400390625 854.721313476562
-9999 -9999 -9999 -9999 -9999 -9999 -9999 -9999 -9999 -9999 -9999 -9999 -9999 -9999 -9999 -9999 -9999 1760.44079589844 1739.39526367188 1651.04760742188 1619.39636230469 1574.72387695312 1496.63696289062 1476.63854980469 1457.73706054688 1455.19311523438 1457.86926269531 1455.64367675781 1454.77307128906 1436.92614746094 1427.39099121094 1423.54284667969 1420.94018554688 1419.75720214844 1418.96044921875 1419.17687988281 1420.15283203125 1422.15869140625 1423.51293945312 1410.07165527344 1403.03198242188 1412.58056640625 1479.93078613281 1517.24633789062 1451.19934082031 1273.05969238281 1191.00952148438 1178.22058105469 1180.22216796875 1156.80200195312 1143.392578125 1124.455078125 1104.86376953125 1067.16845703125 1044.44543457031 1031.93981933594 1013.04876708984 981.85986328125 970.005615234375 984.645874023438 991.021179199219 979.557556152344 952.790832519531 932.745239257812 893.763671875 863.807373046875
-9999 -9999 -9999 -9999 -9999 -9999 -9999 -9999 -9999 -9999 -9999 -9999 -9999 -9999 -9999 -9999 -9999 -9999 -9999 -9999 1642.15942382812 1575.79443359375 1495.8984375 1475.08203125 1442.24133300781 1439.62707519531 1456.6298828125 1458.16235351562 1458.32006835938 1449.68859863281 1436.77026367188 1426.47705078125 1424.19995117188 1423.21423339844 1422.92504882812 1423.31591796875 1424.27905273438 1426.38977050781 1427.896484375 1412.98181152344 1410.26098632812 1430.36242675781 1489.40734863281 1538.84692382812 1484.37316894531 1325.10424804688 1216.02136230469 1213.32312011719 1218.90942382812 1197.73913574219 1175.76159667969 1150.42590332031 1125.73791503906 1110.38842773438 1077.05712890625 1060.48645019531 1048.29675292969 1048.4638671875 1066.27917480469 1134.02770996094 1152.77355957031 1144.36596679688 1111.26599121094 1057.33032226562 1010.70355224609 945.360534667969
-9999 -9999 -9999 -9999 -9999 -9999 -9999 -9999 -9999 -9999 -9999 -9999 -9999 -9999 -9999 -9999 -9999 -9999 -9999 -9999 -9999 -9999 -9999 -9999 -9999 -9999 1461.70581054688 1461.04260253906 1458.23120117188 1450.94555664062 1436.52062988281 1435.71398925781 1426.69128417969 1425.8662109375 1425.70837402344 1426.28930664062 1427.51110839844 1429.58410644531 1431.18432617188 1407.60327148438 1422.49035644531 1462.32788085938 1503.78515625 1573.71618652344 1491.75439453125 1365.26611328125 1270.76831054688 1242.23706054688 1248.08349609375 1240.35571289062 1219.57055664062 1200.19030761719 1169.81665039062 1161.07922363281 1153.36437988281 1149.97680664062 1156.92956542969 1206.45825195312 1256.30432128906 1316.88049316406 1278.39672851562 1231.07214355469 1197.07971191406 1177.54174804688 1123.08569335938 1048.7099609375
-9999 -9999 -9999 -9999 -9999 -9999 -9999 -9999 -9999 -9999 -9999 -9999 -9999 -9999 -9999 -9999 -9999 -9999 -9999 -9999 -9999 -9999 -9999 -9999 -9999 -9999 -9999 1457.61279296875 1458.93017578125 1457.32214355469 1449.26184082031 1435.94396972656 1435.390625 1435.5146484375 1435.58032226562 1436.34936523438 1435.33337402344 1432.73168945312 1417.84887695312 1422.361328125 1444.12487792969 1485.14929199219 1534.92517089844 1605.90551757812 1575.6181640625 1459.08374023438 1352.11206054688 1307.91906738281 1304.59753417969 1296.65856933594 1290.28698730469 1272.80224609375 1262.32983398438 1259.79016113281 1268.64868164062 1286.76452636719 1312.14196777344 1302.63098144531 1348.318359375 1340.60205078125 1318.36694335938 1280.59631347656 1226.98498535156 1195.40441894531 1162.81469726562 1102.37963867188
-9999 -9999 -9999 -9999 -9999 -9999 -9999 -9999 -9999 -9999 -9999 -9999 -9999 -9999 -9999 -9999 -9999 -9999 -9999 -9999 -9999 -9999 -9999 -9999 -9999 -9999 -9999 -9999 -9999 1457.60705566406 1456.79260253906 1449.32495117188 1448.50756835938 1435.35302734375 1436.2314453125 1437.2216796875 1441.55334472656 1435.84558105469 1439.97204589844 1456.8935546875 1483.693359375 1503.89416503906 1575.85290527344 1653.87329101562 1680.22229003906 1588.49157714844 1481.65258789062 1422.62670898438 1417.1162109375 1409.90112304688 1396.31848144531 1367.84228515625 1358.14587402344 1352.81359863281 1359.35168457031 1371.44604492188 1365.32287597656 1364.80102539062 1323.88293457031 1291.81469726562 1265.6015625 1230.27368164062 1212.83312988281 1183.9970703125 1161.59033203125 1122.52954101562
-9999 -9999 -9999 -9999 -9999 -9999 -9999 -9999 -9999 -9999 -9999 -9999 -9999 -9999 -9999 -9999 -9999 -9999 -9999 -9999 -9999 -9999 -9999 -9999 -9999 -9999 -9999 -9999 -9999 -9999 1458.09741210938 1457.23681640625 1456.89721679688 1457.04370117188 1452.09106445312 1454.06872558594 1445.96984863281 1452.98608398438 1474.1982421875 1483.7177734375 1525.84191894531 1569.279296875 1587.61047363281 1684.78088378906 1728.09619140625 1687.96142578125 1578.248046875 1498.10473632812 1534.20068359375 1473.29602050781 1466.27197265625 1433.876953125 1397.16381835938 1387.43701171875 1378.48083496094 1347.21740722656 1324.17785644531 1290.99084472656 1235.86682128906 1205.68908691406 1198.69189453125 1190.85852050781 1173.20373535156 1162.00610351562 1132.56335449219 1110.92468261719
-9999 -9999 -9999 -9999 -9999 -9999 -9999 -9999 -9999 -9999 -9999 -9999 -9999 -9999 -9999 -9999 -9999 -9999 -9999 -9999 -9999 -9999 -9999 -9999 -9999 -9999 -9999 -9999 -9999 -9999 -9999 1460.85632324219 1462.73449707031 1463.66809082031 1463.88684082031 1458.48352050781 1472.30322265625 1477.80358886719 1505.7431640625 1545.55456542969 1567.04663085938 1579.95727539062 1656.36462402344 1729.77746582031 1734.97448730469 1705.71997070312 1609.89196777344 1573.90222167969 1534.36279296875 1542.40979003906 1503.52990722656 1470.02648925781 1406.4755859375 1387.40270996094 1340.45202636719 1307.83569335938 1251.19982910156 1205.57556152344 1158.9619140625 1144.25646972656 1129.20251464844 1125.35864257812 1120.830078125 1115.03393554688 1110.36730957031 1104.9599609375
-9999 -9999 -9999 -9999 -9999 -9999 -9999 -9999 -9999 -9999 -9999 -9999 -9999 -9999 -9999 -9999 -9999 -9999 -9999 -9999 -9999 -9999 -9999 -9999 -9999 -9999 -9999 -9999 -9999 -9999 -9999 -9999 1464.60900878906 1466.70910644531 1468.83349609375 1477.41833496094 1489.64367675781 1519.1279296875 1544.90600585938 1557.40930175781 1575.70104980469 1585.8330078125 1656.11120605469 1735.06689453125 1708.33813476562 1653.37316894531 1584.17956542969 1538.837890625 1511.99377441406 1483.97985839844 1473.41638183594 1414.77880859375 1393.99072265625 1345.03271484375 1317.07849121094 1263.90673828125 1209.63391113281 1154.37585449219 1126.56433105469 1110.18371582031 1093.56616210938 1091.18103027344 1091.30261230469 1099.35021972656 1100.81555175781 1106.544921875
-9999 -9999 -9999 -9999 -9999 -9999 -9999 -9999 -9999 -9999 -9999 -9999 -9999 -9999 -9999 -9999 -9999 -9999 -9999 -9999 -9999 -9999 -9999 -9999 -9999 -9999 -9999 -9999 -9999 -9999 -9999 -9999 -9999 1469.40979003906 1478.68933105469 1488.92016601562 1517.78662109375 1541.34326171875 1548.42248535156 1558.98803710938 1584.36022949219 -9999 -9999 -9999 1657.53369140625 1619.81237792969 1573.23107910156 1515.41723632812 1485.00842285156 1473.28381347656 1422.23779296875 1401.2041015625 1372.55017089844 1338.46838378906 1301.80834960938 1240.68762207031 1182.53430175781 1128.79345703125 1104.10925292969 1089.02807617188 1092.82043457031 1094.34838867188 1096.73693847656 1100.4072265625 1109.01843261719 1108.94384765625
-9999 -9999 -9999 -9999 -9999 -9999 -9999 -9999 -9999 -9999 -9999 -9999 -9999 -9999 -9999 -9999 -9999 -9999 -9999 -9999 -9999 -9999 -9999 -9999 -9999 -9999 -9999 -9999 -9999 -9999 -9999 -9999 -9999 -9999 -9999 -9999 -9999 -9999 -9999 -9999 -9999 -9999 -9999 -9999 1651.8056640625 1640.88696289062 1571.392578125 1511.68127441406 1478.08361816406 1444.78332519531 1406.46008300781 1393.11645507812 1361.23010253906 1332.09619140625 1288.42517089844 1225.75451660156 1150.57678222656 1108.89990234375 1087.27868652344 1094.2314453125 1098.37841796875 1107.49938964844 1108.22302246094 1109.71459960938 1108.5732421875 1109.20520019531
-9999 -9999 -9999 -9999 -9999 -9999 -9999 -9999 -9999 -9999 -9999 -9999 -9999 -9999 -9999 -9999 -9999 -9999 -9999 -9999 -9999 -9999 -9999 -9999 -9999 -9999 -9999 -9999 -9999 -9999 -9999 -9999 -9999 -9999 -9999 -9999 -9999 -9999 -9999 -9999 -9999 -9999 -9999 -9999 1645.85473632812 1636.39208984375 1566.69348144531 1507.01281738281 1471.30102539062 1413.96728515625 1396.9833984375 1370.30249023438 1338.52124023438 1313.56591796875 1271.17492675781 1198.28942871094 1129.63781738281 1092.29663085938 1085.19348144531 1097.71008300781 1107.78759765625 1106.45642089844 1107.97583007812 1107.94519042969 1110.11853027344 1110.91955566406
-9999 -9999 -9999 -9999 -9999 -9999 -9999 -9999 -9999 -9999 -9999 -9999 -9999 -9999 -9999 -9999 -9999 -9999 -9999 -9999 -9999 -9999 -9999 -9999 -9999 -9999 -9999 -9999 -9999 -9999 -9999 -9999 -9999 -9999 -9999 -9999 -9999 -9999 -9999 -9999 -9999 -9999 -9999 -9999 1642.72521972656 1625.41870117188 1558.54919433594 1484.23498535156 1430.623046875 1386.40649414062 1350.17944335938 1330.74792480469 1309.51843261719 1289.46606445312 1234.99304199219 1177.59814453125 1118.61608886719 1089.59143066406 1096.3291015625 1107.82543945312 1107.56494140625 1107.75549316406 1108.63415527344 1111.66577148438 1113.88830566406 1113.85217285156
-9999 -9999 -9999 -9999 -9999 -9999 -9999 -9999 -9999 -9999 -9999 -9999 -9999 -9999 -9999 -9999 -9999 -9999 -9999 -9999 -9999 -9999 -9999 -9999 -9999 -9999 -9999 -9999 -9999 -9999 -9999 -9999 -9999 -9999 -9999 -9999 -9999 -9999 -9999 -9999 -9999 -9999 -9999 -9999 1638.93835449219 1589.41748046875 1537.15051269531 1477.20764160156 1410.63488769531 1350.47204589844 1320.50805664062 1295.33447265625 1249.916015625 1230.73400878906 1195.92687988281 1164.70751953125 1122.03857421875 1106.47290039062 1111.84777832031 1111.67077636719 1110.0576171875 1110.00939941406 1113.34802246094 1115.01416015625 1114.84033203125 1109.99060058594
-9999 -9999 -9999 -9999 -9999 -9999 -9999 -9999 -9999 -9999 -9999 -9999 -9999 -9999 -9999 -9999 -9999 -9999 -9999 -9999 -9999 -9999 -9999 -9999 -9999 -9999 -9999 -9999 -9999 -9999 -9999 -9999 -9999 -9999 -9999 -9999 -9999 -9999 -9999 -9999 -9999 -9999 -9999 1641.26086425781 1641.12963867188 1571.26477050781 1520.11083984375 1446.93957519531 1379.64782714844 1326.11181640625 1285.12438964844 1246.90966796875 1224.56616210938 1194.80151367188 1184.32958984375 1164.13989257812 1150.46081542969 1127.63891601562 1136.48107910156 1117.58862304688 1115.77673339844 1116.806640625 1131.94250488281 1134.2314453125 1113.93933105469 1104.87390136719
-9999 -9999 -9999 -9999 -9999 -9999 -9999 -9999 -9999 -9999 -9999 -9999 -9999 -9999 -9999 -9999 -9999 -9999 -9999 -9999 -9999 -9999 -9999 -9999 -9999 -9999 -9999 -9999 -9999 -9999 -9999 -9999 -9999 -9999 -9999 -9999 -9999 -9999 -9999 -9999 -9999 -9999 1672.84655761719 1640.7236328125 1606.6103515625 1558.01086425781 1508.126953125 1441.44262695312 1369.3203125 1313.89318847656 1266.2080078125 1231.46887207031 1201.46154785156 1193.48657226562 1178.44812011719 1170.12072753906 1164.06665039062 1160.64172363281 1146.81872558594 1143.10864257812 1142.35510253906 1142.32336425781 1141.1015625 1136.80834960938 1115.01196289062 1105.29479980469
-9999 -9999 -9999 -9999 -9999 -9999 -9999 -9999 -9999 -9999 -9999 -9999 -9999 -9999 -9999 -9999 -9999 -9999 -9999 -9999 -9999 -9999 -9999 -9999 -9999 -9999 -9999 -9999 -9999 -9999 -9999 -9999 -9999 -9999 -9999 -9999 -9999 -9999 -9999 -9999 -9999 -9999 1673.70556640625 1637.94116210938 1583.16833496094 1551.62744140625 1505.30529785156 1442.30224609375 1367.95861816406 1312.5859375 1249.44702148438 1220.77709960938 1191.76171875 1195.5224609375 1189.66650390625 1180.67504882812 1169.39782714844 1163.11047363281 1159.38452148438 1159.54370117188 1157.58850097656 1155.71826171875 1146.66394042969 1141.44775390625 1131.40954589844 1107.234375
-9999 -9999 -9999 -9999 -9999 -9999 -9999 -9999 -9999 -9999 -9999 -9999 -9999 -9999 -9999 -9999 -9999 -9999 -9999 -9999 -9999 -9999 -9999 -9999 -9999 -9999 -9999 -9999 -9999 -9999 -9999 -9999 -9999 -9999 -9999 -9999 -9999 -9999 -9999 -9999 -9999 -9999 1659.66857910156 1641.08142089844 1571.46044921875 1546.18005371094 1509.66064453125 1453.71911621094 1373.01208496094 1320.68017578125 1251.58776855469 1208.25708007812 1184.37927246094 1181.21948242188 1188.46008300781 1186.21520996094 1183.07189941406 1175.97033691406 1167.26098632812 1163.63940429688 1160.09240722656 1158.25695800781 1158.15295410156 1147.97644042969 1141.35412597656 1117.20703125
-9999 -9999 -9999 -9999 -9999 -9999 -9999 -9999 -9999 -9999 -9999 -9999 -9999 -9999 -9999 -9999 -9999 -9999 -9999 -9999 -9999 -9999 -9999 -9999 -9999 -9999 -9999 -9999 -9999 -9999 -9999 -9999 -9999 -9999 -9999 -9999 -9999 -9999 -9999 -9999 -9999 -9999 1665.40161132812 1647.26550292969 1571.21130371094 1538.93884277344 1505.25769042969 1468.35302734375 1400.55139160156 1327.23071289062 1254.20166015625 1215.42883300781 1179.30236816406 1178.77563476562 1190.66149902344 1191.12805175781 1188.537109375 1185.42651367188 1181.64208984375 1175.107421875 1165.52697753906 1163.02087402344 1159.18786621094 1157.92419433594 1161.5009765625 1148.80895996094
-9999 -9999 -9999 -9999 -9999 -9999 -9999 -9999 -9999 -9999 -9999 -9999 -9999 -9999 -9999 -9999 -9999 -9999 -9999 -9999 -9999 -9999 -9999 -9999 -9999 -9999 -9999 -9999 -9999 -9999 -9999 -9999 -9999 -9999 -9999 -9999 -9999 -9999 -9999 -9999 -9999 -9999 1724.37719726562 1665.99060058594 1582.02685546875 1546.21594238281 1516.08935546875 1474.41979980469 1406.052734375 1334.08435058594 1260.65563964844 1216.03405761719 1180.64892578125 1178.95275878906 1193.91040039062 1193.75720214844 1192.29797363281 1190.52880859375 1187.62573242188 1184.23107910156 1180.17346191406 1168.46862792969 1166.447265625 1168.92553710938 1187.44750976562 1189.19445800781
