Rscript/test/SnowDepthMapFile-max-1989-06.asc
ncols 320 
nrows 361 
xllcorner 618410.159 
yllcorner 5088785.286 
cellsize 100 
NODATA_value -9999 
[rows 58 to 86 of 361, columns 132 to 197 of 320]
808.295837402344 803.218505859375 795.39892578125 783.706909179688 760.611938476562 728.993774414062 710.763427734375 668.221801757812 637.888305664062 607.760498046875 584.402587890625 567.576110839844 557.997741699219 553.168212890625 554.778625488281 559.297241210938 577.8974609375 579.460144042969 559.681091308594 534.063842773438 506.12841796875 476.263061523438 448.933319091797 409.502716064453 367.742553710938 319.516448974609 291.680816650391 256.187866210938 227.89533996582 192.358474731445 160.200408935547 101.213424682617 41.2680397033691 3.79522299766541 0.0651659965515137 0 0 0 0 0.0876649990677834 6.47247791290283 72.3904647827148 109.576461791992 161.967407226562 203.937866210938 254.82405090332 291.791290283203 311.598419189453 335.003753662109 360.062347412109 398.926239013672 441.626434326172 445.821838378906 374.648803710938 299.283752441406 275.507537841797 270.040283203125 264.185241699219 256.316802978516 243.807006835938 231.665222167969 230.677200317383 250.828369140625 267.343841552734 253.103012084961 206.205673217773
809.369018554688 799.690124511719 791.271118164062 767.715209960938 732.459533691406 715.435363769531 696.149047851562 667.326232910156 634.034851074219 601.125 576.578735351562 561.910522460938 559.67041015625 553.945739746094 550.470336914062 554.561340332031 556.218017578125 561.784851074219 548.918701171875 515.932739257812 474.401306152344 436.416687011719 386.497680664062 327.918304443359 298.300506591797 266.149108886719 236.739196777344 207.392486572266 187.51350402832 174.235534667969 142.925094604492 100.972518920898 30.4600391387939 3.73285102844238 0.0779279991984367 0 0 0 0 0.0622089989483356 4.68538093566895 55.5734062194824 99.3879013061523 163.081832885742 200.019378662109 239.333129882812 254.612182617188 255.530944824219 256.340240478516 265.848358154297 293.077087402344 333.767364501953 393.855285644531 389.243041992188 325.363464355469 289.348205566406 271.669006347656 256.829315185547 247.354766845703 239.893157958984 226.42658996582 216.205703735352 222.783920288086 234.822601318359 226.088333129883 192.152282714844
803.402282714844 791.767578125 774.801391601562 742.571838378906 723.782348632812 711.481384277344 692.210754394531 671.873657226562 643.188720703125 617.335632324219 594.626892089844 575.861022949219 560.607299804688 552.047668457031 539.058837890625 550.011474609375 560.469299316406 556.734252929688 538.202514648438 500.057281494141 444.342742919922 392.52001953125 329.989288330078 293.554260253906 258.756225585938 229.651412963867 200.570404052734 178.610076904297 165.440277099609 137.60954284668 113.576553344727 94.0986480712891 17.5019512176514 2.7068030834198 0.079195998609066 0 0 0 0 0.0436899997293949 3.18372797966003 31.4799461364746 100.663848876953 154.472320556641 193.554870605469 223.833312988281 218.840637207031 209.377655029297 210.884963989258 220.931350708008 237.442687988281 264.627502441406 312.146301269531 340.881500244141 327.91162109375 290.293182373047 272.984985351562 255.455062866211 239.932525634766 230.427932739258 223.10368347168 215.452331542969 203.299331665039 206.108184814453 201.943054199219 178.799606323242
792.999816894531 776.4267578125 749.775390625 731.311706542969 716.721374511719 707.109375 695.541931152344 682.919250488281 652.691284179688 630.896240234375 606.887878417969 573.566833496094 550.800231933594 543.228210449219 534.617797851562 539.59814453125 550.600463867188 547.232788085938 523.140747070312 474.55908203125 411.485046386719 349.913879394531 301.2587890625 265.971069335938 234.053375244141 205.374664306641 181.041793823242 158.809753417969 125.681106567383 108.128211975098 93.3047866821289 29.4692497253418 8.64626789093018 0.539731025695801 0.0554919987916946 0 0 0 0 0.0216760002076626 1.35666298866272 18.1424884796143 99.7718353271484 137.804534912109 191.225708007812 205.702178955078 193.231643676758 182.969696044922 179.033172607422 185.380599975586 197.645278930664 227.442474365234 260.126434326172 287.572784423828 289.636810302734 276.808227539062 264.297637939453 251.942291259766 233.579971313477 219.728149414062 206.484710693359 191.518630981445 182.364059448242 183.080810546875 177.383987426758 151.737747192383
759.557739257812 739.466064453125 726.156311035156 712.684631347656 695.947143554688 687.58154296875 682.791870117188 660.882202148438 638.119506835938 610.171936035156 567.118469238281 537.354675292969 516.485778808594 503.257232666016 503.667846679688 512.216674804688 520.976928710938 517.399230957031 497.443328857422 441.374420166016 385.796783447266 319.839263916016 282.079803466797 242.338653564453 215.249816894531 193.885223388672 169.068740844727 128.845886230469 110.660606384277 75.8546752929688 19.469877243042 8.65638732910156 2.54350709915161 0 0.00333300000056624 0 0 0 0 0 0.370231002569199 10.1486511230469 81.9840698242188 119.854545593262 165.856597900391 177.743545532227 168.940292358398 154.678558349609 153.350997924805 162.886489868164 173.38117980957 189.966751098633 220.709213256836 236.433868408203 241.166473388672 229.64289855957 228.909423828125 232.933746337891 227.314041137695 211.07014465332 184.37629699707 163.323593139648 153.503829956055 149.012252807617 143.526992797852 131.529693603516
729.95751953125 716.505554199219 692.972717285156 658.4609375 644.637634277344 635.558776855469 621.848266601562 597.964477539062 558.865966796875 523.260314941406 489.553283691406 462.648712158203 447.729797363281 444.645904541016 446.031524658203 447.950561523438 464.312072753906 462.765563964844 442.254486083984 404.920318603516 346.192993164062 303.615203857422 260.896026611328 229.370758056641 207.440811157227 187.831970214844 148.861953735352 121.325744628906 76.9216461181641 15.5762224197388 6.16255903244019 1.64962196350098 0 0.0410690009593964 0 0 0 0 0 0 0.0890090018510818 3.94307804107666 24.9687557220459 103.261993408203 127.195655822754 135.585021972656 128.291809082031 122.597816467285 123.958908081055 124.572891235352 144.972427368164 172.494186401367 188.270111083984 195.894424438477 192.062469482422 189.587295532227 195.374374389648 212.201248168945 219.800567626953 196.063201904297 159.933822631836 147.310501098633 135.958068847656 128.423721313477 126.810684204102 115.74739074707
715.033203125 689.233520507812 659.129577636719 636.488037109375 618.103637695312 596.0908203125 565.353332519531 531.34765625 502.114105224609 468.279632568359 447.603576660156 423.162689208984 406.74267578125 390.702606201172 385.686492919922 391.856292724609 402.553253173828 404.4951171875 397.928100585938 370.109313964844 334.679290771484 296.940582275391 252.817230224609 225.284133911133 205.080993652344 176.136657714844 138.20280456543 108.345909118652 26.2821464538574 6.98116111755371 1.13298404216766 0 0.0453619994223118 0 0 0 0 0 0 0 0 0.335045993328094 6.59521102905273 29.78395652771 88.7448883056641 97.302619934082 99.4627151489258 92.0681304931641 96.0736389160156 107.447776794434 117.86661529541 139.115585327148 165.031372070312 172.782958984375 165.162994384766 157.060928344727 160.307174682617 174.479125976562 186.417175292969 173.810119628906 142.113861083984 130.333282470703 109.206428527832 98.5526428222656 87.2037200927734 49.8382797241211
707.361572265625 666.536071777344 643.68994140625 625.839721679688 606.445251464844 576.850769042969 535.416748046875 522.610961914062 496.296447753906 448.940979003906 424.681030273438 403.402984619141 373.658203125 366.582305908203 368.510009765625 367.3251953125 365.515380859375 362.253082275391 377.595825195312 364.486511230469 334.256195068359 294.43798828125 248.818817138672 221.754577636719 205.571258544922 170.247222900391 134.418228149414 97.4690780639648 17.1058177947998 4.28441905975342 0 0.063790000975132 0 0 0 0 0 0 0 0 0 0.0293339993804693 0 3.87143301963806 9.16824531555176 12.4267158508301 12.7475881576538 9.3014497756958 13.6234436035156 30.7030353546143 96.1773452758789 116.868766784668 129.354644775391 130.278762817383 120.767318725586 122.03685760498 130.687896728516 139.270385742188 150.199035644531 149.928329467773 129.425109863281 102.8994140625 37.4286499023438 16.4736270904541 8.96995162963867 8.83485412597656
676.363464355469 672.192810058594 655.659484863281 635.820251464844 609.62255859375 576.791931152344 545.605224609375 506.288421630859 482.639495849609 482.690246582031 455.493255615234 426.980346679688 397.313507080078 381.342803955078 367.512115478516 366.576904296875 364.119079589844 366.502471923828 375.609161376953 366.822570800781 337.174133300781 297.096588134766 253.862640380859 224.984390258789 205.807006835938 168.083068847656 130.759307861328 89.5670318603516 12.9754762649536 2.8008439540863 0 0.0135460002347827 0 0 0 0 0 0 0 0 0 0 0 0.056453999131918 0 0 0.507004976272583 0.205953001976013 2.39758110046387 6.68048810958862 20.294132232666 88.3697204589844 109.164894104004 106.873817443848 99.8959503173828 97.9100112915039 103.709671020508 118.386405944824 127.832893371582 131.122650146484 112.803886413574 51.502067565918 8.46392822265625 5.72283601760864 2.86532402038574 1.07270205020905
692.867797851562 657.163391113281 644.269592285156 633.032836914062 618.1875 588.9013671875 545.110900878906 519.077575683594 499.994689941406 477.625823974609 460.491271972656 437.513458251953 416.478393554688 387.246154785156 366.102478027344 368.534210205078 366.508514404297 379.250244140625 381.622680664062 371.225891113281 339.760101318359 299.069427490234 257.187530517578 229.089279174805 203.98014831543 168.192779541016 126.898902893066 84.6380081176758 10.4086532592773 1.79109001159668 0.099531002342701 0 0 0 0 0 0 0 0 0 0 0 0 0 0 0 0.000945999985560775 0.0353819988667965 0.0931610018014908 0.442853987216949 5.11203479766846 12.3580532073975 27.1481857299805 26.5608291625977 17.4798908233643 15.0106935501099 21.1904716491699 51.0153923034668 82.427116394043 82.9333343505859 52.1202926635742 16.3063316345215 6.54048204421997 0 0 0.122215002775192
680.752136230469 654.031494140625 646.89453125 646.809692382812 640.189208984375 621.923889160156 580.732116699219 541.436279296875 513.998168945312 493.74365234375 475.862060546875 460.136779785156 437.738433837891 420.976348876953 399.149017333984 391.055114746094 386.754119873047 395.456085205078 397.285705566406 382.003295898438 340.959594726562 302.942535400391 266.721832275391 235.896011352539 205.403518676758 168.503051757812 122.882217407227 78.5842361450195 9.1080493927002 1.38721299171448 0.0932929962873459 0 0 0 0 0 0 0 0 0 0 0 0 0 0 0 0 0 0 0.044574998319149 0 2.47360801696777 5.17179298400879 4.90701484680176 3.43009209632874 3.48015189170837 5.71399402618408 8.24914264678955 8.65582942962646 8.69937992095947 8.33901691436768 7.89978504180908 3.48806810379028 0 0.0878330022096634 0.00525500020012259
716.833251953125 690.723937988281 688.885620117188 698.880310058594 682.209411621094 653.016052246094 625.221923828125 579.167846679688 550.2021484375 540.191040039062 533.293395996094 509.668273925781 472.014465332031 449.099395751953 441.348022460938 436.888671875 439.487060546875 441.661315917969 437.186859130859 398.477325439453 344.973022460938 305.394989013672 275.055938720703 238.415237426758 204.725234985352 172.218154907227 120.768707275391 83.9180526733398 11.8612470626831 2.47590494155884 0 0.0182380005717278 0 0 0 0 0 0 0 0 0 0 0 0 0 0 0 0 0 0 0.00561500014737248 0.0888929963111877 0 0 0.120287999510765 0 0.392556995153427 0.583764016628265 1.36416804790497 2.36504697799683 3.49141192436218 3.25631999969482 0.663398027420044 0 0.0255939997732639 0
780.492858886719 762.228149414062 746.238403320312 738.904418945312 731.138305664062 704.381042480469 650.184448242188 613.967651367188 590.182739257812 590.048095703125 591.258728027344 572.127380371094 536.10205078125 506.821258544922 484.946685791016 486.142181396484 482.966705322266 480.182800292969 468.361663818359 435.521514892578 378.836517333984 315.232635498047 284.218902587891 244.575897216797 206.611434936523 177.898651123047 126.907043457031 99.4269104003906 23.1565628051758 5.96444511413574 0.500890016555786 0.102333001792431 0.0172070004045963 0 0 0 0 0 0 0 0 0 0 0 0 0 0 0 0 0 0 0 0 0 0 0 0.0305230002850294 0.0738649964332581 0.113156996667385 0 0.481265991926193 0 0 0.0796279981732368 0 0
855.857666015625 831.181091308594 801.76025390625 787.657409667969 764.356384277344 731.62060546875 690.082214355469 664.784057617188 663.247863769531 661.295227050781 645.473449707031 626.527404785156 601.821472167969 565.107055664062 542.455383300781 533.250610351562 525.940185546875 527.183349609375 516.381042480469 487.108612060547 432.738006591797 366.239959716797 302.553619384766 260.466461181641 217.891067504883 181.978332519531 147.116897583008 107.69783782959 72.9147872924805 18.3205490112305 6.83826780319214 2.73680210113525 0.342786997556686 0.0622560009360313 0 0 0 0 0 0 0 0 0 0 0 0 0 0 0 0 0 0 0 0 0 0 0 0 0.0015999999595806 0.0720809996128082 0.134191006422043 0 0.0832839980721474 0 0 0
924.827026367188 876.41748046875 842.384887695312 828.19677734375 796.770690917969 778.830322265625 780.11181640625 787.638610839844 786.143371582031 746.889465332031 690.851257324219 650.222351074219 626.563415527344 602.785583496094 577.818481445312 560.649719238281 555.873962402344 575.889038085938 578.471862792969 546.469909667969 479.682220458984 413.601287841797 332.973785400391 284.228118896484 238.679183959961 200.050827026367 177.933013916016 136.16618347168 104.495941162109 84.7958145141602 42.2081413269043 18.7185611724854 8.54549694061279 1.41680204868317 0.0864799991250038 0 0 0 0 0 0 0 0 0 0 0 0 0 0 0 0 0 0 0 0 0 0 0 0 0.00882599968463182 0.0579250007867813 0.0482299998402596 0 0 0 0
963.690246582031 934.442016601562 905.068054199219 868.012756347656 856.678100585938 879.802734375 917.9462890625 868.731384277344 856.699035644531 836.76416015625 751.05224609375 687.350402832031 640.513244628906 617.167724609375 601.026184082031 591.520385742188 599.197204589844 621.215454101562 629.771667480469 581.911071777344 512.202941894531 443.297454833984 377.290924072266 304.10498046875 261.287139892578 227.443466186523 200.844665527344 179.432022094727 145.36946105957 116.95768737793 105.271621704102 98.3609085083008 41.6401252746582 9.13338947296143 0 0.0693700015544891 0 0 0 0 0 0 0 0 0 0 0 0 0 0 0 0 0 0 0 0 0 0 0 0 0 0 0 0 0 0
1000.28112792969 986.403259277344 948.55029296875 949.411254882812 948.748596191406 930.7353515625 925.4658203125 914.924621582031 888.906677246094 855.257385253906 826.435119628906 767.507568359375 703.696533203125 648.497131347656 633.133544921875 633.442260742188 647.295959472656 663.338806152344 645.829467773438 604.012145996094 529.195007324219 468.745910644531 413.154663085938 326.042785644531 283.727722167969 246.756683349609 229.313171386719 206.60498046875 184.340225219727 171.204345703125 148.828872680664 123.97484588623 97.5520477294922 21.8390274047852 5.19244003295898 0 0.0389750003814697 0 0 0 0 0 0 0 0 0 0 0 0 0 0 0 0 0 0 0 0 0 0 0 0 0 0 0 0 0
886.66796875 936.832885742188 982.41943359375 953.53369140625 940.27001953125 923.944152832031 863.181396484375 837.260925292969 828.195983886719 841.090026855469 855.584594726562 834.587158203125 767.467407226562 761.0322265625 734.010070800781 731.094299316406 727.170043945312 676.039733886719 669.898193359375 628.758972167969 569.897338867188 503.854370117188 439.191528320312 365.519683837891 303.567474365234 276.844024658203 253.076721191406 233.421188354492 212.248321533203 191.994155883789 178.410385131836 140.157867431641 110.550598144531 62.7734413146973 12.0405139923096 3.56344795227051 0 0 0 0 0 0 0 0 0 0 0 0 0 0 0 0 0 0 0 0 0 0 0 0 0 0 0 0 0 0
761.059631347656 798.449890136719 859.987915039062 894.044189453125 898.147399902344 858.099853515625 829.394287109375 795.075134277344 782.674926757812 773.481323242188 792.164672851562 812.394409179688 821.709655761719 781.474792480469 754.758972167969 729.396057128906 702.585388183594 709.732055664062 665.966125488281 656.524719238281 618.669250488281 557.9970703125 483.957427978516 419.01220703125 347.925964355469 305.814971923828 284.653961181641 261.842864990234 238.596786499023 207.424606323242 178.564346313477 156.728485107422 118.334373474121 102.510406494141 50.7531471252441 11.9452342987061 2.84433197975159 0.0909100025892258 0 0 0 0 0 0 0 0 0 0 0 0 0 0 0 0 0 0 0 0 0 0 0 0 0 0 0 0
674.100402832031 697.594360351562 743.278198242188 782.502502441406 833.162170410156 845.182250976562 813.19091796875 784.255920410156 776.663146972656 747.920837402344 738.728088378906 735.648132324219 734.249206542969 730.065002441406 704.23583984375 666.077026367188 644.210632324219 640.381958007812 636.352111816406 636.369995117188 631.286926269531 597.807250976562 535.322692871094 472.117431640625 418.235046386719 362.028778076172 318.417938232422 300.441009521484 275.961364746094 241.576690673828 192.233245849609 162.764389038086 150.177001953125 119.031356811523 102.714294433594 58.4963264465332 10.4168519973755 1.4042329788208 0.0540239997208118 0 0 0 0 0 0 0 0 0 0 0 0 0 0 0 0 0 0 0 0 0 0 0 0 0 0 0
622.082885742188 642.950622558594 664.505187988281 700.309204101562 762.934814453125 812.099243164062 815.904235839844 790.732971191406 771.055236816406 761.907470703125 738.454345703125 720.981994628906 681.504272460938 648.0068359375 625.284301757812 601.723754882812 576.502380371094 565.485290527344 555.398010253906 557.140075683594 561.315307617188 577.220703125 570.246704101562 540.536193847656 482.4482421875 437.251525878906 408.108917236328 391.011383056641 367.192687988281 309.106567382812 250.463714599609 198.987686157227 173.199020385742 161.04833984375 128.392761230469 100.942314147949 42.7924766540527 10.1798400878906 0 0.0137280002236366 0 0 0 0 0 0 0 0 0 0 0 0 0 0 0 0 0 0 0 0 0 0 0 0 0 0
561.756591796875 584.445190429688 603.448425292969 639.385131835938 685.376098632812 749.227905273438 789.749877929688 795.42236328125 773.686157226562 746.330200195312 738.772827148438 718.482482910156 671.9052734375 634.541809082031 597.448364257812 564.209289550781 544.811950683594 530.131469726562 516.057983398438 502.854217529297 501.884765625 517.237487792969 553.866333007812 570.325927734375 561.177856445312 520.831970214844 491.269592285156 482.200958251953 461.682434082031 416.251312255859 322.204895019531 263.494659423828 218.304092407227 189.478134155273 169.270401000977 125.739822387695 99.8878631591797 26.9099922180176 5.23045682907104 0 0 0 0 0 0 0 0 0 0 0 0 0 0 0 0 0 0 0 0 0 0 0 0 0 0 0
475.999633789062 494.505950927734 530.949890136719 554.506591796875 589.712707519531 645.221008300781 721.206665039062 763.728271484375 787.13525390625 763.69970703125 732.939575195312 710.365051269531 665.804443359375 626.67041015625 593.47509765625 561.671691894531 546.161499023438 518.117309570312 502.908355712891 477.784393310547 465.228973388672 464.513488769531 481.701812744141 524.079650878906 550.843994140625 573.591186523438 556.759338378906 542.293395996094 500.372985839844 438.097503662109 358.270782470703 294.532318115234 249.321624755859 217.134704589844 199.590957641602 165.650329589844 121.398223876953 87.7602767944336 17.6110000610352 2.53971099853516 0.053141999989748 0 0 0 0 0 0 0 0 0 0 0 0 0 0 0 0 0 0 0 0 0 0 0 0 0
398.034118652344 408.820373535156 431.579376220703 454.101837158203 475.925506591797 526.769165039062 587.943542480469 658.861572265625 731.631469726562 766.618530273438 732.630432128906 702.129577636719 652.454040527344 615.956298828125 586.380493164062 564.719116210938 532.988403320312 517.796020507812 498.111907958984 459.598876953125 437.899017333984 412.387268066406 419.626586914062 438.289184570312 483.577301025391 551.626770019531 598.969787597656 576.372924804688 498.81396484375 414.028961181641 323.419036865234 286.471740722656 252.276718139648 237.897232055664 222.337966918945 202.761672973633 163.010543823242 119.446624755859 68.6244659423828 7.74986410140991 0 0 0 0 0 0 0 0 0 0 0 0 0 0 0 0 0 0 0 0 0 0 0 0 0 0
319.089721679688 320.161743164062 339.525787353516 352.091033935547 378.084106445312 418.827545166016 465.136871337891 547.091003417969 630.022705078125 678.719787597656 727.099975585938 717.655029296875 680.099426269531 629.48583984375 595.272277832031 562.743774414062 532.893981933594 512.448059082031 471.094970703125 440.219299316406 392.471252441406 364.633972167969 344.527252197266 359.598571777344 398.869262695312 444.592895507812 489.086059570312 502.800384521484 443.675811767578 368.90673828125 287.820343017578 253.544570922852 232.289916992188 222.568069458008 222.629913330078 218.35595703125 194.467620849609 148.660934448242 114.57056427002 29.9373512268066 4.18367576599121 0.0758100003004074 0 0 0 0 0 0 0 0 0 0 0 0 0 0 0 0 0 0 0 0 0 0 0 0
273.489715576172 257.850769042969 248.032623291016 254.420104980469 297.088928222656 337.46923828125 379.99365234375 445.471496582031 502.593017578125 581.962341308594 664.15283203125 719.665100097656 717.945739746094 675.660888671875 622.594421386719 578.911804199219 536.408935546875 501.224517822266 461.003051757812 410.097045898438 361.415008544922 346.319305419922 327.962860107422 308.295227050781 308.098876953125 359.275939941406 413.818145751953 413.846618652344 386.154815673828 304.675933837891 259.958251953125 223.608322143555 208.048828125 201.686660766602 189.427581787109 181.297821044922 180.573120117188 171.692230224609 138.472259521484 83.7693023681641 9.09621810913086 0.392150014638901 0.00322999991476536 0 0 0 0 0 0 0 0 0 0 0 0 0 0 0 0 0 0 0 0 0 0 0
239.563827514648 227.158386230469 219.369705200195 218.957138061523 228.262985229492 247.717834472656 315.940277099609 381.736663818359 428.814544677734 477.04736328125 556.16357421875 652.465881347656 713.799560546875 706.005126953125 689.161071777344 611.741027832031 531.428771972656 483.059967041016 437.511688232422 380.402587890625 334.647186279297 315.661010742188 297.009399414062 286.798400878906 279.901458740234 287.633270263672 317.173675537109 325.09423828125 301.352905273438 267.880065917969 231.251815795898 206.731689453125 191.948883056641 168.68620300293 144.437957763672 136.765838623047 134.714859008789 140.009963989258 138.262771606445 96.9146957397461 17.6899394989014 2.57448410987854 0.0623599998652935 0 0 0 0 0 0 0 0 0 0 0 0 0 0 0 0 0 0 0 0 0 0 0
230.810470581055 217.477981567383 203.623962402344 192.931045532227 193.031478881836 211.052261352539 246.506622314453 290.876953125 374.110504150391 415.242736816406 475.726654052734 555.443542480469 658.601257324219 712.251831054688 685.430236816406 609.51806640625 530.874267578125 464.731536865234 414.729431152344 322.615905761719 301.166351318359 277.348022460938 256.088562011719 244.208831787109 239.682250976562 251.420684814453 274.12255859375 272.098022460938 251.932708740234 227.500747680664 208.206787109375 191.857864379883 169.741500854492 135.887176513672 117.934089660645 95.5616455078125 77.8117065429688 82.8835678100586 84.9785919189453 59.4076919555664 15.4269151687622 3.68731904029846 0.0964329987764359 0 0 0 0 0 0 0 0 0 0 0 0 0 0 0 0 0 0 0 0 0 0 0
225.155395507812 213.698959350586 196.194534301758 185.867797851562 176.344665527344 177.338714599609 202.891510009766 248.891036987305 285.531616210938 368.050537109375 416.542846679688 481.715118408203 575.336059570312 639.010498046875 639.859069824219 568.740112304688 501.125427246094 439.839141845703 364.316925048828 293.343353271484 258.762725830078 235.244400024414 225.875640869141 217.229553222656 208.323806762695 211.037155151367 219.659042358398 215.892303466797 209.430374145508 197.434829711914 190.897445678711 179.567245483398 142.556579589844 114.280158996582 64.7313461303711 18.0079078674316 8.45480537414551 7.91636610031128 10.0490198135376 10.7661275863647 7.47415685653687 2.07974910736084 0.0932229980826378 0 0 0 0 0 0 0 0 0 0 0 0 0 0 0 0 0 0 0 0 0 0 0
