Rscript/test/SnowDepthMapFile-max-1989-06.asc
ncols 320 
nrows 361 
xllcorner 618410.159 
yllcorner 5088785.286 
cellsize 100 
NODATA_value -9999 
[rows 203 to 231 of 361, columns 66 to 131 of 320]
357.343780517578 332.757995605469 326.034118652344 331.246459960938 318.150146484375 329.782043457031 302.835540771484 301.078887939453 262.620269775391 233.342254638672 209.735900878906 190.390777587891 166.12028503418 115.400131225586 28.192066192627 7.73137998580933 0 0.001899000024423 0 0 0 0 0 0 0 0 0 0 0 0 0 0 0 0 0 0 0 0 0 0 0 0 0 0 0 0 0 0 0 0 0 0 0 0.00230999989435077 0.00679499981924891 0 0 0.256249010562897 2.07042098045349 2.99603009223938 1.53062403202057 0 0.00655899988487363 0 0 0
337.174041748047 328.830200195312 341.16552734375 326.791931152344 333.654113769531 314.929809570312 292.244903564453 275.127105712891 257.839660644531 245.046829223633 242.970916748047 242.239730834961 223.846252441406 158.447113037109 67.1056671142578 17.5659198760986 0.696998000144958 0.00655499985441566 0 0 0 0 0 0 0 0 0 0 0 0 0 0 0 0 0 0 0 0 0 0 0 0 0 0 0 0 0 0 0 0 0 0 0 0 0 0 0 0.00600099982693791 0 0 0 0 0.00255200010724366 0 0 0
345.113067626953 340.357421875 331.108215332031 320.646697998047 295.751281738281 291.025054931641 294.334228515625 293.781188964844 280.463348388672 278.942169189453 282.791900634766 280.983245849609 260.063323974609 190.673950195312 110.152305603027 24.8909587860107 5.30951118469238 0.0175500009208918 0 0 0 0 0 0 0 0 0 0 0 0 0 0 0 0 0 0 0 0 0 0 0 0 0 0 0 0 0 0 0 0 0 0 0 0 0 0 0 0 0.0000969999964581802 0.00547799980267882 0.00725799985229969 0.0049040000885725 0 0 0 0
369.323791503906 342.450378417969 319.556915283203 308.906402587891 314.356658935547 372.809967041016 404.688598632812 410.003814697266 388.940704345703 359.936431884766 332.270080566406 301.437255859375 264.195098876953 210.970504760742 128.874969482422 28.4096164703369 8.85761642456055 0 0.00572199979797006 0 0 0 0 0 0 0 0 0 0 0 0 0 0 0 0 0 0 0 0 0 0 0 0 0 0 0 0 0 0 0 0 0 0 0 0 0 0 0 0 0 0 0 0 0 0 0
437.324462890625 368.729766845703 360.169281005859 383.73291015625 424.459320068359 477.715698242188 510.113006591797 522.140625 495.378875732422 431.181182861328 347.587280273438 294.463256835938 264.573852539062 223.996292114258 144.98811340332 46.4012260437012 17.7279090881348 2.11963891983032 0 0.00614099996164441 0 0 0 0 0 0 0 0 0 0 0 0 0 0 0 0 0 0 0 0 0 0 0 0 0 0 0 0 0 0 0 0 0 0 0 0 0 0 0 0 0 0 0 0 0 0
464.812133789062 432.987365722656 434.347259521484 457.883148193359 511.292633056641 594.867919921875 616.659545898438 600.567199707031 521.401977539062 439.597808837891 342.202178955078 296.883026123047 273.237762451172 238.960021972656 166.978088378906 83.750129699707 27.1300868988037 8.00292682647705 1.14094400405884 0 0 0 0 0 0.0310980007052422 0.953073024749756 1.03768801689148 0.0262250006198883 0 0.005216000135988 0 0 0 0 0 0 0 0 0 0 0 0 0 0 0 0 0 0 0 0 0 0 0 0 0 0 0 0 0 0 0 0 0 0 0 0
500.304534912109 490.270843505859 511.962493896484 559.246826171875 636.054565429688 697.500793457031 672.755615234375 596.113403320312 509.227569580078 439.437713623047 354.901184082031 317.191497802734 285.458068847656 258.574890136719 196.024566650391 137.268203735352 42.0214385986328 24.9031677246094 8.3039493560791 4.04989385604858 2.424880027771 5.9093542098999 8.51102828979492 12.9500102996826 17.1836528778076 21.1833763122559 23.5022277832031 20.0607357025146 13.023777961731 6.61245584487915 0.0662819966673851 0.0103700002655387 0.000555999984499067 0 0 0 0 0 0 0 0 0 0 0 0 0 0 0 0 0 0 0 0 0 0 0 0 0 0 0 0 0 0 0 0 0
570.068237304688 586.477111816406 624.1220703125 691.362487792969 747.833740234375 721.580871582031 662.92041015625 578.445556640625 514.555236816406 458.539855957031 374.988922119141 332.330413818359 303.902709960938 276.053100585938 239.003997802734 174.955535888672 117.948120117188 35.2330055236816 27.1906471252441 18.8937854766846 17.2807006835938 23.0941429138184 27.6136074066162 30.6764945983887 43.0521125793457 66.3961791992188 80.5889892578125 76.1151275634766 33.6568031311035 24.5599784851074 16.326244354248 9.81869316101074 1.59904205799103 0 0.0107899997383356 0 0 0 0 0 0 0 0 0 0 0 0 0 0 0 0 0 0 0 0 0 0 0 0 0 0 0 0 0 0 0
683.884643554688 718.93701171875 743.767395019531 771.341857910156 753.496826171875 696.192260742188 635.187316894531 587.701049804688 536.730529785156 483.801513671875 406.363494873047 359.671142578125 320.539276123047 291.845855712891 269.383666992188 224.48307800293 167.500396728516 119.640396118164 58.8134994506836 32.3389434814453 31.4408702850342 44.9631576538086 88.7760391235352 135.102874755859 145.354187011719 156.258255004883 169.077377319336 165.162216186523 144.415451049805 95.1469116210938 31.508243560791 26.1623611450195 23.5780715942383 15.0913782119751 9.41977691650391 0.0232890006154776 0.0072010001167655 0 0 0 0 0 0 0 0 0 0 0 0 0 0 0 0 0 0 0 0 0 0 0 0 0 0 0 0 0
828.499328613281 835.838684082031 807.0751953125 764.205200195312 720.066528320312 673.642639160156 634.174987792969 598.33447265625 567.441833496094 517.787414550781 450.555450439453 384.528228759766 341.629547119141 312.728118896484 289.746978759766 264.3125 220.447692871094 175.363525390625 150.449554443359 125.922760009766 122.914604187012 146.513031005859 163.821823120117 193.441513061523 217.197525024414 234.977172851562 253.605346679688 254.636413574219 226.733459472656 168.821624755859 142.733489990234 96.4840850830078 64.0672302246094 31.2430934906006 26.3092994689941 9.04719352722168 0.0245570000261068 0.00760299991816282 0 0 0 0 0 0 0 0 0 0 0 0 0 0 0 0 0 0 0 0 0 0 0 0 0 0 0 0
955.292419433594 879.791564941406 801.814025878906 748.510803222656 714.882202148438 683.226989746094 654.616394042969 614.491333007812 589.179992675781 548.506530761719 488.124694824219 407.967437744141 361.708221435547 329.625335693359 311.089477539062 294.964385986328 267.031494140625 236.604888916016 204.753326416016 186.114212036133 186.818359375 204.794937133789 236.001342773438 256.626373291016 265.155395507812 274.026885986328 291.651062011719 300.327026367188 289.498138427734 256.541320800781 207.635330200195 177.574432373047 165.406799316406 118.118843078613 35.1931037902832 25.6570720672607 8.18698120117188 0 0.0109839998185635 0.00635799998417497 0.00583000015467405 0.00581899983808398 0.00379500002600253 0 0 0 0 0 0 0 0 0 0 0 0 0 0 0 0 0 0 0 0 0 0 0
955.517883300781 859.122375488281 809.694458007812 766.078369140625 734.884765625 698.051391601562 669.692077636719 629.595336914062 598.938354492188 559.057250976562 511.455108642578 437.002105712891 380.854614257812 349.866241455078 328.777954101562 310.55859375 293.262878417969 280.023193359375 267.46435546875 258.212432861328 258.647521972656 264.804534912109 265.901489257812 278.716369628906 290.645324707031 304.819793701172 313.278472900391 323.873352050781 315.917938232422 301.028228759766 287.214813232422 254.764389038086 214.147048950195 178.917587280273 98.0323944091797 31.7655735015869 19.3592643737793 7.80697107315063 2.03743600845337 1.32107794284821 1.51421904563904 1.5766179561615 0.900816023349762 0 0.00885600037872791 0.000472999992780387 0 0 0 0 0 0 0 0 0 0 0 0 0 0 0 0 0 0 0 0
924.200317382812 868.282531738281 828.846923828125 797.955627441406 766.782165527344 722.567810058594 687.998962402344 656.125061035156 612.325927734375 580.406677246094 527.197326660156 466.623382568359 399.743774414062 372.147155761719 346.028350830078 329.065032958984 312.565338134766 301.617370605469 294.974426269531 288.856170654297 283.773223876953 280.502380371094 285.134613037109 320.291137695312 347.469055175781 355.480377197266 349.141479492188 348.82861328125 339.889038085938 322.616302490234 307.130859375 298.950286865234 250.832321166992 195.098495483398 143.688934326172 55.8207359313965 30.4359855651855 23.1515789031982 17.8010635375977 16.1854877471924 17.3151588439941 17.0224742889404 13.6223859786987 9.16335868835449 1.68645203113556 0 0.00268199993297458 0 0 0 0 0 0 0 0 0 0 0 0 0 0 0 0 0 0 0
895.807739257812 878.470458984375 863.466491699219 827.602783203125 797.029724121094 756.359313964844 710.734558105469 675.3408203125 632.216674804688 594.514282226562 538.667663574219 504.037353515625 451.744262695312 403.064453125 381.672241210938 363.866973876953 342.349639892578 324.298248291016 315.772430419922 308.694732666016 307.406463623047 304.429626464844 331.729553222656 378.822418212891 422.486663818359 418.941314697266 392.692291259766 379.350433349609 356.083160400391 330.161254882812 312.850067138672 304.911224365234 270.162200927734 217.649673461914 183.944412231445 122.146774291992 56.9673309326172 32.5795478820801 31.5866966247559 30.6137275695801 30.9936237335205 31.2878322601318 30.540412902832 23.5015029907227 10.2882976531982 1.7624659538269 0 0.00274399993941188 0 0 0 0 0 0 0 0 0 0 0 0 0 0 0 0 0 0
881.348449707031 877.977966308594 875.043395996094 857.145385742188 822.086486816406 788.092529296875 741.52197265625 696.706420898438 658.912048339844 608.415283203125 582.263000488281 539.425354003906 508.138397216797 475.757965087891 447.142913818359 411.652801513672 387.967620849609 370.013061523438 351.83740234375 343.890411376953 339.495025634766 348.982757568359 401.412200927734 469.431793212891 504.829406738281 501.491973876953 456.900726318359 398.036895751953 372.927795410156 336.594146728516 312.009460449219 301.044494628906 292.824493408203 248.5810546875 203.206436157227 168.823852539062 149.883331298828 120.849769592285 108.045394897461 105.925193786621 103.846046447754 88.3954010009766 51.1991348266602 32.4056205749512 24.0537128448486 7.82790279388428 1.46860301494598 0 0.00690100016072392 0.0012300000526011 0 0 0 0 0 0 0 0 0 0 0 0 0 0 0 0
883.429504394531 878.200073242188 876.974914550781 866.6806640625 846.604797363281 812.582946777344 773.106750488281 725.036254882812 680.375915527344 642.034606933594 604.776550292969 582.458312988281 558.934326171875 536.510803222656 516.225952148438 492.777740478516 468.217895507812 447.693695068359 430.360412597656 412.985473632812 418.042633056641 440.439178466797 484.624786376953 543.919738769531 566.599243164062 549.05908203125 499.596740722656 446.591735839844 383.288635253906 352.549774169922 316.164642333984 294.288238525391 285.057556152344 277.361358642578 251.35871887207 217.632675170898 193.680633544922 182.986129760742 175.887557983398 173.117462158203 169.136367797852 162.547637939453 138.434875488281 67.381462097168 30.6655712127686 23.5644626617432 10.8820447921753 6.81368780136108 1.11594796180725 0 0.00432700011879206 0 0 0 0 0 0 0 0 0 0 0 0 0 0 0
886.77783203125 885.239562988281 879.733093261719 864.936096191406 850.929321289062 827.621643066406 794.872802734375 754.064697265625 710.1650390625 667.583618164062 645.971618652344 619.413269042969 600.127380371094 587.153076171875 576.015563964844 553.317321777344 531.58203125 512.798889160156 494.621276855469 478.697326660156 485.133636474609 514.915405273438 588.432556152344 650.91650390625 656.825378417969 615.596801757812 543.425720214844 500.212005615234 444.072448730469 386.771087646484 348.222473144531 310.053375244141 285.601684570312 275.853424072266 265.961578369141 262.668914794922 261.087341308594 260.373779296875 257.496032714844 256.646728515625 249.359619140625 221.87141418457 181.319763183594 154.796340942383 75.4241790771484 31.5658206939697 27.5944919586182 20.9699954986572 11.564582824707 5.33524513244629 0 0.00525599997490644 0 0 0 0 0 0 0 0 0 0 0 0 0 0
904.520080566406 878.874267578125 862.91357421875 861.218872070312 861.553588867188 846.038208007812 821.585998535156 785.622436523438 743.861450195312 712.74462890625 685.399291992188 670.244384765625 650.440307617188 624.989318847656 608.395690917969 593.840881347656 581.639526367188 550.490173339844 532.073303222656 537.294128417969 580.271057128906 642.503723144531 711.066040039062 710.563903808594 715.706909179688 710.4365234375 647.478210449219 582.785827636719 524.599792480469 486.191680908203 432.317443847656 366.38232421875 343.737915039062 318.29638671875 304.761016845703 293.884582519531 292.196411132812 293.9814453125 291.030822753906 290.260375976562 287.566131591797 281.094757080078 247.812713623047 195.302810668945 163.644485473633 107.933074951172 55.8586578369141 31.9273147583008 27.6202068328857 15.788914680481 6.4037652015686 0 0.00445599993690848 0 0 0 0 0 0 0 0 0 0 0 0 0
901.286804199219 882.628540039062 878.655700683594 881.869689941406 886.117248535156 871.920776367188 843.791931152344 813.197570800781 786.068786621094 756.312438964844 723.848205566406 704.158508300781 685.445373535156 674.140441894531 652.36376953125 628.203247070312 608.753845214844 596.3837890625 600.166137695312 637.494689941406 690.100158691406 738.66943359375 753.87060546875 759.568542480469 754.083435058594 740.136108398438 710.082092285156 685.7958984375 625.146301269531 579.964233398438 536.904602050781 493.506469726562 451.231597900391 408.936065673828 388.133758544922 378.539245605469 361.820007324219 354.833770751953 353.349395751953 347.217163085938 328.9130859375 304.120086669922 293.527038574219 262.591979980469 213.807601928711 175.989181518555 160.094680786133 98.7466125488281 33.2485198974609 28.0149116516113 13.3524761199951 2.96637797355652 0 0.000422999990405515 0 0 0 0 0 0 0 0 0 0 0 0
902.207885742188 904.253112792969 910.802978515625 911.114807128906 908.164001464844 893.123291015625 861.128173828125 833.097778320312 807.989624023438 787.044738769531 759.043579101562 732.590576171875 710.767456054688 693.478332519531 669.854431152344 642.525512695312 632.078308105469 643.809387207031 693.435852050781 743.752990722656 774.323974609375 739.1552734375 723.374450683594 718.19091796875 715.139404296875 719.953308105469 736.338562011719 732.080078125 690.963195800781 665.141357421875 615.882995605469 596.166137695312 570.305847167969 506.597778320312 476.238830566406 470.658905029297 448.032653808594 441.782531738281 439.262817382812 427.229278564453 382.813842773438 338.012268066406 317.799987792969 309.877502441406 292.783813476562 252.63996887207 205.796142578125 174.874694824219 85.1715087890625 33.2038116455078 22.7204761505127 9.47523021697998 0.0135359996929765 0.00409300019964576 0 0 0 0 0 0 0 0 0 0 0 0
925.719421386719 954.992614746094 982.232238769531 970.729797363281 940.678833007812 901.01220703125 878.522766113281 844.825744628906 826.707824707031 803.717468261719 784.232543945312 759.720520019531 738.779663085938 727.411254882812 705.393859863281 694.660705566406 704.187194824219 751.863647460938 818.159545898438 834.378540039062 777.775817871094 705.212829589844 679.170654296875 694.768798828125 708.021484375 705.788940429688 709.307922363281 715.276733398438 711.459838867188 672.315307617188 639.710205078125 604.161804199219 570.345520019531 540.175842285156 513.331787109375 466.872894287109 458.159027099609 456.34326171875 457.878875732422 450.139038085938 418.038055419922 370.653289794922 351.148590087891 339.125152587891 329.611541748047 312.587738037109 251.342376708984 190.822494506836 126.688385009766 37.5906448364258 28.9444389343262 12.522873878479 1.91173601150513 0 0 0 0 0 0 0 0 0 0 0 0 0
979.095520019531 996.061279296875 1033.57080078125 1034.83410644531 989.404296875 932.854309082031 894.057678222656 858.906066894531 848.136840820312 833.044189453125 828.227966308594 816.819152832031 811.991821289062 799.905639648438 795.566345214844 804.539733886719 843.857238769531 897.016967773438 919.027954101562 868.7001953125 791.138244628906 707.185119628906 670.361450195312 675.738220214844 683.241638183594 694.501892089844 693.799072265625 690.08837890625 683.232788085938 665.260009765625 618.012329101562 570.934509277344 513.558410644531 474.344909667969 441.629943847656 421.020874023438 412.833099365234 410.122589111328 410.412689208984 413.894897460938 403.527008056641 385.456207275391 356.445037841797 347.665618896484 336.505920410156 318.109985351562 261.920867919922 198.601364135742 139.326141357422 51.3914985656738 30.919828414917 17.9948787689209 7.37918519973755 0 0.00273400009609759 0 0 0 0 0 0 0 0 0 0 0
1027.72290039062 1040.79272460938 1066.42419433594 1090.1484375 1064.96533203125 1010.8115234375 967.411560058594 922.566528320312 913.024230957031 916.894165039062 917.459716796875 907.863830566406 909.427917480469 904.808044433594 907.18505859375 883.728881835938 939.907531738281 962.935302734375 959.830322265625 896.4365234375 826.4736328125 748.734191894531 690.495727539062 654.483825683594 667.05419921875 680.12060546875 682.587036132812 679.542846679688 667.3447265625 644.0498046875 596.051818847656 526.306030273438 468.1494140625 423.205810546875 398.021026611328 374.643493652344 357.767242431641 343.879608154297 334.205322265625 336.417358398438 340.838958740234 339.666229248047 334.568572998047 329.836120605469 325.983093261719 304.144134521484 249.69921875 201.430877685547 145.263778686523 60.9108924865723 33.0697288513184 22.4497814178467 9.46382713317871 0.0124719999730587 0.00457199988886714 0 0 0 0 0 0 0 0 0 0 0
1060.42907714844 1063.08166503906 1084.38891601562 1123.13903808594 1122.7978515625 1080.72827148438 1013.97125244141 975.3876953125 944.638427734375 922.896545410156 898.718627929688 874.969970703125 881.529357910156 887.749267578125 900.923828125 956.344604492188 977.396057128906 979.698059082031 968.343383789062 922.18310546875 873.579040527344 824.770446777344 749.981506347656 688.014221191406 652.757446289062 657.517272949219 667.435668945312 664.261535644531 657.003051757812 635.8896484375 584.397705078125 513.705932617188 444.065521240234 414.999328613281 383.171630859375 355.065338134766 337.276580810547 322.507049560547 309.969024658203 303.9853515625 301.348693847656 302.166656494141 301.189819335938 290.639678955078 273.505096435547 251.002731323242 222.438232421875 206.847595214844 142.66162109375 69.7057952880859 34.7880210876465 25.6335163116455 8.12900638580322 0.9026859998703 0.00539400009438396 0 0 0 0 0 0 0 0 0 0 0
1049.66198730469 1070.01940917969 1070.49255371094 1075.5205078125 1080.17602539062 1075.50817871094 1021.42224121094 952.263000488281 879.178344726562 838.019348144531 810.415954589844 808.507446289062 813.368774414062 833.408935546875 849.39892578125 878.913696289062 911.167236328125 947.725891113281 953.877685546875 919.463989257812 886.134155273438 839.334106445312 809.33447265625 750.313842773438 692.663208007812 661.315856933594 654.170715332031 660.088073730469 645.995422363281 611.125549316406 569.393981933594 503.08544921875 439.130157470703 405.229797363281 368.663452148438 339.738403320312 330.85693359375 326.080383300781 312.927734375 295.678741455078 276.839874267578 259.211883544922 238.702743530273 223.015731811523 210.994842529297 206.204391479492 206.720443725586 172.946868896484 126.116050720215 61.1869010925293 35.4875564575195 27.6647129058838 9.86076545715332 1.26804995536804 0 0 0 0 0 0 0 0 0 0 0 0
994.524719238281 993.502502441406 973.763305664062 948.796569824219 932.74853515625 922.163391113281 874.179077148438 801.606079101562 745.956420898438 695.600463867188 686.10888671875 707.710205078125 729.59716796875 754.902221679688 789.483459472656 828.705017089844 886.077697753906 920.2958984375 918.455810546875 892.508850097656 849.785827636719 823.526489257812 812.208618164062 784.248840332031 740.865600585938 704.989074707031 679.58203125 663.363586425781 643.155944824219 610.086791992188 577.216125488281 516.667724609375 459.256591796875 406.554565429688 364.150482177734 327.175659179688 312.626373291016 312.260833740234 285.273284912109 257.623382568359 235.204116821289 213.27587890625 205.069534301758 198.694671630859 177.428695678711 157.699554443359 139.269119262695 114.696144104004 78.8631210327148 51.1113166809082 35.1839294433594 25.1338901519775 9.40889167785645 1.29377794265747 0 0 0 0 0 0 0 0 0 0 0 0
856.855712890625 855.323669433594 844.888916015625 836.798583984375 818.484130859375 789.789001464844 756.038696289062 693.593811035156 646.473205566406 631.297485351562 647.647155761719 681.185729980469 701.413879394531 724.0703125 748.813293457031 799.479919433594 868.273132324219 900.454467773438 911.691589355469 868.948852539062 810.273681640625 787.413940429688 782.257629394531 784.098083496094 775.27392578125 752.404541015625 714.770324707031 709.917846679688 677.339721679688 639.427734375 596.162170410156 556.7744140625 494.496643066406 425.434906005859 375.346832275391 325.386627197266 302.677825927734 303.82421875 264.410736083984 231.772857666016 215.864608764648 202.481536865234 160.14729309082 130.257476806641 106.059310913086 84.2286071777344 61.0456466674805 48.7949104309082 38.9974899291992 35.2600593566895 30.5772571563721 19.9704895019531 7.82187414169312 0.819070994853973 0.00489199999719858 0 0 0 0 0 0 0 0 0 0 0
758.607666015625 757.650024414062 759.748413085938 758.845336914062 751.343139648438 729.68603515625 678.609741210938 632.908020019531 616.3603515625 620.183166503906 655.833068847656 682.788208007812 698.994873046875 707.189514160156 720.891479492188 762.812927246094 836.819885253906 886.466003417969 891.280883789062 832.847412109375 783.614868164062 770.800354003906 766.155944824219 766.454528808594 763.478637695312 754.027160644531 751.355529785156 721.904479980469 713.248718261719 670.322937011719 645.300354003906 606.624938964844 561.918212890625 486.837829589844 404.834564208984 345.503112792969 303.899597167969 297.276947021484 266.603973388672 226.723663330078 211.889907836914 164.306610107422 116.542510986328 73.2106704711914 49.8721351623535 37.5607452392578 34.7298355102539 32.3137702941895 29.5305557250977 24.6914196014404 19.2892627716064 10.3869342803955 6.3410120010376 0 0.0035969999153167 0 0 0 0 0 0 0 0 0 0 0
681.962463378906 683.05078125 696.063415527344 700.582092285156 699.457336425781 677.321228027344 644.69775390625 612.138366699219 607.611572265625 627.351379394531 659.272888183594 675.70458984375 686.561828613281 691.682250976562 693.839721679688 726.161315917969 813.925048828125 872.698669433594 871.787109375 806.796997070312 771.872680664062 760.850708007812 762.82470703125 758.154174804688 740.122741699219 716.551330566406 702.15478515625 699.394714355469 697.506958007812 684.046752929688 648.728637695312 616.918701171875 578.336181640625 514.307250976562 427.209045410156 374.082153320312 325.628723144531 300.715118408203 283.436859130859 230.660125732422 203.407150268555 153.089416503906 95.7152099609375 47.1268043518066 36.1358489990234 31.8273792266846 23.8082008361816 17.1079902648926 12.4248971939087 8.37178421020508 8.99742412567139 5.63636684417725 0.767002999782562 0 0.00162600004114211 0 0 0 0 0 0 0 0 0 0 0
