Rscript/test/SnowDepthMapFile-mean-1989-06.asc
ncols 320 
nrows 361 
xllcorner 618410.159 
yllcorner 5088785.286 
cellsize 100 
NODATA_value -9999 
[rows 116 to 144 of 361, columns 0 to 65 of 320]
-9999 -9999 -9999 -9999 -9999 -9999 -9999 -9999 -9999 -9999 -9999 -9999 -9999 -9999 -9999 -9999 -9999 -9999 -9999 -9999 584.773443287817 576.373616185682 535.13289537101 488.58810964124 454.309428609651 421.522933104943 391.00970370194 384.297504392163 374.074274655046 369.29272816099 365.312785970754 360.421179015061 355.752452784571 349.915136534592 346.436526791803 343.856654298717 342.095528421731 340.559900957963 339.142603282271 338.137562784655 337.135780285145 336.14961033854 338.530224504142 344.02621410633 336.982626668338 317.498042024415 278.748775876802 263.648776794302 257.934869157857 254.270563150274 243.707212554997 233.166914833003 217.788848638535 208.288972994377 200.524268627167 198.091945212463 198.061759932288 197.743982339727 197.49948706298 194.678284620417 196.236066867565 193.573200661561 185.497035939118 172.477160856642 161.025583263101 146.182659543794
-9999 -9999 -9999 -9999 -9999 -9999 -9999 -9999 -9999 -9999 -9999 -9999 -9999 -9999 -9999 -9999 -9999 -9999 -9999 592.648992078058 567.213747221848 561.276966752677 519.001031941381 477.495708465576 447.706655370778 418.032214394931 387.714005174308 379.625326748552 374.233324379757 369.402428462588 365.798104187538 362.672335854892 358.863678965075 354.845142759126 350.255734871174 347.694425319803 345.552613455674 342.822340176023 341.279213839564 340.487745926298 340.061014619367 339.463847406979 342.340750579176 349.061918653291 343.306081147029 322.87313642173 293.435397353666 271.080901170599 262.918717326789 255.485481804815 246.890527042849 229.973822421041 215.373558545935 207.845363748485 204.72367668974 202.312107316379 201.121485142872 200.013135161893 200.984201497045 200.55509915023 200.370474527622 198.633703774419 189.432781161933 178.023004030359 164.748873994268 151.925533820843
-9999 -9999 -9999 -9999 -9999 -9999 -9999 -9999 -9999 -9999 -9999 -9999 -9999 -9999 -9999 -9999 -9999 -9999 602.947560803644 580.285221494477 553.016190627526 513.802324229273 508.647316768252 477.740152720747 448.680821912042 421.284776950705 389.622218954152 379.907407234455 374.290633234484 368.838364699791 366.997074719133 364.480377131495 361.655382090601 358.679059587676 355.005013301455 350.415328256015 348.261304888232 345.791018321596 344.338220892281 342.928915582854 342.220495750164 343.357775638843 347.605641003313 353.670936913326 354.333883417064 333.248602719143 306.45778026252 290.143932350751 271.56198211374 259.102945878588 241.628094549837 229.431942306716 220.334832849174 213.49974711188 210.393660619341 207.987902855051 205.94975505204 204.28898129792 203.495368160051 203.474533936073 203.738706268113 201.623160970622 190.742187557549 178.314843087361 165.441255244715 154.194101728242
-9999 -9999 -9999 -9999 -9999 -9999 -9999 -9999 -9999 -9999 -9999 -9999 -9999 -9999 -9999 -9999 -9999 -9999 601.582234875909 566.001697408742 541.785185189083 503.498875782408 497.216346148787 488.875348847488 452.392284130228 424.021715361496 390.608131606003 382.013412837324 374.520334309545 370.125047354863 367.38262308055 365.547747316032 364.064677008267 361.755898771615 358.698957509008 356.003414219823 351.462067702721 349.07552495496 348.040516392938 347.202837220554 348.255074303726 349.90217787644 355.873356391644 360.509389153842 360.693044596705 341.052595105664 317.62673657516 294.418610326175 283.456963448689 261.597840646218 249.812179738078 234.102526508529 226.931960656725 220.407366859502 213.339541583226 209.11227397261 208.322767537216 206.675159816084 206.272914335645 206.774880302363 207.423670448106 205.849038625586 195.169167066443 179.909523815944 165.107432825812 155.312178513099
-9999 -9999 -9999 -9999 -9999 -9999 -9999 -9999 -9999 -9999 -9999 -9999 -9999 -9999 -9999 -9999 -9999 -9999 605.080684793406 577.71131318191 552.171495634934 507.240790136929 496.689461609413 488.417859833816 455.727935527933 426.671525823659 395.427426831476 387.837816337059 376.961143806063 374.45357750202 369.981198409508 367.511404432099 366.269078353356 364.690211460508 363.225779171648 360.12635632219 356.799501879462 355.264329778737 354.256086678341 354.196830683741 355.689148409613 359.273490379597 364.126453136576 367.896935430066 369.364076943233 339.134904335285 317.147452551743 289.69991808102 273.73073102688 260.1323553036 252.993794786519 246.661378104111 235.595312817343 226.94295897155 219.6827271889 213.362779115808 209.892954111099 209.683395772145 208.716477352997 209.470676570103 211.977517950124 209.632811908064 200.440009914595 182.857225056352 165.493778039669 156.464114086381
-9999 -9999 -9999 -9999 -9999 -9999 -9999 -9999 -9999 -9999 -9999 -9999 -9999 -9999 -9999 -9999 -9999 635.651544505152 622.306957902579 587.758752757105 537.558189918255 516.003536355906 498.800206611896 486.570425230881 452.729435493206 430.736490742914 407.145720514758 399.873662817067 386.091870242152 380.33981878182 375.929571612128 373.194633483887 369.194349617794 367.595911486395 366.21552552848 364.836233204809 363.039326766442 361.562596945927 361.001292130043 361.680384142645 362.551091687433 364.697079625623 370.319710673957 376.919553789599 376.411636451195 343.546092526666 302.778415930554 277.103205006698 265.694825797245 258.636271452082 255.699866985453 252.268259640398 246.189661404182 234.565604160572 224.898929628833 219.011489975041 215.558344249068 214.256674988516 212.07331881852 214.53459399322 215.721075921223 215.237496663784 204.823042310517 187.501112576189 172.343623893014 162.232242563675
-9999 -9999 -9999 -9999 -9999 -9999 -9999 -9999 -9999 -9999 -9999 -9999 -9999 -9999 -9999 -9999 -9999 -9999 635.949402381634 595.10567658523 540.059067561709 523.248300486597 506.768456031536 462.916202282083 445.261520714595 427.174533054746 411.212198323217 405.090095651561 396.238937114847 389.354653391345 385.511605196986 382.750545041314 380.915153552746 373.001861177642 369.597588374697 369.292774595063 368.810188424998 367.722489192568 367.008305648278 367.429494265852 368.430196038608 370.298272099988 379.487980727492 387.468461036682 388.46303084801 345.693052324755 293.301209447713 271.797559639503 265.66265395592 262.603392477693 262.301710646728 254.717911292767 249.25128926902 241.785576557291 229.645687686986 222.544901930053 218.739826588795 217.066018926686 215.838242160863 217.233959699499 218.881984102315 217.618834676414 207.729966155414 195.417584978301 182.281793947878 166.849518891039
-9999 -9999 -9999 -9999 -9999 -9999 -9999 -9999 -9999 -9999 -9999 -9999 -9999 -9999 -9999 -9999 -9999 669.718253826273 653.042660943393 603.972567854256 545.663602368585 528.031951904297 489.392116086236 460.891472125876 445.042456462466 425.351367161192 410.72031724864 406.970309882328 402.803656709605 396.0056776836 390.020837668715 387.456161597679 384.914952245252 382.082022995784 381.5081006083 380.061421443676 380.91925672005 375.176960649162 375.545918826399 375.149747914281 373.043901509252 377.044875720452 391.367065429688 407.835109776464 407.170610427856 345.37746495214 293.373133435332 272.877837740142 268.384518434261 269.8726596339 265.861481559688 258.439276062209 251.698853912025 244.94824731761 233.622513836828 226.384325520746 222.509028689615 219.695979299216 218.589152812958 220.979637219988 222.444079604642 219.250718141424 208.121088110167 199.040144311971 189.311882109478 176.312977511307
-9999 -9999 -9999 -9999 -9999 -9999 -9999 -9999 -9999 -9999 -9999 -9999 -9999 -9999 -9999 -9999 -9999 671.74633736446 660.027602097084 601.74027331122 547.951398652175 528.863119191137 486.880811362431 454.857728349751 441.879331654516 419.71057615609 411.792902584734 407.213022034744 404.950482795978 400.99623910312 394.435478177564 391.257733246376 389.544363021851 386.344166163741 386.086403879626 387.158301583652 387.077219272482 385.899333427692 386.268548833913 387.766605114115 380.404317017259 381.541768912611 411.145684735528 426.325049334559 419.370597576273 343.924110412598 299.566062064006 280.469835651332 276.359639143122 273.845283450751 267.44971469353 261.503655359663 253.942978299897 247.302396519431 238.257654017416 230.353875184881 226.525687686328 222.463864227821 219.254805614208 219.29394352025 217.365562545842 212.685576529338 203.434492415395 195.511280610644 188.732954288351 181.484700087843
-9999 -9999 -9999 -9999 -9999 -9999 -9999 -9999 -9999 -9999 -9999 -9999 -9999 -9999 -9999 -9999 -9999 668.426824635473 647.173814970871 594.848750673491 545.606119090113 526.486961890911 480.22621957187 448.268067195498 428.139027694176 415.93993732847 407.896042462053 407.098814471015 407.524311789151 402.08500543134 398.445231454126 395.43479087435 392.314059783672 390.85189825913 390.484053282902 390.17648144426 389.93492912424 389.783851689306 390.275533018441 391.629965847936 390.568143022471 386.86656128127 424.577565686456 454.969801541032 444.586129418735 353.585331949694 312.907785284108 295.029773217851 287.61862435012 280.419264785175 272.408737264831 266.036400540122 258.750657270695 249.267425405568 237.33050188525 233.445500472496 230.142779991545 220.371855875541 213.632573859445 214.649811259631 216.112146320014 208.657956057581 198.122630291972 192.918676080375 187.734205023996 179.575187469351
-9999 -9999 -9999 -9999 -9999 -9999 -9999 -9999 -9999 -9999 -9999 -9999 -9999 -9999 -9999 -9999 -9999 668.369404233735 651.598636495656 593.042316831391 553.11479423786 528.033685618433 478.330178030606 443.725111303658 421.317390113041 413.306927976937 406.57952841397 405.482599258423 404.921658713242 402.101033112098 399.478489333186 396.68165039194 394.429598495878 393.841496303164 392.947781858773 392.521750713217 392.478585407652 392.281673069658 393.528505193776 393.360622027825 386.975024848149 406.181194568503 449.890689192147 472.288183113624 479.385597755169 372.486214308903 329.462869118 317.142802600203 307.399221708035 292.499385735084 281.144816604154 274.606620681697 266.905661681603 250.939290803054 243.642617011892 239.123852318731 227.506137856122 221.198302384081 222.712741942241 228.825799086998 234.905079973155 230.68456135125 223.052213405741 211.501148051229 198.109560267679 189.359286604256
-9999 -9999 -9999 -9999 -9999 -9999 -9999 -9999 -9999 -9999 -9999 -9999 -9999 -9999 -9999 -9999 -9999 -9999 -9999 -9999 559.090102623249 529.208876511146 485.629203533304 448.568842657681 423.009167112153 409.143578956867 407.20454788208 406.86296594554 406.185770232102 404.548486643824 401.013366304595 397.569956023118 396.448733724397 395.042251882882 394.127184275923 393.714354087567 393.887411347751 393.948218345642 395.622589538837 396.40652766721 393.048694446169 414.547144330781 455.271950688855 485.547367556342 504.963541228196 414.710816284706 346.022019090324 333.55305993968 327.195185891513 318.278267498674 304.877891228117 288.674541991332 278.520244532618 272.250078242401 262.133399798952 253.11915471636 250.346348458323 250.994483109178 257.293816434926 284.098853999171 298.696281531761 290.870347820479 275.358628059256 253.490243730874 235.153757407747 214.970290627973
-9999 -9999 -9999 -9999 -9999 -9999 -9999 -9999 -9999 -9999 -9999 -9999 -9999 -9999 -9999 -9999 -9999 -9999 -9999 -9999 -9999 -9999 -9999 -9999 -9999 -9999 406.347337032187 407.395577233413 405.859300909371 404.357124328613 401.558474803793 400.375190636207 396.940614437235 395.663936812302 395.136552761341 395.01964897945 395.145917563603 395.817263011275 398.531851045017 397.671478468796 409.150478494578 425.401267676518 462.298182914997 527.393629666032 526.632332111227 461.639133058745 394.828940917706 357.483500217569 349.675358081686 339.834841103389 329.699019333412 322.45287526887 311.381763195169 302.273105867978 293.59460883305 288.405984664785 293.439158316316 306.568233302955 332.547234436561 358.69413477799 340.389214088177 325.523604146365 298.840935476895 290.536120924456 267.684346856742 241.734827987079
-9999 -9999 -9999 -9999 -9999 -9999 -9999 -9999 -9999 -9999 -9999 -9999 -9999 -9999 -9999 -9999 -9999 -9999 -9999 -9999 -9999 -9999 -9999 -9999 -9999 -9999 -9999 407.063686206423 406.216427474186 406.207751734503 404.161610866415 401.550289269151 400.422825007603 399.236302770417 398.141267924473 398.309106169076 399.248454685869 400.727521320869 401.487420082092 408.425109534428 418.841829694551 432.076981380068 471.524032947318 546.527929108718 578.288126452216 515.535007082183 459.21742643159 415.43080119429 394.706666864198 376.962295006061 369.657041352371 360.84292701195 352.773366336165 350.122297977579 345.549885552505 344.841009468868 358.723574917892 357.800141392083 366.567795950791 352.044441864408 348.020559738422 320.492779156257 306.346837865895 286.56606214622 277.241162596078 259.395605251707
-9999 -9999 -9999 -9999 -9999 -9999 -9999 -9999 -9999 -9999 -9999 -9999 -9999 -9999 -9999 -9999 -9999 -9999 -9999 -9999 -9999 -9999 -9999 -9999 -9999 -9999 -9999 -9999 -9999 405.200211459193 406.022266289283 404.700351353349 404.42039377936 401.94648354629 401.605748012148 401.745185819165 403.546760197343 405.613208441899 411.266886612465 419.017723215037 433.179603050495 457.198772956585 500.923948353734 569.855861532277 610.567470682078 584.733878300108 514.110325254243 487.350493069353 469.988129977522 446.086070093615 424.141117802982 402.430839341262 392.784789644439 384.5643072786 376.197248721945 373.144108410539 368.269204896072 357.839393089558 345.363815336392 320.676376211232 313.103207968432 295.97024679184 287.415630061051 280.671131092927 273.439840472978 257.158978634867
-9999 -9999 -9999 -9999 -9999 -9999 -9999 -9999 -9999 -9999 -9999 -9999 -9999 -9999 -9999 -9999 -9999 -9999 -9999 -9999 -9999 -9999 -9999 -9999 -9999 -9999 -9999 -9999 -9999 -9999 407.206758992425 406.783137420128 407.316219132522 407.403087583081 407.253701637531 408.010380251654 409.598485157408 415.086686627618 422.116511048942 444.808440372862 457.84945172277 475.674232933542 518.025785577708 591.362038184857 630.394198450549 638.984740158607 575.503860999798 524.020899016282 514.6354433257 488.331158210491 478.313829619309 436.568993847946 414.641948042245 395.576819781599 378.247937235339 360.209422144397 351.249793743265 320.576521984462 294.892499956591 284.037153244019 278.76205945015 276.919226260021 274.29590300856 266.204445559403 255.643268889394 251.600346433705
-9999 -9999 -9999 -9999 -9999 -9999 -9999 -9999 -9999 -9999 -9999 -9999 -9999 -9999 -9999 -9999 -9999 -9999 -9999 -9999 -9999 -9999 -9999 -9999 -9999 -9999 -9999 -9999 -9999 -9999 -9999 412.89859923001 413.529345939899 415.350043658553 417.839820796046 411.622116549262 423.625254137763 436.207382991396 446.054207505851 455.943702007162 481.541958512931 500.369430213139 549.388259098448 601.406864560884 614.97977263352 609.821555565143 543.437408184183 517.199491172001 464.806372954928 462.491523084969 448.341559179898 417.644925545002 399.1553021135 373.45452328386 362.4909611406 337.851761053348 310.506161284858 287.255071705785 265.231918441838 257.172806558938 253.329634247155 252.063480212771 250.625344481961 248.916841071228 247.161464099226 247.118293055173
-9999 -9999 -9999 -9999 -9999 -9999 -9999 -9999 -9999 -9999 -9999 -9999 -9999 -9999 -9999 -9999 -9999 -9999 -9999 -9999 -9999 -9999 -9999 -9999 -9999 -9999 -9999 -9999 -9999 -9999 -9999 -9999 415.825130002252 418.375706442471 426.12118175112 434.294197707341 437.213467301994 447.155880566301 459.697355599239 477.501733582595 483.084308098102 491.107276061486 550.681227190741 611.675333746548 608.230438758587 564.875801086426 514.170516046984 463.144474506378 450.698484026153 440.21784203628 412.532921593765 397.650150578598 374.96967947072 361.741254477665 341.583523898289 321.329372393674 292.340378218684 266.986749007784 254.577131164485 242.169716004668 233.822779811662 232.920386725459 236.487682449407 241.678114003149 243.213489573577 244.774321202574
-9999 -9999 -9999 -9999 -9999 -9999 -9999 -9999 -9999 -9999 -9999 -9999 -9999 -9999 -9999 -9999 -9999 -9999 -9999 -9999 -9999 -9999 -9999 -9999 -9999 -9999 -9999 -9999 -9999 -9999 -9999 -9999 -9999 426.074841861067 432.536233869092 435.708600142906 446.19201152078 451.869193208629 472.386491446659 477.439460491312 484.179421655063 -9999 -9999 -9999 563.675630503687 530.936604203849 501.049821656326 453.505873844541 440.479712913776 413.565079656141 399.057706717787 373.713372066103 366.179132395777 358.205961753582 333.845452826599 305.712675246699 282.061462969616 259.887121471865 243.890488641015 236.085288467078 234.69917796398 237.564938545227 238.956876993179 241.794662080962 244.108500825948 245.292743658197
-9999 -9999 -9999 -9999 -9999 -9999 -9999 -9999 -9999 -9999 -9999 -9999 -9999 -9999 -9999 -9999 -9999 -9999 -9999 -9999 -9999 -9999 -9999 -9999 -9999 -9999 -9999 -9999 -9999 -9999 -9999 -9999 -9999 -9999 -9999 -9999 -9999 -9999 -9999 -9999 -9999 -9999 -9999 -9999 551.270096614443 544.18592150458 496.063899073108 453.262710308206 437.982406287358 408.304025518483 387.560947582639 370.207947171968 362.491226590913 354.7457231982 327.911998456922 297.444270638556 269.420001621904 253.026884177635 237.798095875773 241.745831851302 241.275111675262 242.071647841355 242.902958088908 244.780065881795 244.441426441587 246.98391453151
-9999 -9999 -9999 -9999 -9999 -9999 -9999 -9999 -9999 -9999 -9999 -9999 -9999 -9999 -9999 -9999 -9999 -9999 -9999 -9999 -9999 -9999 -9999 -9999 -9999 -9999 -9999 -9999 -9999 -9999 -9999 -9999 -9999 -9999 -9999 -9999 -9999 -9999 -9999 -9999 -9999 -9999 -9999 -9999 546.925934890221 537.262089564882 505.087320261988 452.881377910746 418.302323374255 400.80720214186 374.034746564668 364.21245660453 355.592019969019 338.026216852254 319.82215747751 288.378097797262 262.912085015198 243.808318187451 241.234846797483 243.706643721153 244.160712735406 243.089723414388 244.031643826386 247.19835534589 247.949857185627 249.565881967545
-9999 -9999 -9999 -9999 -9999 -9999 -9999 -9999 -9999 -9999 -9999 -9999 -9999 -9999 -9999 -9999 -9999 -9999 -9999 -9999 -9999 -9999 -9999 -9999 -9999 -9999 -9999 -9999 -9999 -9999 -9999 -9999 -9999 -9999 -9999 -9999 -9999 -9999 -9999 -9999 -9999 -9999 -9999 -9999 547.298907839019 537.103113108668 499.620844084641 448.026380210087 411.707867063325 376.647156649622 362.595543565421 345.166497140095 332.073106519107 319.720952679371 297.192016930416 279.286221191801 258.235207993409 243.844312741839 245.709094507941 245.334092427944 247.160828664385 246.713356198936 247.400631509978 249.223568077745 250.164377154975 249.547933923787
-9999 -9999 -9999 -9999 -9999 -9999 -9999 -9999 -9999 -9999 -9999 -9999 -9999 -9999 -9999 -9999 -9999 -9999 -9999 -9999 -9999 -9999 -9999 -9999 -9999 -9999 -9999 -9999 -9999 -9999 -9999 -9999 -9999 -9999 -9999 -9999 -9999 -9999 -9999 -9999 -9999 -9999 -9999 -9999 550.685893091662 508.173277624722 466.114391968168 430.335114775033 389.277773396722 367.108513042845 340.145483822658 326.39487992484 303.878685881352 292.167233171134 281.176109544162 268.253769463506 257.324100231302 250.441086037406 250.736254700299 249.753368607883 248.99796641284 248.946682634025 250.360352787478 251.680875621993 251.061100121202 248.252776828305
-9999 -9999 -9999 -9999 -9999 -9999 -9999 -9999 -9999 -9999 -9999 -9999 -9999 -9999 -9999 -9999 -9999 -9999 -9999 -9999 -9999 -9999 -9999 -9999 -9999 -9999 -9999 -9999 -9999 -9999 -9999 -9999 -9999 -9999 -9999 -9999 -9999 -9999 -9999 -9999 -9999 -9999 -9999 560.866546104694 546.261124972639 504.550646420183 456.663586715172 417.161917522036 381.663546003144 348.713577928214 331.356773228481 306.431993591374 290.791552001032 279.125811642614 274.239194943987 266.523012054378 260.680107034486 256.195012059705 257.300327276361 254.533782399934 253.574750859162 253.638766757373 255.620842621244 257.142039866283 251.973798768274 248.169484565998
-9999 -9999 -9999 -9999 -9999 -9999 -9999 -9999 -9999 -9999 -9999 -9999 -9999 -9999 -9999 -9999 -9999 -9999 -9999 -9999 -9999 -9999 -9999 -9999 -9999 -9999 -9999 -9999 -9999 -9999 -9999 -9999 -9999 -9999 -9999 -9999 -9999 -9999 -9999 -9999 -9999 -9999 587.382410772916 561.068040255843 534.354730014143 499.545133919551 453.17952675655 415.121785986012 377.372671817911 345.440237900306 330.110433479835 300.98199159318 285.256703837165 279.857972424606 273.423294527777 269.907515262735 268.560648975701 267.472025912384 265.149979081647 263.635267323461 263.751023087008 263.292570253898 262.960542432193 258.734191532793 253.887814702659 250.042569933266
-9999 -9999 -9999 -9999 -9999 -9999 -9999 -9999 -9999 -9999 -9999 -9999 -9999 -9999 -9999 -9999 -9999 -9999 -9999 -9999 -9999 -9999 -9999 -9999 -9999 -9999 -9999 -9999 -9999 -9999 -9999 -9999 -9999 -9999 -9999 -9999 -9999 -9999 -9999 -9999 -9999 -9999 597.748374675882 564.291935624747 527.086936950684 504.504449647048 452.070945345122 423.787260450166 384.550605445073 350.892586543642 327.210943846867 302.363041733873 284.111013412476 281.217024811383 276.474388706273 272.317888728504 269.923228066543 269.845222604686 270.029759333051 268.524814983894 267.75704723391 266.654873938396 265.350071372657 264.483499732511 258.679148328715 253.815645883823
-9999 -9999 -9999 -9999 -9999 -9999 -9999 -9999 -9999 -9999 -9999 -9999 -9999 -9999 -9999 -9999 -9999 -9999 -9999 -9999 -9999 -9999 -9999 -9999 -9999 -9999 -9999 -9999 -9999 -9999 -9999 -9999 -9999 -9999 -9999 -9999 -9999 -9999 -9999 -9999 -9999 -9999 601.588034794248 576.469328781654 532.898245186641 503.191783247323 470.6028737693 430.582939739885 389.187322221953 363.382481640783 331.874383268685 303.730056271471 288.004279753257 282.392200667283 278.909156116946 275.962631636652 274.69885493147 273.039087246204 272.230272498624 271.358740699702 270.275284495847 269.433520029331 267.450700299493 267.389517151076 263.659681780585 259.259769341041
-9999 -9999 -9999 -9999 -9999 -9999 -9999 -9999 -9999 -9999 -9999 -9999 -9999 -9999 -9999 -9999 -9999 -9999 -9999 -9999 -9999 -9999 -9999 -9999 -9999 -9999 -9999 -9999 -9999 -9999 -9999 -9999 -9999 -9999 -9999 -9999 -9999 -9999 -9999 -9999 -9999 -9999 618.982243505018 597.476567761651 547.216658493568 516.984995611783 485.82248779823 452.022838724071 404.465470511338 371.605370159807 335.817485809326 308.362184351888 289.187284469604 283.941193958809 281.134027086455 280.122471357214 278.025703717922 276.359082970126 275.13763901283 273.307071587135 271.958908788089 271.530802545876 271.117187902845 271.789467737592 274.360357095455 275.851873142966
-9999 -9999 -9999 -9999 -9999 -9999 -9999 -9999 -9999 -9999 -9999 -9999 -9999 -9999 -9999 -9999 -9999 -9999 -9999 -9999 -9999 -9999 -9999 -9999 -9999 -9999 -9999 -9999 -9999 -9999 -9999 -9999 -9999 -9999 -9999 -9999 -9999 -9999 -9999 -9999 -9999 -9999 663.864262021821 629.419485157934 575.647964477539 530.651547399061 497.931609318174 481.316079632989 426.77384896114 380.978254844402 343.060476747052 313.248376155722 293.068824743402 286.494617059313 285.412923927965 282.797659372461 281.191754324683 280.24119937831 278.919796203745 277.358144858788 276.307835726902 273.97739012488 275.026434553081 277.553558629135 283.139527625051 285.357900282432
