Rscript/test/SnowDepthMapFile-sd-1989-06.asc
ncols 320 
nrows 361 
xllcorner 618410.159 
yllcorner 5088785.286 
cellsize 100 
NODATA_value -9999 
[rows 29 to 57 of 361, columns 66 to 131 of 320]
-9999 -9999 -9999 -9999 -9999 -9999 -9999 -9999 -9999 -9999 -9999 -9999 -9999 -9999 -9999 -9999 -9999 -9999 -9999 -9999 -9999 -9999 -9999 -9999 -9999 -9999 -9999 -9999 -9999 -9999 -9999 -9999 -9999 -9999 -9999 -9999 -9999 -9999 -9999 -9999 -9999 -9999 -9999 -9999 -9999 -9999 -9999 -9999 348.263931498069 346.672763475798 353.318649612831 349.022341400294 343.579929842013 340.598289406032 333.457074914878 326.008706165423 329.43892268552 325.186573797245 322.251279910939 321.404862067306 318.698534012517 312.955592139371 303.234745072031 289.68776427322 286.151114273238 284.80503116934
-9999 -9999 -9999 -9999 -9999 -9999 -9999 -9999 -9999 -9999 -9999 -9999 -9999 -9999 -9999 -9999 -9999 -9999 -9999 -9999 -9999 -9999 -9999 -9999 -9999 -9999 -9999 -9999 -9999 -9999 -9999 -9999 -9999 -9999 -9999 -9999 -9999 -9999 -9999 -9999 -9999 -9999 -9999 -9999 -9999 -9999 351.947648250974 350.403815376176 347.480158893856 340.205260260416 338.451854569416 340.259073556837 342.668865160192 340.572339858873 333.744296436587 332.539423206159 327.855958812388 325.272581845087 323.47929494382 321.867358756432 320.488925343321 313.398691252686 304.947709372917 296.13487610677 288.34839530643 284.074814938111
-9999 -9999 -9999 -9999 -9999 -9999 -9999 -9999 -9999 -9999 -9999 -9999 -9999 -9999 -9999 -9999 -9999 -9999 -9999 -9999 -9999 -9999 -9999 -9999 -9999 -9999 -9999 -9999 -9999 -9999 -9999 -9999 -9999 -9999 -9999 -9999 -9999 -9999 -9999 -9999 -9999 -9999 -9999 -9999 -9999 343.98223528123 349.432852512829 346.294435838169 342.257835168865 331.399372419444 324.776892104308 323.870959456892 326.280686166604 327.946394727307 327.935920545256 325.186268875123 323.107463818075 321.719991134678 321.139792192193 321.606661858583 320.91679747857 317.766422003407 309.250325696123 303.150731193104 297.934924992141 289.091207265792
-9999 -9999 -9999 -9999 -9999 -9999 -9999 -9999 -9999 -9999 -9999 -9999 -9999 -9999 -9999 -9999 -9999 -9999 -9999 -9999 -9999 -9999 -9999 -9999 -9999 -9999 -9999 -9999 -9999 -9999 -9999 -9999 -9999 -9999 -9999 -9999 -9999 -9999 -9999 -9999 -9999 -9999 -9999 -9999 347.337291898286 342.148379863637 340.801340594073 338.825309947847 339.912410404776 333.591629254063 323.107208878953 317.774442184138 314.592090811028 310.984137187472 308.707563666638 311.11211540583 309.872849781838 309.066375639301 310.242785389618 311.121145428171 314.184907207296 317.799926196465 313.437812758308 308.110352421711 305.993886198432 303.189775032894
-9999 -9999 -9999 -9999 -9999 -9999 -9999 -9999 -9999 -9999 -9999 -9999 -9999 -9999 -9999 -9999 -9999 -9999 -9999 -9999 -9999 -9999 -9999 -9999 -9999 -9999 -9999 -9999 -9999 -9999 -9999 -9999 -9999 -9999 -9999 -9999 -9999 -9999 -9999 -9999 -9999 -9999 -9999 -9999 -9999 334.398104921818 334.84645117516 334.230059801771 333.553802620233 333.22512173042 326.901091996739 315.003654845616 302.72374427746 297.049596601918 293.823335461332 292.479448383476 291.932709126989 291.069737112248 290.83480022569 291.289111175944 293.104479769469 302.021446040845 307.913697670599 310.005873663985 307.135318742497 307.39428862288
-9999 -9999 -9999 -9999 -9999 -9999 -9999 -9999 -9999 -9999 -9999 -9999 -9999 -9999 -9999 -9999 -9999 -9999 -9999 -9999 -9999 -9999 -9999 -9999 -9999 -9999 -9999 -9999 -9999 -9999 -9999 -9999 -9999 -9999 -9999 -9999 -9999 -9999 -9999 -9999 -9999 -9999 -9999 -9999 349.855107468728 340.764081705146 332.259307341302 325.77001575695 323.602748739357 324.227141157781 321.688285586122 314.412539241137 306.9483499309 294.874446511496 289.812465040816 287.908753827632 281.439003925213 278.399927817301 273.255766247193 269.736427856521 268.842327245187 271.867295066532 285.50259546627 291.046299158517 293.638678604928 295.629024622602
-9999 -9999 -9999 -9999 -9999 -9999 -9999 -9999 -9999 -9999 -9999 -9999 -9999 -9999 -9999 -9999 -9999 -9999 -9999 -9999 -9999 -9999 -9999 -9999 -9999 -9999 -9999 -9999 -9999 -9999 -9999 -9999 -9999 -9999 -9999 -9999 -9999 -9999 -9999 -9999 -9999 -9999 -9999 -9999 -9999 344.087208105242 331.926654283893 325.431487520256 319.731617497017 315.84975692237 311.632765259995 310.753632387871 308.104567967669 302.763394123576 293.614116290625 290.300452938019 286.728284408385 283.275911266721 275.838826416422 266.883108926875 260.289642599292 257.406349273345 259.248818461077 266.181871676191 269.787252693359 272.604855098997
-9999 -9999 -9999 -9999 -9999 -9999 -9999 -9999 -9999 -9999 -9999 -9999 -9999 -9999 -9999 -9999 -9999 -9999 -9999 -9999 -9999 -9999 -9999 -9999 -9999 -9999 -9999 -9999 -9999 -9999 -9999 -9999 -9999 -9999 -9999 -9999 -9999 -9999 -9999 -9999 -9999 -9999 -9999 -9999 -9999 344.691780412386 339.537561325141 328.918976078334 319.335675452765 311.40551959914 309.025547372405 307.293604704366 305.10782348873 301.024555292192 297.000383092603 290.626728332907 287.640285014804 283.27484589983 281.107885369484 278.038170490019 265.807022717989 259.797409845101 255.368824490851 255.661909442549 256.880492271953 260.333389917686
-9999 -9999 -9999 -9999 -9999 -9999 -9999 -9999 -9999 -9999 -9999 -9999 -9999 -9999 -9999 -9999 -9999 -9999 -9999 -9999 -9999 -9999 -9999 -9999 -9999 -9999 -9999 -9999 -9999 -9999 -9999 -9999 -9999 -9999 -9999 -9999 -9999 -9999 -9999 -9999 -9999 -9999 -9999 355.119121729087 354.746753224414 357.770151856387 347.402521479254 336.789005757527 323.024991631914 315.457992969424 310.169999682726 308.398895160307 305.916790484185 301.736573110788 297.795502225263 291.84200982265 289.009399600412 284.98633815441 280.692801844874 277.168990213893 270.070091319381 262.915961579277 259.235117248076 257.914447474315 258.176605443229 259.439530668171
-9999 -9999 -9999 -9999 -9999 -9999 -9999 -9999 -9999 -9999 -9999 -9999 -9999 -9999 -9999 -9999 -9999 -9999 -9999 -9999 -9999 -9999 -9999 -9999 -9999 -9999 -9999 -9999 -9999 -9999 -9999 -9999 -9999 -9999 -9999 -9999 -9999 -9999 -9999 -9999 -9999 -9999 351.587550554115 349.713272240353 350.055737508785 352.190980734811 349.967303199337 341.051665524026 331.671053458575 322.296589796903 314.543226201957 309.512656765782 306.161949337971 300.72307458205 298.172485417824 292.291829085564 288.571504756019 284.819130537917 279.058326086962 271.858331135212 264.3899763302 261.940345902259 258.819187143119 258.498020163313 258.616215255254 259.362892714521
-9999 -9999 -9999 -9999 -9999 -9999 -9999 -9999 -9999 -9999 -9999 -9999 -9999 -9999 -9999 -9999 -9999 -9999 -9999 -9999 -9999 -9999 -9999 -9999 -9999 -9999 -9999 -9999 -9999 -9999 -9999 -9999 -9999 -9999 -9999 -9999 -9999 -9999 -9999 -9999 -9999 -9999 354.556825588011 342.262479504749 338.148654678995 347.05085893862 351.601588565189 347.988843375682 340.422751858554 332.531883827596 321.78289318342 312.95289120031 305.621188526488 296.200768085442 290.252107867203 288.292294912527 284.933785975829 280.945675299738 271.56854075509 261.804673633008 255.70982333324 254.393819106197 253.365002383529 253.719832681183 254.449222689246 256.579996719614
-9999 -9999 -9999 -9999 -9999 -9999 -9999 -9999 -9999 -9999 -9999 -9999 -9999 -9999 -9999 -9999 -9999 -9999 -9999 -9999 -9999 -9999 -9999 -9999 -9999 -9999 -9999 -9999 -9999 -9999 -9999 -9999 -9999 -9999 -9999 -9999 -9999 -9999 -9999 -9999 335.430194329073 335.268593418009 336.769846837168 337.299164807921 335.024568436869 336.517761978671 349.523653978677 352.632322872564 350.527745919596 341.363231125305 331.910962503027 320.603408804525 306.288560691718 289.245736974842 277.346253538872 271.960752196446 270.958700227198 267.772241381749 259.061707439185 243.81885011782 237.615127812088 235.873991250519 234.721895747634 234.920848587869 236.582695315272 239.800974872637
-9999 -9999 -9999 -9999 -9999 -9999 -9999 -9999 -9999 -9999 -9999 -9999 -9999 -9999 -9999 -9999 -9999 -9999 -9999 -9999 -9999 -9999 -9999 -9999 -9999 -9999 -9999 -9999 -9999 -9999 -9999 -9999 -9999 -9999 -9999 -9999 -9999 -9999 -9999 -9999 340.750070507181 332.566776728352 326.203674959572 337.404826586681 332.653066549053 331.884253981689 335.112559134599 346.806639548179 351.215934285092 347.896751077806 341.298603111276 337.994860659002 317.229614939381 288.69069480026 263.846119966133 253.683519995933 256.135087761505 257.21874722322 247.349673400546 233.615089669188 228.72413311665 224.058820911742 215.340279367875 212.208765585912 211.3187702838 214.866511777283
-9999 -9999 -9999 -9999 -9999 -9999 -9999 -9999 -9999 -9999 -9999 -9999 -9999 -9999 -9999 -9999 -9999 -9999 -9999 -9999 -9999 -9999 -9999 -9999 -9999 -9999 -9999 -9999 -9999 -9999 -9999 -9999 -9999 -9999 -9999 -9999 -9999 -9999 -9999 345.316687023581 344.866058636943 327.269900936902 321.347355832351 329.842117666726 327.10528669026 321.395447119328 318.570491180544 326.74608707833 334.122858919984 340.861989486806 347.679160018156 348.084489728046 329.595582497497 306.465230329359 265.7483160563 244.895929302965 242.489412992437 243.111316623506 233.083810518611 225.886752672635 218.550441430236 222.344247538115 217.148198368254 211.672864901803 206.904913700476 201.391729509566
-9999 -9999 -9999 -9999 -9999 -9999 -9999 -9999 -9999 -9999 -9999 -9999 -9999 -9999 -9999 -9999 -9999 -9999 -9999 -9999 -9999 -9999 -9999 -9999 -9999 -9999 -9999 -9999 -9999 -9999 -9999 -9999 -9999 -9999 -9999 -9999 360.083159050918 358.000637400699 349.698747190042 339.816628368616 325.717535163578 316.584153215285 317.747271229506 319.740276725245 320.629238508077 314.037489227385 307.703979761068 306.367764611331 312.912534497226 316.65093336741 321.863497585248 339.981972604675 345.400837284891 327.309288906075 290.277686948914 254.116703396771 241.376261698104 229.542321388925 223.751956635783 214.929641149366 218.347591523018 212.110866258885 214.2627536143 215.753284254254 211.378236921225 211.546071939234
-9999 -9999 -9999 -9999 -9999 -9999 -9999 -9999 -9999 -9999 -9999 -9999 -9999 -9999 -9999 -9999 -9999 -9999 -9999 -9999 -9999 -9999 -9999 -9999 -9999 -9999 -9999 -9999 -9999 -9999 -9999 -9999 -9999 -9999 -9999 -9999 357.00983627091 351.355932476168 340.014616641373 319.399788751205 304.971775592385 303.723466956767 310.872486616945 311.487893567264 311.398533286525 306.351790813303 299.328602548002 296.904412511183 297.84462765548 298.483572436483 299.419875399574 308.895862757857 320.975527729531 336.218700401357 314.467418353209 290.021997844325 261.853554408092 233.617055571576 217.290441370247 208.850904858583 208.456051018069 210.152831782962 209.543510962948 213.400588125633 213.256226928734 211.493727556077
-9999 -9999 -9999 -9999 -9999 -9999 -9999 -9999 -9999 -9999 -9999 -9999 -9999 -9999 -9999 -9999 -9999 -9999 -9999 -9999 -9999 -9999 -9999 -9999 -9999 -9999 -9999 -9999 -9999 -9999 -9999 -9999 -9999 -9999 -9999 -9999 335.576576392424 344.419694705945 322.70861704286 312.901061672274 302.653266127156 301.181363919067 305.269180829386 306.200738859066 306.945779716456 305.656508000572 301.186109808491 295.784755968262 294.82938405849 294.388953013132 291.282161003838 285.669413364557 296.392097508099 302.067353372678 319.083824362486 316.412740357411 300.214865349808 264.29587902221 228.952161365648 215.920845773147 208.875537621979 208.521009826424 208.759003236618 207.395318550644 206.222362964438 207.949929702964
-9999 -9999 -9999 -9999 -9999 -9999 -9999 -9999 -9999 -9999 -9999 -9999 -9999 -9999 -9999 -9999 -9999 -9999 -9999 -9999 -9999 -9999 -9999 -9999 -9999 -9999 -9999 -9999 -9999 -9999 -9999 -9999 -9999 -9999 -9999 -9999 315.036673612831 318.050437616982 310.492866246875 308.527150039107 310.149831855922 311.639849107758 310.681744086287 309.610458880718 308.214194506383 306.904137903336 303.559705666014 299.481919016523 294.082647979949 292.104477016194 287.733945673653 275.545356649612 271.883116074463 275.568670034625 294.03862705101 313.508233296667 317.998261812923 302.488124873801 265.647062643583 239.090755024659 226.682958895269 223.846853187659 217.721917899743 212.817789322832 207.062767142168 203.070640860036
342.233079500799 340.968586647223 340.615589911559 344.860551136388 349.771573532703 -9999 -9999 -9999 -9999 -9999 -9999 -9999 -9999 -9999 -9999 -9999 -9999 -9999 -9999 -9999 -9999 -9999 -9999 -9999 -9999 -9999 -9999 -9999 -9999 -9999 -9999 -9999 -9999 -9999 -9999 299.14513903833 309.32288654888 295.053132827659 296.158054367703 305.144854659981 311.388888108787 314.233569162656 313.395818394842 311.405033240332 308.331433648209 306.579549047432 304.937840150239 301.022386644148 293.912755512632 290.377924752794 285.432636506608 272.339230812021 266.923681902625 265.661665831794 271.335507885751 288.517222497557 308.196484387232 305.324822457716 293.852105953953 278.39606793027 259.37477065871 251.251608284283 240.975362370659 227.335060650438 212.32450511449 206.300180043734
331.134469392387 328.291864745367 319.309473680225 321.71118790221 323.660884025776 322.054273132801 342.259680120164 362.461586685744 371.51393586 369.217860244881 359.851281849095 -9999 -9999 -9999 -9999 -9999 -9999 -9999 -9999 -9999 -9999 -9999 -9999 -9999 -9999 -9999 -9999 -9999 -9999 -9999 -9999 -9999 -9999 -9999 -9999 279.425860238224 289.440781175253 277.54615992702 293.369449401385 304.01739631914 310.64106015913 313.632080638031 313.021557535971 311.63538834623 308.71937837332 305.633283108098 302.524765313784 299.746425150649 294.802192028067 289.650975021357 285.203505407577 277.498951876912 268.776983731966 265.805133270387 263.584821731007 266.052778588282 275.869202213606 293.343390820639 305.514170117232 290.105597677374 282.580894099445 266.468007153888 263.033023875528 241.999822725916 221.137949403266 212.849590408803
311.251439777156 300.60792184625 291.105056189809 281.815309014172 278.126075265948 287.906054333713 309.935823791021 340.528190337685 358.906910012771 353.389370485511 346.593091319532 337.384613209068 351.837044796238 358.314807375882 362.040693087786 362.174597090963 -9999 -9999 -9999 -9999 -9999 -9999 -9999 -9999 369.101724793839 367.556742897886 369.342218882922 368.641779880831 -9999 -9999 -9999 -9999 -9999 -9999 280.683552142448 280.393945188311 271.585591474948 270.776282401057 293.187533531503 306.419238626296 308.978295416582 311.017501155295 313.661070211831 311.673567922165 308.929233081412 305.467763413262 301.07593409941 297.460545630965 293.827410855532 290.146438557768 286.887630079651 283.692934536823 279.678852244467 272.467733070184 265.831261864588 259.281908223661 259.314409815409 268.334239838218 283.651721958333 287.483169747642 286.21252994734 283.790011669738 278.460213625429 263.29903055046 241.295006216919 224.890054253258
297.554909092361 282.090186850209 279.65560848366 264.548529481311 246.289625979246 243.891726621602 262.081307794083 289.817940693745 320.896202174585 325.247359574024 331.213192577477 331.647568549119 342.653921253526 350.308439881261 358.153599425493 359.310771379993 358.91213150847 -9999 -9999 -9999 -9999 -9999 -9999 -9999 368.73004175686 368.947656868577 367.997623931596 369.85159050275 376.261304371112 376.497857875767 369.119768758249 380.862405272628 378.050900761116 350.753063920242 300.72494118451 278.261234984299 264.128121665085 267.553663253744 290.551159269966 298.307380938856 298.420457528019 301.11047976538 303.907375043225 306.770715495749 306.332536702585 304.766442612128 299.443394693667 294.403340800996 290.787934081102 288.809242795033 286.837600640298 284.775368524202 282.021025091347 278.768154474892 271.641822797605 262.977818752618 256.173442225932 255.895624614715 259.440352636476 266.476327646879 268.78325523678 276.257375669882 278.37660744434 275.795583860215 262.478383730277 244.429078705791
276.583119223101 267.970104399587 267.682748536951 259.464135234458 242.493966373706 227.627805438583 236.428011898463 259.302174268625 283.571846302519 296.311508360747 303.647876953783 316.293705568193 321.893196643657 331.681319832947 340.173987512442 350.36804336664 355.267462760554 357.591355555745 -9999 -9999 -9999 -9999 -9999 -9999 370.956750207152 368.573366544153 373.718181421841 378.063700184889 380.633650377453 380.336521969845 380.173495175835 378.360229497418 378.045319658734 352.761138470969 338.449516125692 290.159420425965 272.957251611104 269.13570052262 278.574737432624 287.142813899071 282.580520036977 277.060902936282 282.941128288073 288.475967944015 293.12785692991 293.390944872686 291.192893607664 290.057321903366 289.780503705113 288.990962219446 285.750959659458 283.737026097602 280.871308759638 277.694187487718 276.133881533551 267.108330201974 260.209575700167 254.851901892081 253.963493939449 254.299829095741 257.601261679157 260.070580156184 264.620647132706 270.626197144435 264.257536517989 259.083950778468
249.843357708012 242.958911257401 244.763296016543 243.663718017958 239.047937124441 221.522531912655 222.163533044089 234.879669951186 248.462217372142 257.399013162841 276.671382275565 297.380432361216 314.273952338068 318.756366535895 320.174891329372 331.504145123197 342.525571949446 356.130205488833 359.862863494465 -9999 -9999 -9999 -9999 -9999 369.813575015182 366.483383450625 376.374838215411 377.732084541763 385.656735038578 392.87199988007 382.248166701201 377.626320984412 370.271646968836 368.741785639128 353.7834073653 320.84723977087 289.716744487861 281.468737261725 278.416711325723 274.479955663507 268.485828602296 265.449028410987 265.589440727023 269.855365095092 274.885261519606 280.757169627601 283.879266325053 283.89315438835 285.591740129274 286.1545702067 285.787507405434 283.170119057936 280.260520944576 277.452745800881 275.357701775523 266.233023352132 263.481456486236 257.130037103081 251.8354425811 246.823215768605 244.197995820275 244.848795698661 248.294004884092 251.193245707592 255.40509244931 255.871054640242
226.120930882471 221.768739421875 229.812043083546 234.470510798426 234.99616274578 221.657344680734 213.872314140607 218.611873824517 222.802167423174 235.634064791916 253.46092571553 278.645870954043 299.580950999156 309.087068110359 306.620102953042 316.734373929994 328.510999581065 350.567282904757 361.697632800327 369.135675674574 -9999 -9999 -9999 -9999 362.431921846633 367.57594880972 373.972390314719 380.521565001277 388.099087384433 393.113283299209 389.25612238301 388.068505436281 376.010991402707 372.605993508256 370.786491761027 361.734501023564 331.221494114982 302.068718289126 287.832886104399 293.309203572912 282.446154571474 270.754356101206 267.533361721204 268.477473593243 271.809699741448 272.10182374925 270.861707901681 273.225011185257 283.154054558645 284.319246150802 284.297232269221 281.576001563253 278.187696552949 272.685560246037 270.48727634492 265.84325098501 262.234951228752 259.369979270149 254.878152689138 248.418918178598 240.680508090239 238.660169608153 236.920996415793 236.066488254213 235.343567903338 234.125233991395
209.847553089148 210.571801466255 213.581025642205 219.914362388473 223.629567105936 216.813453818031 211.657381122026 211.361602353831 215.495128386303 228.377879184623 245.336950483994 267.100253077988 285.687400031416 294.176384095653 297.961671334452 303.027938137446 318.477310761654 346.33622127557 363.942709350495 366.277761270941 380.437054044921 -9999 -9999 365.864155819765 359.107295864645 364.921576919913 373.669592145498 379.292766962134 386.693050002116 386.494347138879 393.867034395553 383.485980223022 381.178322486129 375.994020451947 381.562402164934 376.637320054601 373.247219944395 346.651392393183 328.94824826569 317.992737359787 316.462218080494 301.734865849069 296.4988845847 287.842333578632 288.167780654304 288.689887743369 281.255054574262 274.217058867148 279.958118899346 284.040863862174 284.429908275265 282.785700645472 280.058486115355 271.916234904958 266.048672395271 263.941656310712 260.531193215724 257.812214597099 255.414574596413 252.254580288515 247.606277707622 241.506860690678 236.013297036099 230.283923481328 226.148577865448 219.917599432515
192.962311128096 197.756133317001 206.366671640681 211.840905355544 214.933620883733 210.667420152202 207.10203502267 208.988600001498 218.329813614599 230.883864630816 240.9050222047 254.393428406992 267.046904621178 275.42128142721 282.992879741509 298.44742981771 313.155369271913 343.39463247456 366.249124370241 384.924514709484 382.094305852087 380.156609778982 372.260493974949 369.397217918998 364.482068117182 368.011304334552 376.862529447794 384.015448402449 383.507338973025 386.620695985883 391.557145105429 381.855567996009 379.866416880277 376.379307742527 376.204575210912 381.995097149974 383.867548266933 376.737052207947 347.84356689677 343.966704602665 336.33206682477 323.403706476008 310.617500832619 320.812125576846 309.736739152789 308.134921390394 298.159580509111 290.615662074566 286.739672526549 287.985149220407 289.295664859261 289.442423701345 285.495443664297 278.135794392593 268.134316679796 264.752951560318 260.717307255939 257.028659567748 254.192628525791 249.512004838942 246.483389526254 239.200284549378 234.273256626404 228.264005056203 221.576184212521 217.231980704394
185.438462727228 194.401365867286 199.322422240043 204.266792803242 206.448891117201 207.291639335227 207.040173246549 210.31631144033 216.084292459844 228.18520885752 235.47794609937 241.905692505916 250.090954975399 263.769160387292 277.983932138376 299.931990505249 313.97148705877 341.315364727577 351.996438837757 354.544704383433 358.659568919728 365.979277678092 373.316202299525 385.610017433831 370.370666255527 373.531919198158 372.583074588269 377.193376182261 382.411867282248 385.034916422134 388.792337179668 381.916436978811 378.402865838947 376.567399808444 374.421584292186 372.184145388909 379.054000729712 388.781369964384 368.769928877734 365.008276752302 372.740160740829 364.62948418584 361.410645085533 339.921449707959 330.654867700535 323.132602873096 315.345735485601 308.10548557212 299.171848627808 298.151071229807 300.002927934152 300.866036920922 291.55377309675 282.731901293647 271.370307212206 264.145626324497 258.002135496802 254.834174579529 249.839925756481 247.327650345289 241.311373276885 235.050745199275 230.558935726428 224.660069639482 221.178211315637 218.366728771721
180.755804659878 191.119288504308 195.12060789207 198.467410444025 200.571010247433 203.177698352761 204.969761775888 209.965180671747 215.589707191207 219.039205700213 226.547962772667 229.601093882843 236.681267885172 252.695548825803 278.752332308435 305.605011541114 320.401527223338 308.317496659045 302.335639137804 299.350751471226 304.889844499153 312.87825678326 335.120689352759 370.258942017688 388.66107182875 378.710690966583 373.068884581317 375.118851885076 380.890907333545 386.521635064538 378.484271570317 376.516114978837 377.020007699851 373.893973751718 369.662098219236 369.900972441794 371.558250179661 378.736440637213 386.846075581677 379.677623099682 365.717539878957 368.82620652513 364.084892199462 355.915272753941 344.587274722058 334.910833566293 326.505111777826 316.810904453844 309.12821754315 307.419669823189 304.654917344638 302.641588925928 292.419528217079 283.707637341909 268.644756626466 260.330687079741 252.026185436882 246.78337234765 244.694499504628 240.684319501336 235.548337622995 230.910803299453 226.525724674117 223.952216140351 222.552828788049 221.385617990405
