Rscript/test/SnowDepthMapFile-sd-1989-06.asc
ncols 320 
nrows 361 
xllcorner 618410.159 
yllcorner 5088785.286 
cellsize 100 
NODATA_value -9999 
[rows 203 to 231 of 361, columns 66 to 131 of 320]
83.7019295117251 76.3175146328539 73.7052507499156 75.2789094488311 71.4467165629969 75.8975843130408 69.2813885059591 68.881824427049 59.6041805048946 52.1042018777583 46.2589672669354 41.1140773165009 34.8604120350998 23.7083993052895 6.00373787413436 1.43568122104015 0 0.000352635451733459 0 0 0 0 0 0 0 0 0 0 0 0 0 0 0 0 0 0 0 0 0 0 0 0 0 0 0 0 0 0 0 0 0 0 0 0.00042895621157042 0.00126179978934843 0 0 0.047584246674012 0.384467524134174 0.556348821167016 0.284229747247982 0 0.00121797570172485 0 0 0
78.6013920998694 75.1905313866702 77.8612271848145 75.2079203913081 76.9488754740859 72.2570887876111 66.9010575376421 62.6303323643979 58.0842209693091 54.6440029924481 54.1454014353532 54.272121625424 49.8841805977993 33.0473871602904 14.3901471079833 3.26190943178313 0.129429279345647 0.00121723291471624 0 0 0 0 0 0 0 0 0 0 0 0 0 0 0 0 0 0 0 0 0 0 0 0 0 0 0 0 0 0 0 0 0 0 0 0 0 0 0 0.00111435769226367 0 0 0 0 0.000473894522942484 0 0 0
81.5167136374516 79.2093161107877 76.6121511853504 73.862609712108 67.9628684150726 67.2713304668635 68.6255203663175 68.7612193428949 64.7954911424612 64.1310865050131 64.8328758139376 64.1171631692609 58.6530389890882 41.3754879802109 22.4427977033778 4.97403849683818 0.985951474996291 0.00325895335601257 0 0 0 0 0 0 0 0 0 0 0 0 0 0 0 0 0 0 0 0 0 0 0 0 0 0 0 0 0 0 0 0 0 0 0 0 0 0 0 0 0.0000180124471454746 0.00101723902589227 0.00134777673706178 0.000910649954867763 0 0 0 0
89.2196598626406 81.6479737466428 74.4738638181552 72.3929687101181 74.2166656819703 92.1184057291862 102.813228833893 104.552220517201 96.7962648770066 86.7924484005536 78.2327633372774 69.1090274198213 59.2254176048248 46.3689537642937 26.0694257099973 6.34076083346426 1.64481807740138 0 0.00106254868753307 0 0 0 0 0 0 0 0 0 0 0 0 0 0 0 0 0 0 0 0 0 0 0 0 0 0 0 0 0 0 0 0 0 0 0 0 0 0 0 0 0 0 0 0 0 0 0
111.323776754048 90.9592001878969 87.7102817413102 96.5126507124826 109.193957903178 124.654199390854 135.872237281273 139.053490384983 128.750925349514 108.486407311568 82.2398857286806 67.0674831616798 59.2563227082703 49.590744315406 29.5916894085898 11.1615277456524 3.29199007329322 0.393607066031133 0 0.00114035506462282 0 0 0 0 0 0 0 0 0 0 0 0 0 0 0 0 0 0 0 0 0 0 0 0 0 0 0 0 0 0 0 0 0 0 0 0 0 0 0 0 0 0 0 0 0 0
122.265394741557 113.045447758104 113.365033230323 120.022241753185 135.511169108515 160.367137664659 167.516267903221 161.650482893863 137.368050467487 111.306104062573 80.3380445330367 67.5837133591374 61.6337004777815 53.3096014770413 35.0569670974488 17.8610616968742 5.24811132753234 1.48610620344886 0.211867982674786 0 0 0 0 0 0.00577475375759014 0.176981217638332 0.192693827218938 0.00486986035880355 0 0.00096858690918384 0 0 0 0 0 0 0 0 0 0 0 0 0 0 0 0 0 0 0 0 0 0 0 0 0 0 0 0 0 0 0 0 0 0 0 0
133.386202362421 129.706325087075 136.303994636245 150.974402304382 173.424539340327 190.159215622255 181.894465613813 159.591145087817 133.05040264642 110.486254372033 84.2223344299103 73.1904694232829 64.9509608797652 58.3741506671195 42.5703861736142 28.0007032135546 10.4612187908015 4.62440215230118 1.54200468388222 0.752046409180106 0.450288916795714 1.09733952841535 1.58045827650792 2.40475654199587 3.19092423226156 3.9336542280361 4.36425413611601 3.72518510035892 2.41845485294647 1.22790222429566 0.0123082577862003 0.00192566070620533 0.00010324660514799 0 0 0 0 0 0 0 0 0 0 0 0 0 0 0 0 0 0 0 0 0 0 0 0 0 0 0 0 0 0 0 0 0
155.973479067729 160.57750094136 171.638607992393 189.441227230874 205.529770311525 196.632286759823 178.442398919767 153.937236829913 134.592616832757 116.151768094736 89.9352877959468 77.9261554275239 69.6983814764001 62.7896666528211 53.5463802733574 37.0441207268689 24.2652641563798 9.03351973845243 5.28422127687727 3.50848788353761 3.20894555737635 4.28847467829067 5.34992845815652 7.13641045613661 10.4739429030022 14.6311287169268 16.9604245868128 16.2776784345355 8.62199512866635 4.79054253631175 3.03170746652328 1.8232855469906 0.296934655717973 0 0.00200365265034053 0 0 0 0 0 0 0 0 0 0 0 0 0 0 0 0 0 0 0 0 0 0 0 0 0 0 0 0 0 0 0
191.581898382801 201.032939896356 208.824444580839 215.090334696865 207.596547880822 187.742632486067 172.167136082051 156.197485614781 141.097026469559 123.045340251857 99.4214963456388 86.1857259586117 74.0451773103906 66.6278540325016 61.2658326058877 49.888671435187 35.0479187545433 24.6218707222081 13.4776856096569 7.80394550088537 7.25392281191393 11.0472780198056 18.6275383884456 27.7354100937531 29.5912170598937 32.2471658458019 35.4595377354373 34.6390294898471 29.5899196288115 19.5687440932016 8.07332981797362 5.11116872677396 4.37833797825482 2.80239858063051 1.74920866006258 0.00432465884509668 0.00133719215189576 0 0 0 0 0 0 0 0 0 0 0 0 0 0 0 0 0 0 0 0 0 0 0 0 0 0 0 0 0
234.497271301428 235.463917021795 226.821911252925 213.672509484191 198.768348908708 181.990077002211 171.759457402217 160.043757305158 150.19358160456 134.39518895663 112.202049213614 92.9308398421011 80.2416931629025 71.8513110471142 66.1302065329463 60.113502450712 48.5963537801168 36.9122192092616 31.201165231469 25.930585853075 25.1495915309036 30.072108274714 34.0263518778086 41.6517205817192 47.8482609578832 52.4890825535858 57.420742776265 57.8424326416908 50.2498746238177 35.6546736721165 29.4604793423311 19.9569926031108 14.2451655796185 7.40620542259592 4.8855142620962 1.68002166159066 0.00456012042446178 0.00141184164096334 0 0 0 0 0 0 0 0 0 0 0 0 0 0 0 0 0 0 0 0 0 0 0 0 0 0 0 0
268.912533375449 246.073446452475 224.06504767657 208.992032191597 196.523134535183 184.403653168772 177.203743849831 165.581822507478 157.686789462513 144.779577564982 125.100593405646 99.2585914527405 86.0175113450407 76.365762686456 71.4925103722554 67.9788771637087 60.9080233085344 52.9243486671445 44.4246346945154 39.7635891845173 39.844998342373 44.2820522625842 52.5190460169135 57.6807752141246 60.1518025104716 62.4819227886502 66.9416476191611 69.2372708625508 66.7132480542477 58.2585019129736 45.2102772744348 37.4675859161683 34.5198075139875 24.5360425615577 9.06538827264867 4.76439867416297 1.52028424280078 0 0.00203967756084482 0.00118065095719106 0.00108260385029446 0.00108056114278522 0.00070471381321046 0 0 0 0 0 0 0 0 0 0 0 0 0 0 0 0 0 0 0 0 0 0 0
266.848919008284 241.551039795119 225.712588690991 214.422835415285 203.047811733865 189.751947228572 180.901934724729 171.337145048803 160.878857651286 147.648740820745 132.502044405021 108.690653141108 91.9647362701339 82.5179274944728 76.3626946121412 71.5716052109343 67.5727800990667 64.2766246881175 61.0377859157115 58.5845506231068 58.4899660961214 59.8653274769523 59.9130791674302 63.3751617725755 66.7262913393775 70.3780702417778 72.5632057907808 75.4318532105187 73.4445778021292 69.4540829292155 66.1048513020992 57.3093867593501 46.4339522998626 37.5782200566875 20.6530275440548 7.2095253814275 3.5949251447479 1.44971813356717 0.378342368603851 0.245318015355442 0.281183417754074 0.292770604545422 0.167277336091241 0 0.00164451798522398 0.0000878338936170971 0 0 0 0 0 0 0 0 0 0 0 0 0 0 0 0 0 0 0 0
259.472855883093 243.173099789681 232.150700069005 223.26744381085 212.489148017537 197.789818273417 186.391040806214 178.178858941607 165.350676020674 155.658574432431 138.253425963433 118.289870787032 97.4441096935584 89.4544950962429 81.9963274049898 76.3480756127858 72.1436268156434 69.4281287918016 67.751733389274 66.2873707516761 64.8221345027549 63.7676478274452 64.9002830097588 74.4933229306767 82.6600329516186 85.3114906382935 83.1104853911828 82.5796117249665 79.7566692941925 74.9429931607378 70.8457441531648 68.83258173119 55.6622721088567 41.3654574949026 29.8599719408368 13.2586362553658 6.28682214607988 4.2991402737621 3.30557451352538 3.00556962077542 3.21534427712486 3.16099411969496 2.52961357109279 1.70159299047161 0.313166280241094 0 0.000498034884544545 0 0 0 0 0 0 0 0 0 0 0 0 0 0 0 0 0 0 0
249.417954671296 245.119973477826 240.879337815126 232.097364688519 223.616521894269 209.192812008802 194.632009963106 182.550144893169 172.124356213581 160.033263290118 142.317851922071 130.239797822203 113.777080605375 98.338325382239 92.4818901275826 87.3582801203747 80.9330361004444 75.8347982706593 73.3052462980799 71.2591805581824 70.9399912126348 70.3080902435568 77.9248517440259 91.5968995060543 105.620489893819 104.412347371456 95.7172061664391 91.4275375393594 84.4718749876845 76.8622218635183 72.1570716520782 70.4095004153137 61.279007204526 46.8953578128242 38.7061018562959 25.4733197769883 13.4008069006534 7.90973451329158 7.16325056166056 6.88394615842387 7.12696671500497 6.99693150664529 6.11768791844013 4.36411954553124 1.91048891197682 0.327281711321427 0 0.000509547996706899 0 0 0 0 0 0 0 0 0 0 0 0 0 0 0 0 0 0
245.624917998454 244.737436343276 244.6623179457 239.088688720879 231.314902923547 220.810823623318 204.88498624162 189.771653986495 178.968141943905 164.100556916678 155.949246309377 143.491885034834 132.475500173359 122.246821950163 112.040613251129 101.023237618112 94.2404150921834 89.0207992877095 84.2822048417592 81.4205349723391 80.4796432222979 83.1047761871192 100.166645537342 121.546097029025 133.124316882059 131.410507971771 116.692266098402 97.1953768410679 89.6787514510494 78.8421528048278 72.2137114500972 69.3926138679147 67.3625940305727 55.3157101209474 43.4699703876253 35.1658196284838 31.3343257230555 24.9447283037919 22.3446447236795 21.9369821660089 21.5865959525203 18.8841162043068 12.1085155407131 7.40271678545107 4.46666234113786 1.45360505652743 0.272712733508232 0 0.00128148355860552 0.000228405275725553 0 0 0 0 0 0 0 0 0 0 0 0 0 0 0 0
248.185895852416 245.001163423579 246.949609660273 242.896209241336 236.845305744973 228.469648565411 215.302471331869 199.618403738455 184.25513932367 174.693754976572 163.441119110424 156.791471960154 148.985880049397 142.484339529037 134.97998586867 127.271899228754 120.097085029899 114.228181059088 108.643516004937 104.32110575325 106.73639448043 113.794706174234 127.448448157865 146.189952380398 152.175979456918 148.358083510255 131.507148057522 114.33399145995 93.3232763313109 84.2142032025737 73.3713961402317 67.960557336925 65.5968761233874 64.0785714589404 56.6968721034541 47.6860235506427 41.4472507902399 38.81345825736 37.0160156332714 36.3414901854994 35.2660970797424 33.7420370914441 28.8397375044041 15.1064580709626 6.98413758973005 4.37581086293291 2.02074498774082 1.2652700605066 0.207226334155789 0 0.000803503750351235 0 0 0 0 0 0 0 0 0 0 0 0 0 0 0
249.727008250498 249.142023479579 246.764857314502 242.733038469343 237.792273822518 233.079442598074 223.921519060227 210.343037662994 195.848273031266 181.299391608841 176.020253630425 168.005082148639 161.856897422243 158.127550455113 153.831885644398 147.416674678838 141.374839511619 135.707510656137 130.103023510676 126.075646669615 128.159442120872 136.628889285571 157.697830094857 176.286477694088 178.29228087461 167.03748575444 145.428771310594 132.14260688759 113.843767288961 95.4356946809075 83.3797718968124 72.4078946469004 65.8490681552069 63.413470905032 60.5836990219108 59.9852443378263 59.5388985869068 59.3359117772487 58.4983799113654 58.3224295468059 56.1864173004683 48.5499670313369 38.1890413567068 32.4710077530328 16.4481501120447 7.6897038358968 5.43194250334942 3.89403040569441 2.1474891185105 0.990730149127083 0 0.000976014692798828 0 0 0 0 0 0 0 0 0 0 0 0 0 0
255.145697946454 247.862689593996 241.795426594679 240.852038392968 241.059131363946 237.806854119253 231.036136410406 219.785892533514 207.797370081432 196.753124562898 186.013408833994 181.408385032341 176.709869429288 170.066143758831 164.470177216446 159.922492792723 155.69852235235 147.641514377562 141.905554741442 143.953039576201 156.204495107099 174.552708640305 193.419507056122 193.466991455448 194.896769273411 193.547958209594 175.844827678505 156.625314714057 140.169800231715 127.36080581683 109.371060663518 88.9058603658166 81.6979732110304 74.715003072442 70.9168798301002 68.0317947042835 67.5746526246146 67.8756124233456 67.2435045243228 67.0993128194705 66.4578808890848 64.8964864778914 55.4538004811046 41.5751233449168 34.290120993963 22.369574657314 12.8103699426001 7.65171697381125 5.30973995953633 2.93192785104053 1.18914934471172 0 0.000827458415201143 0 0 0 0 0 0 0 0 0 0 0 0 0
254.290826437483 247.11913195269 246.106972480968 248.062623108272 249.594855880564 244.05889740943 237.382755253347 229.301450003356 219.887853195008 211.317448444988 199.496987377676 193.017600617417 185.621515886071 182.526272117922 177.68280174729 171.477016462412 164.750461739683 160.394119270256 161.777286536594 174.809318136198 189.4155601624 202.39567734589 205.060277423359 205.408588798963 203.85649257945 200.504419652067 193.424282420392 186.696379298319 170.383285714435 155.493707386603 143.237905397435 128.117829644993 114.607632602891 100.946633644417 94.1624057568991 91.4014553719007 86.5583512173607 84.2858840508646 83.8596311411455 82.0998177408342 77.1873517369794 70.4070653899959 67.8501850356276 59.3881553701723 46.2000487177266 36.8531709280949 33.6558495158044 20.7614509842968 8.38773998501987 5.39271946164892 2.4794925686035 0.550842560960536 0 0.0000785491262672418 0 0 0 0 0 0 0 0 0 0 0 0
254.773806496305 255.246332563563 257.532566658166 257.128035562521 257.207397526682 251.420283871456 242.065401018745 235.217801853569 227.488625426788 220.297296049984 212.378476737248 203.416168290361 195.785500555797 189.14632432232 182.40268981463 175.981989368232 173.456882339698 178.206353837777 191.995462913785 208.730891891742 215.608430962566 204.334597692776 196.71269084869 194.43177381726 193.101364250371 194.583654806004 199.700461558721 197.997366839454 188.87181643787 179.481067343949 166.812720952528 160.231271173179 150.528893144178 130.155205589772 121.417688689141 117.042430079259 110.581430622846 108.534972981168 107.858877432089 104.484226184447 91.9273650171351 79.7273190248164 74.0307886192122 72.07696575805 67.5645174823862 56.4108837632524 43.94025947842 36.9710014601526 18.4657579921939 7.92245900928588 4.2190865023131 1.75950607944752 0.00251357204055174 0.00076005105623196 0 0 0 0 0 0 0 0 0 0 0 0
260.543065779894 266.531417374861 277.014280293469 272.486543488873 263.825312135164 252.848898912449 246.125621783673 238.472743242522 233.625474078252 226.6786513666 219.552803664484 212.699858862873 207.328578957435 203.020142461154 196.249908624672 192.26343768722 195.222517562828 211.312725310841 232.19906009367 235.481467828324 216.632543852978 194.083953462042 183.25131073676 188.138177019262 191.248772695525 190.230459093394 191.350738810627 193.458262739319 192.76558155927 180.859085849192 171.786510286821 160.999376591117 149.080395797084 139.268049705385 130.321443733635 115.324516852308 112.153152475356 111.587377348067 112.058189536138 109.677317689173 101.4733934523 88.2678734689275 82.9151501593907 79.6724436293905 77.3149482389762 72.6110579237543 55.5191913591435 40.186086548091 26.3966169849265 9.34293968218218 5.37484737625473 2.32543929981273 0.355000465161693 0 0 0 0 0 0 0 0 0 0 0 0 0
275.492604836383 279.895749234651 288.110825612213 288.514322638605 278.135237338154 262.262328925408 249.836046810468 241.468179424521 239.218055781934 234.981685271931 234.09155069969 231.107117066776 229.509004341817 224.784486334181 222.410071999839 226.334112762221 237.817489138014 253.608776987073 259.556345653729 244.18853594576 221.115012086134 195.955575266514 182.15166789555 182.72571212539 185.417643086724 188.014494510264 187.496140758207 186.768360913411 183.547238528957 178.402831318611 166.619168731761 149.767547258478 130.635091799749 117.501234933285 107.081077001386 101.15484274718 98.369396669078 97.5088046110642 97.5657456845725 98.9585112467623 96.0090366495689 91.2751826696119 83.4522300381018 81.1899135797579 78.1732763333071 73.5859281309207 58.0529444701851 41.903503403994 29.3572774247867 12.1575307272588 6.38414609962247 3.34156509844982 1.37028029113636 0 0.000507691072420934 0 0 0 0 0 0 0 0 0 0 0
287.063746744687 292.078536560141 299.320138805762 304.04076810434 297.450826583357 282.850038668707 270.925532759254 260.337267644305 257.666573738443 258.620780314808 259.048013749522 257.059581268098 256.45627170204 255.077073575242 256.509187792423 248.140320781964 263.751050198991 272.530026789351 271.058761649109 251.693447652653 232.051708565513 209.94786160695 189.245689106719 177.907148009456 180.463198881611 183.965096806338 184.736062038886 183.568202850847 178.575028504117 172.707516550528 158.383039960802 135.502528086578 115.928092090924 102.359291802303 94.2176207499959 87.3974674613516 83.0146835909467 78.7989254099449 76.2928565500294 77.0412260767835 78.2984359987451 78.2682756826464 77.1297541169644 76.0250305755756 75.321897700822 69.2005148049915 54.4104947074881 42.545231019803 30.769406487909 14.3312572961796 7.4332178333124 4.16881975238793 1.75738857994478 0.00231599225274132 0.000848999065508627 0 0 0 0 0 0 0 0 0 0 0
298.287684597575 298.337304971997 302.377789979971 313.220865150606 314.143451697796 301.201554312331 283.82351659733 275.178183915644 265.193201984889 259.347843681131 251.163269975936 244.668215487873 245.651490485881 247.817857991686 251.024530350982 269.357268612031 274.952251197405 275.908736977193 273.424146251226 259.835095746758 246.045117050997 232.197243411109 209.395399612427 187.721314869482 177.173790689081 177.736676905724 180.050661954616 178.945248603063 175.655611377376 170.455943932241 153.216305605823 131.238460522657 108.510480236232 100.093125432265 90.6418405323531 82.8389779087495 77.6343604358859 73.597744070477 70.1049776654927 68.5409718293871 67.9356515578338 68.4541316999184 68.2539930823453 65.4457697654295 60.6010098399687 54.3585401105638 47.1849038823098 44.0249936466641 30.3722631927875 16.3081805993536 8.10098053446641 4.76002448015799 1.50951858985514 0.167624582013606 0.00100164067165368 0 0 0 0 0 0 0 0 0 0 0
294.301938700732 300.206909659067 300.031032004282 301.337760316962 302.643472929998 300.610627074988 285.333921571476 267.044179249466 245.465645123138 234.243108445432 225.278503906079 224.116149294776 224.46818795544 232.161352018276 237.0781437777 243.858045230262 255.98456241229 264.53892546626 267.74714840845 258.446134317389 248.968919849186 235.205374248306 226.058393939465 207.500097110528 187.992855522206 179.408580016599 176.875885152345 177.994794883333 174.590806478145 165.567688498452 150.226895907867 129.745769926898 107.972597839441 97.7716184092451 87.4442733740458 78.8961087701778 76.4321815931805 75.0449769277296 71.3072073380471 66.3263224500886 61.4555978030178 56.5193811126588 51.3509014207201 47.1887571515611 44.2249399117555 43.2426483254883 43.7849852923645 36.707655464301 26.8703702882649 14.5605844653936 8.36012944998689 5.13720821862914 1.83109817625068 0.235470965287464 0 0 0 0 0 0 0 0 0 0 0 0
278.444407549261 277.913490687656 270.806954293017 265.634113949893 258.75532054022 255.669723528765 243.198088307036 221.980958041073 206.324516684609 190.749494095075 187.644996066191 192.940852900674 201.011116325066 207.947026205688 217.778449262584 230.248207407886 247.582909570607 257.933496690436 257.999924667559 250.427043197567 237.676859490638 229.817403067831 226.617692041329 216.359853277758 203.076081806399 192.636814233131 183.900925485601 179.315193152123 173.983321887077 165.610583913939 152.640954587986 133.137375198538 115.01736719119 98.5753157510055 86.4059814639972 76.0679283983613 71.9666741131152 71.5850796925503 63.7091051739803 56.0726896029965 50.4054621512648 44.8221227827165 43.2085894343403 41.8512806196994 37.3143732533343 33.3813306630159 29.4957347354681 24.6798250171983 18.0877325725793 11.8857879677417 7.74782303629516 4.66724623147634 1.7471873219908 0.240248532587789 0 0 0 0 0 0 0 0 0 0 0 0
239.37215291985 238.594905612705 234.159195996439 230.849126002591 226.481951786541 219.347782153311 208.591893868363 191.64074466346 176.481827452291 171.277775145878 173.965161401391 182.851282528417 188.331194878024 197.218181782935 205.208775926971 221.543413664011 241.849195775756 252.251305550692 256.447704141689 242.34542746907 226.690232736 217.852131418233 215.091450426223 214.719493856038 211.353661815939 204.382217069415 194.930350186057 193.381835647184 183.722626918921 173.162200287388 161.109377927109 147.227097349135 127.429681561252 105.174175738645 90.0227719203847 75.438381450991 69.6572641643254 70.1047380972874 58.8506814784367 49.835972762787 45.8042044640879 43.0056436501615 34.0976393438271 27.7802516263156 23.0636172015416 18.952763904961 14.509485911451 11.8174203305642 9.72503350340555 7.92569944872464 5.86177162023618 3.70842680162645 1.45248556392004 0.152097665380423 0.000908421593841927 0 0 0 0 0 0 0 0 0 0 0
210.329277321155 210.071292795626 210.83511720839 210.416515859481 208.043576066915 200.145722079747 185.001348732865 171.845750600227 165.2978766196 164.587402535091 175.603267526618 182.195801891055 187.315258674838 190.323181579567 196.454604069213 210.564631310739 234.482281033485 249.418741017266 250.585218435556 233.566240130112 217.270929757834 211.489066821442 208.142888040478 207.631073768863 206.635554958892 203.737263322569 203.460680181534 195.497179472781 193.64932767952 181.064289898655 174.100829070942 164.28955138789 148.33445304314 124.566300786283 98.6930862078691 81.3467854955603 70.0640201187963 68.5607381287458 59.8855597401132 48.6207203528081 45.2278906787454 35.0944599937897 25.2166627091945 17.1639800503004 11.9788919115643 9.43643323114226 7.844636837534 6.5665574262091 5.84085861067456 4.58508151296097 3.58192617355948 1.92880527382086 1.17749636791742 0 0.000667946115697562 0 0 0 0 0 0 0 0 0 0 0
185.99543749484 186.30406078289 189.825950266922 191.457203333588 191.382596334853 184.682027127315 174.607967791494 162.419399308297 160.785340675096 166.916045440567 175.828968876836 180.418113159761 183.894227503243 185.207035705806 185.437911980334 199.557400696742 227.828980776106 243.150500353149 244.07782058567 226.213673853915 213.154563080464 206.972920982138 206.690809868973 205.004265643838 200.426984711228 193.73080099613 190.289222516809 189.532705611252 189.329460906853 185.489206646387 174.1814116692 166.289855635552 151.665364096321 131.610279553569 104.994913220405 89.6148709380318 75.6410736316864 69.2304732942657 64.6562359074197 49.9061853524605 43.5295481237686 32.5926634909588 21.0488441936203 11.71133383895 8.45889485128872 6.11741066544412 4.42107190566192 3.17687403776894 2.30724548623798 1.55460130005934 1.67077971573891 1.04664704721942 0.142428881427436 0 0.000301940627515784 0 0 0 0 0 0 0 0 0 0 0
