Rscript/test/SnowDepthMapFile-mean-1989-06.asc
ncols 320 
nrows 361 
xllcorner 618410.159 
yllcorner 5088785.286 
cellsize 100 
NODATA_value -9999 
[rows 203 to 231 of 361, columns 66 to 131 of 320]
33.4099567018706 29.0736071487953 27.3137351726664 28.280909538269 26.025867034649 29.3380956320927 26.1182233218489 25.8481476882408 21.6864790258736 18.3595633671202 15.8361678945607 13.552726137227 10.9944914702711 6.77627711871575 1.55373731152765 0.266599309855494 0 0.0000654827594628622 0 0 0 0 0 0 0 0 0 0 0 0 0 0 0 0 0 0 0 0 0 0 0 0 0 0 0 0 0 0 0 0 0 0 0 0.0000796551687707161 0.00023431033859479 0 0 0.00883617277803092 0.0713938269121893 0.103311382491013 0.052780139035192 0 0.000226172409823229 0 0 0
30.8360105054132 28.5459900888903 29.8040726431485 29.1205566011626 29.8906244409495 27.5738358662046 25.3538408279419 23.4838032229193 21.1366268355271 19.4995446040713 19.2715471530783 19.2665910063119 17.3602705330684 10.0570276102115 3.73720073288885 0.605721375037884 0.024034413798102 0.000226034477738471 0 0 0 0 0 0 0 0 0 0 0 0 0 0 0 0 0 0 0 0 0 0 0 0 0 0 0 0 0 0 0 0 0 0 0 0 0 0 0 0.0002069310285151 0 0 0 0 0.0000880000036980571 0 0 0
32.6976551187449 31.2185749843203 30.0118003055967 28.4662487753506 26.0787918485444 26.1221238169177 27.0016298294067 27.0371544278901 24.9984839209195 24.5362430769822 24.5703156898762 23.9171736158174 21.3885280017195 13.4593619642587 6.19491566101025 1.2315783665098 0.183086592575599 0.000605172445547992 0 0 0 0 0 0 0 0 0 0 0 0 0 0 0 0 0 0 0 0 0 0 0 0 0 0 0 0 0 0 0 0 0 0 0 0 0 0 0 0 0.00000334482746407518 0.000188896544919959 0.000250275856975851 0.000169103451330086 0 0 0 0
37.0193154400793 33.0477103529305 29.2297762180197 28.5709713902967 29.7245147968161 41.1292264214877 48.0410999922917 48.9596669632813 43.1191260239174 35.966317752312 31.1488860557819 26.0154416972193 21.3801683886298 15.6030501003923 7.48111615798854 1.6687802281873 0.305435049122777 0 0.000197310337861036 0 0 0 0 0 0 0 0 0 0 0 0 0 0 0 0 0 0 0 0 0 0 0 0 0 0 0 0 0 0 0 0 0 0 0 0 0 0 0 0 0 0 0 0 0 0 0
52.1065809891142 39.8215209697855 37.9419965415165 44.177591858239 52.2876406866929 63.0483510247592 70.8309905940089 72.3958375865015 64.3154530525208 49.6472294248384 33.1336469979122 25.0985550058299 20.9739355218822 16.9886777483184 8.71440418681194 2.97639067788962 0.611307209935682 0.0730909972355284 0 0.000211758619367049 0 0 0 0 0 0 0 0 0 0 0 0 0 0 0 0 0 0 0 0 0 0 0 0 0 0 0 0 0 0 0 0 0 0 0 0 0 0 0 0 0 0 0 0 0 0
62.0520911710016 56.1348624065005 56.2698505664694 60.6946231907812 71.4544752384054 88.924431669301 94.3008463300508 87.9869995774894 69.9482842807112 51.5728390936194 31.9296227159171 25.3412628502681 22.3835326885355 18.6279138038898 10.7240226690111 4.62760980607107 1.24400536767368 0.27596299401645 0.0393428966916841 0 0 0 0 0 0.0010723448519049 0.0328645870603364 0.035782345410051 0.000904310366203045 0 0.000179862073654759 0 0 0 0 0 0 0 0 0 0 0 0 0 0 0 0 0 0 0 0 0 0 0 0 0 0 0 0 0 0 0 0 0 0 0 0
72.0961482607085 69.0987303174775 73.5461421177305 83.2943757484699 98.5619148057083 110.628308723713 102.977648504849 86.1831669149728 66.1300216872117 50.7805824444212 33.9822225241825 27.9767245588631 24.0571445925482 20.8243045149178 14.0013679307083 8.13126982459477 2.79599635627378 0.858729921538254 0.286343081244107 0.139651512277537 0.0836165526817585 0.203770834824135 0.293483734130859 0.446552079299401 0.592539754407159 0.730461252146754 0.810421647696659 0.691749506983264 0.449095791783826 0.228015718788936 0.0022855860919788 0.000357586216053058 0.0000191724132585885 0 0 0 0 0 0 0 0 0 0 0 0 0 0 0 0 0 0 0 0 0 0 0 0 0 0 0 0 0 0 0 0 0
90.9177269113475 94.2506606989893 102.596768444982 113.658669669053 123.828731339553 114.835764621866 99.4162383572809 81.3339583955962 66.8053576041912 53.7165373461 37.2061307183627 30.8066114886054 26.2552580011302 23.0515657622239 18.9084956399326 11.8528492861781 6.92262388971345 2.41580700052196 1.2624250280446 0.651509844023606 0.59588623046875 0.796349755648909 1.27157832836283 1.89472303719356 2.79557785985927 3.8373822882643 4.36519374942471 4.22201514346846 2.3060594361982 1.1510716800032 0.562973943249933 0.33857562624175 0.0551393813100354 0 0.000372068956494331 0 0 0 0 0 0 0 0 0 0 0 0 0 0 0 0 0 0 0 0 0 0 0 0 0 0 0 0 0 0 0
124.877210288212 132.998391776249 136.228732898318 136.799800083555 125.312640814946 106.57750359897 94.9478927480763 82.1093431341237 71.5591039657593 57.7170270352528 42.4393047464305 34.9982979873131 28.5391743758629 24.8713021113955 22.3567967908136 17.2926172716864 11.1064401823899 7.03335571006454 3.56953926108264 2.08130553673054 1.92322632362103 2.95060787404534 4.78686602606342 8.11566943572513 8.67386742038974 9.66998416390912 11.1853478365931 10.9171583077003 8.77412271345484 5.20606021210551 2.15901703670107 1.23100441899793 0.813036951525458 0.520392352137072 0.324819893672548 0.000803068986740606 0.000248310348853983 0 0 0 0 0 0 0 0 0 0 0 0 0 0 0 0 0 0 0 0 0 0 0 0 0 0 0 0 0
167.25775273915 165.900184820438 152.030228253069 135.126651895457 119.254111092666 102.1901368766 94.4171018271611 85.5838484599673 77.1209345192745 65.6268432551417 51.1115774615058 38.5142391139063 31.872847984577 27.2836097848826 24.5964559357742 21.8615075966408 16.7611230652908 11.7557495955763 9.28268253456416 7.49415044203914 7.14073971453412 8.83146795835988 10.6349569517991 13.7222643227413 16.4969436711278 18.4683547513238 20.4949536816827 20.7046801139568 17.4381303129525 11.4216253181984 8.73138079972103 5.38787410202725 3.74584901435622 1.97153834638924 0.907217223068764 0.311972190593851 0.000846793104348512 0.000262172410971132 0 0 0 0 0 0 0 0 0 0 0 0 0 0 0 0 0 0 0 0 0 0 0 0 0 0 0 0
200.195892399755 174.289810805485 149.589281787132 131.188467157298 117.269259485705 104.125309779726 99.0251408280998 90.0141604193326 82.7284010196554 73.8390030696474 58.9186859130859 42.3450108232169 34.6809133990058 29.7691142312412 27.0407820734484 25.466455689792 22.2092425740998 18.6869145426257 14.8893729571638 12.7723035483525 12.7604243179847 14.7948215747702 18.3580153563927 21.0540373900841 21.9327722582324 23.0514149172553 25.0895976362557 26.0607462587028 24.9755365108622 21.2504376049699 15.3036439501006 11.8256815795241 10.7880751182293 7.03220718662287 2.42437191667228 0.884726623008991 0.282309696592134 0 0.000378758614433223 0.000219241378764654 0.000201034488092209 0.000200655166830482 0.000130862069862156 0 0 0 0 0 0 0 0 0 0 0 0 0 0 0 0 0 0 0 0 0 0 0
193.998925439243 166.861141517245 149.627329010388 135.024066925049 122.731918598044 109.436564741463 101.608806642993 95.1233868105658 86.5452526191185 76.292748155265 64.3187013658984 48.5179494660476 37.9222449598641 32.9064411623725 29.9012844151464 27.2203843675811 25.3596444623224 23.9309833131987 22.3154291777775 21.2357154056944 21.4021712336047 21.8774755083281 21.7348717821055 23.5469114698213 25.2413918725375 26.8769053755135 27.9027945090984 29.5113533283102 28.4546945506129 26.1382530146632 24.5495665648888 20.4183341716898 15.4157689193199 11.7386516702586 5.60522538385001 1.90521555933459 0.667560840475148 0.26920589907416 0.0702564140845989 0.0455544118223519 0.052214449849622 0.054366136419362 0.0310626214948194 0 0.000305379323404411 0.000016310344578634 0 0 0 0 0 0 0 0 0 0 0 0 0 0 0 0 0 0 0 0
183.711547572037 167.09908988558 153.9582791164 144.509941561469 130.679239536154 117.50412891651 106.712783237983 100.477016054351 90.6420120699652 81.7261963219478 69.4759516551577 54.7395953474374 41.2704428311052 37.0157608163768 32.8658874117095 29.8702674076475 27.6664543480709 26.2809152274296 25.4776864216245 24.8687293282871 24.191139286962 23.6555217545608 24.283379094354 29.1024612229446 33.4612326786436 35.2977565896922 33.4939317374394 33.0036563873291 31.4797033770331 29.0784595752585 26.7469420268618 25.7089654001696 19.550271264438 13.0571436142099 8.78993396994112 3.5305042460336 1.59965988685345 0.798330307006836 0.61382977715854 0.558120267144565 0.59707444289635 0.586981872032429 0.469737447541336 0.315977885805327 0.0581535183150193 0 0.0000924827563094682 0 0 0 0 0 0 0 0 0 0 0 0 0 0 0 0 0 0 0
171.372666235628 166.056563167736 160.745010277321 151.215881150344 142.754988209955 127.646152496338 114.206822000701 103.330173328005 96.3660935040178 85.6696749884507 73.5829761439356 63.2999092792643 51.9570324338716 42.2312125501962 38.6153426992482 35.633499474361 32.4063058392755 29.765179305241 28.4026036426939 27.3370373495694 27.1685364821862 27.0377300854387 30.970097640465 38.6568177321862 47.7033604589002 46.6874689562567 40.7715431739544 37.7411299080684 33.8678879902281 30.0368638860768 27.4503595746797 26.4587375377787 22.120436767052 15.5019624973166 11.953188665982 7.29171511941943 3.56407235952993 2.1105952427305 1.89265441894531 1.81523868955415 1.88841688221899 1.84244228231496 1.51841245848557 0.810396654852505 0.354768884593043 0.0607746880629967 0 0.0000946206875659269 0 0 0 0 0 0 0 0 0 0 0 0 0 0 0 0 0 0
165.358420655645 163.12073500403 162.291175053037 157.170277233781 149.434984240039 139.060028207713 124.238160758183 110.787314020354 101.097071022823 90.258942505409 82.8243283896611 74.0155683385915 65.642802353563 57.962361598837 50.9573765458732 44.1372899022596 39.8922578877416 36.7670313407635 34.4183748837175 32.855897969213 32.5309301573655 34.1955551607855 45.3373431501717 59.2779743424777 67.7269975892429 65.8154687963683 54.4497449151401 41.6655697000438 36.9575515615529 31.1073564003254 27.6316123502008 26.0299421178884 25.0723407021884 19.4496513235158 14.159722426842 10.838024866992 9.36695231754204 7.1630364038564 6.21964752802561 6.04904372386377 5.92491209185843 5.24564781534518 3.22236948999865 1.95896313108247 0.829438373960298 0.269927682547734 0.0506414832739994 0 0.000237965522783584 0.0000424137949172793 0 0 0 0 0 0 0 0 0 0 0 0 0 0 0 0
166.786408588804 162.150168846393 165.543592584544 160.94695439832 156.04035535352 148.290805915306 134.767436948316 120.452819495366 105.667544019633 98.5526087201875 89.8143218467976 83.5301081394327 77.7109187882522 73.264575037463 67.6060724833916 61.3391601011671 56.9445045610954 53.3249976984386 50.2541214515423 48.066485174771 50.1493243677863 54.9273256022355 64.511749662202 77.2904405922725 82.2143257404196 78.7243792270792 66.6379514398246 53.42424369886 39.4794418071878 34.1145694995749 28.3959413725754 25.6573431738492 24.4724959340589 23.7612751270163 20.2267311030421 16.4374647798209 13.6047960643111 12.3656576912979 11.7392946276171 11.4244050897401 11.0445233295704 10.466536351319 8.55204364760169 3.98093445432083 1.84704122872188 0.812567677991144 0.375242923868114 0.234954751771072 0.03848096420025 0 0.000149206900648002 0 0 0 0 0 0 0 0 0 0 0 0 0 0 0
169.577459004419 168.683019835373 167.599863512763 164.756883654101 160.707647093411 154.752961915115 146.238043785095 131.145532739574 118.057520734853 103.794894925479 99.6537798190939 93.6393076469158 88.3565980648172 84.2341611796412 80.6164495862763 76.6099773275441 72.9116576951126 69.5675779539963 66.2960513213585 64.1776765297199 65.8461302724378 72.0027610844579 86.069296836853 100.310729881813 101.417378918878 93.3446884155273 77.1786340187336 67.1516788416895 53.602933822007 41.5356427554427 33.9398536682129 28.2059234421829 24.9736580684267 23.693708025176 22.2342515156187 21.9858749652731 21.8672833935968 21.7071775896796 21.5161738231264 21.4183609732266 20.0594949393437 16.7118660170456 11.9819620888809 9.76759887820688 4.29855677446928 2.05241762358567 1.32194851184713 0.723103293057146 0.398778718093346 0.183973970084355 0 0.00018124137844505 0 0 0 0 0 0 0 0 0 0 0 0 0 0
175.582872736043 170.526833065625 167.031245770126 167.118959356999 167.373096223535 163.093794691152 154.868340656675 143.17530780003 129.207919137231 118.825829374379 107.559811296134 103.398513103354 99.7434126755287 94.8682274982847 90.8043513462461 87.2489187635224 83.9587133999529 79.8168409610617 76.693368484234 78.2250291561258 86.7688821266437 99.7417403582869 112.167787814962 112.408374753492 113.135841534056 111.164530688319 99.0727753145941 84.7855523865798 72.892124241796 63.5163632754622 50.6494080958695 37.4200991268816 33.0684085714406 29.4648967282525 27.4625636791361 25.8941176513146 25.5624241335639 25.6795157399671 25.3933145588842 25.3187016783089 24.9456485879832 24.1885924503721 19.6137737405711 13.4030580191777 10.7495589271702 6.29555659240176 3.39286657162653 2.03936978044181 1.24379851900298 0.544445333809688 0.220819489709262 0 0.000153655170238224 0 0 0 0 0 0 0 0 0 0 0 0 0
177.57919815491 174.594062279011 176.584412615875 179.514195664176 180.118157205911 172.379838655735 163.835823116631 153.777863496336 143.239273893422 131.737432940253 120.774117305361 113.459346541043 106.174099050719 104.177198048296 100.77042846022 96.6289893512068 92.139702073459 89.5126343759997 91.6085071234867 103.969878065175 113.643172001017 121.153543110552 120.460788924119 117.45610122023 116.226082407195 112.974967331722 111.034328098955 106.625283339928 95.0294322309823 82.9185987505419 74.1843347385012 62.3060490797306 52.7570710017763 44.4103225181843 40.3555217611379 38.0510645241573 35.0312969602388 33.8952489392511 33.6974494868311 32.7681701265532 30.4290544904512 26.6959371566772 25.4690268615196 21.6431077759841 15.5377340481199 11.4543732939095 10.4913688939193 5.63737614594143 2.24253910985486 1.26658008838522 0.460430211034314 0.10228889563988 0 0.0000145862065657074 0 0 0 0 0 0 0 0 0 0 0 0
182.536030489823 185.906285170851 192.015230293932 195.062658203059 192.075401610342 183.078297713707 171.868854276065 161.981160130994 153.089356422424 143.558753243808 134.940362601445 124.614837613599 117.734672414845 111.138241833654 105.833726751393 103.104823507112 103.34739014198 108.902118485549 121.732083353503 135.467498581985 138.971479613205 123.534066298912 112.420425184842 109.218599911394 107.550918776413 108.901950244246 112.128593740792 111.42179979127 107.990172402612 99.2984341917367 90.0653623383621 84.6036107293491 76.0856333601064 62.5315602935594 56.5614387742404 52.2791858541554 48.537938940114 47.3669957785771 47.0369096295587 45.1530301324252 37.6488290984055 31.5489660789227 28.671636384109 27.6910221165624 25.2093940274469 19.9879548960719 14.3083503986227 11.5470924728133 4.81535103727646 2.11054690130826 0.783464694845265 0.326732076447586 0.000466758610102637 0.000141137937918819 0 0 0 0 0 0 0 0 0 0 0 0
191.485833069374 198.805793827978 211.420320757504 210.263345611507 202.663007506009 188.827839316993 179.164382507061 169.195313322133 160.219677920999 153.032022015802 144.903417455739 138.107839058185 130.961798766564 127.625473121117 122.723293337329 121.420540546549 126.186935687887 140.843744606807 160.122580996875 160.995184986756 140.67555450571 117.058574577858 103.589457511902 105.220467271476 106.23806940276 105.021615718973 106.07189809865 108.22549787061 107.920446593186 98.2123430515158 91.8650889889947 83.3671207099125 74.1336987100799 67.1034980190211 60.4909852126549 50.7256478934452 48.4974317221806 48.0682251371186 48.3153967364081 46.991731051741 43.3587691866118 35.496414973818 32.8179237760347 31.2275542555184 30.1585951509147 27.7923142334511 19.4318551030652 12.5249987141839 7.57943261952685 2.49662491370892 0.998084101183661 0.431823237188931 0.0659219314312113 0 0 0 0 0 0 0 0 0 0 0 0 0
205.886162396135 213.642824608704 225.190490599336 227.66189270184 221.773144606886 203.036815552876 187.574398673814 177.844936477727 172.933890564688 166.07056785452 162.604382523175 157.568471152207 154.753230785501 149.468542033228 149.447179037949 154.526003599167 168.000613533217 182.718077939132 188.997468011133 169.809330574397 145.453182549312 120.949709168796 104.485717444584 102.698043329962 104.289965859775 103.546374320984 103.064778426598 102.594724326298 99.9350045302819 95.6251395653034 87.7433487464642 75.168620504182 60.9368666903726 52.1270840085786 45.8305527259564 42.2200811978044 40.4382764882055 39.4274572175125 39.4428128209607 40.7302659462238 38.7664325977194 36.5749976059486 32.7881758788536 31.6676939273703 30.1741469481896 27.9449259988193 20.3013540794109 13.1457856112513 8.67757284397195 3.23553111635405 1.62398173891265 0.620513060997272 0.254454662059915 0 0.0000942758653826755 0 0 0 0 0 0 0 0 0 0 0
220.717352620487 225.874327996681 237.768999880758 248.309053240151 244.650652827888 226.500625421261 211.965945342491 200.231108542146 193.043080946495 192.111417762164 189.304510034364 182.619173830953 179.396827183921 178.810796396486 180.222056684823 178.281191233931 195.529360779401 202.542758571691 199.421171188354 176.577658447726 155.838957194624 133.884626158353 112.999263862084 101.75065971243 101.143459583151 102.126414529208 101.007351941076 99.950974826155 95.5616108466839 90.7238730068864 81.4034282914523 64.3888308631963 51.4155718047043 43.3989336737271 37.8363548147267 34.7417513419842 32.3971576690674 30.0946293863757 28.8839147173125 29.3508495462352 29.9311594140941 29.9846088146341 29.4606372899023 28.9510840383069 28.6596835892776 25.15132368022 18.6307154688342 13.3217945263304 9.13780374632313 3.81132559940733 1.9598814207932 0.774130393718851 0.326338866661335 0.000430068964588231 0.000157655168581626 0 0 0 0 0 0 0 0 0 0 0
233.669740767315 235.660322789488 238.13369778107 248.246732045864 264.177025663442 249.791853937609 227.741012449922 214.02297004338 201.72446883958 185.183258377272 174.579127385699 165.425011215539 164.835871828013 166.43767643797 170.043190939673 191.063783629187 197.67118241047 199.943621906741 197.727803361827 181.813253632907 169.493292763315 153.048789484748 131.571501435905 110.412642051434 100.765783408592 99.2969400142801 99.0085154895125 97.8210966833707 92.6779524046799 89.2202485840896 77.1257437344255 62.1478296415559 47.0720491738155 42.0549072397166 36.2683402094348 32.3927963519918 29.6679100825869 27.291898826073 25.2768495822775 24.5322430380459 24.6034886919219 24.6736246964027 24.5635891289547 23.1351981985158 21.0999991647128 18.393996699103 14.9516427188084 13.686737292671 9.00297704647327 4.33371376943903 2.15115823416874 0.883914355573983 0.280310565027697 0.0311271034438035 0.000186000003254619 0 0 0 0 0 0 0 0 0 0 0
223.360774615715 232.937865898527 231.553061107109 233.388886862788 234.719376448927 235.187643799289 217.450314875307 196.353760201355 173.320227285911 159.104591287416 147.134050673452 142.797368462743 141.99523590351 147.740171761348 153.100084787813 162.63200044632 175.267059531705 184.876586453668 188.76525055129 179.275845552313 169.322524309158 153.543707880481 143.899934637135 126.67655665299 108.331129435835 100.987131250316 98.3599235600439 98.1210529722016 93.8428913313767 87.8471164538943 75.9435355087806 61.9402069223338 47.2486253935715 40.9691233799375 35.1162978205188 30.592933227276 29.2586336135864 28.4339126060749 26.171839681165 23.8377415887241 21.4049149874983 19.2402734427617 16.9982922488245 14.8542322125928 13.9443360197133 13.4727085582141 13.7926641811842 11.0454086653631 7.52377384984545 3.87780077704068 2.22371160572973 0.953955617444269 0.340026395074252 0.0437258605299325 0 0 0 0 0 0 0 0 0 0 0 0
201.768207278745 200.616666612954 193.852316659072 188.926490865905 183.93822546663 180.144260710683 168.037513099868 147.622799396515 132.725940753674 116.56291906587 111.368559903112 112.546456600058 119.146192649315 124.210663762586 133.004762846848 146.254888403005 165.765299990259 176.75801161651 177.487851833475 170.895865991198 156.166406828782 146.309151846787 142.105571681056 131.765180817966 120.985117945178 111.15922727256 104.32264260588 100.280793255773 96.0906556556965 88.7908193325174 78.4562964768245 64.3244567657339 51.6542464946878 41.7591759254192 34.7323642928025 29.5400059798668 27.1911366561363 26.64708167109 22.9624929756954 19.1462533062902 16.494033550394 13.9268697870189 13.4377937974601 13.0671723055942 11.1495221967584 9.92942790674238 8.5035172368175 6.73564672810507 4.79047658872502 3.15549679460197 2.03109201891669 0.86668586730957 0.32444454061574 0.04461303250543 0 0 0 0 0 0 0 0 0 0 0 0
161.391530398665 160.930748240701 156.741831056003 153.732202036627 149.024885333818 143.480256730113 134.080690153714 118.007771570107 103.157990356971 96.5149371706206 95.9143095016479 100.472042544135 103.616003924403 112.635436025159 120.578974493619 137.535790805159 158.539481261681 170.870195968398 176.16138081304 160.49922403796 143.677185979383 133.992443676653 128.861540498405 128.298419097374 124.875238615891 119.745182004468 112.857778384768 110.854071551356 104.188267806481 95.9430319687416 85.8471024611901 75.1353653217184 61.341931982287 46.0631061422414 36.8790039851748 29.3516848662804 26.1050877735533 26.2225671636647 20.7511687114321 16.3879595953843 14.3609201229852 13.50558936172 10.2055866607818 7.86725036067695 6.0209891035639 4.99880195959824 3.86365706345131 3.15267234012998 2.59909623244713 2.08974167396282 1.3650354188064 0.688637569032866 0.269719797989418 0.0282438274087577 0.000168689655075813 0 0 0 0 0 0 0 0 0 0 0
132.313026822847 132.114909459805 132.735431251855 132.436096779231 130.267183871105 121.923959074349 109.308374141825 97.7627817351243 90.444353136523 87.6808502263036 94.732946593186 98.7957996828803 101.815282755885 105.266322990944 112.132831244633 127.425268304759 151.062661203845 167.663455897364 169.681802157698 151.076615432213 134.360271585399 126.289161024422 121.362641893584 119.793702026893 119.029838233159 116.332210738083 115.964703888729 109.667295028423 108.819687054075 101.175701799064 95.0028087681738 87.2994266542895 75.1435158006076 58.5481584647606 42.1752506782269 32.3628562401081 26.3831352694281 25.654419307051 21.3033386756634 16.0085064953771 14.1786507121448 10.5829727716487 6.89915353772712 4.56254605231164 3.19336897751381 2.52262523256499 2.07079782157109 1.65092941810345 1.42989444732666 0.851428262118636 0.66514699212436 0.358170147599845 0.218655586242676 0 0.000124034479838507 0 0 0 0 0 0 0 0 0 0 0
108.37811397684 108.579953160779 110.788723616764 112.084910063908 111.958921432495 107.079724147402 97.3232211408944 87.1503405406557 84.8410810273269 88.656179987151 94.0524015097782 96.4471280985865 99.7681334265347 100.69966760175 101.563011070778 117.706365716868 144.67389956836 160.902126114944 162.023163828357 144.049213146341 128.698484585203 121.578001910243 119.290327861391 117.03992052736 113.406542383391 108.315301632059 106.043806799527 105.619922901022 105.41942797036 102.6818366544 93.5413629926484 87.5378271957924 76.1501961576528 62.4600923595757 45.7953698388461 36.360866152007 29.432448387146 25.8876573299539 23.7229981257998 16.8041440700663 13.7242482941726 9.78534949005678 5.51614470750993 3.12948726785594 2.24798288016484 1.43245828562769 0.820972442626953 0.589930698789399 0.428444730824438 0.288682214145003 0.310256004333496 0.194357477385422 0.026448379302847 0 0.0000560689669359347 0 0 0 0 0 0 0 0 0 0 0
